      2       1       1    1024    1024       4       4 0.252E+00 0.254E+00 0.343E+00 0.347E+00 0.183E+00 0.114E-01 0.208E+00 0.130E-01
      2       1       1     128     128       4       4 0.407E-01 0.416E-01 0.376E-01 0.377E-01 0.184E-02 0.115E-03 0.169E-02 0.106E-03
      2       1       1    2048    2048       4       4 0.773E+00 0.783E+00 0.156E+01 0.160E+01 0.884E+00 0.553E-01 0.104E+01 0.650E-01
      2       1       1     256     256       4       4 0.634E-01 0.643E-01 0.590E-01 0.593E-01 0.894E-02 0.559E-03 0.925E-02 0.578E-03
      2       1       1      32      32       4       4 0.109E-01 0.113E-01 0.103E-01 0.104E-01 0.732E-04 0.457E-05 0.684E-04 0.428E-05
      2       1       1    4096    4096       4       4 0.177E+01 0.180E+01 0.393E+01 0.398E+01 0.405E+01 0.253E+00 0.468E+01 0.293E+00
      2       1       1     512     512       4       4 0.111E+00 0.112E+00 0.122E+00 0.123E+00 0.383E-01 0.239E-02 0.421E-01 0.263E-02
      2       1       1      64      64       4       4 0.226E-01 0.230E-01 0.207E-01 0.207E-01 0.354E-03 0.221E-04 0.355E-03 0.222E-04
      2       1      12    1024    1024       4       4 0.460E+00 0.468E+00 0.545E+00 0.551E+00 0.433E-01 0.271E-02 0.458E-01 0.286E-02
      2       1      12     128     128       4       4 0.764E-01 0.775E-01 0.893E-01 0.921E-01 0.132E-02 0.824E-04 0.133E-02 0.828E-04
      2       1      12    2048    2048       4       4 0.128E+01 0.129E+01 0.146E+01 0.154E+01 0.156E+00 0.975E-02 0.204E+00 0.128E-01
      2       1      12     256     256       4       4 0.107E+00 0.111E+00 0.126E+00 0.130E+00 0.795E-02 0.497E-03 0.313E-02 0.195E-03
      2       1      12      32      32       4       4 0.413E-01 0.416E-01 0.440E-01 0.445E-01 0.269E-02 0.168E-03 0.908E-03 0.567E-04
      2       1      12    4096    4096       4       4 0.272E+01 0.317E+01 0.334E+01 0.361E+01 0.704E+00 0.440E-01 0.715E+00 0.447E-01
      2       1      12     512     512       4       4 0.212E+00 0.220E+00 0.261E+00 0.272E+00 0.125E-01 0.782E-03 0.118E-01 0.735E-03
      2       1      12      64      64       4       4 0.539E-01 0.576E-01 0.588E-01 0.597E-01 0.205E-02 0.128E-03 0.120E-02 0.750E-04
      2       1      16    1024    1024       4       4 0.328E+00 0.344E+00 0.405E+00 0.420E+00 0.298E-01 0.186E-02 0.301E-01 0.188E-02
      2       1      16     128     128       4       4 0.617E-01 0.647E-01 0.730E-01 0.745E-01 0.140E-02 0.872E-04 0.142E-02 0.890E-04
      2       1      16    2048    2048       4       4 0.964E+00 0.983E+00 0.106E+01 0.108E+01 0.121E+00 0.759E-02 0.164E+00 0.103E-01
      2       1      16     256     256       4       4 0.952E-01 0.959E-01 0.118E+00 0.122E+00 0.260E-02 0.162E-03 0.279E-02 0.174E-03
      2       1      16      32      32       4       4 0.208E-01 0.220E-01 0.228E-01 0.229E-01 0.304E-02 0.190E-03 0.677E-03 0.423E-04
      2       1      16    4096    4096       4       4 0.216E+01 0.236E+01 0.241E+01 0.251E+01 0.677E+00 0.423E-01 0.596E+00 0.373E-01
      2       1      16     512     512       4       4 0.164E+00 0.172E+00 0.211E+00 0.214E+00 0.133E-01 0.829E-03 0.134E-01 0.838E-03
      2       1      16      64      64       4       4 0.380E-01 0.392E-01 0.432E-01 0.441E-01 0.312E-02 0.195E-03 0.811E-03 0.507E-04
      2       1       2    1024    1024       4       4 0.300E+00 0.302E+00 0.408E+00 0.436E+00 0.100E+00 0.627E-02 0.112E+00 0.701E-02
      2       1       2     128     128       4       4 0.475E-01 0.476E-01 0.464E-01 0.465E-01 0.135E-02 0.845E-04 0.124E-02 0.774E-04
      2       1       2    2048    2048       4       4 0.116E+01 0.117E+01 0.179E+01 0.184E+01 0.490E+00 0.306E-01 0.636E+00 0.398E-01
      2       1       2     256     256       4       4 0.776E-01 0.782E-01 0.751E-01 0.754E-01 0.474E-02 0.296E-03 0.570E-02 0.356E-03
      2       1       2      32      32       4       4 0.147E-01 0.150E-01 0.150E-01 0.156E-01 0.249E-03 0.155E-04 0.248E-03 0.155E-04
      2       1       2    4096    4096       4       4 0.265E+01 0.268E+01 0.411E+01 0.419E+01 0.229E+01 0.143E+00 0.257E+01 0.160E+00
      2       1       2     512     512       4       4 0.131E+00 0.132E+00 0.146E+00 0.147E+00 0.219E-01 0.137E-02 0.243E-01 0.152E-02
      2       1       2      64      64       4       4 0.264E-01 0.271E-01 0.258E-01 0.271E-01 0.409E-03 0.255E-04 0.431E-03 0.269E-04
      2       1      24    1024    1024       4       4 0.519E+00 0.539E+00 0.604E+00 0.614E+00 0.349E-01 0.218E-02 0.366E-01 0.228E-02
      2       1      24     128     128       4       4 0.107E+00 0.116E+00 0.119E+00 0.122E+00 0.124E-01 0.772E-03 0.466E-02 0.291E-03
      2       1      24    2048    2048       4       4 0.126E+01 0.128E+01 0.138E+01 0.147E+01 0.132E+00 0.822E-02 0.148E+00 0.922E-02
      2       1      24     256     256       4       4 0.145E+00 0.154E+00 0.179E+00 0.187E+00 0.596E-02 0.372E-03 0.415E-02 0.259E-03
      2       1      24      32      32       4       4 0.261E-01 0.277E-01 0.290E-01 0.310E-01 0.180E-02 0.113E-03 0.174E-02 0.109E-03
      2       1      24    4096    4096       4       4 0.262E+01 0.278E+01 0.279E+01 0.289E+01 0.667E+00 0.417E-01 0.633E+00 0.395E-01
      2       1      24     512     512       4       4 0.219E+00 0.223E+00 0.281E+00 0.286E+00 0.113E-01 0.709E-03 0.109E-01 0.679E-03
      2       1      24      64      64       4       4 0.876E-01 0.899E-01 0.959E-01 0.979E-01 0.254E-02 0.159E-03 0.154E-02 0.965E-04
      2       1       4    1024    1024       4       4 0.302E+00 0.308E+00 0.359E+00 0.374E+00 0.575E-01 0.359E-02 0.663E-01 0.415E-02
      2       1       4     128     128       4       4 0.476E-01 0.486E-01 0.473E-01 0.484E-01 0.110E-02 0.685E-04 0.112E-02 0.698E-04
      2       1       4    2048    2048       4       4 0.107E+01 0.107E+01 0.118E+01 0.120E+01 0.272E+00 0.170E-01 0.326E+00 0.204E-01
      2       1       4     256     256       4       4 0.742E-01 0.745E-01 0.759E-01 0.764E-01 0.348E-02 0.218E-03 0.409E-02 0.256E-03
      2       1       4      32      32       4       4 0.143E-01 0.145E-01 0.145E-01 0.146E-01 0.273E-03 0.170E-04 0.264E-03 0.165E-04
      2       1       4    4096    4096       4       4 0.244E+01 0.246E+01 0.295E+01 0.299E+01 0.126E+01 0.785E-01 0.137E+01 0.854E-01
      2       1       4     512     512       4       4 0.140E+00 0.141E+00 0.145E+00 0.147E+00 0.136E-01 0.851E-03 0.157E-01 0.980E-03
      2       1       4      64      64       4       4 0.271E-01 0.278E-01 0.267E-01 0.278E-01 0.465E-03 0.290E-04 0.455E-03 0.284E-04
      2       1       8    1024    1024       4       4 0.324E+00 0.331E+00 0.347E+00 0.359E+00 0.366E-01 0.229E-02 0.401E-01 0.251E-02
      2       1       8     128     128       4       4 0.569E-01 0.575E-01 0.551E-01 0.566E-01 0.148E-02 0.926E-04 0.120E-02 0.751E-04
      2       1       8    2048    2048       4       4 0.994E+00 0.100E+01 0.100E+01 0.107E+01 0.188E+00 0.117E-01 0.212E+00 0.132E-01
      2       1       8     256     256       4       4 0.873E-01 0.889E-01 0.868E-01 0.895E-01 0.508E-02 0.317E-03 0.387E-02 0.242E-03
      2       1       8      32      32       4       4 0.170E-01 0.172E-01 0.173E-01 0.174E-01 0.153E-02 0.954E-04 0.450E-03 0.281E-04
      2       1       8    4096    4096       4       4 0.170E+01 0.180E+01 0.234E+01 0.239E+01 0.865E+00 0.541E-01 0.859E+00 0.537E-01
      2       1       8     512     512       4       4 0.149E+00 0.151E+00 0.156E+00 0.159E+00 0.110E-01 0.685E-03 0.102E-01 0.639E-03
      2       1       8      64      64       4       4 0.325E-01 0.327E-01 0.318E-01 0.322E-01 0.397E-02 0.248E-03 0.593E-03 0.370E-04
      2      12       1    1024    1024       4       4 0.138E+00 0.140E+00 0.938E-01 0.942E-01 0.443E-01 0.277E-02 0.432E-01 0.270E-02
      2      12       1     128     128       4       4 0.314E-01 0.338E-01 0.201E-01 0.205E-01 0.874E-03 0.546E-04 0.774E-03 0.484E-04
      2      12       1    2048    2048       4       4 0.206E+00 0.209E+00 0.193E+00 0.194E+00 0.192E+00 0.120E-01 0.192E+00 0.120E-01
      2      12       1     256     256       4       4 0.523E-01 0.552E-01 0.323E-01 0.331E-01 0.284E-02 0.177E-03 0.277E-02 0.173E-03
      2      12       1      32      32       4       4 0.106E-01 0.124E-01 0.672E-02 0.675E-02 0.529E-03 0.330E-04 0.399E-03 0.249E-04
      2      12       1    4096    4096       4       4 0.531E+00 0.536E+00 0.387E+00 0.391E+00 0.138E+01 0.862E-01 0.137E+01 0.857E-01
      2      12       1     512     512       4       4 0.774E-01 0.795E-01 0.532E-01 0.533E-01 0.112E-01 0.702E-03 0.936E-02 0.585E-03
      2      12       1      64      64       4       4 0.219E-01 0.238E-01 0.129E-01 0.130E-01 0.643E-03 0.402E-04 0.576E-03 0.360E-04
      2      12       2    1024    1024       4       4 0.189E+00 0.194E+00 0.119E+00 0.127E+00 0.748E-01 0.467E-02 0.716E-01 0.447E-02
      2      12       2     128     128       4       4 0.354E-01 0.379E-01 0.231E-01 0.243E-01 0.102E-01 0.638E-03 0.215E-02 0.135E-03
      2      12       2    2048    2048       4       4 0.286E+00 0.295E+00 0.265E+00 0.278E+00 0.355E+00 0.222E-01 0.377E+00 0.235E-01
      2      12       2     256     256       4       4 0.634E-01 0.661E-01 0.376E-01 0.388E-01 0.145E-01 0.907E-03 0.688E-02 0.430E-03
      2      12       2      32      32       4       4 0.143E-01 0.159E-01 0.820E-02 0.839E-02 0.834E-02 0.521E-03 0.150E-02 0.936E-04
      2      12       2    4096    4096       4       4 0.830E+00 0.842E+00 0.453E+00 0.474E+00 0.250E+01 0.157E+00 0.243E+01 0.152E+00
      2      12       2     512     512       4       4 0.866E-01 0.896E-01 0.602E-01 0.609E-01 0.147E-01 0.922E-03 0.139E-01 0.868E-03
      2      12       2      64      64       4       4 0.292E-01 0.307E-01 0.148E-01 0.151E-01 0.947E-02 0.592E-03 0.290E-02 0.181E-03
      2      16       1    1024    1024       4       4 0.245E+00 0.248E+00 0.214E+00 0.214E+00 0.243E-01 0.152E-02 0.248E-01 0.155E-02
      2      16       1     128     128       4       4 0.654E-01 0.702E-01 0.469E-01 0.491E-01 0.733E-03 0.458E-04 0.660E-03 0.413E-04
      2      16       1    2048    2048       4       4 0.453E+00 0.456E+00 0.446E+00 0.447E+00 0.101E+00 0.629E-02 0.108E+00 0.676E-02
      2      16       1     256     256       4       4 0.941E-01 0.968E-01 0.678E-01 0.679E-01 0.178E-02 0.111E-03 0.185E-02 0.116E-03
      2      16       1      32      32       4       4 0.312E-01 0.351E-01 0.255E-01 0.262E-01 0.326E-03 0.204E-04 0.261E-03 0.163E-04
      2      16       1    4096    4096       4       4 0.221E+01 0.225E+01 0.221E+01 0.227E+01 0.646E+00 0.404E-01 0.654E+00 0.409E-01
      2      16       1     512     512       4       4 0.184E+00 0.188E+00 0.148E+00 0.148E+00 0.718E-02 0.449E-03 0.632E-02 0.395E-03
      2      16       1      64      64       4       4 0.693E-01 0.940E-01 0.304E-01 0.367E-01 0.423E-03 0.264E-04 0.349E-03 0.218E-04
      2       2       1    1024    1024       4       4 0.501E+00 0.506E+00 0.519E+00 0.524E+00 0.124E+00 0.776E-02 0.136E+00 0.849E-02
      2       2       1     128     128       4       4 0.656E-01 0.673E-01 0.545E-01 0.547E-01 0.137E-02 0.858E-04 0.145E-02 0.904E-04
      2       2       1    2048    2048       4       4 0.166E+01 0.168E+01 0.190E+01 0.191E+01 0.557E+00 0.348E-01 0.602E+00 0.376E-01
      2       2       1     256     256       4       4 0.112E+00 0.114E+00 0.959E-01 0.968E-01 0.606E-02 0.379E-03 0.679E-02 0.424E-03
      2       2       1      32      32       4       4 0.263E-01 0.284E-01 0.218E-01 0.219E-01 0.134E-03 0.837E-05 0.100E-03 0.626E-05
      2       2       1    4096    4096       4       4 0.853E+01 0.856E+01 0.930E+01 0.931E+01 0.370E+01 0.231E+00 0.384E+01 0.240E+00
      2       2       1     512     512       4       4 0.216E+00 0.221E+00 0.198E+00 0.199E+00 0.271E-01 0.169E-02 0.289E-01 0.180E-02
      2       2       1      64      64       4       4 0.440E-01 0.464E-01 0.368E-01 0.374E-01 0.416E-03 0.260E-04 0.333E-03 0.208E-04
      2       2      12    1024    1024       4       4 0.104E+01 0.106E+01 0.106E+01 0.109E+01 0.135E+00 0.843E-02 0.131E+00 0.821E-02
      2       2      12     128     128       4       4 0.158E+00 0.165E+00 0.137E+00 0.146E+00 0.126E-01 0.790E-03 0.269E-02 0.168E-03
      2       2      12    2048    2048       4       4 0.283E+01 0.296E+01 0.289E+01 0.297E+01 0.494E+00 0.308E-01 0.578E+00 0.361E-01
      2       2      12     256     256       4       4 0.242E+00 0.248E+00 0.227E+00 0.237E+00 0.173E-01 0.108E-02 0.619E-02 0.387E-03
      2       2      12      32      32       4       4 0.629E-01 0.645E-01 0.559E-01 0.567E-01 0.108E-02 0.678E-04 0.925E-03 0.578E-04
      2       2      12    4096    4096       4       4 0.101E+02 0.103E+02 0.968E+01 0.977E+01 0.245E+01 0.153E+00 0.235E+01 0.147E+00
      2       2      12     512     512       4       4 0.449E+00 0.459E+00 0.420E+00 0.436E+00 0.298E-01 0.186E-02 0.291E-01 0.182E-02
      2       2      12      64      64       4       4 0.114E+00 0.117E+00 0.103E+00 0.107E+00 0.114E-01 0.713E-03 0.167E-02 0.105E-03
      2       2       2    1024    1024       4       4 0.814E+00 0.835E+00 0.852E+00 0.878E+00 0.142E+00 0.886E-02 0.148E+00 0.923E-02
      2       2       2     128     128       4       4 0.822E-01 0.865E-01 0.695E-01 0.746E-01 0.157E-02 0.982E-04 0.164E-02 0.102E-03
      2       2       2    2048    2048       4       4 0.276E+01 0.346E+01 0.289E+01 0.328E+01 0.528E+00 0.330E-01 0.573E+00 0.358E-01
      2       2       2     256     256       4       4 0.142E+00 0.153E+00 0.124E+00 0.138E+00 0.562E-02 0.351E-03 0.617E-02 0.385E-03
      2       2       2      32      32       4       4 0.353E-01 0.381E-01 0.289E-01 0.299E-01 0.490E-03 0.306E-04 0.459E-03 0.287E-04
      2       2       2    4096    4096       4       4 0.921E+01 0.922E+01 0.960E+01 0.968E+01 0.274E+01 0.171E+00 0.275E+01 0.172E+00
      2       2       2     512     512       4       4 0.292E+00 0.328E+00 0.275E+00 0.312E+00 0.279E-01 0.175E-02 0.297E-01 0.185E-02
      2       2       2      64      64       4       4 0.548E-01 0.558E-01 0.461E-01 0.485E-01 0.740E-03 0.463E-04 0.625E-03 0.391E-04
      2       2       4    1024    1024       4       4 0.754E+00 0.769E+00 0.746E+00 0.755E+00 0.109E+00 0.680E-02 0.114E+00 0.711E-02
      2       2       4     128     128       4       4 0.883E-01 0.892E-01 0.719E-01 0.755E-01 0.181E-02 0.113E-03 0.163E-02 0.102E-03
      2       2       4    2048    2048       4       4 0.262E+01 0.263E+01 0.271E+01 0.277E+01 0.565E+00 0.353E-01 0.625E+00 0.391E-01
      2       2       4     256     256       4       4 0.153E+00 0.154E+00 0.135E+00 0.138E+00 0.493E-02 0.308E-03 0.533E-02 0.333E-03
      2       2       4      32      32       4       4 0.376E-01 0.392E-01 0.305E-01 0.314E-01 0.620E-03 0.388E-04 0.551E-03 0.345E-04
      2       2       4    4096    4096       4       4 0.882E+01 0.903E+01 0.911E+01 0.920E+01 0.222E+01 0.139E+00 0.219E+01 0.137E+00
      2       2       4     512     512       4       4 0.313E+00 0.327E+00 0.288E+00 0.294E+00 0.253E-01 0.158E-02 0.265E-01 0.166E-02
      2       2       4      64      64       4       4 0.591E-01 0.614E-01 0.478E-01 0.496E-01 0.989E-03 0.618E-04 0.926E-03 0.579E-04
      2       2       8    1024    1024       4       4 0.790E+00 0.806E+00 0.763E+00 0.785E+00 0.102E+00 0.637E-02 0.105E+00 0.656E-02
      2       2       8     128     128       4       4 0.954E-01 0.975E-01 0.816E-01 0.822E-01 0.421E-02 0.263E-03 0.167E-02 0.105E-03
      2       2       8    2048    2048       4       4 0.243E+01 0.244E+01 0.252E+01 0.259E+01 0.473E+00 0.296E-01 0.551E+00 0.344E-01
      2       2       8     256     256       4       4 0.164E+00 0.167E+00 0.145E+00 0.150E+00 0.433E-02 0.271E-03 0.458E-02 0.286E-03
      2       2       8      32      32       4       4 0.401E-01 0.422E-01 0.337E-01 0.338E-01 0.792E-03 0.495E-04 0.678E-03 0.424E-04
      2       2       8    4096    4096       4       4 0.899E+01 0.914E+01 0.858E+01 0.865E+01 0.225E+01 0.140E+00 0.223E+01 0.140E+00
      2       2       8     512     512       4       4 0.322E+00 0.334E+00 0.303E+00 0.313E+00 0.249E-01 0.155E-02 0.301E-01 0.188E-02
      2       2       8      64      64       4       4 0.657E-01 0.696E-01 0.524E-01 0.531E-01 0.321E-02 0.201E-03 0.108E-02 0.675E-04
      2      24       1    1024    1024       4       4 0.120E+00 0.139E+00 0.860E-01 0.103E+00 0.320E-01 0.200E-02 0.266E-01 0.166E-02
      2      24       1     128     128       4       4 0.332E-01 0.379E-01 0.193E-01 0.211E-01 0.125E-02 0.784E-04 0.107E-02 0.671E-04
      2      24       1    2048    2048       4       4 0.164E+00 0.167E+00 0.142E+00 0.143E+00 0.101E+00 0.633E-02 0.104E+00 0.651E-02
      2      24       1     256     256       4       4 0.513E-01 0.559E-01 0.335E-01 0.357E-01 0.461E-02 0.288E-03 0.226E-02 0.141E-03
      2      24       1      32      32       4       4 0.121E-01 0.149E-01 0.732E-02 0.740E-02 0.680E-03 0.425E-04 0.530E-03 0.331E-04
      2      24       1     512     512       4       4 0.780E-01 0.805E-01 0.497E-01 0.498E-01 0.101E-01 0.634E-03 0.607E-02 0.379E-03
      2      24       1      64      64       4       4 0.205E-01 0.233E-01 0.141E-01 0.141E-01 0.103E-02 0.644E-04 0.878E-03 0.549E-04
      2       4       1    1024    1024       4       4 0.333E+00 0.338E+00 0.315E+00 0.316E+00 0.665E-01 0.416E-02 0.703E-01 0.439E-02
      2       4       1     128     128       4       4 0.701E-01 0.728E-01 0.571E-01 0.581E-01 0.922E-03 0.576E-04 0.845E-03 0.528E-04
      2       4       1    2048    2048       4       4 0.888E+00 0.904E+00 0.994E+00 0.100E+01 0.298E+00 0.186E-01 0.325E+00 0.203E-01
      2       4       1     256     256       4       4 0.993E-01 0.102E+00 0.823E-01 0.828E-01 0.349E-02 0.218E-03 0.402E-02 0.251E-03
      2       4       1      32      32       4       4 0.306E-01 0.324E-01 0.242E-01 0.244E-01 0.181E-03 0.113E-04 0.128E-03 0.799E-05
      2       4       1    4096    4096       4       4 0.343E+01 0.350E+01 0.377E+01 0.379E+01 0.159E+01 0.995E-01 0.163E+01 0.102E+00
      2       4       1     512     512       4       4 0.183E+00 0.187E+00 0.158E+00 0.161E+00 0.158E-01 0.985E-03 0.161E-01 0.101E-02
      2       4       1      64      64       4       4 0.493E-01 0.526E-01 0.407E-01 0.416E-01 0.405E-03 0.253E-04 0.320E-03 0.200E-04
      2       4       2    1024    1024       4       4 0.465E+00 0.485E+00 0.459E+00 0.474E+00 0.646E-01 0.404E-02 0.671E-01 0.420E-02
      2       4       2     128     128       4       4 0.904E-01 0.926E-01 0.747E-01 0.756E-01 0.171E-02 0.107E-03 0.161E-02 0.101E-03
      2       4       2    2048    2048       4       4 0.119E+01 0.130E+01 0.127E+01 0.140E+01 0.364E+00 0.227E-01 0.380E+00 0.238E-01
      2       4       2     256     256       4       4 0.127E+00 0.136E+00 0.106E+00 0.114E+00 0.504E-02 0.315E-03 0.494E-02 0.309E-03
      2       4       2      32      32       4       4 0.428E-01 0.478E-01 0.336E-01 0.341E-01 0.113E-02 0.704E-04 0.102E-02 0.639E-04
      2       4       2    4096    4096       4       4 0.423E+01 0.465E+01 0.439E+01 0.491E+01 0.165E+01 0.103E+00 0.163E+01 0.102E+00
      2       4       2     512     512       4       4 0.250E+00 0.255E+00 0.216E+00 0.223E+00 0.156E-01 0.976E-03 0.156E-01 0.975E-03
      2       4       2      64      64       4       4 0.637E-01 0.691E-01 0.533E-01 0.581E-01 0.796E-03 0.497E-04 0.738E-03 0.461E-04
      2       4       4    1024    1024       4       4 0.484E+00 0.486E+00 0.442E+00 0.449E+00 0.756E-01 0.472E-02 0.759E-01 0.474E-02
      2       4       4     128     128       4       4 0.958E-01 0.993E-01 0.776E-01 0.784E-01 0.211E-02 0.132E-03 0.209E-02 0.130E-03
      2       4       4    2048    2048       4       4 0.129E+01 0.135E+01 0.128E+01 0.131E+01 0.318E+00 0.199E-01 0.343E+00 0.214E-01
      2       4       4     256     256       4       4 0.130E+00 0.131E+00 0.111E+00 0.113E+00 0.427E-02 0.267E-03 0.461E-02 0.288E-03
      2       4       4      32      32       4       4 0.493E-01 0.518E-01 0.394E-01 0.397E-01 0.162E-02 0.101E-03 0.151E-02 0.944E-04
      2       4       4    4096    4096       4       4 0.473E+01 0.479E+01 0.470E+01 0.475E+01 0.159E+01 0.996E-01 0.158E+01 0.988E-01
      2       4       4     512     512       4       4 0.241E+00 0.246E+00 0.214E+00 0.217E+00 0.154E-01 0.964E-03 0.143E-01 0.895E-03
      2       4       4      64      64       4       4 0.660E-01 0.686E-01 0.552E-01 0.566E-01 0.109E-02 0.684E-04 0.993E-03 0.620E-04
      2       8       1    1024    1024       4       4 0.261E+00 0.264E+00 0.238E+00 0.239E+00 0.386E-01 0.241E-02 0.418E-01 0.261E-02
      2       8       1     128     128       4       4 0.770E-01 0.802E-01 0.625E-01 0.630E-01 0.849E-03 0.530E-04 0.802E-03 0.501E-04
      2       8       1    2048    2048       4       4 0.612E+00 0.616E+00 0.631E+00 0.636E+00 0.175E+00 0.109E-01 0.184E+00 0.115E-01
      2       8       1     256     256       4       4 0.115E+00 0.116E+00 0.931E-01 0.935E-01 0.312E-02 0.195E-03 0.278E-02 0.174E-03
      2       8       1      32      32       4       4 0.267E-01 0.275E-01 0.182E-01 0.185E-01 0.340E-03 0.213E-04 0.271E-03 0.169E-04
      2       8       1    4096    4096       4       4 0.231E+01 0.233E+01 0.250E+01 0.254E+01 0.979E+00 0.612E-01 0.982E+00 0.614E-01
      2       8       1     512     512       4       4 0.154E+00 0.157E+00 0.130E+00 0.132E+00 0.991E-02 0.620E-03 0.960E-02 0.600E-03
      2       8       1      64      64       4       4 0.415E-01 0.431E-01 0.297E-01 0.303E-01 0.448E-03 0.280E-04 0.355E-03 0.222E-04
      2       8       2    1024    1024       4       4 0.356E+00 0.394E+00 0.325E+00 0.370E+00 0.385E-01 0.241E-02 0.395E-01 0.247E-02
      2       8       2     128     128       4       4 0.950E-01 0.966E-01 0.760E-01 0.768E-01 0.264E-02 0.165E-03 0.133E-02 0.829E-04
      2       8       2    2048    2048       4       4 0.916E+00 0.102E+01 0.935E+00 0.100E+01 0.195E+00 0.122E-01 0.215E+00 0.135E-01
      2       8       2     256     256       4       4 0.145E+00 0.147E+00 0.116E+00 0.121E+00 0.536E-02 0.335E-03 0.349E-02 0.218E-03
      2       8       2      32      32       4       4 0.369E-01 0.402E-01 0.268E-01 0.276E-01 0.132E-02 0.825E-04 0.127E-02 0.795E-04
      2       8       2    4096    4096       4       4 0.326E+01 0.340E+01 0.332E+01 0.347E+01 0.101E+01 0.632E-01 0.102E+01 0.638E-01
      2       8       2     512     512       4       4 0.195E+00 0.197E+00 0.167E+00 0.169E+00 0.110E-01 0.689E-03 0.109E-01 0.683E-03
      2       8       2      64      64       4       4 0.512E-01 0.557E-01 0.398E-01 0.408E-01 0.221E-02 0.138E-03 0.118E-02 0.737E-04
      3       1       1    1024    1024       4       4 0.824E-03 0.311E-02 0.000E+00 0.000E+00 0.253E+00 0.158E-01 0.464E+00 0.290E-01
      3       1       1     128     128       4       4 0.760E-03 0.300E-02 0.238E-06 0.954E-06 0.253E-02 0.158E-03 0.494E-02 0.309E-03
      3       1       1    2048    2048       4       4 0.931E-03 0.344E-02 0.000E+00 0.000E+00 0.178E+01 0.111E+00 0.353E+01 0.221E+00
      3       1       1     256     256       4       4 0.726E-03 0.286E-02 0.000E+00 0.000E+00 0.115E-01 0.718E-03 0.228E-01 0.142E-02
      3       1       1      32      32       4       4 0.810E-03 0.321E-02 0.000E+00 0.000E+00 0.252E-03 0.157E-04 0.392E-03 0.245E-04
      3       1       1    4096    4096       4       4 0.969E-03 0.341E-02 0.238E-06 0.954E-06 0.879E+01 0.549E+00 0.173E+02 0.108E+01
      3       1       1     512     512       4       4 0.779E-03 0.298E-02 0.000E+00 0.000E+00 0.493E-01 0.308E-02 0.966E-01 0.603E-02
      3       1       1      64      64       4       4 0.710E-03 0.280E-02 0.000E+00 0.000E+00 0.622E-03 0.389E-04 0.105E-02 0.656E-04
      3       1      12    1024    1024       4       4 0.192E-02 0.748E-02 0.000E+00 0.000E+00 0.198E+00 0.123E-01 0.364E+00 0.227E-01
      3       1      12     128     128       4       4 0.380E-02 0.151E-01 0.000E+00 0.000E+00 0.287E-02 0.180E-03 0.539E-02 0.337E-03
      3       1      12    2048    2048       4       4 0.718E-03 0.256E-02 0.000E+00 0.000E+00 0.906E+00 0.566E-01 0.179E+01 0.112E+00
      3       1      12     256     256       4       4 0.335E-02 0.134E-01 0.000E+00 0.000E+00 0.104E-01 0.649E-03 0.201E-01 0.126E-02
      3       1      12      32      32       4       4 0.532E-02 0.213E-01 0.000E+00 0.000E+00 0.462E-03 0.289E-04 0.749E-03 0.468E-04
      3       1      12    4096    4096       4       4 0.798E-03 0.265E-02 0.000E+00 0.000E+00 0.509E+01 0.318E+00 0.101E+02 0.630E+00
      3       1      12     512     512       4       4 0.590E-02 0.235E-01 0.536E-06 0.119E-05 0.415E-01 0.259E-02 0.792E-01 0.495E-02
      3       1      12      64      64       4       4 0.523E-02 0.209E-01 0.000E+00 0.000E+00 0.108E-02 0.673E-04 0.184E-02 0.115E-03
      3       1      16    1024    1024       4       4 0.617E-03 0.226E-02 0.000E+00 0.000E+00 0.191E+00 0.119E-01 0.345E+00 0.216E-01
      3       1      16     128     128       4       4 0.399E-02 0.159E-01 0.000E+00 0.000E+00 0.363E-02 0.227E-03 0.663E-02 0.414E-03
      3       1      16    2048    2048       4       4 0.668E-03 0.235E-02 0.298E-06 0.119E-05 0.925E+00 0.578E-01 0.183E+01 0.114E+00
      3       1      16     256     256       4       4 0.442E-02 0.176E-01 0.238E-06 0.954E-06 0.124E-01 0.773E-03 0.239E-01 0.149E-02
      3       1      16      32      32       4       4 0.440E-02 0.175E-01 0.536E-06 0.119E-05 0.602E-03 0.376E-04 0.972E-03 0.607E-04
      3       1      16    4096    4096       4       4 0.729E-03 0.238E-02 0.000E+00 0.000E+00 0.512E+01 0.320E+00 0.101E+02 0.634E+00
      3       1      16     512     512       4       4 0.120E-02 0.469E-02 0.000E+00 0.000E+00 0.417E-01 0.260E-02 0.789E-01 0.493E-02
      3       1      16      64      64       4       4 0.330E-02 0.132E-01 0.000E+00 0.000E+00 0.139E-02 0.868E-04 0.240E-02 0.150E-03
      3       1       2    1024    1024       4       4 0.878E-03 0.332E-02 0.000E+00 0.000E+00 0.216E+00 0.135E-01 0.397E+00 0.248E-01
      3       1       2     128     128       4       4 0.294E-02 0.117E-01 0.000E+00 0.000E+00 0.266E-02 0.166E-03 0.520E-02 0.325E-03
      3       1       2    2048    2048       4       4 0.835E-03 0.304E-02 0.238E-06 0.954E-06 0.131E+01 0.816E-01 0.259E+01 0.162E+00
      3       1       2     256     256       4       4 0.147E-02 0.581E-02 0.238E-06 0.954E-06 0.110E-01 0.688E-03 0.214E-01 0.133E-02
      3       1       2      32      32       4       4 0.701E-03 0.277E-02 0.000E+00 0.000E+00 0.345E-03 0.215E-04 0.543E-03 0.340E-04
      3       1       2    4096    4096       4       4 0.892E-03 0.307E-02 0.000E+00 0.000E+00 0.711E+01 0.445E+00 0.140E+02 0.875E+00
      3       1       2     512     512       4       4 0.180E-02 0.710E-02 0.298E-06 0.119E-05 0.531E-01 0.332E-02 0.105E+00 0.657E-02
      3       1       2      64      64       4       4 0.369E-02 0.147E-01 0.298E-06 0.119E-05 0.735E-03 0.459E-04 0.127E-02 0.795E-04
      3       1      24    1024    1024       4       4 0.176E-02 0.683E-02 0.000E+00 0.000E+00 0.193E+00 0.121E-01 0.350E+00 0.219E-01
      3       1      24     128     128       4       4 0.464E-02 0.185E-01 0.238E-06 0.954E-06 0.431E-02 0.269E-03 0.794E-02 0.496E-03
      3       1      24    2048    2048       4       4 0.606E-03 0.210E-02 0.000E+00 0.000E+00 0.897E+00 0.560E-01 0.178E+01 0.111E+00
      3       1      24     256     256       4       4 0.338E-02 0.134E-01 0.000E+00 0.000E+00 0.118E-01 0.734E-03 0.229E-01 0.143E-02
      3       1      24      32      32       4       4 0.429E-02 0.171E-01 0.238E-06 0.954E-06 0.701E-03 0.438E-04 0.111E-02 0.694E-04
      3       1      24    4096    4096       4       4 0.565E-03 0.171E-02 0.000E+00 0.000E+00 0.512E+01 0.320E+00 0.101E+02 0.634E+00
      3       1      24     512     512       4       4 0.362E-02 0.144E-01 0.000E+00 0.000E+00 0.423E-01 0.264E-02 0.806E-01 0.504E-02
      3       1      24      64      64       4       4 0.102E-01 0.406E-01 0.000E+00 0.000E+00 0.180E-02 0.112E-03 0.305E-02 0.191E-03
      3       1       4    1024    1024       4       4 0.263E-02 0.103E-01 0.000E+00 0.000E+00 0.222E+00 0.139E-01 0.411E+00 0.257E-01
      3       1       4     128     128       4       4 0.484E-02 0.193E-01 0.238E-06 0.954E-06 0.276E-02 0.173E-03 0.527E-02 0.329E-03
      3       1       4    2048    2048       4       4 0.769E-03 0.276E-02 0.298E-06 0.119E-05 0.107E+01 0.671E-01 0.212E+01 0.133E+00
      3       1       4     256     256       4       4 0.444E-02 0.177E-01 0.000E+00 0.000E+00 0.108E-01 0.673E-03 0.209E-01 0.130E-02
      3       1       4      32      32       4       4 0.351E-02 0.140E-01 0.000E+00 0.000E+00 0.381E-03 0.238E-04 0.596E-03 0.373E-04
      3       1       4    4096    4096       4       4 0.838E-03 0.284E-02 0.000E+00 0.000E+00 0.575E+01 0.359E+00 0.114E+02 0.711E+00
      3       1       4     512     512       4       4 0.201E-02 0.793E-02 0.000E+00 0.000E+00 0.454E-01 0.284E-02 0.882E-01 0.551E-02
      3       1       4      64      64       4       4 0.513E-02 0.205E-01 0.000E+00 0.000E+00 0.738E-03 0.461E-04 0.130E-02 0.814E-04
      3       1       8    1024    1024       4       4 0.279E-02 0.110E-01 0.000E+00 0.000E+00 0.195E+00 0.122E-01 0.362E+00 0.226E-01
      3       1       8     128     128       4       4 0.521E-02 0.208E-01 0.238E-06 0.954E-06 0.297E-02 0.186E-03 0.569E-02 0.356E-03
      3       1       8    2048    2048       4       4 0.711E-03 0.251E-02 0.000E+00 0.000E+00 0.935E+00 0.584E-01 0.185E+01 0.115E+00
      3       1       8     256     256       4       4 0.385E-02 0.153E-01 0.000E+00 0.000E+00 0.108E-01 0.673E-03 0.208E-01 0.130E-02
      3       1       8      32      32       4       4 0.639E-02 0.255E-01 0.000E+00 0.000E+00 0.417E-03 0.261E-04 0.673E-03 0.421E-04
      3       1       8    4096    4096       4       4 0.749E-03 0.244E-02 0.000E+00 0.000E+00 0.519E+01 0.324E+00 0.102E+02 0.638E+00
      3       1       8     512     512       4       4 0.564E-02 0.225E-01 0.000E+00 0.000E+00 0.434E-01 0.271E-02 0.838E-01 0.524E-02
      3       1       8      64      64       4       4 0.533E-02 0.213E-01 0.000E+00 0.000E+00 0.783E-03 0.490E-04 0.137E-02 0.855E-04
      3      12       1    1024    1024       4       4 0.895E-02 0.356E-01 0.101E-05 0.215E-05 0.509E-01 0.318E-02 0.969E-01 0.606E-02
      3      12       1     128     128       4       4 0.158E-01 0.633E-01 0.536E-06 0.119E-05 0.190E-02 0.119E-03 0.288E-02 0.180E-03
      3      12       1    2048    2048       4       4 0.157E-01 0.623E-01 0.125E-05 0.215E-05 0.217E+00 0.136E-01 0.430E+00 0.269E-01
      3      12       1     256     256       4       4 0.250E-01 0.997E-01 0.125E-05 0.191E-05 0.331E-02 0.207E-03 0.548E-02 0.343E-03
      3      12       1      32      32       4       4 0.163E-01 0.650E-01 0.715E-06 0.954E-06 0.149E-02 0.932E-04 0.203E-02 0.127E-03
      3      12       1    4096    4096       4       4 0.274E-01 0.109E+00 0.179E-05 0.215E-05 0.106E+01 0.665E-01 0.210E+01 0.131E+00
      3      12       1     512     512       4       4 0.141E-01 0.562E-01 0.596E-06 0.119E-05 0.144E-01 0.901E-03 0.269E-01 0.168E-02
      3      12       1      64      64       4       4 0.179E-01 0.715E-01 0.107E-05 0.119E-05 0.167E-02 0.104E-03 0.232E-02 0.145E-03
      3      12       2    1024    1024       4       4 0.308E-01 0.123E+00 0.143E-05 0.286E-05 0.617E-01 0.386E-02 0.118E+00 0.735E-02
      3      12       2     128     128       4       4 0.185E-01 0.739E-01 0.107E-05 0.119E-05 0.217E-02 0.135E-03 0.338E-02 0.211E-03
      3      12       2    2048    2048       4       4 0.321E-01 0.128E+00 0.400E-02 0.160E-01 0.303E+00 0.189E-01 0.616E+00 0.385E-01
      3      12       2     256     256       4       4 0.183E-01 0.732E-01 0.173E-05 0.215E-05 0.350E-02 0.219E-03 0.568E-02 0.355E-03
      3      12       2      32      32       4       4 0.242E-01 0.966E-01 0.954E-06 0.954E-06 0.193E-02 0.121E-03 0.294E-02 0.184E-03
      3      12       2    4096    4096       4       4 0.116E-01 0.458E-01 0.125E-05 0.215E-05 0.100E+01 0.626E-01 0.199E+01 0.124E+00
      3      12       2     512     512       4       4 0.215E-01 0.858E-01 0.125E-05 0.191E-05 0.150E-01 0.938E-03 0.288E-01 0.180E-02
      3      12       2      64      64       4       4 0.176E-01 0.705E-01 0.954E-06 0.954E-06 0.173E-02 0.108E-03 0.251E-02 0.157E-03
      3      16       1    1024    1024       4       4 0.486E-01 0.194E+00 0.153E-01 0.610E-01 0.111E+00 0.693E-02 0.172E+00 0.107E-01
      3      16       1     128     128       4       4 0.188E-01 0.749E-01 0.131E-05 0.215E-05 0.212E-02 0.132E-03 0.323E-02 0.202E-03
      3      16       1    2048    2048       4       4 0.200E-01 0.795E-01 0.167E-05 0.191E-05 0.208E+00 0.130E-01 0.410E+00 0.256E-01
      3      16       1     256     256       4       4 0.273E-01 0.109E+00 0.161E-05 0.215E-05 0.291E-02 0.182E-03 0.462E-02 0.289E-03
      3      16       1      32      32       4       4 0.230E-01 0.921E-01 0.775E-06 0.119E-05 0.163E-02 0.102E-03 0.231E-02 0.144E-03
      3      16       1    4096    4096       4       4 0.236E-01 0.939E-01 0.101E-05 0.119E-05 0.972E+00 0.608E-01 0.192E+01 0.120E+00
      3      16       1     512     512       4       4 0.318E-01 0.127E+00 0.149E-05 0.191E-05 0.145E-01 0.906E-03 0.274E-01 0.171E-02
      3      16       1      64      64       4       4 0.350E-01 0.140E+00 0.179E-05 0.310E-05 0.195E-02 0.122E-03 0.300E-02 0.187E-03
      3       2       1    1024    1024       4       4 0.384E-02 0.152E-01 0.238E-06 0.954E-06 0.165E+00 0.103E-01 0.316E+00 0.197E-01
      3       2       1     128     128       4       4 0.517E-02 0.206E-01 0.775E-06 0.119E-05 0.183E-02 0.114E-03 0.342E-02 0.214E-03
      3       2       1    2048    2048       4       4 0.408E-02 0.160E-01 0.238E-06 0.954E-06 0.948E+00 0.593E-01 0.187E+01 0.117E+00
      3       2       1     256     256       4       4 0.798E-02 0.319E-01 0.536E-06 0.119E-05 0.126E-01 0.789E-03 0.249E-01 0.155E-02
      3       2       1      32      32       4       4 0.840E-02 0.335E-01 0.536E-06 0.119E-05 0.439E-03 0.274E-04 0.687E-03 0.429E-04
      3       2       1    4096    4096       4       4 0.348E-02 0.135E-01 0.298E-06 0.119E-05 0.446E+01 0.279E+00 0.878E+01 0.549E+00
      3       2       1     512     512       4       4 0.804E-02 0.320E-01 0.100E-02 0.401E-02 0.511E-01 0.320E-02 0.995E-01 0.622E-02
      3       2       1      64      64       4       4 0.406E-02 0.162E-01 0.834E-06 0.119E-05 0.628E-03 0.392E-04 0.108E-02 0.676E-04
      3       2      12    1024    1024       4       4 0.408E-02 0.161E-01 0.477E-06 0.954E-06 0.142E+00 0.884E-02 0.264E+00 0.165E-01
      3       2      12     128     128       4       4 0.878E-02 0.351E-01 0.238E-06 0.954E-06 0.241E-02 0.151E-03 0.445E-02 0.278E-03
      3       2      12    2048    2048       4       4 0.348E-02 0.136E-01 0.238E-06 0.954E-06 0.641E+00 0.401E-01 0.127E+01 0.795E-01
      3       2      12     256     256       4       4 0.444E-02 0.177E-01 0.536E-06 0.119E-05 0.107E-01 0.670E-03 0.209E-01 0.130E-02
      3       2      12      32      32       4       4 0.901E-02 0.360E-01 0.477E-06 0.954E-06 0.640E-03 0.400E-04 0.111E-02 0.693E-04
      3       2      12    4096    4096       4       4 0.443E-02 0.172E-01 0.238E-06 0.954E-06 0.316E+01 0.197E+00 0.629E+01 0.393E+00
      3       2      12     512     512       4       4 0.404E-02 0.159E-01 0.834E-06 0.119E-05 0.389E-01 0.243E-02 0.752E-01 0.470E-02
      3       2      12      64      64       4       4 0.657E-02 0.262E-01 0.834E-06 0.119E-05 0.111E-02 0.693E-04 0.189E-02 0.118E-03
      3       2       2    1024    1024       4       4 0.420E-02 0.166E-01 0.800E-02 0.320E-01 0.304E+00 0.190E-01 0.509E+00 0.318E-01
      3       2       2     128     128       4       4 0.429E-02 0.171E-01 0.477E-06 0.954E-06 0.246E-02 0.154E-03 0.455E-02 0.285E-03
      3       2       2    2048    2048       4       4 0.398E-02 0.156E-01 0.775E-06 0.119E-05 0.871E+00 0.544E-01 0.172E+01 0.108E+00
      3       2       2     256     256       4       4 0.448E-02 0.178E-01 0.715E-06 0.191E-05 0.974E-02 0.609E-03 0.190E-01 0.119E-02
      3       2       2      32      32       4       4 0.121E-01 0.485E-01 0.715E-06 0.954E-06 0.559E-03 0.350E-04 0.911E-03 0.569E-04
      3       2       2    4096    4096       4       4 0.445E-02 0.173E-01 0.536E-06 0.119E-05 0.392E+01 0.245E+00 0.772E+01 0.483E+00
      3       2       2     512     512       4       4 0.454E-02 0.180E-01 0.477E-06 0.954E-06 0.407E-01 0.254E-02 0.803E-01 0.502E-02
      3       2       2      64      64       4       4 0.916E-02 0.366E-01 0.800E-02 0.320E-01 0.648E-01 0.405E-02 0.653E-01 0.408E-02
      3       2       4    1024    1024       4       4 0.457E-02 0.180E-01 0.715E-06 0.954E-06 0.152E+00 0.949E-02 0.291E+00 0.182E-01
      3       2       4     128     128       4       4 0.698E-02 0.278E-01 0.775E-06 0.119E-05 0.277E-02 0.173E-03 0.501E-02 0.313E-03
      3       2       4    2048    2048       4       4 0.836E-02 0.331E-01 0.101E-05 0.119E-05 0.707E+00 0.442E-01 0.139E+01 0.871E-01
      3       2       4     256     256       4       4 0.759E-02 0.303E-01 0.125E-05 0.215E-05 0.955E-02 0.597E-03 0.183E-01 0.114E-02
      3       2       4      32      32       4       4 0.125E-01 0.499E-01 0.800E-02 0.320E-01 0.534E-03 0.334E-04 0.905E-03 0.565E-04
      3       2       4    4096    4096       4       4 0.479E-02 0.187E-01 0.131E-05 0.215E-05 0.314E+01 0.196E+00 0.620E+01 0.387E+00
      3       2       4     512     512       4       4 0.466E-02 0.184E-01 0.477E-06 0.954E-06 0.343E-01 0.214E-02 0.661E-01 0.413E-02
      3       2       4      64      64       4       4 0.932E-02 0.372E-01 0.238E-06 0.954E-06 0.790E-03 0.494E-04 0.134E-02 0.836E-04
      3       2       8    1024    1024       4       4 0.405E-02 0.160E-01 0.238E-06 0.954E-06 0.143E+00 0.893E-02 0.267E+00 0.167E-01
      3       2       8     128     128       4       4 0.677E-02 0.270E-01 0.238E-06 0.954E-06 0.218E-02 0.136E-03 0.408E-02 0.255E-03
      3       2       8    2048    2048       4       4 0.416E-02 0.163E-01 0.477E-06 0.954E-06 0.675E+00 0.422E-01 0.134E+01 0.835E-01
      3       2       8     256     256       4       4 0.582E-02 0.232E-01 0.238E-06 0.954E-06 0.835E-02 0.522E-03 0.158E-01 0.988E-03
      3       2       8      32      32       4       4 0.713E-02 0.284E-01 0.715E-06 0.954E-06 0.733E-03 0.458E-04 0.125E-02 0.784E-04
      3       2       8    4096    4096       4       4 0.300E-02 0.115E-01 0.298E-06 0.119E-05 0.279E+01 0.175E+00 0.554E+01 0.346E+00
      3       2       8     512     512       4       4 0.576E-02 0.229E-01 0.536E-06 0.119E-05 0.373E-01 0.233E-02 0.722E-01 0.451E-02
      3       2       8      64      64       4       4 0.784E-02 0.313E-01 0.298E-06 0.119E-05 0.897E-03 0.560E-04 0.153E-02 0.958E-04
      3      24       1    1024    1024       4       4 0.448E-01 0.179E+00 0.125E-05 0.191E-05 0.483E-01 0.302E-02 0.907E-01 0.567E-02
      3      24       1     128     128       4       4 0.328E-01 0.131E+00 0.143E-05 0.191E-05 0.291E-02 0.182E-03 0.437E-02 0.273E-03
      3      24       1    2048    2048       4       4 0.384E-01 0.153E+00 0.149E-05 0.191E-05 0.207E+00 0.130E-01 0.411E+00 0.257E-01
      3      24       1     256     256       4       4 0.326E-01 0.130E+00 0.119E-05 0.191E-05 0.377E-02 0.235E-03 0.577E-02 0.361E-03
      3      24       1      32      32       4       4 0.528E-02 0.167E-01 0.167E-05 0.191E-05 0.368E-02 0.230E-03 0.734E-02 0.459E-03
      3      24       1     512     512       4       4 0.326E-01 0.130E+00 0.179E-05 0.215E-05 0.769E-02 0.480E-03 0.125E-01 0.781E-03
      3      24       1      64      64       4       4 0.374E-01 0.149E+00 0.203E-05 0.215E-05 0.291E-02 0.182E-03 0.430E-02 0.269E-03
      3       4       1    1024    1024       4       4 0.128E-01 0.511E-01 0.800E-02 0.320E-01 0.174E+00 0.109E-01 0.272E+00 0.170E-01
      3       4       1     128     128       4       4 0.988E-02 0.395E-01 0.101E-05 0.119E-05 0.167E-02 0.104E-03 0.311E-02 0.194E-03
      3       4       1    2048    2048       4       4 0.140E-01 0.557E-01 0.726E-02 0.290E-01 0.520E+00 0.325E-01 0.104E+01 0.649E-01
      3       4       1     256     256       4       4 0.915E-02 0.365E-01 0.189E-02 0.756E-02 0.773E-02 0.483E-03 0.152E-01 0.949E-03
      3       4       1      32      32       4       4 0.951E-02 0.380E-01 0.400E-02 0.160E-01 0.306E-01 0.191E-02 0.310E-01 0.194E-02
      3       4       1    4096    4096       4       4 0.108E-01 0.426E-01 0.400E-02 0.160E-01 0.250E+01 0.156E+00 0.489E+01 0.306E+00
      3       4       1     512     512       4       4 0.112E-01 0.447E-01 0.119E-05 0.191E-05 0.268E-01 0.168E-02 0.521E-01 0.326E-02
      3       4       1      64      64       4       4 0.958E-02 0.383E-01 0.800E-02 0.320E-01 0.605E-03 0.378E-04 0.169E-02 0.106E-03
      3       4       2    1024    1024       4       4 0.523E-02 0.207E-01 0.954E-06 0.954E-06 0.100E+00 0.627E-02 0.192E+00 0.120E-01
      3       4       2     128     128       4       4 0.136E-01 0.543E-01 0.775E-06 0.119E-05 0.196E-02 0.122E-03 0.359E-02 0.224E-03
      3       4       2    2048    2048       4       4 0.123E-01 0.489E-01 0.145E-01 0.579E-01 0.510E+00 0.319E-01 0.101E+01 0.632E-01
      3       4       2     256     256       4       4 0.129E-01 0.514E-01 0.800E-02 0.320E-01 0.193E-01 0.121E-02 0.261E-01 0.163E-02
      3       4       2      32      32       4       4 0.164E-01 0.657E-01 0.775E-06 0.119E-05 0.682E-03 0.426E-04 0.116E-02 0.724E-04
      3       4       2    4096    4096       4       4 0.134E-01 0.532E-01 0.800E-02 0.320E-01 0.229E+01 0.143E+00 0.453E+01 0.283E+00
      3       4       2     512     512       4       4 0.100E-01 0.398E-01 0.775E-06 0.119E-05 0.221E-01 0.138E-02 0.425E-01 0.266E-02
      3       4       2      64      64       4       4 0.144E-01 0.574E-01 0.238E-06 0.954E-06 0.738E-03 0.461E-04 0.129E-02 0.806E-04
      3       4       4    1024    1024       4       4 0.126E-01 0.501E-01 0.715E-06 0.954E-06 0.971E-01 0.607E-02 0.182E+00 0.114E-01
      3       4       4     128     128       4       4 0.142E-01 0.567E-01 0.149E-05 0.215E-05 0.179E-02 0.112E-03 0.323E-02 0.202E-03
      3       4       4    2048    2048       4       4 0.137E-01 0.546E-01 0.400E-02 0.160E-01 0.457E+00 0.286E-01 0.915E+00 0.572E-01
      3       4       4     256     256       4       4 0.114E-01 0.454E-01 0.238E-06 0.954E-06 0.567E-02 0.355E-03 0.109E-01 0.682E-03
      3       4       4      32      32       4       4 0.133E-01 0.532E-01 0.149E-02 0.596E-02 0.126E-02 0.785E-04 0.175E-02 0.110E-03
      3       4       4    4096    4096       4       4 0.514E-02 0.201E-01 0.238E-06 0.954E-06 0.197E+01 0.123E+00 0.393E+01 0.245E+00
      3       4       4     512     512       4       4 0.102E-01 0.406E-01 0.834E-06 0.119E-05 0.258E-01 0.161E-02 0.502E-01 0.314E-02
      3       4       4      64      64       4       4 0.169E-01 0.677E-01 0.101E-05 0.119E-05 0.734E-03 0.459E-04 0.130E-02 0.815E-04
      3       8       1    1024    1024       4       4 0.852E-02 0.339E-01 0.119E-05 0.191E-05 0.618E-01 0.386E-02 0.120E+00 0.750E-02
      3       8       1     128     128       4       4 0.224E-01 0.895E-01 0.203E-05 0.310E-05 0.169E-02 0.106E-03 0.276E-02 0.172E-03
      3       8       1    2048    2048       4       4 0.119E-01 0.471E-01 0.125E-05 0.191E-05 0.296E+00 0.185E-01 0.588E+00 0.368E-01
      3       8       1     256     256       4       4 0.295E-01 0.118E+00 0.701E-02 0.280E-01 0.422E-02 0.264E-03 0.737E-02 0.461E-03
      3       8       1      32      32       4       4 0.224E-01 0.896E-01 0.107E-05 0.119E-05 0.101E-02 0.632E-04 0.144E-02 0.903E-04
      3       8       1    4096    4096       4       4 0.171E-01 0.679E-01 0.954E-06 0.954E-06 0.146E+01 0.912E-01 0.289E+01 0.181E+00
      3       8       1     512     512       4       4 0.227E-01 0.905E-01 0.125E-05 0.191E-05 0.177E-01 0.111E-02 0.344E-01 0.215E-02
      3       8       1      64      64       4       4 0.930E-02 0.371E-01 0.107E-05 0.119E-05 0.144E-02 0.901E-04 0.201E-02 0.126E-03
      3       8       2    1024    1024       4       4 0.231E-01 0.922E-01 0.954E-06 0.954E-06 0.628E-01 0.392E-02 0.121E+00 0.758E-02
      3       8       2     128     128       4       4 0.243E-01 0.971E-01 0.157E-04 0.601E-04 0.218E-02 0.136E-03 0.337E-02 0.210E-03
      3       8       2    2048    2048       4       4 0.625E-02 0.247E-01 0.155E-05 0.215E-05 0.303E+00 0.189E-01 0.598E+00 0.374E-01
      3       8       2     256     256       4       4 0.222E-01 0.887E-01 0.149E-05 0.191E-05 0.612E-02 0.382E-03 0.940E-02 0.587E-03
      3       8       2      32      32       4       4 0.175E-01 0.699E-01 0.596E-06 0.119E-05 0.141E-02 0.881E-04 0.196E-02 0.122E-03
      3       8       2    4096    4096       4       4 0.745E-02 0.293E-01 0.775E-06 0.119E-05 0.133E+01 0.829E-01 0.263E+01 0.164E+00
      3       8       2     512     512       4       4 0.110E-01 0.437E-01 0.775E-06 0.119E-05 0.173E-01 0.108E-02 0.325E-01 0.203E-02
      3       8       2      64      64       4       4 0.242E-01 0.968E-01 0.954E-06 0.954E-06 0.157E-02 0.979E-04 0.229E-02 0.143E-03
