      2       1    1021    1021       4       4 0.393E+00 0.157E+01 0.660E+00 0.264E+01 0.141E+01 0.882E-01 0.142E+01 0.890E-01
      2       1     127     127       4       4 0.475E-02 0.184E-01 0.671E-02 0.268E-01 0.122E-01 0.761E-03 0.122E-01 0.761E-03
      2       1    2053    2053       4       4 0.166E+01 0.662E+01 0.270E+01 0.108E+02 0.649E+01 0.405E+00 0.618E+01 0.386E+00
      2       1     257     257       4       4 0.361E-01 0.144E+00 0.489E-01 0.195E+00 0.730E-01 0.456E-02 0.736E-01 0.460E-02
      2       1      31      31       4       4 0.684E-03 0.264E-02 0.668E-03 0.262E-02 0.185E-03 0.116E-04 0.181E-03 0.113E-04
      2       1    4099    4099       4       4 0.111E+01 0.445E+01 0.161E+01 0.644E+01 0.362E+02 0.226E+01 0.348E+02 0.218E+01
      2       1     509     509       4       4 0.133E+00 0.530E+00 0.209E+00 0.837E+00 0.368E+00 0.230E-01 0.371E+00 0.232E-01
      2       1      67      67       4       4 0.121E-02 0.463E-02 0.138E-02 0.545E-02 0.216E-02 0.135E-03 0.224E-02 0.140E-03
      2      12    1021    1021       4       4 0.416E+00 0.164E+01 0.547E+00 0.212E+01 0.218E+00 0.136E-01 0.222E+00 0.139E-01
      2      12     127     127       4       4 0.687E-02 0.263E-01 0.914E-02 0.360E-01 0.457E-02 0.286E-03 0.453E-02 0.283E-03
      2      12    2053    2053       4       4 0.101E+01 0.403E+01 0.125E+01 0.495E+01 0.918E+00 0.574E-01 0.110E+01 0.686E-01
      2      12     257     257       4       4 0.122E+00 0.480E+00 0.135E+00 0.532E+00 0.121E-01 0.755E-03 0.118E-01 0.735E-03
      2      12      31      31       4       4 0.417E-02 0.155E-01 0.502E-02 0.190E-01 0.106E-02 0.663E-04 0.991E-03 0.620E-04
      2      12    4099    4099       4       4 0.252E+01 0.101E+02 0.347E+01 0.139E+02 0.394E+01 0.246E+00 0.361E+01 0.226E+00
      2      12     509     509       4       4 0.207E+00 0.796E+00 0.260E+00 0.989E+00 0.601E-01 0.376E-02 0.622E-01 0.389E-02
      2      12      67      67       4       4 0.292E-02 0.108E-01 0.390E-02 0.151E-01 0.138E-02 0.861E-04 0.137E-02 0.858E-04
      2      16    1021    1021       4       4 0.408E+00 0.161E+01 0.508E+00 0.200E+01 0.168E+00 0.105E-01 0.162E+00 0.101E-01
      2      16     127     127       4       4 0.552E-02 0.207E-01 0.769E-02 0.301E-01 0.561E-02 0.351E-03 0.557E-02 0.348E-03
      2      16    2053    2053       4       4 0.116E+01 0.461E+01 0.145E+01 0.574E+01 0.754E+00 0.471E-01 0.105E+01 0.659E-01
      2      16     257     257       4       4 0.128E+00 0.496E+00 0.142E+00 0.553E+00 0.131E-01 0.817E-03 0.115E-01 0.716E-03
      2      16      31      31       4       4 0.265E-02 0.968E-02 0.331E-02 0.126E-01 0.666E-03 0.416E-04 0.657E-03 0.411E-04
      2      16    4099    4099       4       4 0.271E+01 0.108E+02 0.366E+01 0.146E+02 0.398E+01 0.249E+00 0.302E+01 0.189E+00
      2      16     509     509       4       4 0.164E+00 0.636E+00 0.208E+00 0.811E+00 0.478E-01 0.299E-02 0.483E-01 0.302E-02
      2      16      67      67       4       4 0.611E-02 0.224E-01 0.738E-02 0.278E-01 0.128E-02 0.799E-04 0.124E-02 0.776E-04
      2       2    1021    1021       4       4 0.535E+00 0.213E+01 0.875E+00 0.349E+01 0.838E+00 0.524E-01 0.817E+00 0.511E-01
      2       2     127     127       4       4 0.871E-02 0.342E-01 0.118E-01 0.472E-01 0.655E-02 0.410E-03 0.667E-02 0.417E-03
      2       2    2053    2053       4       4 0.194E+01 0.775E+01 0.318E+01 0.127E+02 0.391E+01 0.244E+00 0.349E+01 0.218E+00
      2       2     257     257       4       4 0.619E-01 0.245E+00 0.784E-01 0.311E+00 0.410E-01 0.256E-02 0.421E-01 0.263E-02
      2       2      31      31       4       4 0.230E-02 0.902E-02 0.262E-02 0.104E-01 0.520E-03 0.325E-04 0.493E-03 0.308E-04
      2       2    4099    4099       4       4 0.351E+01 0.140E+02 0.549E+01 0.220E+02 0.187E+02 0.117E+01 0.172E+02 0.108E+01
      2       2     509     509       4       4 0.195E+00 0.778E+00 0.281E+00 0.112E+01 0.211E+00 0.132E-01 0.204E+00 0.128E-01
      2       2      67      67       4       4 0.286E-02 0.111E-01 0.343E-02 0.135E-01 0.116E-02 0.725E-04 0.117E-02 0.732E-04
      2      24    1021    1021       4       4 0.539E+00 0.207E+01 0.656E+00 0.252E+01 0.224E+00 0.140E-01 0.234E+00 0.146E-01
      2      24     127     127       4       4 0.980E-02 0.328E-01 0.119E-01 0.412E-01 0.483E-02 0.302E-03 0.437E-02 0.273E-03
      2      24    2053    2053       4       4 0.124E+01 0.492E+01 0.148E+01 0.586E+01 0.525E+00 0.328E-01 0.493E+00 0.308E-01
      2      24     257     257       4       4 0.166E+00 0.641E+00 0.180E+00 0.699E+00 0.134E-01 0.840E-03 0.138E-01 0.863E-03
      2      24      31      31       4       4 0.379E-02 0.139E-01 0.447E-02 0.168E-01 0.118E-02 0.736E-04 0.115E-02 0.721E-04
      2      24    4099    4099       4       4 0.233E+01 0.925E+01 0.383E+01 0.153E+02 0.278E+01 0.174E+00 0.258E+01 0.161E+00
      2      24     509     509       4       4 0.240E+00 0.921E+00 0.291E+00 0.113E+01 0.620E-01 0.388E-02 0.545E-01 0.341E-02
      2      24      67      67       4       4 0.830E-02 0.305E-01 0.860E-02 0.323E-01 0.234E-02 0.146E-03 0.217E-02 0.136E-03
      2       4    1021    1021       4       4 0.401E+00 0.159E+01 0.568E+00 0.226E+01 0.494E+00 0.309E-01 0.433E+00 0.270E-01
      2       4     127     127       4       4 0.645E-02 0.250E-01 0.889E-02 0.352E-01 0.375E-02 0.235E-03 0.408E-02 0.255E-03
      2       4    2053    2053       4       4 0.145E+01 0.577E+01 0.208E+01 0.829E+01 0.222E+01 0.139E+00 0.197E+01 0.123E+00
      2       4     257     257       4       4 0.857E-01 0.338E+00 0.102E+00 0.401E+00 0.269E-01 0.168E-02 0.287E-01 0.179E-02
      2       4      31      31       4       4 0.208E-02 0.800E-02 0.241E-02 0.944E-02 0.462E-03 0.289E-04 0.417E-03 0.261E-04
      2       4    4099    4099       4       4 0.379E+01 0.151E+02 0.609E+01 0.244E+02 0.967E+01 0.605E+00 0.875E+01 0.547E+00
      2       4     509     509       4       4 0.156E+00 0.617E+00 0.220E+00 0.872E+00 0.119E+00 0.742E-02 0.119E+00 0.742E-02
      2       4      67      67       4       4 0.378E-02 0.147E-01 0.504E-02 0.199E-01 0.112E-02 0.702E-04 0.106E-02 0.660E-04
      2       8    1021    1021       4       4 0.319E+00 0.126E+01 0.407E+00 0.161E+01 0.281E+00 0.176E-01 0.264E+00 0.165E-01
      2       8     127     127       4       4 0.545E-02 0.208E-01 0.821E-02 0.325E-01 0.494E-02 0.308E-03 0.496E-02 0.310E-03
      2       8    2053    2053       4       4 0.124E+01 0.495E+01 0.174E+01 0.693E+01 0.129E+01 0.803E-01 0.117E+01 0.730E-01
      2       8     257     257       4       4 0.939E-01 0.367E+00 0.102E+00 0.398E+00 0.196E-01 0.123E-02 0.216E-01 0.135E-02
      2       8      31      31       4       4 0.258E-02 0.982E-02 0.330E-02 0.128E-01 0.672E-03 0.420E-04 0.689E-03 0.431E-04
      2       8    4099    4099       4       4 0.305E+01 0.122E+02 0.427E+01 0.171E+02 0.545E+01 0.340E+00 0.485E+01 0.303E+00
      2       8     509     509       4       4 0.139E+00 0.545E+00 0.186E+00 0.729E+00 0.771E-01 0.482E-02 0.776E-01 0.485E-02
      2       8      67      67       4       4 0.366E-02 0.140E-01 0.474E-02 0.186E-01 0.104E-02 0.653E-04 0.104E-02 0.653E-04
      3       1    1021    1021       4       4 0.106E-02 0.354E-02 0.211E-03 0.269E-03 0.531E+00 0.332E-01 0.543E+00 0.339E-01
      3       1     127     127       4       4 0.801E-03 0.313E-02 0.260E-04 0.350E-04 0.503E-02 0.314E-03 0.527E-02 0.329E-03
      3       1    2053    2053       4       4 0.161E-02 0.443E-02 0.600E-03 0.614E-03 0.326E+01 0.204E+00 0.340E+01 0.212E+00
      3       1     257     257       4       4 0.775E-03 0.295E-02 0.583E-04 0.870E-04 0.319E-01 0.200E-02 0.323E-01 0.202E-02
      3       1      31      31       4       4 0.831E-03 0.331E-02 0.447E-05 0.691E-05 0.284E-03 0.177E-04 0.293E-03 0.183E-04
      3       1    4099    4099       4       4 0.276E-02 0.537E-02 0.177E-02 0.180E-02 0.248E+02 0.155E+01 0.254E+02 0.159E+01
      3       1     509     509       4       4 0.830E-03 0.304E-02 0.928E-04 0.128E-03 0.107E+00 0.666E-02 0.108E+00 0.676E-02
      3       1      67      67       4       4 0.702E-03 0.278E-02 0.626E-05 0.906E-05 0.288E-02 0.180E-03 0.295E-02 0.185E-03
      3      12    1021    1021       4       4 0.193E-02 0.660E-02 0.313E-03 0.348E-03 0.602E-01 0.377E-02 0.599E-01 0.375E-02
      3      12     127     127       4       4 0.403E-02 0.160E-01 0.565E-04 0.889E-04 0.157E-02 0.982E-04 0.133E-02 0.830E-04
      3      12    2053    2053       4       4 0.124E-02 0.273E-02 0.659E-03 0.693E-03 0.333E+00 0.208E-01 0.348E+00 0.217E-01
      3      12     257     257       4       4 0.507E-02 0.200E-01 0.730E-04 0.851E-04 0.606E-02 0.379E-03 0.493E-02 0.308E-03
      3      12      31      31       4       4 0.438E-02 0.175E-01 0.644E-05 0.787E-05 0.396E-03 0.248E-04 0.288E-03 0.180E-04
      3      12    4099    4099       4       4 0.275E-02 0.429E-02 0.207E-02 0.213E-02 0.253E+01 0.158E+00 0.255E+01 0.159E+00
      3      12     509     509       4       4 0.374E-02 0.145E-01 0.147E-03 0.178E-03 0.136E-01 0.850E-03 0.134E-01 0.841E-03
      3      12      67      67       4       4 0.423E-02 0.169E-01 0.894E-05 0.110E-04 0.101E-02 0.629E-04 0.129E-02 0.807E-04
      3      16    1021    1021       4       4 0.141E-02 0.455E-02 0.313E-03 0.363E-03 0.479E-01 0.299E-02 0.472E-01 0.295E-02
      3      16     127     127       4       4 0.434E-02 0.172E-01 0.470E-04 0.579E-04 0.151E-02 0.947E-04 0.133E-02 0.829E-04
      3      16    2053    2053       4       4 0.136E-02 0.313E-02 0.737E-03 0.900E-03 0.255E+00 0.159E-01 0.264E+00 0.165E-01
      3      16     257     257       4       4 0.165E-02 0.632E-02 0.983E-04 0.136E-03 0.607E-02 0.379E-03 0.488E-02 0.305E-03
      3      16      31      31       4       4 0.431E-02 0.172E-01 0.650E-05 0.882E-05 0.469E-03 0.293E-04 0.272E-03 0.170E-04
      3      16    4099    4099       4       4 0.278E-02 0.416E-02 0.218E-02 0.222E-02 0.191E+01 0.119E+00 0.196E+01 0.122E+00
      3      16     509     509       4       4 0.441E-02 0.171E-01 0.157E-03 0.191E-03 0.111E-01 0.694E-03 0.102E-01 0.637E-03
      3      16      67      67       4       4 0.431E-02 0.172E-01 0.128E-04 0.160E-04 0.119E-02 0.742E-04 0.656E-03 0.410E-04
      3       2    1021    1021       4       4 0.200E-02 0.705E-02 0.275E-03 0.287E-03 0.277E+00 0.173E-01 0.285E+00 0.178E-01
      3       2     127     127       4       4 0.287E-02 0.114E-01 0.308E-04 0.360E-04 0.304E-02 0.190E-03 0.322E-02 0.201E-03
      3       2    2053    2053       4       4 0.148E-02 0.386E-02 0.587E-03 0.596E-03 0.165E+01 0.103E+00 0.173E+01 0.108E+00
      3       2     257     257       4       4 0.879E-03 0.330E-02 0.820E-04 0.103E-03 0.171E-01 0.107E-02 0.172E-01 0.107E-02
      3       2      31      31       4       4 0.365E-02 0.146E-01 0.602E-05 0.906E-05 0.254E-03 0.159E-04 0.218E-03 0.136E-04
      3       2    4099    4099       4       4 0.279E-02 0.500E-02 0.190E-02 0.192E-02 0.130E+02 0.810E+00 0.132E+02 0.827E+00
      3       2     509     509       4       4 0.138E-02 0.510E-02 0.124E-03 0.137E-03 0.558E-01 0.349E-02 0.571E-01 0.357E-02
      3       2      67      67       4       4 0.364E-02 0.145E-01 0.983E-05 0.172E-04 0.166E-02 0.104E-03 0.169E-02 0.106E-03
      3      24    1021    1021       4       4 0.141E-02 0.449E-02 0.346E-03 0.417E-03 0.590E-01 0.369E-02 0.595E-01 0.372E-02
      3      24     127     127       4       4 0.357E-02 0.141E-01 0.526E-04 0.104E-03 0.161E-02 0.101E-03 0.124E-02 0.774E-04
      3      24    2053    2053       4       4 0.988E-03 0.228E-02 0.665E-03 0.742E-03 0.207E+00 0.129E-01 0.185E+00 0.116E-01
      3      24     257     257       4       4 0.449E-02 0.177E-01 0.843E-04 0.103E-03 0.758E-02 0.473E-03 0.706E-02 0.441E-03
      3      24      31      31       4       4 0.518E-02 0.207E-01 0.697E-05 0.110E-04 0.539E-03 0.337E-04 0.273E-03 0.171E-04
      3      24    4099    4099       4       4 0.270E-02 0.378E-02 0.214E-02 0.220E-02 0.261E+01 0.163E+00 0.265E+01 0.166E+00
      3      24     509     509       4       4 0.336E-02 0.130E-01 0.120E-03 0.149E-03 0.124E-01 0.776E-03 0.868E-02 0.543E-03
      3      24      67      67       4       4 0.417E-02 0.166E-01 0.924E-05 0.110E-04 0.404E-02 0.252E-03 0.786E-03 0.491E-04
      3       4    1021    1021       4       4 0.344E-02 0.130E-01 0.229E-03 0.281E-03 0.152E+00 0.951E-02 0.157E+00 0.983E-02
      3       4     127     127       4       4 0.623E-02 0.248E-01 0.325E-04 0.391E-04 0.175E-02 0.110E-03 0.184E-02 0.115E-03
      3       4    2053    2053       4       4 0.138E-02 0.338E-02 0.621E-03 0.631E-03 0.883E+00 0.552E-01 0.925E+00 0.578E-01
      3       4     257     257       4       4 0.413E-02 0.163E-01 0.695E-04 0.858E-04 0.114E-01 0.714E-03 0.109E-01 0.684E-03
      3       4      31      31       4       4 0.462E-02 0.184E-01 0.572E-05 0.787E-05 0.294E-03 0.184E-04 0.253E-03 0.158E-04
      3       4    4099    4099       4       4 0.266E-02 0.478E-02 0.184E-02 0.189E-02 0.659E+01 0.412E+00 0.678E+01 0.424E+00
      3       4     509     509       4       4 0.572E-02 0.226E-01 0.104E-03 0.131E-03 0.327E-01 0.204E-02 0.340E-01 0.212E-02
      3       4      67      67       4       4 0.447E-02 0.179E-01 0.852E-05 0.100E-04 0.127E-02 0.794E-04 0.122E-02 0.764E-04
      3       8    1021    1021       4       4 0.407E-02 0.152E-01 0.291E-03 0.319E-03 0.799E-01 0.499E-02 0.820E-01 0.513E-02
      3       8     127     127       4       4 0.427E-02 0.169E-01 0.555E-04 0.789E-04 0.181E-02 0.113E-03 0.186E-02 0.116E-03
      3       8    2053    2053       4       4 0.114E-02 0.309E-02 0.609E-03 0.638E-03 0.466E+00 0.291E-01 0.486E+00 0.304E-01
      3       8     257     257       4       4 0.593E-02 0.235E-01 0.777E-04 0.970E-04 0.572E-02 0.358E-03 0.563E-02 0.352E-03
      3       8      31      31       4       4 0.655E-02 0.262E-01 0.697E-05 0.906E-05 0.363E-03 0.227E-04 0.257E-03 0.161E-04
      3       8    4099    4099       4       4 0.276E-02 0.458E-02 0.204E-02 0.206E-02 0.350E+01 0.219E+00 0.361E+01 0.225E+00
      3       8     509     509       4       4 0.271E-02 0.105E-01 0.110E-03 0.139E-03 0.168E-01 0.105E-02 0.170E-01 0.106E-02
      3       8      67      67       4       4 0.442E-02 0.177E-01 0.954E-05 0.122E-04 0.910E-03 0.569E-04 0.832E-03 0.520E-04
