      2       1    1021    1021       4       4 0.405E+00 0.162E+01 0.658E+00 0.263E+01 0.141E+01 0.881E-01 0.143E+01 0.894E-01
      2       1     127     127       4       4 0.479E-02 0.186E-01 0.674E-02 0.269E-01 0.128E-01 0.798E-03 0.128E-01 0.800E-03
      2       1    2053    2053       4       4 0.165E+01 0.662E+01 0.270E+01 0.108E+02 0.652E+01 0.407E+00 0.618E+01 0.386E+00
      2       1     257     257       4       4 0.361E-01 0.144E+00 0.493E-01 0.196E+00 0.724E-01 0.452E-02 0.726E-01 0.454E-02
      2       1      31      31       4       4 0.673E-03 0.258E-02 0.665E-03 0.261E-02 0.190E-03 0.119E-04 0.182E-03 0.114E-04
      2       1    4099    4099       4       4 0.111E+01 0.443E+01 0.162E+01 0.649E+01 0.361E+02 0.226E+01 0.348E+02 0.217E+01
      2       1     509     509       4       4 0.132E+00 0.528E+00 0.210E+00 0.838E+00 0.368E+00 0.230E-01 0.371E+00 0.232E-01
      2       1      67      67       4       4 0.119E-02 0.456E-02 0.136E-02 0.540E-02 0.213E-02 0.133E-03 0.225E-02 0.141E-03
      2      12    1021    1021       4       4 0.414E+00 0.163E+01 0.549E+00 0.212E+01 0.211E+00 0.132E-01 0.215E+00 0.134E-01
      2      12     127     127       4       4 0.691E-02 0.264E-01 0.987E-02 0.389E-01 0.604E-02 0.377E-03 0.606E-02 0.379E-03
      2      12    2053    2053       4       4 0.102E+01 0.405E+01 0.125E+01 0.497E+01 0.995E+00 0.622E-01 0.117E+01 0.729E-01
      2      12     257     257       4       4 0.124E+00 0.483E+00 0.132E+00 0.516E+00 0.150E-01 0.938E-03 0.147E-01 0.917E-03
      2      12      31      31       4       4 0.415E-02 0.155E-01 0.503E-02 0.191E-01 0.996E-03 0.623E-04 0.937E-03 0.585E-04
      2      12    4099    4099       4       4 0.258E+01 0.103E+02 0.344E+01 0.137E+02 0.389E+01 0.243E+00 0.360E+01 0.225E+00
      2      12     509     509       4       4 0.202E+00 0.775E+00 0.252E+00 0.962E+00 0.554E-01 0.346E-02 0.543E-01 0.339E-02
      2      12      67      67       4       4 0.320E-02 0.120E-01 0.384E-02 0.149E-01 0.996E-03 0.622E-04 0.994E-03 0.621E-04
      2      16    1021    1021       4       4 0.404E+00 0.159E+01 0.548E+00 0.214E+01 0.177E+00 0.111E-01 0.202E+00 0.126E-01
      2      16     127     127       4       4 0.554E-02 0.207E-01 0.735E-02 0.287E-01 0.497E-02 0.311E-03 0.504E-02 0.315E-03
      2      16    2053    2053       4       4 0.115E+01 0.460E+01 0.146E+01 0.577E+01 0.737E+00 0.461E-01 0.100E+01 0.626E-01
      2      16     257     257       4       4 0.127E+00 0.492E+00 0.139E+00 0.543E+00 0.164E-01 0.102E-02 0.161E-01 0.101E-02
      2      16      31      31       4       4 0.266E-02 0.972E-02 0.338E-02 0.129E-01 0.838E-03 0.524E-04 0.824E-03 0.515E-04
      2      16    4099    4099       4       4 0.270E+01 0.107E+02 0.371E+01 0.148E+02 0.404E+01 0.253E+00 0.305E+01 0.191E+00
      2      16     509     509       4       4 0.179E+00 0.691E+00 0.206E+00 0.803E+00 0.503E-01 0.315E-02 0.487E-01 0.304E-02
      2      16      67      67       4       4 0.648E-02 0.240E-01 0.943E-02 0.357E-01 0.199E-02 0.125E-03 0.220E-02 0.138E-03
      2       2    1021    1021       4       4 0.523E+00 0.209E+01 0.842E+00 0.336E+01 0.829E+00 0.518E-01 0.805E+00 0.503E-01
      2       2     127     127       4       4 0.924E-02 0.362E-01 0.127E-01 0.505E-01 0.704E-02 0.440E-03 0.702E-02 0.439E-03
      2       2    2053    2053       4       4 0.195E+01 0.780E+01 0.319E+01 0.127E+02 0.391E+01 0.244E+00 0.348E+01 0.217E+00
      2       2     257     257       4       4 0.673E-01 0.267E+00 0.824E-01 0.327E+00 0.424E-01 0.265E-02 0.440E-01 0.275E-02
      2       2      31      31       4       4 0.227E-02 0.888E-02 0.263E-02 0.104E-01 0.560E-03 0.350E-04 0.566E-03 0.354E-04
      2       2    4099    4099       4       4 0.343E+01 0.137E+02 0.545E+01 0.218E+02 0.185E+02 0.116E+01 0.173E+02 0.108E+01
      2       2     509     509       4       4 0.194E+00 0.772E+00 0.280E+00 0.112E+01 0.210E+00 0.132E-01 0.206E+00 0.129E-01
      2       2      67      67       4       4 0.318E-02 0.125E-01 0.387E-02 0.153E-01 0.119E-02 0.745E-04 0.148E-02 0.924E-04
      2      24    1021    1021       4       4 0.530E+00 0.204E+01 0.673E+00 0.258E+01 0.196E+00 0.123E-01 0.233E+00 0.145E-01
      2      24     127     127       4       4 0.764E-02 0.260E-01 0.107E-01 0.388E-01 0.426E-02 0.266E-03 0.412E-02 0.258E-03
      2      24    2053    2053       4       4 0.126E+01 0.500E+01 0.151E+01 0.599E+01 0.492E+00 0.308E-01 0.456E+00 0.285E-01
      2      24     257     257       4       4 0.162E+00 0.623E+00 0.178E+00 0.689E+00 0.129E-01 0.808E-03 0.125E-01 0.780E-03
      2      24      31      31       4       4 0.401E-02 0.148E-01 0.447E-02 0.168E-01 0.124E-02 0.776E-04 0.123E-02 0.769E-04
      2      24    4099    4099       4       4 0.230E+01 0.914E+01 0.381E+01 0.152E+02 0.265E+01 0.166E+00 0.251E+01 0.157E+00
      2      24     509     509       4       4 0.233E+00 0.904E+00 0.275E+00 0.108E+01 0.538E-01 0.337E-02 0.481E-01 0.301E-02
      2      24      67      67       4       4 0.633E-02 0.229E-01 0.790E-02 0.291E-01 0.182E-02 0.114E-03 0.193E-02 0.121E-03
      2       4    1021    1021       4       4 0.392E+00 0.156E+01 0.574E+00 0.229E+01 0.505E+00 0.316E-01 0.476E+00 0.297E-01
      2       4     127     127       4       4 0.642E-02 0.249E-01 0.884E-02 0.350E-01 0.396E-02 0.247E-03 0.411E-02 0.257E-03
      2       4    2053    2053       4       4 0.145E+01 0.579E+01 0.209E+01 0.834E+01 0.217E+01 0.136E+00 0.202E+01 0.126E+00
      2       4     257     257       4       4 0.903E-01 0.357E+00 0.101E+00 0.397E+00 0.263E-01 0.165E-02 0.300E-01 0.187E-02
      2       4      31      31       4       4 0.203E-02 0.782E-02 0.236E-02 0.927E-02 0.445E-03 0.278E-04 0.475E-03 0.297E-04
      2       4    4099    4099       4       4 0.375E+01 0.150E+02 0.605E+01 0.242E+02 0.971E+01 0.607E+00 0.888E+01 0.555E+00
      2       4     509     509       4       4 0.158E+00 0.625E+00 0.221E+00 0.874E+00 0.136E+00 0.848E-02 0.141E+00 0.878E-02
      2       4      67      67       4       4 0.362E-02 0.141E-01 0.479E-02 0.189E-01 0.101E-02 0.632E-04 0.118E-02 0.736E-04
      2       8    1021    1021       4       4 0.323E+00 0.127E+01 0.410E+00 0.162E+01 0.281E+00 0.176E-01 0.269E+00 0.168E-01
      2       8     127     127       4       4 0.589E-02 0.226E-01 0.840E-02 0.332E-01 0.497E-02 0.310E-03 0.498E-02 0.311E-03
      2       8    2053    2053       4       4 0.123E+01 0.491E+01 0.173E+01 0.690E+01 0.127E+01 0.792E-01 0.118E+01 0.736E-01
      2       8     257     257       4       4 0.974E-01 0.381E+00 0.105E+00 0.412E+00 0.214E-01 0.134E-02 0.228E-01 0.142E-02
      2       8      31      31       4       4 0.247E-02 0.938E-02 0.310E-02 0.120E-01 0.541E-03 0.338E-04 0.536E-03 0.335E-04
      2       8    4099    4099       4       4 0.291E+01 0.116E+02 0.425E+01 0.170E+02 0.542E+01 0.338E+00 0.494E+01 0.309E+00
      2       8     509     509       4       4 0.137E+00 0.536E+00 0.181E+00 0.707E+00 0.880E-01 0.550E-02 0.834E-01 0.522E-02
      2       8      67      67       4       4 0.330E-02 0.126E-01 0.502E-02 0.197E-01 0.840E-03 0.525E-04 0.800E-03 0.500E-04
      3       1    1021    1021       4       4 0.119E-02 0.404E-02 0.229E-03 0.285E-03 0.530E+00 0.331E-01 0.543E+00 0.339E-01
      3       1     127     127       4       4 0.726E-03 0.282E-02 0.262E-04 0.341E-04 0.501E-02 0.313E-03 0.531E-02 0.332E-03
      3       1    2053    2053       4       4 0.150E-02 0.399E-02 0.605E-03 0.613E-03 0.324E+01 0.203E+00 0.340E+01 0.212E+00
      3       1     257     257       4       4 0.810E-03 0.308E-02 0.578E-04 0.839E-04 0.326E-01 0.204E-02 0.331E-01 0.207E-02
      3       1      31      31       4       4 0.664E-03 0.264E-02 0.417E-05 0.787E-05 0.285E-03 0.178E-04 0.293E-03 0.183E-04
      3       1    4099    4099       4       4 0.275E-02 0.532E-02 0.177E-02 0.181E-02 0.248E+02 0.155E+01 0.254E+02 0.159E+01
      3       1     509     509       4       4 0.943E-03 0.350E-02 0.933E-04 0.127E-03 0.107E+00 0.667E-02 0.108E+00 0.675E-02
      3       1      67      67       4       4 0.928E-03 0.369E-02 0.679E-05 0.110E-04 0.283E-02 0.177E-03 0.295E-02 0.184E-03
      3      12    1021    1021       4       4 0.139E-02 0.444E-02 0.326E-03 0.386E-03 0.590E-01 0.369E-02 0.575E-01 0.360E-02
      3      12     127     127       4       4 0.309E-02 0.122E-01 0.428E-04 0.761E-04 0.147E-02 0.921E-04 0.135E-02 0.845E-04
      3      12    2053    2053       4       4 0.127E-02 0.282E-02 0.666E-03 0.714E-03 0.333E+00 0.208E-01 0.350E+00 0.219E-01
      3      12     257     257       4       4 0.101E-02 0.371E-02 0.106E-03 0.146E-03 0.593E-02 0.371E-03 0.457E-02 0.286E-03
      3      12      31      31       4       4 0.343E-02 0.137E-01 0.596E-05 0.882E-05 0.325E-03 0.203E-04 0.241E-03 0.151E-04
      3      12    4099    4099       4       4 0.277E-02 0.423E-02 0.212E-02 0.215E-02 0.251E+01 0.157E+00 0.256E+01 0.160E+00
      3      12     509     509       4       4 0.355E-02 0.137E-01 0.147E-03 0.184E-03 0.136E-01 0.849E-03 0.135E-01 0.844E-03
      3      12      67      67       4       4 0.249E-02 0.992E-02 0.942E-05 0.112E-04 0.103E-02 0.641E-04 0.111E-02 0.691E-04
      3      16    1021    1021       4       4 0.159E-02 0.520E-02 0.315E-03 0.354E-03 0.451E-01 0.282E-02 0.461E-01 0.288E-02
      3      16     127     127       4       4 0.383E-02 0.152E-01 0.445E-04 0.820E-04 0.129E-02 0.803E-04 0.103E-02 0.644E-04
      3      16    2053    2053       4       4 0.121E-02 0.254E-02 0.682E-03 0.720E-03 0.258E+00 0.161E-01 0.264E+00 0.165E-01
      3      16     257     257       4       4 0.562E-02 0.221E-01 0.118E-03 0.180E-03 0.741E-02 0.463E-03 0.653E-02 0.408E-03
      3      16      31      31       4       4 0.328E-02 0.131E-01 0.674E-05 0.100E-04 0.419E-03 0.262E-04 0.291E-03 0.182E-04
      3      16    4099    4099       4       4 0.277E-02 0.409E-02 0.215E-02 0.219E-02 0.191E+01 0.119E+00 0.195E+01 0.122E+00
      3      16     509     509       4       4 0.350E-02 0.136E-01 0.119E-03 0.153E-03 0.118E-01 0.736E-03 0.112E-01 0.698E-03
      3      16      67      67       4       4 0.423E-02 0.169E-01 0.103E-04 0.150E-04 0.127E-02 0.794E-04 0.822E-03 0.513E-04
      3       2    1021    1021       4       4 0.156E-02 0.529E-02 0.277E-03 0.290E-03 0.275E+00 0.172E-01 0.283E+00 0.177E-01
      3       2     127     127       4       4 0.290E-02 0.115E-01 0.275E-04 0.360E-04 0.282E-02 0.176E-03 0.291E-02 0.182E-03
      3       2    2053    2053       4       4 0.141E-02 0.365E-02 0.596E-03 0.627E-03 0.167E+01 0.104E+00 0.174E+01 0.109E+00
      3       2     257     257       4       4 0.880E-03 0.324E-02 0.855E-04 0.102E-03 0.170E-01 0.106E-02 0.174E-01 0.109E-02
      3       2      31      31       4       4 0.366E-02 0.146E-01 0.572E-05 0.882E-05 0.250E-03 0.156E-04 0.210E-03 0.131E-04
      3       2    4099    4099       4       4 0.278E-02 0.502E-02 0.187E-02 0.190E-02 0.127E+02 0.796E+00 0.131E+02 0.817E+00
      3       2     509     509       4       4 0.107E-02 0.388E-02 0.126E-03 0.139E-03 0.555E-01 0.347E-02 0.566E-01 0.354E-02
      3       2      67      67       4       4 0.349E-02 0.139E-01 0.775E-05 0.110E-04 0.169E-02 0.106E-03 0.171E-02 0.107E-03
      3      24    1021    1021       4       4 0.160E-02 0.530E-02 0.347E-03 0.414E-03 0.592E-01 0.370E-02 0.592E-01 0.370E-02
      3      24     127     127       4       4 0.449E-02 0.178E-01 0.455E-04 0.520E-04 0.172E-02 0.108E-03 0.146E-02 0.914E-04
      3      24    2053    2053       4       4 0.112E-02 0.213E-02 0.694E-03 0.745E-03 0.350E+00 0.219E-01 0.362E+00 0.226E-01
      3      24     257     257       4       4 0.159E-02 0.601E-02 0.112E-03 0.169E-03 0.641E-02 0.401E-03 0.503E-02 0.315E-03
      3      24      31      31       4       4 0.417E-02 0.167E-01 0.679E-05 0.906E-05 0.518E-03 0.324E-04 0.273E-03 0.171E-04
      3      24    4099    4099       4       4 0.268E-02 0.377E-02 0.214E-02 0.220E-02 0.191E+01 0.119E+00 0.187E+01 0.117E+00
      3      24     509     509       4       4 0.128E-02 0.479E-02 0.139E-03 0.222E-03 0.187E-01 0.117E-02 0.164E-01 0.103E-02
      3      24      67      67       4       4 0.613E-02 0.245E-01 0.117E-04 0.119E-04 0.121E-02 0.757E-04 0.709E-03 0.443E-04
      3       4    1021    1021       4       4 0.181E-02 0.648E-02 0.240E-03 0.290E-03 0.142E+00 0.888E-02 0.147E+00 0.916E-02
      3       4     127     127       4       4 0.509E-02 0.203E-01 0.318E-04 0.370E-04 0.287E-02 0.179E-03 0.301E-02 0.188E-03
      3       4    2053    2053       4       4 0.118E-02 0.335E-02 0.628E-03 0.714E-03 0.877E+00 0.548E-01 0.912E+00 0.570E-01
      3       4     257     257       4       4 0.614E-02 0.243E-01 0.878E-04 0.108E-03 0.106E-01 0.662E-03 0.108E-01 0.675E-03
      3       4      31      31       4       4 0.568E-02 0.227E-01 0.656E-05 0.811E-05 0.296E-03 0.185E-04 0.252E-03 0.157E-04
      3       4    4099    4099       4       4 0.280E-02 0.486E-02 0.198E-02 0.204E-02 0.668E+01 0.417E+00 0.686E+01 0.429E+00
      3       4     509     509       4       4 0.177E-02 0.678E-02 0.105E-03 0.132E-03 0.311E-01 0.194E-02 0.327E-01 0.204E-02
      3       4      67      67       4       4 0.361E-02 0.144E-01 0.906E-05 0.110E-04 0.130E-02 0.815E-04 0.124E-02 0.776E-04
      3       8    1021    1021       4       4 0.185E-02 0.638E-02 0.295E-03 0.321E-03 0.797E-01 0.498E-02 0.827E-01 0.517E-02
      3       8     127     127       4       4 0.591E-02 0.235E-01 0.414E-04 0.730E-04 0.144E-02 0.900E-04 0.140E-02 0.873E-04
      3       8    2053    2053       4       4 0.131E-02 0.309E-02 0.652E-03 0.674E-03 0.465E+00 0.290E-01 0.483E+00 0.302E-01
      3       8     257     257       4       4 0.836E-02 0.331E-01 0.967E-04 0.126E-03 0.567E-02 0.354E-03 0.565E-02 0.353E-03
      3       8      31      31       4       4 0.440E-02 0.176E-01 0.691E-05 0.882E-05 0.383E-03 0.239E-04 0.282E-03 0.176E-04
      3       8    4099    4099       4       4 0.278E-02 0.456E-02 0.202E-02 0.205E-02 0.350E+01 0.219E+00 0.359E+01 0.224E+00
      3       8     509     509       4       4 0.621E-02 0.245E-01 0.126E-03 0.146E-03 0.190E-01 0.119E-02 0.193E-01 0.120E-02
      3       8      67      67       4       4 0.545E-02 0.218E-01 0.117E-04 0.150E-04 0.894E-03 0.559E-04 0.903E-03 0.564E-04
