      2       1       1     128     128     128       4 0.844E+00 0.849E+00 0.868E+00 0.871E+00 0.848E-01 0.212E-01 0.887E-01 0.222E-01
      2       1       1      16      16      16       4 0.465E-02 0.502E-02 0.505E-02 0.506E-02 0.582E-04 0.145E-04 0.610E-04 0.153E-04
      2       1       1     256     256     256       4 0.257E+01 0.259E+01 0.262E+01 0.265E+01 0.107E+01 0.268E+00 0.119E+01 0.297E+00
      2       1       1      32      32      32       4 0.223E-01 0.227E-01 0.225E-01 0.228E-01 0.746E-03 0.187E-03 0.861E-03 0.215E-03
      2       1       1     512     512     512       4 0.113E+02 0.115E+02 0.107E+02 0.110E+02 0.941E+01 0.235E+01 0.107E+02 0.268E+01
      2       1       1      64      64      64       4 0.827E-01 0.841E-01 0.843E-01 0.847E-01 0.753E-02 0.188E-02 0.780E-02 0.195E-02
      2       1       1       8       8       8       4 0.400E-02 0.433E-02 0.400E-02 0.400E-02 0.691E-05 0.173E-05 0.715E-05 0.179E-05
      2       1      12     128     128     128       4 0.107E+01 0.110E+01 0.134E+01 0.135E+01 0.177E-01 0.443E-02 0.182E-01 0.455E-02
      2       1      12      16      16      16       4 0.160E-01 0.166E-01 0.164E-01 0.166E-01 0.278E-03 0.694E-04 0.262E-03 0.656E-04
      2       1      12     256     256     256       4 0.456E+01 0.465E+01 0.442E+01 0.450E+01 0.158E+00 0.396E-01 0.143E+00 0.356E-01
      2       1      12      32      32      32       4 0.628E-01 0.662E-01 0.795E-01 0.851E-01 0.520E-03 0.130E-03 0.494E-03 0.124E-03
      2       1      12     512     512     512       4 0.184E+02 0.186E+02 0.185E+02 0.189E+02 0.195E+01 0.487E+00 0.117E+01 0.292E+00
      2       1      12      64      64      64       4 0.220E+00 0.231E+00 0.237E+00 0.254E+00 0.248E-02 0.621E-03 0.213E-02 0.534E-03
      2       1      12       8       8       8       4 0.156E-01 0.161E-01 0.151E-01 0.155E-01 0.688E-03 0.172E-03 0.244E-03 0.610E-04
      2       1      16     128     128     128       4 0.938E+00 0.964E+00 0.124E+01 0.127E+01 0.151E-01 0.378E-02 0.148E-01 0.370E-02
      2       1      16      16      16      16       4 0.153E-01 0.160E-01 0.121E-01 0.124E-01 0.273E-03 0.682E-04 0.235E-03 0.587E-04
      2       1      16     256     256     256       4 0.351E+01 0.385E+01 0.337E+01 0.349E+01 0.130E+00 0.324E-01 0.111E+00 0.278E-01
      2       1      16      32      32      32       4 0.558E-01 0.563E-01 0.641E-01 0.650E-01 0.610E-03 0.152E-03 0.545E-03 0.136E-03
      2       1      16     512     512     512       4 0.119E+02 0.123E+02 0.120E+02 0.124E+02 0.901E+00 0.225E+00 0.902E+00 0.225E+00
      2       1      16      64      64      64       4 0.216E+00 0.228E+00 0.254E+00 0.282E+00 0.373E-02 0.933E-03 0.261E-02 0.654E-03
      2       1      16       8       8       8       4 0.107E-01 0.129E-01 0.106E-01 0.111E-01 0.298E-03 0.744E-04 0.268E-03 0.670E-04
      2       1       2     128     128     128       4 0.125E+01 0.127E+01 0.132E+01 0.135E+01 0.465E-01 0.116E-01 0.494E-01 0.123E-01
      2       1       2      16      16      16       4 0.106E-01 0.117E-01 0.111E-01 0.123E-01 0.105E-03 0.262E-04 0.102E-03 0.255E-04
      2       1       2     256     256     256       4 0.455E+01 0.461E+01 0.493E+01 0.497E+01 0.594E+00 0.148E+00 0.675E+00 0.169E+00
      2       1       2      32      32      32       4 0.390E-01 0.450E-01 0.397E-01 0.457E-01 0.532E-03 0.133E-03 0.545E-03 0.136E-03
      2       1       2     512     512     512       4 0.197E+02 0.203E+02 0.187E+02 0.193E+02 0.598E+01 0.150E+01 0.586E+01 0.146E+01
      2       1       2      64      64      64       4 0.135E+00 0.136E+00 0.142E+00 0.142E+00 0.409E-02 0.102E-02 0.427E-02 0.107E-02
      2       1       2       8       8       8       4 0.759E-02 0.782E-02 0.727E-02 0.763E-02 0.598E-04 0.150E-04 0.582E-04 0.145E-04
      2       1      24     128     128     128       4 0.108E+01 0.112E+01 0.151E+01 0.156E+01 0.143E-01 0.357E-02 0.130E-01 0.326E-02
      2       1      24      16      16      16       4 0.229E-01 0.236E-01 0.253E-01 0.260E-01 0.470E-03 0.118E-03 0.471E-03 0.118E-03
      2       1      24     256     256     256       4 0.440E+01 0.446E+01 0.450E+01 0.472E+01 0.108E+00 0.269E-01 0.106E+00 0.264E-01
      2       1      24      32      32      32       4 0.735E-01 0.766E-01 0.870E-01 0.920E-01 0.115E-02 0.287E-03 0.105E-02 0.263E-03
      2       1      24     512     512     512       4 0.175E+02 0.179E+02 0.174E+02 0.179E+02 0.112E+01 0.281E+00 0.913E+00 0.228E+00
      2       1      24      64      64      64       4 0.272E+00 0.283E+00 0.436E+00 0.451E+00 0.224E-02 0.560E-03 0.222E-02 0.555E-03
      2       1      24       8       8       8       4 0.208E-01 0.212E-01 0.197E-01 0.198E-01 0.242E-03 0.606E-04 0.244E-03 0.610E-04
      2       1       4     128     128     128       4 0.110E+01 0.112E+01 0.111E+01 0.114E+01 0.259E-01 0.647E-02 0.266E-01 0.666E-02
      2       1       4      16      16      16       4 0.113E-01 0.119E-01 0.113E-01 0.113E-01 0.849E-04 0.212E-04 0.861E-04 0.215E-04
      2       1       4     256     256     256       4 0.385E+01 0.387E+01 0.367E+01 0.380E+01 0.314E+00 0.784E-01 0.358E+00 0.894E-01
      2       1       4      32      32      32       4 0.403E-01 0.406E-01 0.407E-01 0.410E-01 0.461E-03 0.115E-03 0.405E-03 0.101E-03
      2       1       4     512     512     512       4 0.165E+02 0.166E+02 0.173E+02 0.175E+02 0.330E+01 0.824E+00 0.306E+01 0.765E+00
      2       1       4      64      64      64       4 0.166E+00 0.167E+00 0.178E+00 0.185E+00 0.256E-02 0.640E-03 0.272E-02 0.679E-03
      2       1       4       8       8       8       4 0.898E-02 0.956E-02 0.850E-02 0.924E-02 0.110E-03 0.275E-04 0.980E-04 0.245E-04
      2       1       8     128     128     128       4 0.954E+00 0.974E+00 0.115E+01 0.116E+01 0.174E-01 0.436E-02 0.180E-01 0.451E-02
      2       1       8      16      16      16       4 0.111E-01 0.120E-01 0.135E-01 0.140E-01 0.107E-03 0.268E-04 0.107E-03 0.267E-04
      2       1       8     256     256     256       4 0.351E+01 0.369E+01 0.351E+01 0.361E+01 0.174E+00 0.434E-01 0.189E+00 0.473E-01
      2       1       8      32      32      32       4 0.414E-01 0.435E-01 0.529E-01 0.577E-01 0.632E-03 0.158E-03 0.457E-03 0.114E-03
      2       1       8     512     512     512       4 0.150E+02 0.154E+02 0.148E+02 0.150E+02 0.146E+01 0.365E+00 0.164E+01 0.409E+00
      2       1       8      64      64      64       4 0.147E+00 0.161E+00 0.200E+00 0.216E+00 0.274E-02 0.686E-03 0.271E-02 0.676E-03
      2       1       8       8       8       8       4 0.804E-02 0.854E-02 0.802E-02 0.867E-02 0.162E-03 0.405E-04 0.155E-03 0.387E-04
      2      12       1     128     128     128       4 0.982E-01 0.101E+00 0.732E-01 0.736E-01 0.261E-01 0.653E-02 0.225E-01 0.562E-02
      2      12       1      16      16      16       4 0.117E-01 0.138E-01 0.489E-02 0.491E-02 0.210E-03 0.525E-04 0.120E-03 0.300E-04
      2      12       1     256     256     256       4 0.448E+00 0.452E+00 0.243E+00 0.246E+00 0.369E+00 0.923E-01 0.358E+00 0.896E-01
      2      12       1      32      32      32       4 0.262E-01 0.290E-01 0.177E-01 0.178E-01 0.443E-03 0.111E-03 0.335E-03 0.837E-04
      2      12       1      64      64      64       4 0.585E-01 0.613E-01 0.366E-01 0.367E-01 0.375E-02 0.936E-03 0.252E-02 0.630E-03
      2      12       1       8       8       8       4 0.736E-02 0.976E-02 0.363E-02 0.369E-02 0.124E-03 0.309E-04 0.101E-03 0.253E-04
      2      12       2     128     128     128       4 0.142E+00 0.149E+00 0.103E+00 0.130E+00 0.402E-01 0.100E-01 0.362E-01 0.905E-02
      2      12       2      16      16      16       4 0.204E-01 0.216E-01 0.691E-02 0.704E-02 0.566E-03 0.141E-03 0.440E-03 0.110E-03
      2      12       2     256     256     256       4 0.953E+00 0.965E+00 0.465E+00 0.472E+00 0.440E+00 0.110E+00 0.425E+00 0.106E+00
      2      12       2      32      32      32       4 0.353E-01 0.393E-01 0.194E-01 0.199E-01 0.998E-03 0.249E-03 0.845E-03 0.211E-03
      2      12       2      64      64      64       4 0.845E-01 0.900E-01 0.406E-01 0.411E-01 0.535E-02 0.134E-02 0.412E-02 0.103E-02
      2      12       2       8       8       8       4 0.131E-01 0.148E-01 0.842E-02 0.146E-01 0.827E-03 0.207E-03 0.879E-03 0.220E-03
      2      16       1     128     128     128       4 0.222E+00 0.225E+00 0.205E+00 0.205E+00 0.115E-01 0.288E-02 0.116E-01 0.290E-02
      2      16       1      16      16      16       4 0.242E-01 0.260E-01 0.216E-01 0.218E-01 0.118E-03 0.294E-04 0.691E-04 0.173E-04
      2      16       1     256     256     256       4 0.147E+01 0.148E+01 0.142E+01 0.142E+01 0.148E+00 0.370E-01 0.151E+00 0.379E-01
      2      16       1      32      32      32       4 0.704E-01 0.786E-01 0.621E-01 0.655E-01 0.246E-03 0.615E-04 0.207E-03 0.518E-04
      2      16       1      64      64      64       4 0.145E+00 0.148E+00 0.127E+00 0.130E+00 0.153E-02 0.382E-03 0.133E-02 0.332E-03
      2      16       1       8       8       8       4 0.211E-01 0.242E-01 0.164E-01 0.176E-01 0.923E-04 0.231E-04 0.739E-04 0.185E-04
      2       2       1     128     128     128       4 0.945E+00 0.952E+00 0.961E+00 0.986E+00 0.598E-01 0.150E-01 0.609E-01 0.152E-01
      2       2       1      16      16      16       4 0.189E-01 0.210E-01 0.165E-01 0.166E-01 0.978E-04 0.244E-04 0.861E-04 0.215E-04
      2       2       1     256     256     256       4 0.868E+01 0.871E+01 0.836E+01 0.853E+01 0.961E+00 0.240E+00 0.103E+01 0.257E+00
      2       2       1      32      32      32       4 0.546E-01 0.571E-01 0.501E-01 0.515E-01 0.649E-03 0.162E-03 0.615E-03 0.154E-03
      2       2       1     512     512     512       4 0.326E+02 0.328E+02 0.297E+02 0.299E+02 0.829E+01 0.207E+01 0.887E+01 0.222E+01
      2       2       1      64      64      64       4 0.165E+00 0.171E+00 0.159E+00 0.160E+00 0.603E-02 0.151E-02 0.607E-02 0.152E-02
      2       2       1       8       8       8       4 0.175E-01 0.194E-01 0.147E-01 0.148E-01 0.401E-04 0.100E-04 0.200E-04 0.501E-05
      2       2      12     128     128     128       4 0.180E+01 0.184E+01 0.189E+01 0.197E+01 0.587E-01 0.147E-01 0.534E-01 0.134E-01
      2       2      12      16      16      16       4 0.744E-01 0.777E-01 0.666E-01 0.668E-01 0.421E-03 0.105E-03 0.292E-03 0.731E-04
      2       2      12     256     256     256       4 0.116E+02 0.118E+02 0.116E+02 0.118E+02 0.516E+00 0.129E+00 0.506E+00 0.127E+00
      2       2      12      32      32      32       4 0.169E+00 0.175E+00 0.167E+00 0.172E+00 0.934E-03 0.233E-03 0.776E-03 0.194E-03
      2       2      12     512     512     512       4 0.451E+02 0.476E+02 0.380E+02 0.396E+02 0.477E+01 0.119E+01 0.420E+01 0.105E+01
      2       2      12      64      64      64       4 0.464E+00 0.475E+00 0.432E+00 0.442E+00 0.751E-02 0.188E-02 0.727E-02 0.182E-02
      2       2      12       8       8       8       4 0.617E-01 0.638E-01 0.525E-01 0.569E-01 0.342E-03 0.855E-04 0.196E-03 0.489E-04
      2       2       2     128     128     128       4 0.147E+01 0.157E+01 0.152E+01 0.161E+01 0.580E-01 0.145E-01 0.537E-01 0.134E-01
      2       2       2      16      16      16       4 0.363E-01 0.415E-01 0.323E-01 0.341E-01 0.235E-03 0.587E-04 0.171E-03 0.428E-04
      2       2       2     256     256     256       4 0.930E+01 0.996E+01 0.897E+01 0.943E+01 0.716E+00 0.179E+00 0.734E+00 0.184E+00
      2       2       2      32      32      32       4 0.925E-01 0.959E-01 0.876E-01 0.919E-01 0.686E-03 0.171E-03 0.655E-03 0.164E-03
      2       2       2     512     512     512       4 0.388E+02 0.392E+02 0.365E+02 0.376E+02 0.628E+01 0.157E+01 0.620E+01 0.155E+01
      2       2       2      64      64      64       4 0.282E+00 0.292E+00 0.279E+00 0.285E+00 0.458E-02 0.115E-02 0.460E-02 0.115E-02
      2       2       2       8       8       8       4 0.270E-01 0.286E-01 0.229E-01 0.246E-01 0.142E-03 0.355E-04 0.989E-04 0.247E-04
      2       2       4     128     128     128       4 0.149E+01 0.152E+01 0.147E+01 0.148E+01 0.534E-01 0.134E-01 0.538E-01 0.134E-01
      2       2       4      16      16      16       4 0.434E-01 0.543E-01 0.358E-01 0.362E-01 0.269E-03 0.672E-04 0.216E-03 0.541E-04
      2       2       4     256     256     256       4 0.964E+01 0.970E+01 0.910E+01 0.912E+01 0.606E+00 0.152E+00 0.620E+00 0.155E+00
      2       2       4      32      32      32       4 0.105E+00 0.107E+00 0.989E-01 0.997E-01 0.794E-03 0.198E-03 0.706E-03 0.177E-03
      2       2       4     512     512     512       4 0.358E+02 0.374E+02 0.335E+02 0.339E+02 0.503E+01 0.126E+01 0.508E+01 0.127E+01
      2       2       4      64      64      64       4 0.312E+00 0.319E+00 0.298E+00 0.310E+00 0.605E-02 0.151E-02 0.583E-02 0.146E-02
      2       2       4       8       8       8       4 0.292E-01 0.309E-01 0.257E-01 0.260E-01 0.206E-03 0.515E-04 0.133E-03 0.332E-04
      2       2       8     128     128     128       4 0.127E+01 0.129E+01 0.134E+01 0.139E+01 0.523E-01 0.131E-01 0.502E-01 0.126E-01
      2       2       8      16      16      16       4 0.453E-01 0.487E-01 0.414E-01 0.425E-01 0.413E-03 0.103E-03 0.296E-03 0.740E-04
      2       2       8     256     256     256       4 0.865E+01 0.879E+01 0.870E+01 0.879E+01 0.523E+00 0.131E+00 0.529E+00 0.132E+00
      2       2       8      32      32      32       4 0.884E-01 0.908E-01 0.897E-01 0.941E-01 0.742E-03 0.185E-03 0.587E-03 0.147E-03
      2       2       8     512     512     512       4 0.336E+02 0.348E+02 0.337E+02 0.350E+02 0.426E+01 0.107E+01 0.431E+01 0.108E+01
      2       2       8      64      64      64       4 0.255E+00 0.267E+00 0.275E+00 0.293E+00 0.584E-02 0.146E-02 0.573E-02 0.143E-02
      2       2       8       8       8       8       4 0.328E-01 0.340E-01 0.308E-01 0.349E-01 0.311E-03 0.777E-04 0.216E-03 0.541E-04
      2      24       1     128     128     128       4 0.134E+00 0.137E+00 0.782E-01 0.783E-01 0.179E-01 0.448E-02 0.142E-01 0.356E-02
      2      24       1      16      16      16       4 0.728E-02 0.100E-01 0.574E-02 0.584E-02 0.358E-02 0.896E-03 0.203E-03 0.508E-04
      2      24       1     256     256     256       4 0.419E+00 0.427E+00 0.172E+00 0.173E+00 0.284E+00 0.709E-01 0.279E+00 0.698E-01
      2      24       1      32      32      32       4 0.239E-01 0.272E-01 0.190E-01 0.191E-01 0.601E-03 0.150E-03 0.423E-03 0.106E-03
      2      24       1      64      64      64       4 0.459E-01 0.518E-01 0.370E-01 0.400E-01 0.411E-02 0.103E-02 0.196E-02 0.490E-03
      2      24       1       8       8       8       4 0.593E-02 0.911E-02 0.407E-02 0.418E-02 0.279E-03 0.697E-04 0.168E-03 0.419E-04
      2       4       1     128     128     128       4 0.551E+00 0.562E+00 0.553E+00 0.557E+00 0.334E-01 0.834E-02 0.335E-01 0.837E-02
      2       4       1      16      16      16       4 0.214E-01 0.241E-01 0.186E-01 0.200E-01 0.858E-04 0.215E-04 0.439E-04 0.110E-04
      2       4       1     256     256     256       4 0.363E+01 0.366E+01 0.359E+01 0.361E+01 0.420E+00 0.105E+00 0.419E+00 0.105E+00
      2       4       1      32      32      32       4 0.648E-01 0.771E-01 0.565E-01 0.602E-01 0.412E-03 0.103E-03 0.363E-03 0.908E-04
      2       4       1     512     512     512       4 0.227E+02 0.228E+02 0.221E+02 0.222E+02 0.440E+01 0.110E+01 0.471E+01 0.118E+01
      2       4       1      64      64      64       4 0.148E+00 0.152E+00 0.139E+00 0.140E+00 0.335E-02 0.838E-03 0.337E-02 0.842E-03
      2       4       1       8       8       8       4 0.202E-01 0.226E-01 0.172E-01 0.180E-01 0.312E-04 0.781E-05 0.219E-04 0.548E-05
      2       4       2     128     128     128       4 0.873E+00 0.900E+00 0.898E+00 0.926E+00 0.321E-01 0.801E-02 0.320E-01 0.799E-02
      2       4       2      16      16      16       4 0.397E-01 0.445E-01 0.366E-01 0.380E-01 0.264E-03 0.660E-04 0.226E-03 0.565E-04
      2       4       2     256     256     256       4 0.560E+01 0.575E+01 0.575E+01 0.584E+01 0.420E+00 0.105E+00 0.437E+00 0.109E+00
      2       4       2      32      32      32       4 0.104E+00 0.122E+00 0.937E-01 0.994E-01 0.559E-03 0.140E-03 0.534E-03 0.134E-03
      2       4       2     512     512     512       4 0.281E+02 0.285E+02 0.282E+02 0.287E+02 0.403E+01 0.101E+01 0.385E+01 0.962E+00
      2       4       2      64      64      64       4 0.248E+00 0.258E+00 0.231E+00 0.244E+00 0.331E-02 0.827E-03 0.317E-02 0.793E-03
      2       4       2       8       8       8       4 0.329E-01 0.356E-01 0.271E-01 0.284E-01 0.146E-03 0.365E-04 0.139E-03 0.347E-04
      2       4       4     128     128     128       4 0.945E+00 0.978E+00 0.960E+00 0.994E+00 0.406E-01 0.101E-01 0.403E-01 0.101E-01
      2       4       4      16      16      16       4 0.449E-01 0.491E-01 0.404E-01 0.411E-01 0.366E-03 0.916E-04 0.292E-03 0.730E-04
      2       4       4     256     256     256       4 0.546E+01 0.560E+01 0.546E+01 0.557E+01 0.348E+00 0.871E-01 0.354E+00 0.886E-01
      2       4       4      32      32      32       4 0.115E+00 0.116E+00 0.105E+00 0.110E+00 0.742E-03 0.185E-03 0.557E-03 0.139E-03
      2       4       4     512     512     512       4 0.271E+02 0.277E+02 0.254E+02 0.259E+02 0.326E+01 0.815E+00 0.300E+01 0.750E+00
      2       4       4      64      64      64       4 0.250E+00 0.258E+00 0.237E+00 0.249E+00 0.346E-02 0.865E-03 0.308E-02 0.769E-03
      2       4       4       8       8       8       4 0.392E-01 0.450E-01 0.326E-01 0.348E-01 0.233E-03 0.582E-04 0.223E-03 0.558E-04
      2       8       1     128     128     128       4 0.402E+00 0.413E+00 0.389E+00 0.399E+00 0.211E-01 0.528E-02 0.193E-01 0.482E-02
      2       8       1      16      16      16       4 0.299E-01 0.327E-01 0.245E-01 0.247E-01 0.920E-04 0.230E-04 0.780E-04 0.195E-04
      2       8       1     256     256     256       4 0.222E+01 0.224E+01 0.219E+01 0.220E+01 0.232E+00 0.580E-01 0.236E+00 0.589E-01
      2       8       1      32      32      32       4 0.578E-01 0.598E-01 0.527E-01 0.563E-01 0.254E-03 0.635E-04 0.243E-03 0.607E-04
      2       8       1     512     512     512       4 0.158E+02 0.160E+02 0.154E+02 0.157E+02 0.225E+01 0.563E+00 0.223E+01 0.558E+00
      2       8       1      64      64      64       4 0.901E-01 0.932E-01 0.862E-01 0.877E-01 0.229E-02 0.572E-03 0.213E-02 0.531E-03
      2       8       1       8       8       8       4 0.144E-01 0.156E-01 0.110E-01 0.111E-01 0.498E-04 0.125E-04 0.370E-04 0.924E-05
      2       8       2     128     128     128       4 0.635E+00 0.646E+00 0.621E+00 0.632E+00 0.206E-01 0.514E-02 0.204E-01 0.509E-02
      2       8       2      16      16      16       4 0.518E-01 0.529E-01 0.452E-01 0.465E-01 0.269E-03 0.672E-04 0.220E-03 0.550E-04
      2       8       2     256     256     256       4 0.302E+01 0.327E+01 0.305E+01 0.333E+01 0.233E+00 0.583E-01 0.239E+00 0.596E-01
      2       8       2      32      32      32       4 0.961E-01 0.993E-01 0.859E-01 0.885E-01 0.445E-03 0.111E-03 0.404E-03 0.101E-03
      2       8       2     512     512     512       4 0.219E+02 0.242E+02 0.190E+02 0.200E+02 0.352E+01 0.881E+00 0.223E+01 0.558E+00
      2       8       2      64      64      64       4 0.165E+00 0.193E+00 0.161E+00 0.186E+00 0.304E-02 0.759E-03 0.253E-02 0.633E-03
      2       8       2       8       8       8       4 0.216E-01 0.227E-01 0.989E-02 0.104E-01 0.212E-03 0.530E-04 0.192E-03 0.480E-04
      3       1       1     128     128     128       4 0.684E-02 0.102E-01 0.000E+00 0.000E+00 0.149E+00 0.373E-01 0.146E+00 0.364E-01
      3       1       1      16      16      16       4 0.749E-03 0.295E-02 0.000E+00 0.000E+00 0.195E-03 0.488E-04 0.114E-03 0.285E-04
      3       1       1     256     256     256       4 0.607E-01 0.619E-01 0.000E+00 0.000E+00 0.208E+01 0.520E+00 0.208E+01 0.520E+00
      3       1       1      32      32      32       4 0.915E-03 0.350E-02 0.000E+00 0.000E+00 0.165E-02 0.413E-03 0.149E-02 0.373E-03
      3       1       1     512     512     512       4 0.475E+00 0.477E+00 0.000E+00 0.000E+00 0.105E+02 0.262E+01 0.104E+02 0.261E+01
      3       1       1      64      64      64       4 0.119E-02 0.330E-02 0.000E+00 0.000E+00 0.124E-01 0.310E-02 0.120E-01 0.299E-02
      3       1       1       8       8       8       4 0.823E-03 0.325E-02 0.000E+00 0.000E+00 0.101E-03 0.253E-04 0.319E-04 0.799E-05
      3       1      12     128     128     128       4 0.105E-01 0.231E-01 0.000E+00 0.000E+00 0.108E+00 0.271E-01 0.105E+00 0.262E-01
      3       1      12      16      16      16       4 0.433E-02 0.172E-01 0.238E-06 0.954E-06 0.317E-03 0.792E-04 0.155E-03 0.388E-04
      3       1      12     256     256     256       4 0.685E-01 0.719E-01 0.238E-06 0.954E-06 0.124E+01 0.310E+00 0.124E+01 0.309E+00
      3       1      12      32      32      32       4 0.410E-02 0.162E-01 0.000E+00 0.000E+00 0.161E-02 0.403E-03 0.137E-02 0.342E-03
      3       1      12     512     512     512       4 0.513E+00 0.515E+00 0.000E+00 0.000E+00 0.534E+01 0.133E+01 0.527E+01 0.132E+01
      3       1      12      64      64      64       4 0.257E-02 0.852E-02 0.000E+00 0.000E+00 0.109E-01 0.272E-02 0.951E-02 0.238E-02
      3       1      12       8       8       8       4 0.454E-02 0.181E-01 0.000E+00 0.000E+00 0.221E-03 0.552E-04 0.799E-04 0.200E-04
      3       1      16     128     128     128       4 0.755E-02 0.115E-01 0.000E+00 0.000E+00 0.107E+00 0.267E-01 0.103E+00 0.257E-01
      3       1      16      16      16      16       4 0.411E-02 0.164E-01 0.000E+00 0.000E+00 0.330E-03 0.826E-04 0.195E-03 0.488E-04
      3       1      16     256     256     256       4 0.691E-01 0.722E-01 0.000E+00 0.000E+00 0.122E+01 0.306E+00 0.121E+01 0.303E+00
      3       1      16      32      32      32       4 0.427E-02 0.168E-01 0.298E-06 0.119E-05 0.185E-02 0.463E-03 0.153E-02 0.383E-03
      3       1      16     512     512     512       4 0.511E+00 0.523E+00 0.000E+00 0.000E+00 0.504E+01 0.126E+01 0.497E+01 0.124E+01
      3       1      16      64      64      64       4 0.398E-02 0.142E-01 0.000E+00 0.000E+00 0.113E-01 0.283E-02 0.945E-02 0.236E-02
      3       1      16       8       8       8       4 0.443E-02 0.177E-01 0.238E-06 0.954E-06 0.232E-03 0.579E-04 0.141E-03 0.353E-04
      3       1       2     128     128     128       4 0.673E-02 0.106E-01 0.000E+00 0.000E+00 0.134E+00 0.335E-01 0.135E+00 0.337E-01
      3       1       2      16      16      16       4 0.723E-03 0.284E-02 0.000E+00 0.000E+00 0.252E-03 0.631E-04 0.126E-03 0.315E-04
      3       1       2     256     256     256       4 0.603E-01 0.640E-01 0.000E+00 0.000E+00 0.165E+01 0.413E+00 0.165E+01 0.413E+00
      3       1       2      32      32      32       4 0.316E-02 0.125E-01 0.000E+00 0.000E+00 0.157E-02 0.393E-03 0.133E-02 0.332E-03
      3       1       2     512     512     512       4 0.483E+00 0.490E+00 0.000E+00 0.000E+00 0.704E+01 0.176E+01 0.704E+01 0.176E+01
      3       1       2      64      64      64       4 0.212E-02 0.697E-02 0.536E-06 0.119E-05 0.112E-01 0.281E-02 0.101E-01 0.254E-02
      3       1       2       8       8       8       4 0.710E-03 0.281E-02 0.000E+00 0.000E+00 0.139E-03 0.349E-04 0.477E-04 0.119E-04
      3       1      24     128     128     128       4 0.119E-01 0.261E-01 0.000E+00 0.000E+00 0.129E+00 0.323E-01 0.125E+00 0.312E-01
      3       1      24      16      16      16       4 0.418E-02 0.167E-01 0.238E-06 0.954E-06 0.116E-02 0.290E-03 0.282E-03 0.705E-04
      3       1      24     256     256     256       4 0.700E-01 0.784E-01 0.000E+00 0.000E+00 0.123E+01 0.308E+00 0.122E+01 0.305E+00
      3       1      24      32      32      32       4 0.116E-02 0.440E-02 0.298E-06 0.119E-05 0.197E-02 0.492E-03 0.164E-02 0.410E-03
      3       1      24     512     512     512       4 0.506E+00 0.509E+00 0.000E+00 0.000E+00 0.523E+01 0.131E+01 0.514E+01 0.129E+01
      3       1      24      64      64      64       4 0.297E-02 0.970E-02 0.000E+00 0.000E+00 0.142E-01 0.354E-02 0.121E-01 0.301E-02
      3       1      24       8       8       8       4 0.336E-02 0.134E-01 0.000E+00 0.000E+00 0.249E-03 0.623E-04 0.176E-03 0.439E-04
      3       1       4     128     128     128       4 0.868E-02 0.170E-01 0.000E+00 0.000E+00 0.116E+00 0.291E-01 0.113E+00 0.282E-01
      3       1       4      16      16      16       4 0.523E-02 0.209E-01 0.000E+00 0.000E+00 0.265E-03 0.663E-04 0.133E-03 0.332E-04
      3       1       4     256     256     256       4 0.630E-01 0.653E-01 0.000E+00 0.000E+00 0.137E+01 0.344E+00 0.137E+01 0.343E+00
      3       1       4      32      32      32       4 0.512E-02 0.203E-01 0.000E+00 0.000E+00 0.153E-02 0.382E-03 0.127E-02 0.318E-03
      3       1       4     512     512     512       4 0.475E+00 0.482E+00 0.000E+00 0.000E+00 0.618E+01 0.155E+01 0.615E+01 0.154E+01
      3       1       4      64      64      64       4 0.710E-02 0.268E-01 0.000E+00 0.000E+00 0.107E-01 0.268E-02 0.982E-02 0.245E-02
      3       1       4       8       8       8       4 0.623E-02 0.249E-01 0.000E+00 0.000E+00 0.149E-03 0.371E-04 0.601E-04 0.150E-04
      3       1       8     128     128     128       4 0.106E-01 0.246E-01 0.000E+00 0.000E+00 0.108E+00 0.271E-01 0.104E+00 0.260E-01
      3       1       8      16      16      16       4 0.540E-02 0.215E-01 0.000E+00 0.000E+00 0.295E-03 0.738E-04 0.137E-03 0.342E-04
      3       1       8     256     256     256       4 0.653E-01 0.684E-01 0.000E+00 0.000E+00 0.124E+01 0.310E+00 0.124E+01 0.311E+00
      3       1       8      32      32      32       4 0.425E-02 0.168E-01 0.238E-06 0.954E-06 0.150E-02 0.375E-03 0.128E-02 0.321E-03
      3       1       8     512     512     512       4 0.495E+00 0.510E+00 0.000E+00 0.000E+00 0.525E+01 0.131E+01 0.519E+01 0.130E+01
      3       1       8      64      64      64       4 0.371E-02 0.130E-01 0.000E+00 0.000E+00 0.106E-01 0.264E-02 0.948E-02 0.237E-02
      3       1       8       8       8       8       4 0.432E-02 0.173E-01 0.000E+00 0.000E+00 0.176E-03 0.439E-04 0.830E-04 0.207E-04
      3      12       1     128     128     128       4 0.265E-01 0.104E+00 0.167E-05 0.191E-05 0.366E-01 0.914E-02 0.263E-01 0.659E-02
      3      12       1      16      16      16       4 0.135E-01 0.539E-01 0.954E-06 0.191E-05 0.110E-02 0.276E-03 0.168E-03 0.420E-04
      3      12       1     256     256     256       4 0.190E-01 0.605E-01 0.173E-05 0.310E-05 0.263E+00 0.657E-01 0.250E+00 0.625E-01
      3      12       1      32      32      32       4 0.172E-01 0.686E-01 0.125E-05 0.191E-05 0.152E-02 0.380E-03 0.293E-03 0.733E-04
      3      12       1      64      64      64       4 0.196E-01 0.779E-01 0.185E-05 0.310E-05 0.773E-02 0.193E-02 0.326E-02 0.816E-03
      3      12       1       8       8       8       4 0.786E-02 0.157E-01 0.131E-02 0.522E-02 0.478E-03 0.120E-03 0.306E-03 0.766E-04
      3      12       2     128     128     128       4 0.325E-01 0.128E+00 0.179E-05 0.215E-05 0.483E-01 0.121E-01 0.250E-01 0.625E-02
      3      12       2      16      16      16       4 0.236E-01 0.942E-01 0.143E-05 0.215E-05 0.108E-02 0.270E-03 0.188E-03 0.470E-04
      3      12       2     256     256     256       4 0.199E-01 0.608E-01 0.143E-05 0.286E-05 0.430E+00 0.107E+00 0.275E+00 0.688E-01
      3      12       2      32      32      32       4 0.191E-01 0.763E-01 0.149E-05 0.191E-05 0.147E-02 0.368E-03 0.369E-03 0.923E-04
      3      12       2      64      64      64       4 0.365E-01 0.145E+00 0.173E-05 0.286E-05 0.797E-02 0.199E-02 0.377E-02 0.943E-03
      3      12       2       8       8       8       4 0.302E-02 0.997E-02 0.131E-05 0.215E-05 0.476E-03 0.119E-03 0.117E-02 0.294E-03
      3      16       1     128     128     128       4 0.359E-01 0.142E+00 0.203E-05 0.310E-05 0.232E-01 0.580E-02 0.220E-01 0.550E-02
      3      16       1      16      16      16       4 0.432E-01 0.173E+00 0.244E-05 0.381E-05 0.109E-02 0.274E-03 0.229E-03 0.572E-04
      3      16       1     256     256     256       4 0.519E-01 0.194E+00 0.221E-05 0.405E-05 0.317E+00 0.793E-01 0.211E+00 0.527E-01
      3      16       1      32      32      32       4 0.465E-01 0.186E+00 0.197E-05 0.286E-05 0.122E-02 0.306E-03 0.327E-03 0.818E-04
      3      16       1      64      64      64       4 0.242E-01 0.963E-01 0.197E-05 0.310E-05 0.809E-02 0.202E-02 0.321E-02 0.803E-03
      3      16       1       8       8       8       4 0.509E-02 0.175E-01 0.173E-05 0.310E-05 0.664E-03 0.166E-03 0.403E-03 0.101E-03
      3       2       1     128     128     128       4 0.761E-02 0.208E-01 0.775E-06 0.119E-05 0.932E-01 0.233E-01 0.922E-01 0.230E-01
      3       2       1      16      16      16       4 0.566E-02 0.226E-01 0.298E-06 0.119E-05 0.361E-03 0.902E-04 0.200E-03 0.499E-04
      3       2       1     256     256     256       4 0.294E-01 0.484E-01 0.238E-06 0.954E-06 0.845E+00 0.211E+00 0.848E+00 0.212E+00
      3       2       1      32      32      32       4 0.753E-02 0.300E-01 0.125E-05 0.191E-05 0.128E-02 0.320E-03 0.118E-02 0.294E-03
      3       2       1     512     512     512       4 0.263E+00 0.343E+00 0.954E-06 0.191E-05 0.609E+01 0.152E+01 0.609E+01 0.152E+01
      3       2       1      64      64      64       4 0.579E-02 0.226E-01 0.119E-05 0.191E-05 0.102E-01 0.256E-02 0.984E-02 0.246E-02
      3       2       1       8       8       8       4 0.463E-02 0.185E-01 0.954E-06 0.954E-06 0.156E-03 0.390E-04 0.732E-04 0.183E-04
      3       2      12     128     128     128       4 0.934E-02 0.276E-01 0.107E-05 0.215E-05 0.754E-01 0.188E-01 0.754E-01 0.189E-01
      3       2      12      16      16      16       4 0.707E-02 0.282E-01 0.238E-06 0.954E-06 0.757E-03 0.189E-03 0.218E-03 0.545E-04
      3       2      12     256     256     256       4 0.330E-01 0.537E-01 0.715E-06 0.954E-06 0.683E+00 0.171E+00 0.677E+00 0.169E+00
      3       2      12      32      32      32       4 0.615E-02 0.244E-01 0.000E+00 0.000E+00 0.156E-02 0.390E-03 0.129E-02 0.323E-03
      3       2      12     512     512     512       4 0.285E+00 0.314E+00 0.775E-06 0.119E-05 0.407E+01 0.102E+01 0.403E+01 0.101E+01
      3       2      12      64      64      64       4 0.852E-02 0.331E-01 0.238E-06 0.954E-06 0.105E-01 0.264E-02 0.946E-02 0.236E-02
      3       2      12       8       8       8       4 0.102E-01 0.406E-01 0.107E-05 0.215E-05 0.240E-03 0.601E-04 0.131E-03 0.328E-04
      3       2       2     128     128     128       4 0.875E-02 0.259E-01 0.477E-06 0.954E-06 0.780E-01 0.195E-01 0.780E-01 0.195E-01
      3       2       2      16      16      16       4 0.714E-02 0.285E-01 0.800E-02 0.320E-01 0.106E-01 0.265E-02 0.202E-03 0.505E-04
      3       2       2     256     256     256       4 0.286E-01 0.461E-01 0.954E-06 0.191E-05 0.787E+00 0.197E+00 0.743E+00 0.186E+00
      3       2       2      32      32      32       4 0.703E-02 0.280E-01 0.429E-05 0.141E-04 0.131E-02 0.327E-03 0.119E-02 0.296E-03
      3       2       2     512     512     512       4 0.265E+00 0.336E+00 0.101E-05 0.191E-05 0.553E+01 0.138E+01 0.518E+01 0.129E+01
      3       2       2      64      64      64       4 0.439E-02 0.169E-01 0.715E-06 0.954E-06 0.102E-01 0.255E-02 0.951E-02 0.238E-02
      3       2       2       8       8       8       4 0.386E-02 0.154E-01 0.107E-05 0.215E-05 0.183E-03 0.457E-04 0.861E-04 0.215E-04
      3       2       4     128     128     128       4 0.722E-02 0.193E-01 0.101E-05 0.191E-05 0.800E-01 0.200E-01 0.721E-01 0.180E-01
      3       2       4      16      16      16       4 0.938E-02 0.374E-01 0.477E-06 0.954E-06 0.415E-03 0.104E-03 0.208E-03 0.520E-04
      3       2       4     256     256     256       4 0.312E-01 0.536E-01 0.775E-06 0.119E-05 0.748E+00 0.187E+00 0.689E+00 0.172E+00
      3       2       4      32      32      32       4 0.835E-02 0.333E-01 0.775E-06 0.119E-05 0.146E-02 0.365E-03 0.124E-02 0.310E-03
      3       2       4     512     512     512       4 0.253E+00 0.267E+00 0.107E-05 0.215E-05 0.398E+01 0.995E+00 0.395E+01 0.988E+00
      3       2       4      64      64      64       4 0.862E-02 0.338E-01 0.119E-05 0.191E-05 0.954E-02 0.239E-02 0.894E-02 0.223E-02
      3       2       4       8       8       8       4 0.123E-01 0.494E-01 0.477E-06 0.954E-06 0.168E-03 0.420E-04 0.107E-03 0.268E-04
      3       2       8     128     128     128       4 0.104E-01 0.316E-01 0.775E-06 0.119E-05 0.722E-01 0.181E-01 0.705E-01 0.176E-01
      3       2       8      16      16      16       4 0.495E-02 0.197E-01 0.477E-06 0.954E-06 0.415E-03 0.104E-03 0.197E-03 0.493E-04
      3       2       8     256     256     256       4 0.305E-01 0.469E-01 0.954E-06 0.191E-05 0.677E+00 0.169E+00 0.647E+00 0.162E+00
      3       2       8      32      32      32       4 0.638E-02 0.254E-01 0.238E-06 0.954E-06 0.130E-02 0.325E-03 0.109E-02 0.273E-03
      3       2       8     512     512     512       4 0.277E+00 0.288E+00 0.477E-06 0.954E-06 0.393E+01 0.981E+00 0.382E+01 0.956E+00
      3       2       8      64      64      64       4 0.504E-02 0.193E-01 0.477E-06 0.954E-06 0.107E-01 0.267E-02 0.101E-01 0.251E-02
      3       2       8       8       8       8       4 0.616E-02 0.246E-01 0.238E-06 0.954E-06 0.183E-03 0.457E-04 0.992E-04 0.248E-04
      3      24       1     128     128     128       4 0.442E-01 0.175E+00 0.268E-02 0.107E-01 0.246E-01 0.614E-02 0.239E-01 0.599E-02
      3      24       1      16      16      16       4 0.461E-02 0.144E-01 0.173E-05 0.310E-05 0.950E-03 0.237E-03 0.404E-03 0.101E-03
      3      24       1     256     256     256       4 0.394E-01 0.147E+00 0.226E-05 0.405E-05 0.381E+00 0.953E-01 0.194E+00 0.486E-01
      3      24       1      32      32      32       4 0.302E-01 0.121E+00 0.298E-05 0.596E-05 0.251E-02 0.628E-03 0.442E-03 0.111E-03
      3      24       1      64      64      64       4 0.330E-01 0.132E+00 0.203E-05 0.286E-05 0.172E-01 0.431E-02 0.112E-02 0.281E-03
      3      24       1       8       8       8       4 0.481E-02 0.154E-01 0.226E-05 0.405E-05 0.977E-03 0.244E-03 0.704E-03 0.176E-03
      3       4       1     128     128     128       4 0.120E-01 0.432E-01 0.800E-02 0.320E-01 0.579E-01 0.145E-01 0.491E-01 0.123E-01
      3       4       1      16      16      16       4 0.935E-02 0.373E-01 0.253E-02 0.101E-01 0.235E-03 0.587E-04 0.146E-03 0.365E-04
      3       4       1     256     256     256       4 0.238E-01 0.597E-01 0.125E-05 0.191E-05 0.525E+00 0.131E+00 0.501E+00 0.125E+00
      3       4       1      32      32      32       4 0.971E-02 0.387E-01 0.101E-05 0.119E-05 0.112E-02 0.279E-03 0.755E-03 0.189E-03
      3       4       1     512     512     512       4 0.139E+00 0.177E+00 0.125E-05 0.215E-05 0.403E+01 0.101E+01 0.404E+01 0.101E+01
      3       4       1      64      64      64       4 0.105E-01 0.416E-01 0.125E-05 0.215E-05 0.926E-02 0.232E-02 0.831E-02 0.208E-02
      3       4       1       8       8       8       4 0.127E-01 0.509E-01 0.125E-05 0.191E-05 0.218E-03 0.545E-04 0.741E-04 0.185E-04
      3       4       2     128     128     128       4 0.256E-01 0.974E-01 0.800E-02 0.320E-01 0.643E-01 0.161E-01 0.453E-01 0.113E-01
      3       4       2      16      16      16       4 0.110E-01 0.439E-01 0.298E-06 0.119E-05 0.253E-03 0.632E-04 0.107E-03 0.267E-04
      3       4       2     256     256     256       4 0.243E-01 0.591E-01 0.954E-06 0.191E-05 0.481E+00 0.120E+00 0.485E+00 0.121E+00
      3       4       2      32      32      32       4 0.123E-01 0.490E-01 0.125E-05 0.191E-05 0.983E-03 0.246E-03 0.558E-03 0.140E-03
      3       4       2     512     512     512       4 0.143E+00 0.177E+00 0.149E-05 0.215E-05 0.370E+01 0.926E+00 0.344E+01 0.860E+00
      3       4       2      64      64      64       4 0.987E-02 0.390E-01 0.177E-02 0.707E-02 0.672E-02 0.168E-02 0.673E-02 0.168E-02
      3       4       2       8       8       8       4 0.149E-01 0.596E-01 0.125E-05 0.215E-05 0.190E-03 0.475E-04 0.832E-04 0.208E-04
      3       4       4     128     128     128       4 0.136E-01 0.493E-01 0.167E-05 0.286E-05 0.472E-01 0.118E-01 0.458E-01 0.114E-01
      3       4       4      16      16      16       4 0.103E-01 0.412E-01 0.477E-06 0.954E-06 0.280E-03 0.700E-04 0.146E-03 0.365E-04
      3       4       4     256     256     256       4 0.192E-01 0.348E-01 0.775E-06 0.119E-05 0.467E+00 0.117E+00 0.472E+00 0.118E+00
      3       4       4      32      32      32       4 0.150E-01 0.599E-01 0.125E-05 0.191E-05 0.137E-02 0.343E-03 0.661E-03 0.165E-03
      3       4       4     512     512     512       4 0.142E+00 0.155E+00 0.954E-06 0.191E-05 0.312E+01 0.780E+00 0.301E+01 0.753E+00
      3       4       4      64      64      64       4 0.948E-02 0.372E-01 0.251E-02 0.101E-01 0.838E-02 0.210E-02 0.724E-02 0.181E-02
      3       4       4       8       8       8       4 0.135E-01 0.537E-01 0.197E-05 0.286E-05 0.234E-03 0.585E-04 0.162E-03 0.405E-04
      3       8       1     128     128     128       4 0.870E-02 0.319E-01 0.143E-05 0.286E-05 0.378E-01 0.945E-02 0.282E-01 0.705E-02
      3       8       1      16      16      16       4 0.190E-01 0.760E-01 0.101E-05 0.215E-05 0.822E-03 0.206E-03 0.127E-03 0.318E-04
      3       8       1     256     256     256       4 0.362E-01 0.125E+00 0.537E-02 0.215E-01 0.417E+00 0.104E+00 0.286E+00 0.714E-01
      3       8       1      32      32      32       4 0.861E-02 0.343E-01 0.775E-06 0.119E-05 0.124E-02 0.309E-03 0.389E-03 0.973E-04
      3       8       1      64      64      64       4 0.121E-01 0.481E-01 0.149E-05 0.215E-05 0.810E-02 0.202E-02 0.435E-02 0.109E-02
      3       8       1       8       8       8       4 0.765E-02 0.306E-01 0.775E-06 0.119E-05 0.851E-03 0.213E-03 0.792E-04 0.198E-04
      3       8       2     128     128     128       4 0.998E-02 0.369E-01 0.536E-06 0.119E-05 0.368E-01 0.920E-02 0.329E-01 0.821E-02
      3       8       2      16      16      16       4 0.186E-01 0.743E-01 0.149E-05 0.215E-05 0.103E-02 0.259E-03 0.198E-03 0.494E-04
      3       8       2     256     256     256       4 0.299E-01 0.984E-01 0.155E-05 0.215E-05 0.297E+00 0.742E-01 0.277E+00 0.694E-01
      3       8       2      32      32      32       4 0.104E-01 0.416E-01 0.715E-06 0.954E-06 0.149E-02 0.374E-03 0.424E-03 0.106E-03
      3       8       2      64      64      64       4 0.243E-01 0.968E-01 0.119E-05 0.191E-05 0.614E-02 0.153E-02 0.436E-02 0.109E-02
      3       8       2       8       8       8       4 0.163E-01 0.651E-01 0.101E-05 0.215E-05 0.800E-03 0.200E-03 0.149E-03 0.373E-04
      4       1       1     128     128     128       4 0.741E+00 0.295E+01 0.000E+00 0.000E+00 0.834E-01 0.209E-01 0.697E-01 0.174E-01
      4       1       1      16      16      16       4 0.101E-01 0.396E-01 0.000E+00 0.000E+00 0.120E-03 0.300E-04 0.851E-04 0.213E-04
      4       1       1     256     256     256       4 0.434E+01 0.169E+02 0.000E+00 0.000E+00 0.161E+01 0.403E+00 0.134E+01 0.335E+00
      4       1       1      32      32      32       4 0.334E-01 0.133E+00 0.000E+00 0.000E+00 0.820E-03 0.205E-03 0.618E-03 0.154E-03
      4       1       1     512     512     512       4 0.126E+02 0.469E+02 0.000E+00 0.000E+00 0.113E+02 0.282E+01 0.868E+01 0.217E+01
      4       1       1      64      64      64       4 0.105E+00 0.417E+00 0.000E+00 0.000E+00 0.691E-02 0.173E-02 0.597E-02 0.149E-02
      4       1       1       8       8       8       4 0.711E-02 0.278E-01 0.000E+00 0.000E+00 0.358E-04 0.894E-05 0.262E-04 0.656E-05
      4       1      12     128     128     128       4 0.329E+00 0.129E+01 0.000E+00 0.000E+00 0.551E-01 0.138E-01 0.415E-01 0.104E-01
      4       1      12      16      16      16       4 0.934E-02 0.334E-01 0.000E+00 0.000E+00 0.197E-02 0.492E-03 0.479E-03 0.120E-03
      4       1      12     256     256     256       4 0.843E+00 0.288E+01 0.000E+00 0.000E+00 0.711E+00 0.178E+00 0.460E+00 0.115E+00
      4       1      12      32      32      32       4 0.580E-01 0.227E+00 0.000E+00 0.000E+00 0.158E-02 0.395E-03 0.150E-02 0.376E-03
      4       1      12     512     512     512       4 0.913E+01 0.330E+02 0.000E+00 0.000E+00 0.522E+01 0.131E+01 0.339E+01 0.848E+00
      4       1      12      64      64      64       4 0.819E-01 0.321E+00 0.000E+00 0.000E+00 0.820E-02 0.205E-02 0.744E-02 0.186E-02
      4       1      12       8       8       8       4 0.109E-01 0.393E-01 0.000E+00 0.000E+00 0.188E-03 0.470E-04 0.152E-03 0.380E-04
      4       1      16     128     128     128       4 0.165E+00 0.634E+00 0.000E+00 0.000E+00 0.542E-01 0.135E-01 0.408E-01 0.102E-01
      4       1      16      16      16      16       4 0.101E-01 0.336E-01 0.000E+00 0.000E+00 0.574E-03 0.143E-03 0.489E-03 0.122E-03
      4       1      16     256     256     256       4 0.717E+00 0.237E+01 0.000E+00 0.000E+00 0.711E+00 0.178E+00 0.463E+00 0.116E+00
      4       1      16      32      32      32       4 0.373E-01 0.140E+00 0.000E+00 0.000E+00 0.179E-02 0.446E-03 0.162E-02 0.405E-03
      4       1      16     512     512     512       4 0.400E+01 0.125E+02 0.000E+00 0.000E+00 0.529E+01 0.132E+01 0.355E+01 0.888E+00
      4       1      16      64      64      64       4 0.774E-01 0.300E+00 0.000E+00 0.000E+00 0.796E-02 0.199E-02 0.656E-02 0.164E-02
      4       1      16       8       8       8       4 0.101E-01 0.366E-01 0.000E+00 0.000E+00 0.218E-03 0.545E-04 0.186E-03 0.465E-04
      4       1       2     128     128     128       4 0.445E+00 0.177E+01 0.000E+00 0.000E+00 0.847E-01 0.212E-01 0.550E-01 0.137E-01
      4       1       2      16      16      16       4 0.106E-01 0.411E-01 0.000E+00 0.000E+00 0.378E-03 0.945E-04 0.269E-03 0.672E-04
      4       1       2     256     256     256       4 0.304E+01 0.117E+02 0.000E+00 0.000E+00 0.117E+01 0.292E+00 0.947E+00 0.237E+00
      4       1       2      32      32      32       4 0.395E-01 0.157E+00 0.000E+00 0.000E+00 0.160E-02 0.400E-03 0.145E-02 0.361E-03
      4       1       2     512     512     512       4 0.976E+01 0.357E+02 0.000E+00 0.000E+00 0.859E+01 0.215E+01 0.638E+01 0.159E+01
      4       1       2      64      64      64       4 0.950E-01 0.377E+00 0.000E+00 0.000E+00 0.994E-02 0.248E-02 0.847E-02 0.212E-02
      4       1       2       8       8       8       4 0.911E-02 0.355E-01 0.000E+00 0.000E+00 0.115E-03 0.288E-04 0.113E-03 0.282E-04
      4       1      24     128     128     128       4 0.263E+00 0.102E+01 0.000E+00 0.000E+00 0.540E-01 0.135E-01 0.413E-01 0.103E-01
      4       1      24      16      16      16       4 0.101E-01 0.319E-01 0.000E+00 0.000E+00 0.545E-03 0.136E-03 0.451E-03 0.113E-03
      4       1      24     256     256     256       4 0.609E+00 0.192E+01 0.000E+00 0.000E+00 0.720E+00 0.180E+00 0.473E+00 0.118E+00
      4       1      24      32      32      32       4 0.405E-01 0.153E+00 0.000E+00 0.000E+00 0.176E-02 0.441E-03 0.160E-02 0.400E-03
      4       1      24     512     512     512       4 0.587E+01 0.199E+02 0.000E+00 0.000E+00 0.517E+01 0.129E+01 0.342E+01 0.855E+00
      4       1      24      64      64      64       4 0.779E-01 0.299E+00 0.000E+00 0.000E+00 0.843E-02 0.211E-02 0.705E-02 0.176E-02
      4       1      24       8       8       8       4 0.121E-01 0.386E-01 0.000E+00 0.000E+00 0.211E-03 0.528E-04 0.247E-03 0.617E-04
      4       1       4     128     128     128       4 0.287E+00 0.113E+01 0.000E+00 0.000E+00 0.678E-01 0.169E-01 0.443E-01 0.111E-01
      4       1       4      16      16      16       4 0.113E-01 0.432E-01 0.000E+00 0.000E+00 0.403E-03 0.101E-03 0.343E-03 0.857E-04
      4       1       4     256     256     256       4 0.183E+01 0.687E+01 0.000E+00 0.000E+00 0.842E+00 0.211E+00 0.594E+00 0.148E+00
      4       1       4      32      32      32       4 0.377E-01 0.149E+00 0.000E+00 0.000E+00 0.140E-02 0.349E-03 0.129E-02 0.322E-03
      4       1       4     512     512     512       4 0.733E+01 0.259E+02 0.000E+00 0.000E+00 0.640E+01 0.160E+01 0.434E+01 0.108E+01
      4       1       4      64      64      64       4 0.830E-01 0.329E+00 0.000E+00 0.000E+00 0.861E-02 0.215E-02 0.727E-02 0.182E-02
      4       1       4       8       8       8       4 0.860E-02 0.330E-01 0.000E+00 0.000E+00 0.189E-03 0.473E-04 0.124E-03 0.309E-04
      4       1       8     128     128     128       4 0.208E+00 0.812E+00 0.000E+00 0.000E+00 0.648E-01 0.162E-01 0.405E-01 0.101E-01
      4       1       8      16      16      16       4 0.111E-01 0.413E-01 0.000E+00 0.000E+00 0.490E-03 0.122E-03 0.408E-03 0.102E-03
      4       1       8     256     256     256       4 0.106E+01 0.377E+01 0.000E+00 0.000E+00 0.755E+00 0.189E+00 0.501E+00 0.125E+00
      4       1       8      32      32      32       4 0.371E-01 0.145E+00 0.000E+00 0.000E+00 0.147E-02 0.369E-03 0.137E-02 0.344E-03
      4       1       8     512     512     512       4 0.563E+01 0.191E+02 0.000E+00 0.000E+00 0.551E+01 0.138E+01 0.370E+01 0.924E+00
      4       1       8      64      64      64       4 0.763E-01 0.300E+00 0.000E+00 0.000E+00 0.759E-02 0.190E-02 0.586E-02 0.146E-02
      4       1       8       8       8       8       4 0.568E-02 0.203E-01 0.000E+00 0.000E+00 0.168E-03 0.420E-04 0.156E-03 0.390E-04
      4      12       1     128     128     128       4 0.158E+00 0.627E+00 0.000E+00 0.000E+00 0.118E-01 0.295E-02 0.110E-01 0.274E-02
      4      12       1      16      16      16       4 0.917E-02 0.356E-01 0.000E+00 0.000E+00 0.687E-03 0.172E-03 0.159E-03 0.398E-04
      4      12       1     256     256     256       4 0.791E+00 0.315E+01 0.000E+00 0.000E+00 0.137E+00 0.342E-01 0.151E+00 0.378E-01
      4      12       1      32      32      32       4 0.305E-01 0.121E+00 0.000E+00 0.000E+00 0.826E-03 0.207E-03 0.254E-03 0.635E-04
      4      12       1      64      64      64       4 0.631E-01 0.251E+00 0.000E+00 0.000E+00 0.202E-02 0.504E-03 0.164E-02 0.411E-03
      4      12       1       8       8       8       4 0.613E-02 0.236E-01 0.000E+00 0.000E+00 0.625E-03 0.156E-03 0.119E-03 0.297E-04
      4      12       2     128     128     128       4 0.244E+00 0.972E+00 0.000E+00 0.000E+00 0.160E-01 0.399E-02 0.140E-01 0.351E-02
      4      12       2      16      16      16       4 0.155E-01 0.600E-01 0.000E+00 0.000E+00 0.925E-03 0.231E-03 0.281E-03 0.702E-04
      4      12       2     256     256     256       4 0.976E+00 0.387E+01 0.000E+00 0.000E+00 0.177E+00 0.442E-01 0.176E+00 0.439E-01
      4      12       2      32      32      32       4 0.452E-01 0.179E+00 0.000E+00 0.000E+00 0.109E-02 0.272E-03 0.424E-03 0.106E-03
      4      12       2      64      64      64       4 0.112E+00 0.444E+00 0.000E+00 0.000E+00 0.266E-02 0.664E-03 0.151E-02 0.378E-03
      4      12       2       8       8       8       4 0.876E-02 0.335E-01 0.000E+00 0.000E+00 0.357E-03 0.893E-04 0.226E-03 0.564E-04
      4      16       1     128     128     128       4 0.137E+00 0.543E+00 0.000E+00 0.000E+00 0.102E-01 0.255E-02 0.939E-02 0.235E-02
      4      16       1      16      16      16       4 0.890E-02 0.344E-01 0.000E+00 0.000E+00 0.697E-03 0.174E-03 0.195E-03 0.487E-04
      4      16       1     256     256     256       4 0.610E+00 0.242E+01 0.000E+00 0.000E+00 0.120E+00 0.300E-01 0.134E+00 0.335E-01
      4      16       1      32      32      32       4 0.286E-01 0.114E+00 0.000E+00 0.000E+00 0.759E-03 0.190E-03 0.233E-03 0.583E-04
      4      16       1      64      64      64       4 0.591E-01 0.235E+00 0.000E+00 0.000E+00 0.198E-02 0.494E-03 0.151E-02 0.377E-03
      4      16       1       8       8       8       4 0.676E-02 0.260E-01 0.000E+00 0.000E+00 0.220E-03 0.551E-04 0.129E-03 0.322E-04
      4       2       1     128     128     128       4 0.407E+00 0.162E+01 0.000E+00 0.000E+00 0.456E-01 0.114E-01 0.463E-01 0.116E-01
      4       2       1      16      16      16       4 0.102E-01 0.400E-01 0.000E+00 0.000E+00 0.171E-03 0.427E-04 0.121E-03 0.303E-04
      4       2       1     256     256     256       4 0.292E+01 0.116E+02 0.000E+00 0.000E+00 0.678E+00 0.169E+00 0.675E+00 0.169E+00
      4       2       1      32      32      32       4 0.321E-01 0.128E+00 0.000E+00 0.000E+00 0.662E-03 0.165E-03 0.630E-03 0.158E-03
      4       2       1     512     512     512       4 0.832E+01 0.316E+02 0.000E+00 0.000E+00 0.718E+01 0.179E+01 0.585E+01 0.146E+01
      4       2       1      64      64      64       4 0.794E-01 0.316E+00 0.000E+00 0.000E+00 0.424E-02 0.106E-02 0.457E-02 0.114E-02
      4       2       1       8       8       8       4 0.842E-02 0.331E-01 0.000E+00 0.000E+00 0.110E-03 0.275E-04 0.451E-04 0.113E-04
      4       2      12     128     128     128       4 0.256E+00 0.100E+01 0.000E+00 0.000E+00 0.386E-01 0.966E-02 0.297E-01 0.743E-02
      4       2      12      16      16      16       4 0.864E-02 0.302E-01 0.000E+00 0.000E+00 0.590E-03 0.147E-03 0.375E-03 0.938E-04
      4       2      12     256     256     256       4 0.494E+00 0.186E+01 0.000E+00 0.000E+00 0.357E+00 0.892E-01 0.316E+00 0.791E-01
      4       2      12      32      32      32       4 0.526E-01 0.206E+00 0.000E+00 0.000E+00 0.134E-02 0.334E-03 0.117E-02 0.292E-03
      4       2      12     512     512     512       4 0.415E+01 0.147E+02 0.000E+00 0.000E+00 0.369E+01 0.923E+00 0.251E+01 0.627E+00
      4       2      12      64      64      64       4 0.756E-01 0.295E+00 0.000E+00 0.000E+00 0.475E-02 0.119E-02 0.442E-02 0.111E-02
      4       2      12       8       8       8       4 0.930E-02 0.340E-01 0.000E+00 0.000E+00 0.356E-03 0.890E-04 0.229E-03 0.572E-04
      4       2       2     128     128     128       4 0.281E+00 0.111E+01 0.000E+00 0.000E+00 0.508E-01 0.127E-01 0.354E-01 0.886E-02
      4       2       2      16      16      16       4 0.119E-01 0.467E-01 0.000E+00 0.000E+00 0.385E-03 0.963E-04 0.281E-03 0.702E-04
      4       2       2     256     256     256       4 0.172E+01 0.678E+01 0.000E+00 0.000E+00 0.479E+00 0.120E+00 0.425E+00 0.106E+00
      4       2       2      32      32      32       4 0.389E-01 0.155E+00 0.000E+00 0.000E+00 0.111E-02 0.278E-03 0.103E-02 0.257E-03
      4       2       2     512     512     512       4 0.668E+01 0.250E+02 0.000E+00 0.000E+00 0.500E+01 0.125E+01 0.377E+01 0.942E+00
      4       2       2      64      64      64       4 0.824E-01 0.328E+00 0.000E+00 0.000E+00 0.559E-02 0.140E-02 0.540E-02 0.135E-02
      4       2       2       8       8       8       4 0.984E-02 0.382E-01 0.000E+00 0.000E+00 0.228E-03 0.570E-04 0.100E-03 0.251E-04
      4       2       4     128     128     128       4 0.213E+00 0.840E+00 0.000E+00 0.000E+00 0.466E-01 0.116E-01 0.318E-01 0.794E-02
      4       2       4      16      16      16       4 0.120E-01 0.463E-01 0.000E+00 0.000E+00 0.496E-03 0.124E-03 0.292E-03 0.730E-04
      4       2       4     256     256     256       4 0.932E+00 0.363E+01 0.000E+00 0.000E+00 0.414E+00 0.104E+00 0.341E+00 0.852E-01
      4       2       4      32      32      32       4 0.421E-01 0.166E+00 0.000E+00 0.000E+00 0.121E-02 0.304E-03 0.108E-02 0.269E-03
      4       2       4     512     512     512       4 0.495E+01 0.180E+02 0.000E+00 0.000E+00 0.415E+01 0.104E+01 0.299E+01 0.749E+00
      4       2       4      64      64      64       4 0.751E-01 0.298E+00 0.000E+00 0.000E+00 0.499E-02 0.125E-02 0.491E-02 0.123E-02
      4       2       4       8       8       8       4 0.696E-02 0.266E-01 0.000E+00 0.000E+00 0.247E-03 0.619E-04 0.119E-03 0.297E-04
      4       2       8     128     128     128       4 0.161E+00 0.631E+00 0.000E+00 0.000E+00 0.381E-01 0.952E-02 0.278E-01 0.694E-02
      4       2       8      16      16      16       4 0.110E-01 0.404E-01 0.000E+00 0.000E+00 0.531E-03 0.133E-03 0.340E-03 0.850E-04
      4       2       8     256     256     256       4 0.596E+00 0.228E+01 0.000E+00 0.000E+00 0.376E+00 0.940E-01 0.309E+00 0.773E-01
      4       2       8      32      32      32       4 0.363E-01 0.142E+00 0.000E+00 0.000E+00 0.126E-02 0.316E-03 0.968E-03 0.242E-03
      4       2       8     512     512     512       4 0.297E+01 0.101E+02 0.000E+00 0.000E+00 0.389E+01 0.973E+00 0.269E+01 0.674E+00
      4       2       8      64      64      64       4 0.747E-01 0.294E+00 0.000E+00 0.000E+00 0.525E-02 0.131E-02 0.483E-02 0.121E-02
      4       2       8       8       8       8       4 0.972E-02 0.367E-01 0.000E+00 0.000E+00 0.257E-03 0.644E-04 0.237E-03 0.592E-04
      4      24       1     128     128     128       4 0.135E+00 0.536E+00 0.000E+00 0.000E+00 0.997E-02 0.249E-02 0.858E-02 0.214E-02
      4      24       1      16      16      16       4 0.981E-02 0.379E-01 0.000E+00 0.000E+00 0.948E-03 0.237E-03 0.274E-03 0.686E-04
      4      24       1     256     256     256       4 0.521E+00 0.206E+01 0.000E+00 0.000E+00 0.106E+00 0.266E-01 0.117E+00 0.292E-01
      4      24       1      32      32      32       4 0.272E-01 0.107E+00 0.000E+00 0.000E+00 0.103E-02 0.259E-03 0.300E-03 0.750E-04
      4      24       1      64      64      64       4 0.584E-01 0.232E+00 0.000E+00 0.000E+00 0.210E-02 0.525E-03 0.781E-03 0.195E-03
      4       4       1     128     128     128       4 0.256E+00 0.102E+01 0.000E+00 0.000E+00 0.238E-01 0.594E-02 0.255E-01 0.637E-02
      4       4       1      16      16      16       4 0.106E-01 0.418E-01 0.000E+00 0.000E+00 0.114E-03 0.284E-04 0.749E-04 0.187E-04
      4       4       1     256     256     256       4 0.174E+01 0.693E+01 0.000E+00 0.000E+00 0.364E+00 0.911E-01 0.355E+00 0.886E-01
      4       4       1      32      32      32       4 0.324E-01 0.129E+00 0.000E+00 0.000E+00 0.500E-03 0.125E-03 0.530E-03 0.133E-03
      4       4       1     512     512     512       4 0.623E+01 0.240E+02 0.000E+00 0.000E+00 0.377E+01 0.942E+00 0.291E+01 0.727E+00
      4       4       1      64      64      64       4 0.676E-01 0.269E+00 0.000E+00 0.000E+00 0.231E-02 0.576E-03 0.264E-02 0.661E-03
      4       4       1       8       8       8       4 0.899E-02 0.352E-01 0.000E+00 0.000E+00 0.121E-03 0.302E-04 0.620E-04 0.155E-04
      4       4       2     128     128     128       4 0.206E+00 0.818E+00 0.000E+00 0.000E+00 0.251E-01 0.629E-02 0.257E-01 0.642E-02
      4       4       2      16      16      16       4 0.126E-01 0.489E-01 0.000E+00 0.000E+00 0.273E-03 0.682E-04 0.180E-03 0.449E-04
      4       4       2     256     256     256       4 0.966E+00 0.381E+01 0.000E+00 0.000E+00 0.289E+00 0.723E-01 0.257E+00 0.642E-01
      4       4       2      32      32      32       4 0.371E-01 0.147E+00 0.000E+00 0.000E+00 0.776E-03 0.194E-03 0.622E-03 0.156E-03
      4       4       2     512     512     512       4 0.455E+01 0.172E+02 0.000E+00 0.000E+00 0.278E+01 0.696E+00 0.202E+01 0.505E+00
      4       4       2      64      64      64       4 0.750E-01 0.298E+00 0.000E+00 0.000E+00 0.226E-02 0.565E-03 0.266E-02 0.666E-03
      4       4       2       8       8       8       4 0.730E-02 0.280E-01 0.000E+00 0.000E+00 0.219E-03 0.547E-04 0.118E-03 0.296E-04
      4       4       4     128     128     128       4 0.158E+00 0.623E+00 0.000E+00 0.000E+00 0.195E-01 0.488E-02 0.197E-01 0.492E-02
      4       4       4      16      16      16       4 0.106E-01 0.396E-01 0.000E+00 0.000E+00 0.370E-03 0.925E-04 0.196E-03 0.490E-04
      4       4       4     256     256     256       4 0.585E+00 0.229E+01 0.000E+00 0.000E+00 0.280E+00 0.700E-01 0.242E+00 0.605E-01
      4       4       4      32      32      32       4 0.361E-01 0.143E+00 0.000E+00 0.000E+00 0.899E-03 0.225E-03 0.679E-03 0.170E-03
      4       4       4     512     512     512       4 0.275E+01 0.998E+01 0.000E+00 0.000E+00 0.266E+01 0.664E+00 0.198E+01 0.495E+00
      4       4       4      64      64      64       4 0.733E-01 0.291E+00 0.000E+00 0.000E+00 0.266E-02 0.666E-03 0.311E-02 0.778E-03
      4       4       4       8       8       8       4 0.107E-01 0.415E-01 0.000E+00 0.000E+00 0.328E-03 0.820E-04 0.157E-03 0.393E-04
      4       8       1     128     128     128       4 0.180E+00 0.716E+00 0.000E+00 0.000E+00 0.141E-01 0.353E-02 0.146E-01 0.366E-02
      4       8       1      16      16      16       4 0.118E-01 0.461E-01 0.000E+00 0.000E+00 0.642E-03 0.160E-03 0.978E-04 0.244E-04
      4       8       1     256     256     256       4 0.100E+01 0.400E+01 0.000E+00 0.000E+00 0.180E+00 0.449E-01 0.202E+00 0.504E-01
      4       8       1      32      32      32       4 0.291E-01 0.115E+00 0.000E+00 0.000E+00 0.747E-03 0.187E-03 0.243E-03 0.608E-04
      4       8       1     512     512     512       4 0.452E+01 0.176E+02 0.000E+00 0.000E+00 0.208E+01 0.519E+00 0.171E+01 0.426E+00
      4       8       1      64      64      64       4 0.612E-01 0.244E+00 0.000E+00 0.000E+00 0.204E-02 0.510E-03 0.174E-02 0.434E-03
      4       8       1       8       8       8       4 0.666E-02 0.258E-01 0.000E+00 0.000E+00 0.178E-03 0.445E-04 0.832E-04 0.208E-04
      4       8       2     128     128     128       4 0.163E+00 0.647E+00 0.000E+00 0.000E+00 0.165E-01 0.412E-02 0.164E-01 0.410E-02
      4       8       2      16      16      16       4 0.108E-01 0.414E-01 0.000E+00 0.000E+00 0.699E-03 0.175E-03 0.204E-03 0.510E-04
      4       8       2     256     256     256       4 0.650E+00 0.256E+01 0.000E+00 0.000E+00 0.186E+00 0.465E-01 0.181E+00 0.454E-01
      4       8       2      32      32      32       4 0.369E-01 0.146E+00 0.000E+00 0.000E+00 0.988E-03 0.247E-03 0.399E-03 0.997E-04
      4       8       2     512     512     512       4 0.283E+01 0.108E+02 0.000E+00 0.000E+00 0.179E+01 0.448E+00 0.155E+01 0.387E+00
      4       8       2      64      64      64       4 0.731E-01 0.291E+00 0.000E+00 0.000E+00 0.276E-02 0.690E-03 0.225E-02 0.564E-03
      4       8       2       8       8       8       4 0.650E-02 0.251E-01 0.000E+00 0.000E+00 0.186E-03 0.466E-04 0.178E-03 0.446E-04
