res2dt5=[      2       1    1024    1024       4       4 0.634E-01 0.253E+00 0.869E-01 0.347E+00 0.183E+00 0.114E-01 0.205E+00 0.128E-01
      2       1     128     128       4       4 0.102E-01 0.408E-01 0.938E-02 0.375E-01 0.155E-02 0.969E-04 0.164E-02 0.102E-03
      2       1    2048    2048       4       4 0.203E+00 0.810E+00 0.418E+00 0.167E+01 0.909E+00 0.568E-01 0.111E+01 0.691E-01
      2       1     256     256       4       4 0.160E-01 0.639E-01 0.149E-01 0.593E-01 0.860E-02 0.538E-03 0.948E-02 0.592E-03
      2       1      32      32       4       4 0.280E-02 0.111E-01 0.257E-02 0.103E-01 0.491E-04 0.307E-05 0.539E-04 0.337E-05
      2       1    4096    4096       4       4 0.455E+00 0.182E+01 0.109E+01 0.437E+01 0.411E+01 0.257E+00 0.537E+01 0.336E+00
      2       1     512     512       4       4 0.283E-01 0.113E+00 0.308E-01 0.123E+00 0.382E-01 0.239E-02 0.431E-01 0.270E-02
      2       1      64      64       4       4 0.569E-02 0.227E-01 0.514E-02 0.205E-01 0.248E-03 0.155E-04 0.260E-03 0.163E-04
      2      12    1024    1024       4       4 0.120E+00 0.474E+00 0.136E+00 0.538E+00 0.416E-01 0.260E-02 0.445E-01 0.278E-02
      2      12     128     128       4       4 0.188E-01 0.740E-01 0.222E-01 0.875E-01 0.143E-02 0.893E-04 0.154E-02 0.965E-04
      2      12    2048    2048       4       4 0.361E+00 0.144E+01 0.374E+00 0.149E+01 0.195E+00 0.122E-01 0.195E+00 0.122E-01
      2      12     256     256       4       4 0.290E-01 0.113E+00 0.356E-01 0.138E+00 0.333E-02 0.208E-03 0.310E-02 0.194E-03
      2      12      32      32       4       4 0.110E-01 0.431E-01 0.117E-01 0.462E-01 0.918E-03 0.574E-04 0.912E-03 0.570E-04
      2      12    4096    4096       4       4 0.746E+00 0.298E+01 0.835E+00 0.334E+01 0.674E+00 0.421E-01 0.721E+00 0.451E-01
      2      12     512     512       4       4 0.635E-01 0.251E+00 0.680E-01 0.267E+00 0.168E-01 0.105E-02 0.158E-01 0.985E-03
      2      12      64      64       4       4 0.130E-01 0.511E-01 0.146E-01 0.575E-01 0.110E-02 0.687E-04 0.114E-02 0.713E-04
      2      16    1024    1024       4       4 0.812E-01 0.320E+00 0.937E-01 0.369E+00 0.274E-01 0.172E-02 0.335E-01 0.209E-02
      2      16     128     128       4       4 0.165E-01 0.640E-01 0.191E-01 0.749E-01 0.159E-02 0.996E-04 0.336E-02 0.210E-03
      2      16    2048    2048       4       4 0.232E+00 0.922E+00 0.263E+00 0.105E+01 0.177E+00 0.111E-01 0.147E+00 0.916E-02
      2      16     256     256       4       4 0.242E-01 0.938E-01 0.298E-01 0.115E+00 0.306E-02 0.191E-03 0.342E-02 0.214E-03
      2      16      32      32       4       4 0.540E-02 0.211E-01 0.590E-02 0.229E-01 0.837E-03 0.523E-04 0.752E-03 0.470E-04
      2      16    4096    4096       4       4 0.644E+00 0.257E+01 0.614E+00 0.245E+01 0.771E+00 0.482E-01 0.711E+00 0.445E-01
      2      16     512     512       4       4 0.444E-01 0.173E+00 0.487E-01 0.190E+00 0.106E-01 0.661E-03 0.982E-02 0.614E-03
      2      16      64      64       4       4 0.958E-02 0.377E-01 0.112E-01 0.436E-01 0.116E-02 0.724E-04 0.120E-02 0.751E-04
      2       2    1024    1024       4       4 0.766E-01 0.305E+00 0.101E+00 0.404E+00 0.103E+00 0.641E-02 0.112E+00 0.697E-02
      2       2     128     128       4       4 0.117E-01 0.467E-01 0.115E-01 0.456E-01 0.110E-02 0.685E-04 0.123E-02 0.767E-04
      2       2    2048    2048       4       4 0.338E+00 0.135E+01 0.457E+00 0.183E+01 0.528E+00 0.330E-01 0.598E+00 0.373E-01
      2       2     256     256       4       4 0.201E-01 0.801E-01 0.209E-01 0.831E-01 0.728E-02 0.455E-03 0.754E-02 0.471E-03
      2       2      32      32       4       4 0.379E-02 0.151E-01 0.394E-02 0.157E-01 0.365E-03 0.228E-04 0.390E-03 0.244E-04
      2       2    4096    4096       4       4 0.602E+00 0.241E+01 0.112E+01 0.446E+01 0.233E+01 0.146E+00 0.298E+01 0.186E+00
      2       2     512     512       4       4 0.358E-01 0.143E+00 0.414E-01 0.165E+00 0.251E-01 0.157E-02 0.286E-01 0.179E-02
      2       2      64      64       4       4 0.683E-02 0.272E-01 0.680E-02 0.271E-01 0.844E-03 0.528E-04 0.725E-03 0.453E-04
      2      24    1024    1024       4       4 0.141E+00 0.552E+00 0.167E+00 0.651E+00 0.389E-01 0.243E-02 0.420E-01 0.262E-02
      2      24     128     128       4       4 0.265E-01 0.102E+00 0.291E-01 0.114E+00 0.285E-02 0.178E-03 0.594E-02 0.371E-03
      2      24    2048    2048       4       4 0.324E+00 0.128E+01 0.341E+00 0.135E+01 0.166E+00 0.104E-01 0.163E+00 0.102E-01
      2      24     256     256       4       4 0.399E-01 0.153E+00 0.470E-01 0.180E+00 0.524E-02 0.327E-03 0.656E-02 0.410E-03
      2      24      32      32       4       4 0.663E-02 0.254E-01 0.736E-02 0.281E-01 0.132E-02 0.827E-04 0.112E-02 0.701E-04
      2      24    4096    4096       4       4 0.728E+00 0.290E+01 0.686E+00 0.274E+01 0.720E+00 0.450E-01 0.646E+00 0.404E-01
      2      24     512     512       4       4 0.640E-01 0.250E+00 0.726E-01 0.283E+00 0.114E-01 0.710E-03 0.122E-01 0.763E-03
      2      24      64      64       4       4 0.224E-01 0.877E-01 0.241E-01 0.940E-01 0.167E-02 0.104E-03 0.174E-02 0.109E-03
      2       4    1024    1024       4       4 0.801E-01 0.319E+00 0.915E-01 0.365E+00 0.581E-01 0.363E-02 0.657E-01 0.411E-02
      2       4     128     128       4       4 0.118E-01 0.469E-01 0.118E-01 0.468E-01 0.118E-02 0.737E-04 0.198E-02 0.124E-03
      2       4    2048    2048       4       4 0.251E+00 0.100E+01 0.299E+00 0.119E+01 0.277E+00 0.173E-01 0.364E+00 0.228E-01
      2       4     256     256       4       4 0.191E-01 0.757E-01 0.189E-01 0.744E-01 0.420E-02 0.263E-03 0.412E-02 0.258E-03
      2       4      32      32       4       4 0.370E-02 0.146E-01 0.376E-02 0.148E-01 0.412E-03 0.258E-04 0.376E-03 0.235E-04
      2       4    4096    4096       4       4 0.626E+00 0.250E+01 0.710E+00 0.284E+01 0.132E+01 0.825E-01 0.155E+01 0.968E-01
      2       4     512     512       4       4 0.365E-01 0.145E+00 0.364E-01 0.145E+00 0.145E-01 0.909E-03 0.159E-01 0.994E-03
      2       4      64      64       4       4 0.687E-02 0.273E-01 0.680E-02 0.270E-01 0.754E-03 0.471E-04 0.732E-03 0.457E-04
      2       8    1024    1024       4       4 0.845E-01 0.335E+00 0.839E-01 0.333E+00 0.344E-01 0.215E-02 0.432E-01 0.270E-02
      2       8     128     128       4       4 0.144E-01 0.567E-01 0.140E-01 0.549E-01 0.141E-02 0.883E-04 0.139E-02 0.871E-04
      2       8    2048    2048       4       4 0.257E+00 0.103E+01 0.275E+00 0.110E+01 0.207E+00 0.130E-01 0.224E+00 0.140E-01
      2       8     256     256       4       4 0.227E-01 0.889E-01 0.226E-01 0.879E-01 0.409E-02 0.256E-03 0.424E-02 0.265E-03
      2       8      32      32       4       4 0.472E-02 0.185E-01 0.454E-02 0.178E-01 0.598E-03 0.374E-04 0.579E-03 0.362E-04
      2       8    4096    4096       4       4 0.570E+00 0.228E+01 0.581E+00 0.232E+01 0.100E+01 0.626E-01 0.980E+00 0.613E-01
      2       8     512     512       4       4 0.397E-01 0.157E+00 0.401E-01 0.158E+00 0.185E-01 0.115E-02 0.169E-01 0.105E-02
      2       8      64      64       4       4 0.834E-02 0.329E-01 0.796E-02 0.315E-01 0.862E-03 0.539E-04 0.905E-03 0.565E-04
      3       1    1024    1024       4       4 0.981E-03 0.350E-02 0.109E-03 0.137E-03 0.979E-01 0.612E-02 0.934E-01 0.584E-02
      3       1     128     128       4       4 0.825E-03 0.323E-02 0.199E-04 0.288E-04 0.718E-03 0.449E-04 0.730E-03 0.456E-04
      3       1    2048    2048       4       4 0.119E-02 0.397E-02 0.244E-03 0.303E-03 0.642E+00 0.401E-01 0.629E+00 0.393E-01
      3       1     256     256       4       4 0.855E-03 0.331E-02 0.337E-04 0.510E-04 0.356E-02 0.223E-03 0.358E-02 0.224E-03
      3       1      32      32       4       4 0.751E-03 0.300E-02 0.143E-05 0.381E-05 0.477E-04 0.298E-05 0.474E-04 0.297E-05
      3       1    4096    4096       4       4 0.119E-02 0.383E-02 0.309E-03 0.405E-03 0.254E+01 0.159E+00 0.242E+01 0.151E+00
      3       1     512     512       4       4 0.816E-03 0.308E-02 0.570E-04 0.811E-04 0.155E-01 0.967E-03 0.152E-01 0.950E-03
      3       1      64      64       4       4 0.807E-03 0.320E-02 0.799E-05 0.160E-04 0.197E-03 0.123E-04 0.172E-03 0.108E-04
      3      12    1024    1024       4       4 0.108E-02 0.385E-02 0.122E-03 0.154E-03 0.143E-01 0.895E-03 0.116E-01 0.728E-03
      3      12     128     128       4       4 0.403E-02 0.160E-01 0.252E-04 0.401E-04 0.639E-03 0.399E-04 0.560E-03 0.350E-04
      3      12    2048    2048       4       4 0.864E-03 0.235E-02 0.343E-03 0.374E-03 0.775E-01 0.484E-02 0.638E-01 0.399E-02
      3      12     256     256       4       4 0.432E-02 0.172E-01 0.385E-04 0.529E-04 0.122E-02 0.764E-04 0.923E-03 0.577E-04
      3      12      32      32       4       4 0.430E-02 0.172E-01 0.918E-05 0.179E-04 0.276E-03 0.172E-04 0.201E-03 0.126E-04
      3      12    4096    4096       4       4 0.105E-02 0.307E-02 0.418E-03 0.635E-03 0.337E+00 0.211E-01 0.298E+00 0.186E-01
      3      12     512     512       4       4 0.307E-02 0.120E-01 0.930E-04 0.140E-03 0.334E-02 0.209E-03 0.286E-02 0.179E-03
      3      12      64      64       4       4 0.111E-02 0.441E-02 0.135E-04 0.331E-04 0.357E-03 0.223E-04 0.324E-03 0.203E-04
      3      16    1024    1024       4       4 0.841E-03 0.289E-02 0.132E-03 0.167E-03 0.127E-01 0.796E-03 0.912E-02 0.570E-03
      3      16     128     128       4       4 0.307E-02 0.122E-01 0.228E-04 0.329E-04 0.669E-03 0.418E-04 0.623E-03 0.389E-04
      3      16    2048    2048       4       4 0.880E-03 0.263E-02 0.314E-03 0.460E-03 0.648E-01 0.405E-02 0.485E-01 0.303E-02
      3      16     256     256       4       4 0.353E-02 0.140E-01 0.358E-04 0.491E-04 0.129E-02 0.807E-04 0.887E-03 0.555E-04
      3      16      32      32       4       4 0.216E-02 0.863E-02 0.995E-05 0.188E-04 0.347E-03 0.217E-04 0.202E-03 0.126E-04
      3      16    4096    4096       4       4 0.848E-03 0.230E-02 0.383E-03 0.532E-03 0.325E+00 0.203E-01 0.281E+00 0.175E-01
      3      16     512     512       4       4 0.143E-02 0.541E-02 0.991E-04 0.168E-03 0.377E-02 0.236E-03 0.259E-02 0.162E-03
      3      16      64      64       4       4 0.431E-02 0.172E-01 0.104E-04 0.219E-04 0.388E-03 0.243E-04 0.284E-03 0.178E-04
      3       2    1024    1024       4       4 0.897E-03 0.310E-02 0.145E-03 0.156E-03 0.525E-01 0.328E-02 0.493E-01 0.308E-02
      3       2     128     128       4       4 0.299E-02 0.119E-01 0.215E-04 0.300E-04 0.659E-03 0.412E-04 0.659E-03 0.412E-04
      3       2    2048    2048       4       4 0.998E-03 0.320E-02 0.254E-03 0.306E-03 0.355E+00 0.222E-01 0.337E+00 0.210E-01
      3       2     256     256       4       4 0.135E-02 0.530E-02 0.347E-04 0.498E-04 0.287E-02 0.179E-03 0.287E-02 0.179E-03
      3       2      32      32       4       4 0.691E-03 0.273E-02 0.829E-05 0.169E-04 0.122E-03 0.761E-05 0.101E-03 0.633E-05
      3       2    4096    4096       4       4 0.106E-02 0.330E-02 0.331E-03 0.419E-03 0.135E+01 0.844E-01 0.127E+01 0.796E-01
      3       2     512     512       4       4 0.170E-02 0.660E-02 0.585E-04 0.811E-04 0.114E-01 0.715E-03 0.104E-01 0.650E-03
      3       2      64      64       4       4 0.347E-02 0.139E-01 0.799E-05 0.160E-04 0.264E-03 0.165E-04 0.236E-03 0.148E-04
      3      24    1024    1024       4       4 0.149E-02 0.541E-02 0.161E-03 0.198E-03 0.158E-01 0.985E-03 0.114E-01 0.711E-03
      3      24     128     128       4       4 0.337E-02 0.134E-01 0.350E-04 0.830E-04 0.741E-03 0.463E-04 0.570E-03 0.356E-04
      3      24    2048    2048       4       4 0.859E-03 0.230E-02 0.378E-03 0.461E-03 0.512E-01 0.320E-02 0.346E-01 0.216E-02
      3      24     256     256       4       4 0.384E-02 0.152E-01 0.665E-04 0.143E-03 0.132E-02 0.822E-04 0.872E-03 0.545E-04
      3      24      32      32       4       4 0.431E-02 0.172E-01 0.948E-05 0.169E-04 0.521E-03 0.326E-04 0.232E-03 0.145E-04
      3      24    4096    4096       4       4 0.880E-03 0.196E-02 0.481E-03 0.524E-03 0.348E+00 0.218E-01 0.303E+00 0.189E-01
      3      24     512     512       4       4 0.357E-02 0.141E-01 0.949E-04 0.195E-03 0.402E-02 0.251E-03 0.251E-02 0.157E-03
      3      24      64      64       4       4 0.405E-02 0.162E-01 0.125E-04 0.191E-04 0.519E-03 0.325E-04 0.389E-03 0.243E-04
      3       4    1024    1024       4       4 0.595E-02 0.234E-01 0.118E-03 0.140E-03 0.325E-01 0.203E-02 0.277E-01 0.173E-02
      3       4     128     128       4       4 0.605E-02 0.241E-01 0.255E-04 0.348E-04 0.754E-03 0.471E-04 0.871E-03 0.545E-04
      3       4    2048    2048       4       4 0.996E-03 0.300E-02 0.305E-03 0.318E-03 0.196E+00 0.122E-01 0.162E+00 0.102E-01
      3       4     256     256       4       4 0.414E-02 0.164E-01 0.466E-04 0.770E-04 0.221E-02 0.138E-03 0.215E-02 0.134E-03
      3       4      32      32       4       4 0.372E-02 0.149E-01 0.829E-05 0.160E-04 0.168E-03 0.105E-04 0.162E-03 0.101E-04
      3       4    4096    4096       4       4 0.401E-02 0.150E-01 0.348E-03 0.432E-03 0.724E+00 0.453E-01 0.672E+00 0.420E-01
      3       4     512     512       4       4 0.114E-02 0.431E-02 0.772E-04 0.920E-04 0.618E-02 0.386E-03 0.549E-02 0.343E-03
      3       4      64      64       4       4 0.459E-02 0.183E-01 0.870E-05 0.179E-04 0.424E-03 0.265E-04 0.384E-03 0.240E-04
      3       8    1024    1024       4       4 0.187E-02 0.691E-02 0.155E-03 0.180E-03 0.187E-01 0.117E-02 0.157E-01 0.978E-03
      3       8     128     128       4       4 0.515E-02 0.205E-01 0.225E-04 0.329E-04 0.632E-03 0.395E-04 0.574E-03 0.359E-04
      3       8    2048    2048       4       4 0.921E-03 0.263E-02 0.319E-03 0.342E-03 0.109E+00 0.680E-02 0.892E-01 0.557E-02
      3       8     256     256       4       4 0.293E-02 0.116E-01 0.499E-04 0.808E-04 0.151E-02 0.941E-04 0.142E-02 0.886E-04
      3       8      32      32       4       4 0.638E-02 0.255E-01 0.983E-05 0.181E-04 0.232E-03 0.145E-04 0.226E-03 0.141E-04
      3       8    4096    4096       4       4 0.959E-03 0.275E-02 0.368E-03 0.461E-03 0.432E+00 0.270E-01 0.385E+00 0.240E-01
      3       8     512     512       4       4 0.506E-02 0.200E-01 0.660E-04 0.920E-04 0.388E-02 0.243E-03 0.333E-02 0.208E-03
      3       8      64      64       4       4 0.637E-02 0.255E-01 0.101E-04 0.191E-04 0.357E-03 0.223E-04 0.298E-03 0.186E-04
];