      1       1       1    1024       4       4 0.268E-04 0.482E-04 0.143E-04 0.150E-04 0.364E-03 0.227E-04 0.348E-03 0.218E-04
      1       1       1   16384       4       4 0.237E-03 0.315E-03 0.210E-03 0.211E-03 0.597E-02 0.373E-03 0.626E-02 0.391E-03
      1       1       1    2048       4       4 0.422E-04 0.880E-04 0.275E-04 0.310E-04 0.643E-03 0.402E-04 0.629E-03 0.393E-04
      1       1       1     256       4       4 0.106E-04 0.300E-04 0.393E-05 0.405E-05 0.103E-03 0.642E-05 0.937E-04 0.586E-05
      1       1       1   32768       4       4 0.562E-03 0.758E-03 0.445E-03 0.518E-03 0.125E-01 0.783E-03 0.130E-01 0.814E-03
      1       1       1    4096       4       4 0.684E-04 0.105E-03 0.550E-04 0.620E-04 0.123E-02 0.768E-04 0.127E-02 0.795E-04
      1       1       1     512       4       4 0.140E-04 0.210E-04 0.721E-05 0.811E-05 0.181E-03 0.113E-04 0.151E-03 0.945E-05
      1       1       1   65536       4       4 0.111E-02 0.171E-02 0.931E-03 0.104E-02 0.271E-01 0.170E-02 0.288E-01 0.180E-02
      1       1       1    8192       4       4 0.130E-03 0.171E-03 0.119E-03 0.140E-03 0.273E-02 0.171E-03 0.284E-02 0.177E-03
      1       1      12   32768       4       4 0.552E-03 0.751E-03 0.485E-03 0.505E-03 0.787E-02 0.492E-03 0.824E-02 0.515E-03
      1       1      12   65536       4       4 0.120E-02 0.191E-02 0.106E-02 0.129E-02 0.177E-01 0.110E-02 0.182E-01 0.114E-02
      1       1      16   32768       4       4 0.541E-03 0.703E-03 0.490E-03 0.516E-03 0.752E-02 0.470E-03 0.834E-02 0.521E-03
      1       1      16   65536       4       4 0.104E-02 0.124E-02 0.976E-03 0.104E-02 0.171E-01 0.107E-02 0.188E-01 0.117E-02
      1       1       2   32768       4       4 0.509E-03 0.665E-03 0.477E-03 0.514E-03 0.975E-02 0.609E-03 0.101E-01 0.632E-03
      1       1       2   65536       4       4 0.102E-02 0.128E-02 0.925E-03 0.975E-03 0.216E-01 0.135E-02 0.231E-01 0.144E-02
      1       1      24   32768       4       4 0.614E-03 0.994E-03 0.543E-03 0.691E-03 0.809E-02 0.506E-03 0.844E-02 0.527E-03
      1       1      24   65536       4       4 0.121E-02 0.186E-02 0.106E-02 0.129E-02 0.190E-01 0.119E-02 0.187E-01 0.117E-02
      1       1       4   32768       4       4 0.543E-03 0.782E-03 0.472E-03 0.516E-03 0.882E-02 0.551E-03 0.953E-02 0.596E-03
      1       1       4   65536       4       4 0.116E-02 0.159E-02 0.869E-03 0.869E-03 0.183E-01 0.115E-02 0.199E-01 0.124E-02
      1       1       8   32768       4       4 0.534E-03 0.700E-03 0.481E-03 0.500E-03 0.794E-02 0.496E-03 0.829E-02 0.518E-03
      1       1       8   65536       4       4 0.121E-02 0.192E-02 0.103E-02 0.127E-02 0.179E-01 0.112E-02 0.183E-01 0.114E-02
      2       1       1    1024       4       4 0.187E-01 0.747E-01 0.163E-01 0.651E-01 0.553E-04 0.346E-05 0.710E-04 0.444E-05
      2       1       1   16384       4       4 0.133E+00 0.532E+00 0.125E+00 0.499E+00 0.201E-02 0.125E-03 0.198E-02 0.124E-03
      2       1       1    2048       4       4 0.268E-01 0.107E+00 0.239E-01 0.956E-01 0.152E-03 0.952E-05 0.158E-03 0.986E-05
      2       1       1     256       4       4 0.100E-01 0.400E-01 0.864E-02 0.345E-01 0.715E-05 0.447E-06 0.105E-04 0.656E-06
      2       1       1    4096       4       4 0.415E-01 0.166E+00 0.377E-01 0.151E+00 0.402E-03 0.251E-04 0.370E-03 0.231E-04
      2       1       1     512       4       4 0.139E-01 0.555E-01 0.120E-01 0.479E-01 0.305E-04 0.191E-05 0.265E-04 0.165E-05
      2       1       1    8192       4       4 0.713E-01 0.285E+00 0.664E-01 0.265E+00 0.833E-03 0.520E-04 0.820E-03 0.512E-04
      2       1      12    1024       4       4 0.383E-01 0.153E+00 0.335E-01 0.134E+00 0.386E-03 0.241E-04 0.414E-03 0.259E-04
      2       1      12   16384       4       4 0.147E+00 0.586E+00 0.139E+00 0.556E+00 0.137E-02 0.859E-04 0.131E-02 0.819E-04
      2       1      12    2048       4       4 0.527E-01 0.210E+00 0.482E-01 0.192E+00 0.579E-03 0.362E-04 0.539E-03 0.337E-04
      2       1      12     256       4       4 0.179E-01 0.716E-01 0.158E-01 0.633E-01 0.318E-03 0.198E-04 0.296E-03 0.185E-04
      2       1      12    4096       4       4 0.665E-01 0.265E+00 0.644E-01 0.256E+00 0.125E-02 0.778E-04 0.822E-03 0.514E-04
      2       1      12     512       4       4 0.277E-01 0.111E+00 0.257E-01 0.103E+00 0.351E-03 0.219E-04 0.399E-03 0.249E-04
      2       1      12    8192       4       4 0.950E-01 0.378E+00 0.825E-01 0.325E+00 0.152E-02 0.951E-04 0.834E-03 0.521E-04
      2       1      16    1024       4       4 0.438E-01 0.175E+00 0.399E-01 0.159E+00 0.667E-03 0.417E-04 0.701E-03 0.438E-04
      2       1      16   16384       4       4 0.139E+00 0.553E+00 0.122E+00 0.480E+00 0.285E-02 0.178E-03 0.102E-02 0.638E-04
      2       1      16    2048       4       4 0.526E-01 0.210E+00 0.486E-01 0.194E+00 0.744E-03 0.465E-04 0.768E-03 0.480E-04
      2       1      16     256       4       4 0.176E-01 0.701E-01 0.161E-01 0.643E-01 0.455E-03 0.284E-04 0.496E-03 0.310E-04
      2       1      16    4096       4       4 0.763E-01 0.303E+00 0.652E-01 0.259E+00 0.780E-03 0.488E-04 0.706E-03 0.442E-04
      2       1      16     512       4       4 0.248E-01 0.989E-01 0.221E-01 0.882E-01 0.523E-03 0.327E-04 0.489E-03 0.306E-04
      2       1      16    8192       4       4 0.124E+00 0.495E+00 0.111E+00 0.441E+00 0.115E-02 0.719E-04 0.109E-02 0.684E-04
      2       1       2    1024       4       4 0.218E-01 0.871E-01 0.192E-01 0.767E-01 0.264E-03 0.165E-04 0.264E-03 0.165E-04
      2       1       2   16384       4       4 0.131E+00 0.524E+00 0.123E+00 0.491E+00 0.205E-02 0.128E-03 0.221E-02 0.138E-03
      2       1       2    2048       4       4 0.294E-01 0.117E+00 0.261E-01 0.104E+00 0.293E-03 0.183E-04 0.307E-03 0.192E-04
      2       1       2     256       4       4 0.128E-01 0.509E-01 0.110E-01 0.439E-01 0.367E-03 0.229E-04 0.361E-03 0.226E-04
      2       1       2    4096       4       4 0.430E-01 0.172E+00 0.388E-01 0.155E+00 0.468E-03 0.292E-04 0.439E-03 0.274E-04
      2       1       2     512       4       4 0.161E-01 0.642E-01 0.140E-01 0.560E-01 0.210E-03 0.131E-04 0.207E-03 0.129E-04
      2       1       2    8192       4       4 0.706E-01 0.282E+00 0.638E-01 0.255E+00 0.734E-03 0.459E-04 0.768E-03 0.480E-04
      2       1      24    1024       4       4 0.571E-01 0.228E+00 0.496E-01 0.198E+00 0.258E-02 0.161E-03 0.715E-03 0.447E-04
      2       1      24   16384       4       4 0.164E+00 0.653E+00 0.181E+00 0.713E+00 0.378E-02 0.236E-03 0.190E-02 0.118E-03
      2       1      24    2048       4       4 0.634E-01 0.253E+00 0.585E-01 0.234E+00 0.937E-03 0.586E-04 0.928E-03 0.580E-04
      2       1      24     256       4       4 0.185E-01 0.740E-01 0.166E-01 0.663E-01 0.384E-03 0.240E-04 0.377E-03 0.236E-04
      2       1      24    4096       4       4 0.122E+00 0.485E+00 0.954E-01 0.380E+00 0.226E-02 0.141E-03 0.158E-02 0.988E-04
      2       1      24     512       4       4 0.286E-01 0.114E+00 0.260E-01 0.104E+00 0.549E-03 0.343E-04 0.520E-03 0.325E-04
      2       1      24    8192       4       4 0.113E+00 0.452E+00 0.103E+00 0.412E+00 0.183E-02 0.115E-03 0.148E-02 0.924E-04
      2       1       4    1024       4       4 0.296E-01 0.118E+00 0.272E-01 0.109E+00 0.540E-03 0.337E-04 0.462E-03 0.289E-04
      2       1       4   16384       4       4 0.120E+00 0.478E+00 0.111E+00 0.444E+00 0.148E-02 0.928E-04 0.129E-02 0.807E-04
      2       1       4    2048       4       4 0.389E-01 0.155E+00 0.347E-01 0.139E+00 0.474E-03 0.296E-04 0.502E-03 0.314E-04
      2       1       4     256       4       4 0.156E-01 0.621E-01 0.127E-01 0.508E-01 0.249E-03 0.156E-04 0.211E-03 0.132E-04
      2       1       4    4096       4       4 0.513E-01 0.203E+00 0.436E-01 0.174E+00 0.419E-03 0.262E-04 0.465E-03 0.291E-04
      2       1       4     512       4       4 0.195E-01 0.780E-01 0.176E-01 0.701E-01 0.443E-03 0.277E-04 0.437E-03 0.273E-04
      2       1       4    8192       4       4 0.774E-01 0.309E+00 0.683E-01 0.272E+00 0.104E-02 0.652E-04 0.880E-03 0.550E-04
      2       1       8    1024       4       4 0.318E-01 0.127E+00 0.279E-01 0.112E+00 0.454E-03 0.284E-04 0.414E-03 0.259E-04
      2       1       8   16384       4       4 0.129E+00 0.515E+00 0.116E+00 0.463E+00 0.138E-02 0.860E-04 0.122E-02 0.765E-04
      2       1       8    2048       4       4 0.451E-01 0.180E+00 0.472E-01 0.188E+00 0.542E-03 0.339E-04 0.491E-03 0.307E-04
      2       1       8     256       4       4 0.169E-01 0.675E-01 0.149E-01 0.594E-01 0.335E-03 0.209E-04 0.350E-03 0.219E-04
      2       1       8    4096       4       4 0.613E-01 0.245E+00 0.585E-01 0.234E+00 0.606E-03 0.379E-04 0.633E-03 0.396E-04
      2       1       8     512       4       4 0.231E-01 0.921E-01 0.212E-01 0.848E-01 0.427E-03 0.267E-04 0.409E-03 0.255E-04
      2       1       8    8192       4       4 0.809E-01 0.320E+00 0.689E-01 0.275E+00 0.626E-03 0.391E-04 0.661E-03 0.413E-04
      3       1       1    1024       4       4 0.680E-03 0.268E-02 0.148E-04 0.219E-04 0.727E-04 0.454E-05 0.618E-04 0.386E-05
      3       1       1 1048576       4       4 0.104E-01 0.128E-01 0.912E-02 0.982E-02 0.217E+00 0.135E-01 0.220E+00 0.138E-01
      3       1       1  131072       4       4 0.255E-02 0.488E-02 0.202E-02 0.242E-02 0.197E-01 0.123E-02 0.179E-01 0.112E-02
      3       1       1   16384       4       4 0.935E-03 0.317E-02 0.230E-03 0.275E-03 0.201E-02 0.126E-03 0.184E-02 0.115E-03
      3       1       1    2048       4       4 0.768E-03 0.294E-02 0.415E-04 0.610E-04 0.182E-03 0.114E-04 0.200E-03 0.125E-04
      3       1       1     256       4       4 0.689E-03 0.274E-02 0.453E-05 0.691E-05 0.238E-04 0.149E-05 0.172E-04 0.107E-05
      3       1       1  262144       4       4 0.311E-02 0.565E-02 0.225E-02 0.258E-02 0.458E-01 0.286E-02 0.453E-01 0.283E-02
      3       1       1   32768       4       4 0.117E-02 0.331E-02 0.556E-03 0.618E-03 0.403E-02 0.252E-03 0.383E-02 0.240E-03
      3       1       1    4096       4       4 0.821E-03 0.306E-02 0.774E-04 0.103E-03 0.366E-03 0.229E-04 0.325E-03 0.203E-04
      3       1       1     512       4       4 0.720E-03 0.285E-02 0.781E-05 0.122E-04 0.317E-04 0.198E-05 0.286E-04 0.179E-05
      3       1       1  524288       4       4 0.561E-02 0.812E-02 0.445E-02 0.473E-02 0.983E-01 0.615E-02 0.100E+00 0.627E-02
      3       1       1   65536       4       4 0.150E-02 0.359E-02 0.913E-03 0.118E-02 0.922E-02 0.576E-03 0.881E-02 0.550E-03
      3       1       1    8192       4       4 0.821E-03 0.299E-02 0.125E-03 0.147E-03 0.827E-03 0.517E-04 0.805E-03 0.503E-04
      3       1      12    1024       4       4 0.404E-02 0.161E-01 0.156E-04 0.250E-04 0.873E-04 0.545E-05 0.858E-04 0.536E-05
      3       1      12 1048576       4       4 0.121E-02 0.435E-02 0.174E-03 0.189E-03 0.868E-01 0.542E-02 0.805E-01 0.503E-02
      3       1      12  131072       4       4 0.338E-02 0.133E-01 0.782E-04 0.117E-03 0.170E-01 0.106E-02 0.160E-01 0.998E-03
      3       1      12   16384       4       4 0.423E-02 0.168E-01 0.337E-04 0.539E-04 0.221E-02 0.138E-03 0.181E-02 0.113E-03
      3       1      12    2048       4       4 0.652E-02 0.259E-01 0.502E-04 0.529E-04 0.618E-03 0.386E-04 0.395E-03 0.247E-04
      3       1      12     256       4       4 0.640E-02 0.256E-01 0.530E-05 0.906E-05 0.243E-04 0.152E-05 0.329E-04 0.206E-05
      3       1      12  262144       4       4 0.685E-02 0.271E-01 0.853E-04 0.911E-04 0.312E-01 0.195E-02 0.285E-01 0.178E-02
      3       1      12   32768       4       4 0.507E-02 0.202E-01 0.422E-04 0.432E-04 0.562E-02 0.351E-03 0.576E-02 0.360E-03
      3       1      12    4096       4       4 0.471E-02 0.187E-01 0.855E-04 0.980E-04 0.900E-03 0.562E-04 0.722E-03 0.451E-04
      3       1      12     512       4       4 0.441E-02 0.176E-01 0.846E-05 0.131E-04 0.362E-04 0.226E-05 0.331E-04 0.207E-05
      3       1      12  524288       4       4 0.234E-02 0.881E-02 0.145E-03 0.175E-03 0.410E-01 0.256E-02 0.399E-01 0.249E-02
      3       1      12   65536       4       4 0.370E-02 0.147E-01 0.547E-04 0.670E-04 0.124E-01 0.775E-03 0.117E-01 0.733E-03
      3       1      12    8192       4       4 0.635E-02 0.253E-01 0.263E-04 0.300E-04 0.192E-02 0.120E-03 0.175E-02 0.109E-03
      3       1      16    1024       4       4 0.228E-02 0.907E-02 0.191E-04 0.360E-04 0.885E-04 0.553E-05 0.808E-04 0.505E-05
      3       1      16 1048576       4       4 0.139E-02 0.499E-02 0.168E-03 0.189E-03 0.112E+00 0.701E-02 0.972E-01 0.607E-02
      3       1      16  131072       4       4 0.315E-02 0.124E-01 0.689E-04 0.770E-04 0.195E-01 0.122E-02 0.193E-01 0.120E-02
      3       1      16   16384       4       4 0.424E-02 0.169E-01 0.268E-04 0.319E-04 0.243E-02 0.152E-03 0.195E-02 0.122E-03
      3       1      16    2048       4       4 0.439E-02 0.175E-01 0.466E-04 0.501E-04 0.657E-03 0.410E-04 0.411E-03 0.257E-04
      3       1      16     256       4       4 0.529E-02 0.211E-01 0.578E-05 0.100E-04 0.231E-04 0.145E-05 0.191E-04 0.119E-05
      3       1      16  262144       4       4 0.182E-02 0.703E-02 0.874E-04 0.105E-03 0.385E-01 0.241E-02 0.358E-01 0.224E-02
      3       1      16   32768       4       4 0.310E-02 0.123E-01 0.448E-04 0.520E-04 0.589E-02 0.368E-03 0.594E-02 0.371E-03
      3       1      16    4096       4       4 0.434E-02 0.172E-01 0.830E-04 0.920E-04 0.753E-03 0.471E-04 0.567E-03 0.354E-04
      3       1      16     512       4       4 0.435E-02 0.174E-01 0.936E-05 0.131E-04 0.365E-04 0.228E-05 0.448E-04 0.280E-05
      3       1      16  524288       4       4 0.504E-02 0.196E-01 0.143E-03 0.164E-03 0.492E-01 0.308E-02 0.476E-01 0.298E-02
      3       1      16   65536       4       4 0.482E-02 0.191E-01 0.550E-04 0.691E-04 0.142E-01 0.888E-03 0.143E-01 0.895E-03
      3       1      16    8192       4       4 0.422E-02 0.168E-01 0.295E-04 0.310E-04 0.179E-02 0.112E-03 0.175E-02 0.109E-03
      3       1       2    1024       4       4 0.564E-03 0.221E-02 0.138E-04 0.229E-04 0.756E-04 0.472E-05 0.629E-04 0.393E-05
      3       1       2 1048576       4       4 0.135E-02 0.485E-02 0.169E-03 0.229E-03 0.221E+00 0.138E-01 0.211E+00 0.132E-01
      3       1       2  131072       4       4 0.881E-03 0.331E-02 0.720E-04 0.970E-04 0.143E-01 0.893E-03 0.132E-01 0.822E-03
      3       1       2   16384       4       4 0.308E-02 0.122E-01 0.247E-04 0.279E-04 0.184E-02 0.115E-03 0.173E-02 0.108E-03
      3       1       2    2048       4       4 0.317E-02 0.126E-01 0.475E-04 0.598E-04 0.324E-03 0.203E-04 0.228E-03 0.143E-04
      3       1       2     256       4       4 0.317E-02 0.127E-01 0.578E-05 0.100E-04 0.360E-04 0.225E-05 0.374E-04 0.234E-05
      3       1       2  262144       4       4 0.856E-03 0.313E-02 0.822E-04 0.930E-04 0.420E-01 0.262E-02 0.375E-01 0.235E-02
      3       1       2   32768       4       4 0.266E-02 0.106E-01 0.430E-04 0.520E-04 0.365E-02 0.228E-03 0.361E-02 0.226E-03
      3       1       2    4096       4       4 0.758E-03 0.288E-02 0.787E-04 0.958E-04 0.826E-03 0.516E-04 0.751E-03 0.469E-04
      3       1       2     512       4       4 0.315E-02 0.126E-01 0.142E-04 0.350E-04 0.529E-04 0.331E-05 0.334E-04 0.209E-05
      3       1       2  524288       4       4 0.117E-02 0.421E-02 0.128E-03 0.154E-03 0.899E-01 0.562E-02 0.900E-01 0.562E-02
      3       1       2   65536       4       4 0.119E-02 0.461E-02 0.468E-04 0.660E-04 0.125E-01 0.779E-03 0.100E-01 0.625E-03
      3       1       2    8192       4       4 0.275E-02 0.109E-01 0.252E-04 0.360E-04 0.961E-03 0.601E-04 0.965E-03 0.603E-04
      3       1      24    1024       4       4 0.401E-02 0.160E-01 0.148E-04 0.210E-04 0.982E-04 0.614E-05 0.732E-04 0.457E-05
      3       1      24 1048576       4       4 0.709E-03 0.224E-02 0.178E-03 0.200E-03 0.124E+00 0.775E-02 0.117E+00 0.729E-02
      3       1      24  131072       4       4 0.433E-02 0.171E-01 0.850E-04 0.106E-03 0.226E-01 0.142E-02 0.233E-01 0.146E-02
      3       1      24   16384       4       4 0.497E-02 0.198E-01 0.298E-04 0.350E-04 0.157E-02 0.983E-04 0.112E-02 0.700E-04
      3       1      24    2048       4       4 0.410E-02 0.163E-01 0.488E-04 0.510E-04 0.501E-03 0.313E-04 0.237E-03 0.148E-04
      3       1      24     256       4       4 0.398E-02 0.159E-01 0.817E-05 0.100E-04 0.391E-04 0.244E-05 0.308E-04 0.192E-05
      3       1      24  262144       4       4 0.354E-02 0.138E-01 0.945E-04 0.107E-03 0.536E-01 0.335E-02 0.510E-01 0.319E-02
      3       1      24   32768       4       4 0.406E-02 0.161E-01 0.448E-04 0.539E-04 0.578E-02 0.361E-03 0.537E-02 0.335E-03
      3       1      24    4096       4       4 0.441E-02 0.174E-01 0.113E-03 0.135E-03 0.667E-03 0.417E-04 0.384E-03 0.240E-04
      3       1      24     512       4       4 0.408E-02 0.163E-01 0.924E-05 0.141E-04 0.420E-04 0.262E-05 0.346E-04 0.216E-05
      3       1      24  524288       4       4 0.365E-02 0.140E-01 0.155E-03 0.186E-03 0.597E-01 0.373E-02 0.591E-01 0.369E-02
      3       1      24   65536       4       4 0.402E-02 0.159E-01 0.601E-04 0.739E-04 0.145E-01 0.909E-03 0.140E-01 0.875E-03
      3       1      24    8192       4       4 0.420E-02 0.167E-01 0.268E-04 0.319E-04 0.209E-02 0.131E-03 0.170E-02 0.106E-03
      3       1       4    1024       4       4 0.461E-02 0.184E-01 0.142E-04 0.241E-04 0.782E-04 0.489E-05 0.622E-04 0.389E-05
      3       1       4 1048576       4       4 0.564E-02 0.219E-01 0.179E-03 0.219E-03 0.125E+00 0.780E-02 0.117E+00 0.730E-02
      3       1       4  131072       4       4 0.402E-02 0.159E-01 0.927E-04 0.107E-03 0.150E-01 0.937E-03 0.133E-01 0.834E-03
      3       1       4   16384       4       4 0.414E-02 0.165E-01 0.320E-04 0.460E-04 0.253E-02 0.158E-03 0.203E-02 0.127E-03
      3       1       4    2048       4       4 0.435E-02 0.173E-01 0.439E-04 0.441E-04 0.528E-03 0.330E-04 0.347E-03 0.217E-04
      3       1       4     256       4       4 0.437E-02 0.175E-01 0.483E-05 0.811E-05 0.207E-04 0.130E-05 0.207E-04 0.130E-05
      3       1       4  262144       4       4 0.566E-02 0.223E-01 0.852E-04 0.939E-04 0.281E-01 0.176E-02 0.245E-01 0.153E-02
      3       1       4   32768       4       4 0.645E-02 0.257E-01 0.471E-04 0.551E-04 0.509E-02 0.318E-03 0.489E-02 0.306E-03
      3       1       4    4096       4       4 0.730E-02 0.290E-01 0.743E-04 0.811E-04 0.716E-03 0.448E-04 0.534E-03 0.334E-04
      3       1       4     512       4       4 0.462E-02 0.184E-01 0.793E-05 0.119E-04 0.341E-04 0.213E-05 0.334E-04 0.209E-05
      3       1       4  524288       4       4 0.128E-02 0.464E-02 0.144E-03 0.182E-03 0.556E-01 0.347E-02 0.551E-01 0.344E-02
      3       1       4   65536       4       4 0.276E-02 0.109E-01 0.474E-04 0.532E-04 0.790E-02 0.493E-03 0.703E-02 0.439E-03
      3       1       4    8192       4       4 0.440E-02 0.175E-01 0.270E-04 0.360E-04 0.133E-02 0.831E-04 0.125E-02 0.781E-04
      3       1       8    1024       4       4 0.865E-02 0.345E-01 0.225E-04 0.329E-04 0.104E-03 0.648E-05 0.856E-04 0.535E-05
      3       1       8 1048576       4       4 0.161E-02 0.590E-02 0.166E-03 0.177E-03 0.900E-01 0.563E-02 0.818E-01 0.511E-02
      3       1       8  131072       4       4 0.498E-02 0.196E-01 0.786E-04 0.110E-03 0.159E-01 0.995E-03 0.158E-01 0.987E-03
      3       1       8   16384       4       4 0.609E-02 0.242E-01 0.326E-04 0.441E-04 0.224E-02 0.140E-03 0.189E-02 0.118E-03
      3       1       8    2048       4       4 0.557E-02 0.221E-01 0.536E-04 0.660E-04 0.628E-03 0.392E-04 0.367E-03 0.229E-04
      3       1       8     256       4       4 0.559E-02 0.223E-01 0.572E-05 0.906E-05 0.260E-04 0.162E-05 0.176E-04 0.110E-05
      3       1       8  262144       4       4 0.361E-02 0.141E-01 0.100E-03 0.126E-03 0.297E-01 0.186E-02 0.233E-01 0.146E-02
      3       1       8   32768       4       4 0.604E-02 0.240E-01 0.416E-04 0.451E-04 0.472E-02 0.295E-03 0.477E-02 0.298E-03
      3       1       8    4096       4       4 0.643E-02 0.256E-01 0.818E-04 0.870E-04 0.832E-03 0.520E-04 0.651E-03 0.407E-04
      3       1       8     512       4       4 0.619E-02 0.247E-01 0.846E-05 0.131E-04 0.365E-04 0.228E-05 0.312E-04 0.195E-05
      3       1       8  524288       4       4 0.805E-03 0.278E-02 0.129E-03 0.139E-03 0.403E-01 0.252E-02 0.390E-01 0.244E-02
      3       1       8   65536       4       4 0.686E-02 0.273E-01 0.584E-04 0.820E-04 0.948E-02 0.592E-03 0.896E-02 0.560E-03
      3       1       8    8192       4       4 0.647E-02 0.258E-01 0.349E-04 0.439E-04 0.146E-02 0.912E-04 0.128E-02 0.801E-04
