res3dctp4=[      2       1     127     127     127       4 0.437E+00 0.175E+01 0.414E+00 0.166E+01 0.484E+00 0.121E+00 0.483E+00 0.121E+00
      2       1      17      17      17       4 0.220E-02 0.865E-02 0.199E-02 0.785E-02 0.616E-03 0.154E-03 0.599E-03 0.150E-03
      2       1     257     257     257       4 0.259E+01 0.104E+02 0.257E+01 0.103E+02 0.551E+01 0.138E+01 0.552E+01 0.138E+01
      2       1      31      31      31       4 0.181E-01 0.722E-01 0.178E-01 0.712E-01 0.538E-02 0.135E-02 0.542E-02 0.135E-02
      2       1     509     509     509       4 0.489E+01 0.196E+02 0.487E+01 0.195E+02 0.360E+02 0.899E+01 0.361E+02 0.904E+01
      2       1      67      67      67       4 0.760E-01 0.303E+00 0.766E-01 0.306E+00 0.897E-01 0.224E-01 0.920E-01 0.230E-01
      2       1       7       7       7       4 0.180E-02 0.710E-02 0.158E-02 0.624E-02 0.100E-04 0.250E-05 0.596E-05 0.149E-05
      2      12     127     127     127       4 0.480E+00 0.191E+01 0.448E+00 0.178E+01 0.104E+00 0.260E-01 0.767E-01 0.192E-01
      2      12      17      17      17       4 0.135E-01 0.523E-01 0.124E-01 0.481E-01 0.431E-03 0.108E-03 0.399E-03 0.998E-04
      2      12     257     257     257       4 0.266E+01 0.106E+02 0.276E+01 0.110E+02 0.802E+00 0.201E+00 0.782E+00 0.196E+00
      2      12      31      31      31       4 0.602E-01 0.238E+00 0.609E-01 0.242E+00 0.134E-02 0.334E-03 0.140E-02 0.349E-03
      2      12     509     509     509       4 0.803E+01 0.321E+02 0.795E+01 0.318E+02 0.424E+01 0.106E+01 0.425E+01 0.106E+01
      2      12      67      67      67       4 0.118E+00 0.469E+00 0.112E+00 0.442E+00 0.242E-01 0.605E-02 0.236E-01 0.590E-02
      2      12       7       7       7       4 0.675E-02 0.262E-01 0.583E-02 0.224E-01 0.302E-03 0.755E-04 0.292E-03 0.730E-04
      2      16     127     127     127       4 0.498E+00 0.198E+01 0.466E+00 0.186E+01 0.126E+00 0.314E-01 0.112E+00 0.281E-01
      2      16      17      17      17       4 0.105E-01 0.402E-01 0.103E-01 0.395E-01 0.348E-03 0.870E-04 0.262E-03 0.654E-04
      2      16     257     257     257       4 0.251E+01 0.100E+02 0.260E+01 0.104E+02 0.832E+00 0.208E+00 0.695E+00 0.174E+00
      2      16      31      31      31       4 0.657E-01 0.261E+00 0.640E-01 0.255E+00 0.154E-02 0.385E-03 0.147E-02 0.368E-03
      2      16     509     509     509       4 0.722E+01 0.289E+02 0.720E+01 0.288E+02 0.352E+01 0.879E+00 0.354E+01 0.884E+00
      2      16      67      67      67       4 0.104E+00 0.403E+00 0.101E+00 0.394E+00 0.231E-01 0.579E-02 0.236E-01 0.590E-02
      2      16       7       7       7       4 0.537E-02 0.199E-01 0.504E-02 0.186E-01 0.524E-03 0.131E-03 0.346E-03 0.865E-04
      2       2     127     127     127       4 0.714E+00 0.286E+01 0.695E+00 0.278E+01 0.314E+00 0.786E-01 0.288E+00 0.719E-01
      2       2      17      17      17       4 0.738E-02 0.292E-01 0.709E-02 0.282E-01 0.440E-03 0.110E-03 0.447E-03 0.112E-03
      2       2     257     257     257       4 0.663E+01 0.265E+02 0.669E+01 0.267E+02 0.310E+01 0.775E+00 0.307E+01 0.769E+00
      2       2      31      31      31       4 0.402E-01 0.160E+00 0.397E-01 0.158E+00 0.362E-02 0.904E-03 0.353E-02 0.883E-03
      2       2     509     509     509       4 0.107E+02 0.427E+02 0.107E+02 0.427E+02 0.198E+02 0.495E+01 0.200E+02 0.500E+01
      2       2      67      67      67       4 0.146E+00 0.582E+00 0.136E+00 0.544E+00 0.545E-01 0.136E-01 0.538E-01 0.134E-01
      2       2       7       7       7       4 0.464E-02 0.183E-01 0.437E-02 0.174E-01 0.832E-04 0.208E-04 0.582E-04 0.145E-04
      2      24     127     127     127       4 0.457E+00 0.180E+01 0.462E+00 0.182E+01 0.741E-01 0.185E-01 0.715E-01 0.179E-01
      2      24      17      17      17       4 0.142E-01 0.516E-01 0.142E-01 0.520E-01 0.979E-03 0.245E-03 0.514E-03 0.129E-03
      2      24     257     257     257       4 0.254E+01 0.102E+02 0.265E+01 0.106E+02 0.644E+00 0.161E+00 0.576E+00 0.144E+00
      2      24      31      31      31       4 0.754E-01 0.298E+00 0.774E-01 0.307E+00 0.159E-02 0.398E-03 0.164E-02 0.409E-03
      2      24     509     509     509       4 0.636E+01 0.254E+02 0.612E+01 0.244E+02 0.287E+01 0.717E+00 0.277E+01 0.692E+00
      2      24      67      67      67       4 0.135E+00 0.517E+00 0.129E+00 0.498E+00 0.225E-01 0.561E-02 0.193E-01 0.482E-02
      2      24       7       7       7       4 0.588E-02 0.210E-01 0.538E-02 0.192E-01 0.559E-03 0.140E-03 0.434E-03 0.108E-03
      2       4     127     127     127       4 0.454E+00 0.181E+01 0.436E+00 0.174E+01 0.173E+00 0.433E-01 0.170E+00 0.425E-01
      2       4      17      17      17       4 0.770E-02 0.303E-01 0.755E-02 0.298E-01 0.450E-03 0.112E-03 0.431E-03 0.108E-03
      2       4     257     257     257       4 0.411E+01 0.164E+02 0.407E+01 0.163E+02 0.179E+01 0.448E+00 0.173E+01 0.434E+00
      2       4      31      31      31       4 0.383E-01 0.153E+00 0.381E-01 0.152E+00 0.168E-02 0.419E-03 0.165E-02 0.412E-03
      2       4     509     509     509       4 0.791E+01 0.317E+02 0.809E+01 0.324E+02 0.114E+02 0.284E+01 0.112E+02 0.280E+01
      2       4      67      67      67       4 0.123E+00 0.490E+00 0.123E+00 0.492E+00 0.289E-01 0.723E-02 0.286E-01 0.714E-02
      2       4       7       7       7       4 0.518E-02 0.204E-01 0.470E-02 0.185E-01 0.851E-04 0.213E-04 0.801E-04 0.200E-04
      2       8     127     127     127       4 0.404E+00 0.161E+01 0.356E+00 0.142E+01 0.873E-01 0.218E-01 0.840E-01 0.210E-01
      2       8      17      17      17       4 0.117E-01 0.454E-01 0.111E-01 0.435E-01 0.404E-03 0.101E-03 0.359E-03 0.897E-04
      2       8     257     257     257       4 0.309E+01 0.123E+02 0.319E+01 0.128E+02 0.965E+00 0.241E+00 0.924E+00 0.231E+00
      2       8      31      31      31       4 0.493E-01 0.196E+00 0.495E-01 0.197E+00 0.164E-02 0.410E-03 0.162E-02 0.406E-03
      2       8     509     509     509       4 0.789E+01 0.316E+02 0.782E+01 0.313E+02 0.592E+01 0.148E+01 0.576E+01 0.144E+01
      2       8      67      67      67       4 0.113E+00 0.451E+00 0.109E+00 0.433E+00 0.271E-01 0.678E-02 0.266E-01 0.664E-02
      2       8       7       7       7       4 0.660E-02 0.253E-01 0.604E-02 0.232E-01 0.701E-03 0.175E-03 0.214E-03 0.535E-04
      3       1     127     127     127       4 0.820E-03 0.302E-02 0.601E-04 0.720E-04 0.332E+00 0.829E-01 0.343E+00 0.858E-01
      3       1      17      17      17       4 0.925E-03 0.367E-02 0.674E-05 0.110E-04 0.435E-03 0.109E-03 0.420E-03 0.105E-03
      3       1     257     257     257       4 0.110E-02 0.396E-02 0.119E-03 0.145E-03 0.439E+01 0.110E+01 0.454E+01 0.114E+01
      3       1      31      31      31       4 0.812E-03 0.322E-02 0.751E-05 0.119E-04 0.373E-02 0.932E-03 0.366E-02 0.915E-03
      3       1     509     509     509       4 0.114E-02 0.397E-02 0.190E-03 0.262E-03 0.293E+02 0.733E+01 0.305E+02 0.762E+01
      3       1      67      67      67       4 0.969E-03 0.382E-02 0.125E-04 0.210E-04 0.101E+00 0.252E-01 0.100E+00 0.251E-01
      3       1       7       7       7       4 0.897E-03 0.359E-02 0.107E-05 0.310E-05 0.198E-04 0.495E-05 0.103E-04 0.256E-05
      3      12     127     127     127       4 0.847E-03 0.309E-02 0.666E-04 0.761E-04 0.354E-01 0.886E-02 0.358E-01 0.896E-02
      3      12      17      17      17       4 0.628E-02 0.251E-01 0.829E-05 0.119E-04 0.304E-03 0.760E-04 0.168E-03 0.420E-04
      3      12     257     257     257       4 0.836E-03 0.271E-02 0.196E-03 0.230E-03 0.462E+00 0.115E+00 0.480E+00 0.120E+00
      3      12      31      31      31       4 0.399E-02 0.159E-01 0.103E-04 0.150E-04 0.785E-03 0.196E-03 0.675E-03 0.169E-03
      3      12     509     509     509       4 0.111E-02 0.366E-02 0.228E-03 0.238E-03 0.304E+01 0.760E+00 0.318E+01 0.796E+00
      3      12      67      67      67       4 0.217E-02 0.861E-02 0.156E-04 0.181E-04 0.124E-01 0.310E-02 0.121E-01 0.303E-02
      3      12       7       7       7       4 0.426E-02 0.170E-01 0.954E-06 0.191E-05 0.238E-04 0.596E-05 0.153E-04 0.381E-05
      3      16     127     127     127       4 0.156E-02 0.590E-02 0.703E-04 0.801E-04 0.263E-01 0.658E-02 0.262E-01 0.656E-02
      3      16      17      17      17       4 0.422E-02 0.168E-01 0.823E-05 0.119E-04 0.294E-03 0.735E-04 0.154E-03 0.386E-04
      3      16     257     257     257       4 0.621E-03 0.196E-02 0.135E-03 0.164E-03 0.372E+00 0.930E-01 0.378E+00 0.946E-01
      3      16      31      31      31       4 0.424E-02 0.169E-01 0.147E-04 0.231E-04 0.729E-03 0.182E-03 0.531E-03 0.133E-03
      3      16     509     509     509       4 0.105E-02 0.355E-02 0.188E-03 0.236E-03 0.234E+01 0.586E+00 0.242E+01 0.604E+00
      3      16      67      67      67       4 0.210E-02 0.833E-02 0.162E-04 0.241E-04 0.937E-02 0.234E-02 0.163E-01 0.407E-02
      3      16       7       7       7       4 0.429E-02 0.171E-01 0.149E-05 0.286E-05 0.308E-04 0.769E-05 0.141E-04 0.352E-05
      3       2     127     127     127       4 0.178E-02 0.685E-02 0.625E-04 0.730E-04 0.173E+00 0.432E-01 0.180E+00 0.451E-01
      3       2      17      17      17       4 0.353E-02 0.141E-01 0.882E-05 0.110E-04 0.376E-03 0.939E-04 0.290E-03 0.726E-04
      3       2     257     257     257       4 0.918E-03 0.315E-02 0.153E-03 0.169E-03 0.226E+01 0.565E+00 0.235E+01 0.587E+00
      3       2      31      31      31       4 0.334E-02 0.133E-01 0.799E-05 0.131E-04 0.211E-02 0.528E-03 0.200E-02 0.500E-03
      3       2     509     509     509       4 0.127E-02 0.442E-02 0.194E-03 0.232E-03 0.153E+02 0.383E+01 0.158E+02 0.395E+01
      3       2      67      67      67       4 0.791E-03 0.311E-02 0.131E-04 0.210E-04 0.526E-01 0.132E-01 0.527E-01 0.132E-01
      3       2       7       7       7       4 0.335E-02 0.134E-01 0.107E-05 0.215E-05 0.184E-04 0.459E-05 0.110E-04 0.274E-05
      3      24     127     127     127       4 0.748E-03 0.268E-02 0.955E-04 0.171E-03 0.225E-01 0.563E-02 0.199E-01 0.498E-02
      3      24      17      17      17       4 0.419E-02 0.167E-01 0.107E-04 0.148E-04 0.980E-03 0.245E-03 0.111E-03 0.277E-04
      3      24     257     257     257       4 0.692E-03 0.206E-02 0.209E-03 0.273E-03 0.239E+00 0.598E-01 0.247E+00 0.617E-01
      3      24      31      31      31       4 0.602E-02 0.240E-01 0.995E-05 0.150E-04 0.969E-03 0.242E-03 0.520E-03 0.130E-03
      3      24     509     509     509       4 0.110E-02 0.376E-02 0.190E-03 0.231E-03 0.176E+01 0.441E+00 0.178E+01 0.445E+00
      3      24      67      67      67       4 0.356E-02 0.142E-01 0.157E-04 0.200E-04 0.726E-02 0.181E-02 0.694E-02 0.173E-02
      3      24       7       7       7       4 0.538E-02 0.215E-01 0.125E-05 0.191E-05 0.229E-04 0.572E-05 0.150E-04 0.376E-05
      3       4     127     127     127       4 0.346E-02 0.135E-01 0.607E-04 0.699E-04 0.896E-01 0.224E-01 0.924E-01 0.231E-01
      3       4      17      17      17       4 0.335E-02 0.134E-01 0.745E-05 0.119E-04 0.295E-03 0.738E-04 0.193E-03 0.482E-04
      3       4     257     257     257       4 0.824E-03 0.284E-02 0.128E-03 0.154E-03 0.120E+01 0.299E+00 0.124E+01 0.310E+00
      3       4      31      31      31       4 0.332E-02 0.132E-01 0.983E-05 0.131E-04 0.175E-02 0.439E-03 0.164E-02 0.410E-03
      3       4     509     509     509       4 0.112E-02 0.371E-02 0.228E-03 0.237E-03 0.799E+01 0.200E+01 0.827E+01 0.207E+01
      3       4      67      67      67       4 0.509E-02 0.203E-01 0.142E-04 0.210E-04 0.279E-01 0.697E-02 0.280E-01 0.699E-02
      3       4       7       7       7       4 0.393E-02 0.157E-01 0.536E-06 0.215E-05 0.210E-04 0.525E-05 0.100E-04 0.250E-05
      3       8     127     127     127       4 0.169E-02 0.639E-02 0.833E-04 0.121E-03 0.481E-01 0.120E-01 0.489E-01 0.122E-01
      3       8      17      17      17       4 0.640E-02 0.256E-01 0.924E-05 0.131E-04 0.311E-03 0.778E-04 0.201E-03 0.502E-04
      3       8     257     257     257       4 0.756E-03 0.254E-02 0.130E-03 0.157E-03 0.659E+00 0.165E+00 0.664E+00 0.166E+00
      3       8      31      31      31       4 0.518E-02 0.207E-01 0.106E-04 0.138E-04 0.769E-03 0.192E-03 0.650E-03 0.163E-03
      3       8     509     509     509       4 0.118E-02 0.409E-02 0.191E-03 0.253E-03 0.428E+01 0.107E+01 0.442E+01 0.110E+01
      3       8      67      67      67       4 0.240E-02 0.951E-02 0.173E-04 0.269E-04 0.162E-01 0.406E-02 0.158E-01 0.394E-02
      3       8       7       7       7       4 0.551E-02 0.220E-01 0.155E-05 0.405E-05 0.200E-04 0.501E-05 0.978E-05 0.244E-05
      4       1     127     127     127       4 0.000E+00 0.000E+00 0.000E+00 0.000E+00 0.000E+00 0.000E+00 0.000E+00 0.000E+00
      4       1      17      17      17       4 0.000E+00 0.000E+00 0.000E+00 0.000E+00 0.000E+00 0.000E+00 0.000E+00 0.000E+00
      4       1     257     257     257       4 0.000E+00 0.000E+00 0.000E+00 0.000E+00 0.000E+00 0.000E+00 0.000E+00 0.000E+00
      4       1      31      31      31       4 0.000E+00 0.000E+00 0.000E+00 0.000E+00 0.000E+00 0.000E+00 0.000E+00 0.000E+00
      4       1     509     509     509       4 0.000E+00 0.000E+00 0.000E+00 0.000E+00 0.000E+00 0.000E+00 0.000E+00 0.000E+00
      4       1      67      67      67       4 0.000E+00 0.000E+00 0.000E+00 0.000E+00 0.000E+00 0.000E+00 0.000E+00 0.000E+00
      4       1       7       7       7       4 0.000E+00 0.000E+00 0.000E+00 0.000E+00 0.000E+00 0.000E+00 0.000E+00 0.000E+00
      4      12     127     127     127       4 0.000E+00 0.000E+00 0.000E+00 0.000E+00 0.000E+00 0.000E+00 0.000E+00 0.000E+00
      4      12      17      17      17       4 0.000E+00 0.000E+00 0.000E+00 0.000E+00 0.000E+00 0.000E+00 0.000E+00 0.000E+00
      4      12     257     257     257       4 0.000E+00 0.000E+00 0.000E+00 0.000E+00 0.000E+00 0.000E+00 0.000E+00 0.000E+00
      4      12      31      31      31       4 0.000E+00 0.000E+00 0.000E+00 0.000E+00 0.000E+00 0.000E+00 0.000E+00 0.000E+00
      4      12     509     509     509       4 0.000E+00 0.000E+00 0.000E+00 0.000E+00 0.000E+00 0.000E+00 0.000E+00 0.000E+00
      4      12      67      67      67       4 0.000E+00 0.000E+00 0.000E+00 0.000E+00 0.000E+00 0.000E+00 0.000E+00 0.000E+00
      4      12       7       7       7       4 0.000E+00 0.000E+00 0.000E+00 0.000E+00 0.000E+00 0.000E+00 0.000E+00 0.000E+00
      4      16     127     127     127       4 0.000E+00 0.000E+00 0.000E+00 0.000E+00 0.000E+00 0.000E+00 0.000E+00 0.000E+00
      4      16      17      17      17       4 0.000E+00 0.000E+00 0.000E+00 0.000E+00 0.000E+00 0.000E+00 0.000E+00 0.000E+00
      4      16     257     257     257       4 0.000E+00 0.000E+00 0.000E+00 0.000E+00 0.000E+00 0.000E+00 0.000E+00 0.000E+00
      4      16      31      31      31       4 0.000E+00 0.000E+00 0.000E+00 0.000E+00 0.000E+00 0.000E+00 0.000E+00 0.000E+00
      4      16     509     509     509       4 0.000E+00 0.000E+00 0.000E+00 0.000E+00 0.000E+00 0.000E+00 0.000E+00 0.000E+00
      4      16      67      67      67       4 0.000E+00 0.000E+00 0.000E+00 0.000E+00 0.000E+00 0.000E+00 0.000E+00 0.000E+00
      4      16       7       7       7       4 0.000E+00 0.000E+00 0.000E+00 0.000E+00 0.000E+00 0.000E+00 0.000E+00 0.000E+00
      4       2     127     127     127       4 0.000E+00 0.000E+00 0.000E+00 0.000E+00 0.000E+00 0.000E+00 0.000E+00 0.000E+00
      4       2      17      17      17       4 0.000E+00 0.000E+00 0.000E+00 0.000E+00 0.000E+00 0.000E+00 0.000E+00 0.000E+00
      4       2     257     257     257       4 0.000E+00 0.000E+00 0.000E+00 0.000E+00 0.000E+00 0.000E+00 0.000E+00 0.000E+00
      4       2      31      31      31       4 0.000E+00 0.000E+00 0.000E+00 0.000E+00 0.000E+00 0.000E+00 0.000E+00 0.000E+00
      4       2     509     509     509       4 0.000E+00 0.000E+00 0.000E+00 0.000E+00 0.000E+00 0.000E+00 0.000E+00 0.000E+00
      4       2      67      67      67       4 0.000E+00 0.000E+00 0.000E+00 0.000E+00 0.000E+00 0.000E+00 0.000E+00 0.000E+00
      4       2       7       7       7       4 0.000E+00 0.000E+00 0.000E+00 0.000E+00 0.000E+00 0.000E+00 0.000E+00 0.000E+00
      4      24     127     127     127       4 0.000E+00 0.000E+00 0.000E+00 0.000E+00 0.000E+00 0.000E+00 0.000E+00 0.000E+00
      4      24      17      17      17       4 0.000E+00 0.000E+00 0.000E+00 0.000E+00 0.000E+00 0.000E+00 0.000E+00 0.000E+00
      4      24     257     257     257       4 0.000E+00 0.000E+00 0.000E+00 0.000E+00 0.000E+00 0.000E+00 0.000E+00 0.000E+00
      4      24      31      31      31       4 0.000E+00 0.000E+00 0.000E+00 0.000E+00 0.000E+00 0.000E+00 0.000E+00 0.000E+00
      4      24     509     509     509       4 0.000E+00 0.000E+00 0.000E+00 0.000E+00 0.000E+00 0.000E+00 0.000E+00 0.000E+00
      4      24      67      67      67       4 0.000E+00 0.000E+00 0.000E+00 0.000E+00 0.000E+00 0.000E+00 0.000E+00 0.000E+00
      4      24       7       7       7       4 0.000E+00 0.000E+00 0.000E+00 0.000E+00 0.000E+00 0.000E+00 0.000E+00 0.000E+00
      4       4     127     127     127       4 0.000E+00 0.000E+00 0.000E+00 0.000E+00 0.000E+00 0.000E+00 0.000E+00 0.000E+00
      4       4      17      17      17       4 0.000E+00 0.000E+00 0.000E+00 0.000E+00 0.000E+00 0.000E+00 0.000E+00 0.000E+00
      4       4     257     257     257       4 0.000E+00 0.000E+00 0.000E+00 0.000E+00 0.000E+00 0.000E+00 0.000E+00 0.000E+00
      4       4      31      31      31       4 0.000E+00 0.000E+00 0.000E+00 0.000E+00 0.000E+00 0.000E+00 0.000E+00 0.000E+00
      4       4     509     509     509       4 0.000E+00 0.000E+00 0.000E+00 0.000E+00 0.000E+00 0.000E+00 0.000E+00 0.000E+00
      4       4      67      67      67       4 0.000E+00 0.000E+00 0.000E+00 0.000E+00 0.000E+00 0.000E+00 0.000E+00 0.000E+00
      4       4       7       7       7       4 0.000E+00 0.000E+00 0.000E+00 0.000E+00 0.000E+00 0.000E+00 0.000E+00 0.000E+00
      4       8     127     127     127       4 0.000E+00 0.000E+00 0.000E+00 0.000E+00 0.000E+00 0.000E+00 0.000E+00 0.000E+00
      4       8      17      17      17       4 0.000E+00 0.000E+00 0.000E+00 0.000E+00 0.000E+00 0.000E+00 0.000E+00 0.000E+00
      4       8     257     257     257       4 0.000E+00 0.000E+00 0.000E+00 0.000E+00 0.000E+00 0.000E+00 0.000E+00 0.000E+00
      4       8      31      31      31       4 0.000E+00 0.000E+00 0.000E+00 0.000E+00 0.000E+00 0.000E+00 0.000E+00 0.000E+00
      4       8     509     509     509       4 0.000E+00 0.000E+00 0.000E+00 0.000E+00 0.000E+00 0.000E+00 0.000E+00 0.000E+00
      4       8      67      67      67       4 0.000E+00 0.000E+00 0.000E+00 0.000E+00 0.000E+00 0.000E+00 0.000E+00 0.000E+00
      4       8       7       7       7       4 0.000E+00 0.000E+00 0.000E+00 0.000E+00 0.000E+00 0.000E+00 0.000E+00 0.000E+00];
