      2       1       1    1021       4       4 0.187E+00 0.188E+00 0.105E-03 0.108E-03 0.385E-03 0.240E-04 0.369E-03 0.231E-04
      2       1       1   16381       4       4 0.157E+01 0.158E+01 0.121E-02 0.132E-02 0.134E-01 0.840E-03 0.131E-01 0.821E-03
      2       1       1    2053       4       4 0.969E+00 0.102E+01 0.211E-03 0.217E-03 0.112E-02 0.699E-04 0.103E-02 0.641E-04
      2       1       1     257       4       4 0.217E+00 0.217E+00 0.675E-01 0.676E-01 0.102E-03 0.636E-05 0.958E-04 0.599E-05
      2       1       1    4099       4       4 0.168E+01 0.168E+01 0.386E-03 0.399E-03 0.251E-02 0.157E-03 0.238E-02 0.148E-03
      2       1       1     509       4       4 0.140E+00 0.144E+00 0.930E-04 0.119E-03 0.191E-03 0.119E-04 0.181E-03 0.113E-04
      2       1       1    8191       4       4 0.886E+00 0.889E+00 0.480E-03 0.496E-03 0.482E-02 0.301E-03 0.474E-02 0.296E-03
      2       1      12    1021       4       4 0.460E+00 0.475E+00 0.150E-03 0.171E-03 0.221E-02 0.138E-03 0.124E-02 0.777E-04
      2       1      12   16381       4       4 0.149E+01 0.157E+01 0.166E-02 0.179E-02 0.119E-01 0.743E-03 0.113E-01 0.705E-03
      2       1      12    2053       4       4 0.171E+01 0.178E+01 0.508E-03 0.547E-03 0.466E-02 0.291E-03 0.270E-02 0.169E-03
      2       1      12     257       4       4 0.514E+00 0.538E+00 0.536E+00 0.570E+00 0.702E-03 0.439E-04 0.683E-03 0.427E-04
      2       1      12    4099       4       4 0.258E+01 0.272E+01 0.790E-03 0.845E-03 0.428E-02 0.267E-03 0.419E-02 0.262E-03
      2       1      12     509       4       4 0.318E+00 0.342E+00 0.118E-03 0.127E-03 0.866E-03 0.541E-04 0.847E-03 0.529E-04
      2       1      12    8191       4       4 0.109E+01 0.115E+01 0.102E-02 0.124E-02 0.829E-02 0.518E-03 0.600E-02 0.375E-03
      2       1      16    1021       4       4 0.386E+00 0.392E+00 0.164E-03 0.179E-03 0.120E-02 0.750E-04 0.117E-02 0.731E-04
      2       1      16   16381       4       4 0.154E+01 0.160E+01 0.166E-02 0.177E-02 0.133E-01 0.830E-03 0.113E-01 0.703E-03
      2       1      16    2053       4       4 0.189E+01 0.192E+01 0.541E-03 0.577E-03 0.332E-02 0.208E-03 0.318E-02 0.199E-03
      2       1      16     257       4       4 0.581E+00 0.601E+00 0.656E+00 0.675E+00 0.290E-02 0.181E-03 0.930E-03 0.581E-04
      2       1      16    4099       4       4 0.280E+01 0.286E+01 0.100E-02 0.103E-02 0.856E-02 0.535E-03 0.466E-02 0.291E-03
      2       1      16     509       4       4 0.306E+00 0.320E+00 0.125E-03 0.126E-03 0.927E-03 0.580E-04 0.931E-03 0.582E-04
      2       1      16    8191       4       4 0.103E+01 0.109E+01 0.102E-02 0.115E-02 0.101E-01 0.632E-03 0.642E-02 0.401E-03
      2       1       2    1021       4       4 0.219E+00 0.235E+00 0.130E-03 0.156E-03 0.848E-03 0.530E-04 0.877E-03 0.548E-04
      2       1       2   16381       4       4 0.152E+01 0.155E+01 0.113E-02 0.120E-02 0.101E-01 0.628E-03 0.966E-02 0.604E-03
      2       1       2    2053       4       4 0.992E+00 0.995E+00 0.281E-03 0.289E-03 0.148E-02 0.922E-04 0.142E-02 0.887E-04
      2       1       2     257       4       4 0.261E+00 0.262E+00 0.226E+00 0.275E+00 0.464E-03 0.290E-04 0.439E-03 0.274E-04
      2       1       2    4099       4       4 0.170E+01 0.171E+01 0.413E-03 0.446E-03 0.278E-02 0.173E-03 0.270E-02 0.169E-03
      2       1       2     509       4       4 0.168E+00 0.181E+00 0.815E-04 0.830E-04 0.422E-03 0.264E-04 0.414E-03 0.259E-04
      2       1       2    8191       4       4 0.850E+00 0.885E+00 0.565E-03 0.624E-03 0.448E-02 0.280E-03 0.434E-02 0.271E-03
      2       1      24    1021       4       4 0.540E+00 0.565E+00 0.182E-03 0.201E-03 0.406E-02 0.254E-03 0.169E-02 0.106E-03
      2       1      24   16381       4       4 0.178E+01 0.190E+01 0.229E-02 0.265E-02 0.150E-01 0.935E-03 0.144E-01 0.901E-03
      2       1      24    2053       4       4 0.229E+01 0.232E+01 0.654E-03 0.687E-03 0.173E-01 0.108E-02 0.432E-02 0.270E-03
      2       1      24     257       4       4 0.763E+00 0.773E+00 0.759E+00 0.771E+00 0.517E-02 0.323E-03 0.107E-02 0.670E-04
      2       1      24    4099       4       4 0.343E+01 0.350E+01 0.984E-03 0.107E-02 0.135E-01 0.842E-03 0.597E-02 0.373E-03
      2       1      24     509       4       4 0.398E+00 0.444E+00 0.136E-03 0.160E-03 0.121E-02 0.758E-04 0.115E-02 0.717E-04
      2       1      24    8191       4       4 0.138E+01 0.145E+01 0.140E-02 0.186E-02 0.153E-01 0.954E-03 0.871E-02 0.544E-03
      2       1       4    1021       4       4 0.265E+00 0.283E+00 0.129E-03 0.164E-03 0.115E-02 0.716E-04 0.111E-02 0.692E-04
      2       1       4   16381       4       4 0.140E+01 0.143E+01 0.122E-02 0.129E-02 0.945E-02 0.591E-03 0.923E-02 0.577E-03
      2       1       4    2053       4       4 0.117E+01 0.123E+01 0.384E-03 0.421E-03 0.199E-02 0.125E-03 0.191E-02 0.119E-03
      2       1       4     257       4       4 0.346E+00 0.360E+00 0.369E+00 0.397E+00 0.660E-03 0.412E-04 0.696E-03 0.435E-04
      2       1       4    4099       4       4 0.189E+01 0.193E+01 0.517E-03 0.566E-03 0.296E-02 0.185E-03 0.282E-02 0.176E-03
      2       1       4     509       4       4 0.213E+00 0.220E+00 0.970E-04 0.107E-03 0.556E-03 0.347E-04 0.541E-03 0.338E-04
      2       1       4    8191       4       4 0.901E+00 0.918E+00 0.707E-03 0.757E-03 0.460E-02 0.287E-03 0.445E-02 0.278E-03
      2       1       8    1021       4       4 0.337E+00 0.370E+00 0.133E-03 0.145E-03 0.973E-03 0.608E-04 0.928E-03 0.580E-04
      2       1       8   16381       4       4 0.145E+01 0.156E+01 0.130E-02 0.139E-02 0.973E-02 0.608E-03 0.937E-02 0.585E-03
      2       1       8    2053       4       4 0.144E+01 0.145E+01 0.487E-03 0.561E-03 0.261E-02 0.163E-03 0.257E-02 0.161E-03
      2       1       8     257       4       4 0.478E+00 0.511E+00 0.509E+00 0.532E+00 0.944E-03 0.590E-04 0.932E-03 0.582E-04
      2       1       8    4099       4       4 0.233E+01 0.237E+01 0.754E-03 0.860E-03 0.354E-02 0.221E-03 0.335E-02 0.209E-03
      2       1       8     509       4       4 0.241E+00 0.261E+00 0.109E-03 0.117E-03 0.606E-03 0.379E-04 0.589E-03 0.368E-04
      2       1       8    8191       4       4 0.978E+00 0.107E+01 0.909E-03 0.103E-02 0.535E-02 0.334E-03 0.514E-02 0.322E-03
      2      16       1    1021       4       4 0.197E+00 0.199E+00 0.360E-03 0.416E-03 0.454E-03 0.284E-04 0.439E-03 0.274E-04
      2      16       1   16381       4       4 0.181E+01 0.181E+01 0.179E-02 0.205E-02 0.156E-01 0.976E-03 0.154E-01 0.963E-03
      2      16       1    2053       4       4 0.102E+01 0.102E+01 0.503E-03 0.591E-03 0.127E-02 0.792E-04 0.119E-02 0.744E-04
      2      16       1     257       4       4 0.237E+00 0.260E+00 0.730E-01 0.823E-01 0.151E-03 0.942E-05 0.141E-03 0.879E-05
      2      16       1    4099       4       4 0.185E+01 0.186E+01 0.717E-03 0.777E-03 0.289E-02 0.181E-03 0.278E-02 0.174E-03
      2      16       1     509       4       4 0.141E+00 0.146E+00 0.315E-03 0.359E-03 0.210E-03 0.131E-04 0.202E-03 0.126E-04
      2      16       1    8191       4       4 0.999E+00 0.100E+01 0.890E-03 0.103E-02 0.573E-02 0.358E-03 0.555E-02 0.347E-03
      2       2       1    1021       4       4 0.189E+00 0.192E+00 0.249E-03 0.298E-03 0.392E-03 0.245E-04 0.381E-03 0.238E-04
      2       2       1   16381       4       4 0.157E+01 0.157E+01 0.150E-02 0.172E-02 0.127E-01 0.796E-03 0.121E-01 0.756E-03
      2       2       1    2053       4       4 0.961E+00 0.968E+00 0.360E-03 0.408E-03 0.109E-02 0.683E-04 0.102E-02 0.639E-04
      2       2       1     257       4       4 0.218E+00 0.222E+00 0.677E-01 0.680E-01 0.108E-03 0.674E-05 0.120E-03 0.753E-05
      2       2       1    4099       4       4 0.169E+01 0.169E+01 0.526E-03 0.586E-03 0.245E-02 0.153E-03 0.235E-02 0.147E-03
      2       2       1     509       4       4 0.137E+00 0.139E+00 0.210E-03 0.257E-03 0.176E-03 0.110E-04 0.173E-03 0.108E-04
      2       2       1    8191       4       4 0.890E+00 0.901E+00 0.695E-03 0.747E-03 0.505E-02 0.315E-03 0.494E-02 0.309E-03
      2       2      12    1021       4       4 0.431E+00 0.467E+00 0.301E-03 0.347E-03 0.116E-02 0.726E-04 0.111E-02 0.694E-04
      2       2      12   16381       4       4 0.151E+01 0.165E+01 0.206E-02 0.212E-02 0.219E-01 0.137E-02 0.111E-01 0.696E-03
      2       2      12    2053       4       4 0.172E+01 0.178E+01 0.709E-03 0.761E-03 0.823E-02 0.515E-03 0.287E-02 0.180E-03
      2       2      12     257       4       4 0.535E+00 0.576E+00 0.563E+00 0.591E+00 0.124E-01 0.774E-03 0.824E-03 0.515E-04
      2       2      12    4099       4       4 0.259E+01 0.269E+01 0.107E-02 0.128E-02 0.100E-01 0.628E-03 0.486E-02 0.303E-03
      2       2      12     509       4       4 0.314E+00 0.323E+00 0.261E-03 0.314E-03 0.905E-03 0.565E-04 0.854E-03 0.534E-04
      2       2      12    8191       4       4 0.112E+01 0.115E+01 0.135E-02 0.167E-02 0.196E-01 0.123E-02 0.745E-02 0.466E-03
      2       2       2    1021       4       4 0.232E+00 0.253E+00 0.257E-03 0.326E-03 0.775E-03 0.484E-04 0.777E-03 0.485E-04
      2       2       2   16381       4       4 0.153E+01 0.156E+01 0.147E-02 0.168E-02 0.104E-01 0.649E-03 0.101E-01 0.631E-03
      2       2       2    2053       4       4 0.101E+01 0.104E+01 0.442E-03 0.502E-03 0.145E-02 0.909E-04 0.140E-02 0.873E-04
      2       2       2     257       4       4 0.270E+00 0.288E+00 0.180E+00 0.276E+00 0.551E-03 0.344E-04 0.536E-03 0.335E-04
      2       2       2    4099       4       4 0.173E+01 0.173E+01 0.593E-03 0.653E-03 0.268E-02 0.167E-03 0.254E-02 0.159E-03
      2       2       2     509       4       4 0.168E+00 0.181E+00 0.210E-03 0.247E-03 0.446E-03 0.279E-04 0.450E-03 0.281E-04
      2       2       2    8191       4       4 0.910E+00 0.913E+00 0.832E-03 0.900E-03 0.516E-02 0.322E-03 0.495E-02 0.309E-03
      2       2       4    1021       4       4 0.264E+00 0.265E+00 0.246E-03 0.294E-03 0.760E-03 0.475E-04 0.726E-03 0.454E-04
      2       2       4   16381       4       4 0.146E+01 0.149E+01 0.162E-02 0.178E-02 0.102E-01 0.639E-03 0.992E-02 0.620E-03
      2       2       4    2053       4       4 0.122E+01 0.124E+01 0.599E-03 0.677E-03 0.205E-02 0.128E-03 0.195E-02 0.122E-03
      2       2       4     257       4       4 0.350E+00 0.368E+00 0.304E+00 0.378E+00 0.699E-03 0.437E-04 0.660E-03 0.412E-04
      2       2       4    4099       4       4 0.196E+01 0.198E+01 0.750E-03 0.798E-03 0.333E-02 0.208E-03 0.294E-02 0.184E-03
      2       2       4     509       4       4 0.203E+00 0.216E+00 0.216E-03 0.259E-03 0.502E-03 0.314E-04 0.496E-03 0.310E-04
      2       2       4    8191       4       4 0.907E+00 0.944E+00 0.942E-03 0.104E-02 0.513E-02 0.321E-03 0.471E-02 0.294E-03
      2       2       8    1021       4       4 0.366E+00 0.371E+00 0.282E-03 0.345E-03 0.160E-02 0.100E-03 0.151E-02 0.942E-04
      2       2       8   16381       4       4 0.147E+01 0.152E+01 0.177E-02 0.188E-02 0.105E-01 0.654E-03 0.101E-01 0.633E-03
      2       2       8    2053       4       4 0.145E+01 0.154E+01 0.590E-03 0.640E-03 0.267E-02 0.167E-03 0.253E-02 0.158E-03
      2       2       8     257       4       4 0.465E+00 0.493E+00 0.497E+00 0.536E+00 0.867E-03 0.542E-04 0.828E-03 0.517E-04
      2       2       8    4099       4       4 0.223E+01 0.237E+01 0.892E-03 0.102E-02 0.393E-02 0.246E-03 0.318E-02 0.199E-03
      2       2       8     509       4       4 0.238E+00 0.241E+00 0.230E-03 0.277E-03 0.588E-03 0.367E-04 0.589E-03 0.368E-04
      2       2       8    8191       4       4 0.101E+01 0.104E+01 0.111E-02 0.120E-02 0.538E-02 0.336E-03 0.515E-02 0.322E-03
      2       4       1    1021       4       4 0.192E+00 0.197E+00 0.254E-03 0.294E-03 0.407E-03 0.255E-04 0.397E-03 0.248E-04
      2       4       1   16381       4       4 0.161E+01 0.163E+01 0.158E-02 0.177E-02 0.145E-01 0.904E-03 0.146E-01 0.913E-03
      2       4       1    2053       4       4 0.981E+00 0.100E+01 0.391E-03 0.443E-03 0.122E-02 0.762E-04 0.113E-02 0.706E-04
      2       4       1     257       4       4 0.221E+00 0.225E+00 0.681E-01 0.686E-01 0.121E-03 0.754E-05 0.117E-03 0.733E-05
      2       4       1    4099       4       4 0.172E+01 0.173E+01 0.593E-03 0.687E-03 0.267E-02 0.167E-03 0.257E-02 0.161E-03
      2       4       1     509       4       4 0.136E+00 0.137E+00 0.234E-03 0.276E-03 0.183E-03 0.114E-04 0.179E-03 0.112E-04
      2       4       1    8191       4       4 0.906E+00 0.908E+00 0.756E-03 0.870E-03 0.504E-02 0.315E-03 0.492E-02 0.308E-03
      2       4       2    1021       4       4 0.227E+00 0.244E+00 0.301E-03 0.322E-03 0.862E-03 0.539E-04 0.835E-03 0.522E-04
      2       4       2   16381       4       4 0.160E+01 0.161E+01 0.149E-02 0.160E-02 0.107E-01 0.667E-03 0.104E-01 0.652E-03
      2       4       2    2053       4       4 0.101E+01 0.102E+01 0.478E-03 0.518E-03 0.159E-02 0.996E-04 0.156E-02 0.976E-04
      2       4       2     257       4       4 0.272E+00 0.276E+00 0.183E+00 0.291E+00 0.485E-03 0.303E-04 0.487E-03 0.305E-04
      2       4       2    4099       4       4 0.174E+01 0.175E+01 0.639E-03 0.695E-03 0.281E-02 0.176E-03 0.268E-02 0.167E-03
      2       4       2     509       4       4 0.174E+00 0.188E+00 0.230E-03 0.269E-03 0.461E-03 0.288E-04 0.450E-03 0.281E-04
      2       4       2    8191       4       4 0.888E+00 0.914E+00 0.805E-03 0.873E-03 0.464E-02 0.290E-03 0.446E-02 0.279E-03
      2       4       4    1021       4       4 0.264E+00 0.268E+00 0.282E-03 0.329E-03 0.762E-03 0.476E-04 0.739E-03 0.462E-04
      2       4       4   16381       4       4 0.146E+01 0.149E+01 0.164E-02 0.171E-02 0.965E-02 0.603E-03 0.919E-02 0.574E-03
      2       4       4    2053       4       4 0.118E+01 0.121E+01 0.603E-03 0.733E-03 0.216E-02 0.135E-03 0.204E-02 0.127E-03
      2       4       4     257       4       4 0.367E+00 0.379E+00 0.390E+00 0.396E+00 0.777E-03 0.485E-04 0.762E-03 0.476E-04
      2       4       4    4099       4       4 0.192E+01 0.193E+01 0.793E-03 0.861E-03 0.321E-02 0.201E-03 0.300E-02 0.188E-03
      2       4       4     509       4       4 0.219E+00 0.230E+00 0.249E-03 0.284E-03 0.674E-03 0.421E-04 0.671E-03 0.419E-04
      2       4       4    8191       4       4 0.962E+00 0.994E+00 0.105E-02 0.116E-02 0.516E-02 0.323E-03 0.504E-02 0.315E-03
      2       8       1    1021       4       4 0.193E+00 0.195E+00 0.307E-03 0.361E-03 0.450E-03 0.281E-04 0.439E-03 0.275E-04
      2       8       1   16381       4       4 0.170E+01 0.171E+01 0.171E-02 0.176E-02 0.150E-01 0.935E-03 0.144E-01 0.901E-03
      2       8       1    2053       4       4 0.994E+00 0.101E+01 0.444E-03 0.499E-03 0.124E-02 0.773E-04 0.112E-02 0.698E-04
      2       8       1     257       4       4 0.222E+00 0.224E+00 0.689E-01 0.694E-01 0.119E-03 0.745E-05 0.118E-03 0.736E-05
      2       8       1    4099       4       4 0.179E+01 0.179E+01 0.623E-03 0.700E-03 0.290E-02 0.182E-03 0.277E-02 0.173E-03
      2       8       1     509       4       4 0.141E+00 0.145E+00 0.282E-03 0.330E-03 0.223E-03 0.139E-04 0.218E-03 0.136E-04
      2       8       1    8191       4       4 0.955E+00 0.962E+00 0.919E-03 0.990E-03 0.561E-02 0.350E-03 0.524E-02 0.327E-03
      2       8       2    1021       4       4 0.228E+00 0.244E+00 0.328E-03 0.388E-03 0.856E-03 0.535E-04 0.854E-03 0.534E-04
      2       8       2   16381       4       4 0.164E+01 0.166E+01 0.157E-02 0.167E-02 0.109E-01 0.681E-03 0.107E-01 0.666E-03
      2       8       2    2053       4       4 0.103E+01 0.103E+01 0.502E-03 0.576E-03 0.158E-02 0.986E-04 0.155E-02 0.966E-04
      2       8       2     257       4       4 0.270E+00 0.271E+00 0.235E+00 0.286E+00 0.506E-03 0.316E-04 0.499E-03 0.312E-04
      2       8       2    4099       4       4 0.180E+01 0.181E+01 0.667E-03 0.724E-03 0.269E-02 0.168E-03 0.268E-02 0.167E-03
      2       8       2     509       4       4 0.173E+00 0.184E+00 0.268E-03 0.339E-03 0.479E-03 0.299E-04 0.471E-03 0.294E-04
      2       8       2    8191       4       4 0.994E+00 0.101E+01 0.118E-02 0.164E-02 0.570E-02 0.356E-03 0.545E-02 0.341E-03
