      2       1    1021    1021       4       4 0.392E+00 0.157E+01 0.656E+00 0.262E+01 0.142E+01 0.888E-01 0.144E+01 0.897E-01
      2       1     127     127       4       4 0.476E-02 0.185E-01 0.672E-02 0.268E-01 0.121E-01 0.759E-03 0.122E-01 0.762E-03
      2       1    2053    2053       4       4 0.165E+01 0.660E+01 0.271E+01 0.108E+02 0.648E+01 0.405E+00 0.616E+01 0.385E+00
      2       1     257     257       4       4 0.362E-01 0.144E+00 0.487E-01 0.194E+00 0.728E-01 0.455E-02 0.735E-01 0.459E-02
      2       1      31      31       4       4 0.669E-03 0.258E-02 0.670E-03 0.263E-02 0.204E-03 0.128E-04 0.182E-03 0.114E-04
      2       1    4099    4099       4       4 0.111E+01 0.442E+01 0.161E+01 0.642E+01 0.360E+02 0.225E+01 0.346E+02 0.216E+01
      2       1     509     509       4       4 0.132E+00 0.527E+00 0.210E+00 0.837E+00 0.368E+00 0.230E-01 0.371E+00 0.232E-01
      2       1      67      67       4       4 0.117E-02 0.447E-02 0.136E-02 0.538E-02 0.214E-02 0.134E-03 0.224E-02 0.140E-03
      2      12    1021    1021       4       4 0.411E+00 0.161E+01 0.524E+00 0.202E+01 0.215E+00 0.134E-01 0.230E+00 0.144E-01
      2      12     127     127       4       4 0.659E-02 0.251E-01 0.911E-02 0.359E-01 0.446E-02 0.279E-03 0.441E-02 0.275E-03
      2      12    2053    2053       4       4 0.101E+01 0.401E+01 0.128E+01 0.505E+01 0.893E+00 0.558E-01 0.111E+01 0.692E-01
      2      12     257     257       4       4 0.124E+00 0.486E+00 0.138E+00 0.542E+00 0.127E-01 0.797E-03 0.121E-01 0.759E-03
      2      12      31      31       4       4 0.400E-02 0.149E-01 0.484E-02 0.184E-01 0.855E-03 0.534E-04 0.761E-03 0.475E-04
      2      12    4099    4099       4       4 0.250E+01 0.997E+01 0.350E+01 0.140E+02 0.383E+01 0.239E+00 0.362E+01 0.226E+00
      2      12     509     509       4       4 0.207E+00 0.794E+00 0.258E+00 0.975E+00 0.582E-01 0.364E-02 0.543E-01 0.340E-02
      2      12      67      67       4       4 0.335E-02 0.123E-01 0.382E-02 0.148E-01 0.114E-02 0.714E-04 0.928E-03 0.580E-04
      2      16    1021    1021       4       4 0.413E+00 0.163E+01 0.523E+00 0.206E+01 0.153E+00 0.957E-02 0.143E+00 0.893E-02
      2      16     127     127       4       4 0.614E-02 0.231E-01 0.815E-02 0.319E-01 0.477E-02 0.298E-03 0.467E-02 0.292E-03
      2      16    2053    2053       4       4 0.116E+01 0.462E+01 0.144E+01 0.568E+01 0.746E+00 0.466E-01 0.124E+01 0.777E-01
      2      16     257     257       4       4 0.116E+00 0.452E+00 0.133E+00 0.519E+00 0.142E-01 0.888E-03 0.145E-01 0.907E-03
      2      16      31      31       4       4 0.270E-02 0.996E-02 0.344E-02 0.131E-01 0.775E-03 0.485E-04 0.754E-03 0.471E-04
      2      16    4099    4099       4       4 0.269E+01 0.107E+02 0.362E+01 0.144E+02 0.386E+01 0.241E+00 0.309E+01 0.193E+00
      2      16     509     509       4       4 0.171E+00 0.666E+00 0.203E+00 0.794E+00 0.476E-01 0.298E-02 0.464E-01 0.290E-02
      2      16      67      67       4       4 0.644E-02 0.236E-01 0.733E-02 0.278E-01 0.141E-02 0.880E-04 0.141E-02 0.880E-04
      2       2    1021    1021       4       4 0.524E+00 0.209E+01 0.843E+00 0.337E+01 0.821E+00 0.513E-01 0.794E+00 0.496E-01
      2       2     127     127       4       4 0.927E-02 0.364E-01 0.126E-01 0.501E-01 0.697E-02 0.436E-03 0.697E-02 0.436E-03
      2       2    2053    2053       4       4 0.194E+01 0.776E+01 0.320E+01 0.128E+02 0.395E+01 0.247E+00 0.350E+01 0.219E+00
      2       2     257     257       4       4 0.623E-01 0.247E+00 0.772E-01 0.306E+00 0.403E-01 0.252E-02 0.418E-01 0.261E-02
      2       2      31      31       4       4 0.229E-02 0.895E-02 0.263E-02 0.104E-01 0.567E-03 0.354E-04 0.530E-03 0.331E-04
      2       2    4099    4099       4       4 0.345E+01 0.138E+02 0.549E+01 0.220E+02 0.179E+02 0.112E+01 0.167E+02 0.104E+01
      2       2     509     509       4       4 0.197E+00 0.785E+00 0.278E+00 0.111E+01 0.203E+00 0.127E-01 0.209E+00 0.131E-01
      2       2      67      67       4       4 0.284E-02 0.110E-01 0.345E-02 0.136E-01 0.118E-02 0.739E-04 0.115E-02 0.721E-04
      2      24    1021    1021       4       4 0.548E+00 0.212E+01 0.666E+00 0.255E+01 0.200E+00 0.125E-01 0.226E+00 0.141E-01
      2      24     127     127       4       4 0.868E-02 0.272E-01 0.106E-01 0.372E-01 0.456E-02 0.285E-03 0.444E-02 0.278E-03
      2      24    2053    2053       4       4 0.130E+01 0.516E+01 0.159E+01 0.632E+01 0.533E+00 0.333E-01 0.481E+00 0.300E-01
      2      24     257     257       4       4 0.161E+00 0.621E+00 0.178E+00 0.686E+00 0.125E-01 0.783E-03 0.127E-01 0.792E-03
      2      24      31      31       4       4 0.495E-02 0.186E-01 0.426E-02 0.160E-01 0.151E-02 0.943E-04 0.120E-02 0.748E-04
      2      24    4099    4099       4       4 0.232E+01 0.923E+01 0.388E+01 0.155E+02 0.272E+01 0.170E+00 0.221E+01 0.138E+00
      2      24     509     509       4       4 0.230E+00 0.895E+00 0.289E+00 0.113E+01 0.522E-01 0.326E-02 0.516E-01 0.322E-02
      2      24      67      67       4       4 0.609E-02 0.218E-01 0.756E-02 0.281E-01 0.172E-02 0.107E-03 0.171E-02 0.107E-03
      2       4    1021    1021       4       4 0.393E+00 0.156E+01 0.567E+00 0.226E+01 0.495E+00 0.309E-01 0.435E+00 0.272E-01
      2       4     127     127       4       4 0.649E-02 0.251E-01 0.896E-02 0.355E-01 0.392E-02 0.245E-03 0.407E-02 0.254E-03
      2       4    2053    2053       4       4 0.144E+01 0.574E+01 0.209E+01 0.833E+01 0.218E+01 0.136E+00 0.199E+01 0.124E+00
      2       4     257     257       4       4 0.853E-01 0.337E+00 0.998E-01 0.394E+00 0.260E-01 0.163E-02 0.300E-01 0.187E-02
      2       4      31      31       4       4 0.209E-02 0.804E-02 0.240E-02 0.941E-02 0.500E-03 0.312E-04 0.491E-03 0.307E-04
      2       4    4099    4099       4       4 0.379E+01 0.151E+02 0.609E+01 0.243E+02 0.981E+01 0.613E+00 0.906E+01 0.566E+00
      2       4     509     509       4       4 0.156E+00 0.616E+00 0.217E+00 0.857E+00 0.119E+00 0.742E-02 0.119E+00 0.744E-02
      2       4      67      67       4       4 0.382E-02 0.149E-01 0.505E-02 0.199E-01 0.104E-02 0.652E-04 0.130E-02 0.809E-04
      2       8    1021    1021       4       4 0.320E+00 0.126E+01 0.423E+00 0.167E+01 0.275E+00 0.172E-01 0.261E+00 0.163E-01
      2       8     127     127       4       4 0.633E-02 0.243E-01 0.857E-02 0.339E-01 0.501E-02 0.313E-03 0.504E-02 0.315E-03
      2       8    2053    2053       4       4 0.123E+01 0.492E+01 0.172E+01 0.687E+01 0.128E+01 0.799E-01 0.119E+01 0.746E-01
      2       8     257     257       4       4 0.974E-01 0.381E+00 0.106E+00 0.415E+00 0.202E-01 0.126E-02 0.222E-01 0.139E-02
      2       8      31      31       4       4 0.277E-02 0.106E-01 0.342E-02 0.132E-01 0.615E-03 0.385E-04 0.620E-03 0.388E-04
      2       8    4099    4099       4       4 0.289E+01 0.115E+02 0.440E+01 0.176E+02 0.545E+01 0.340E+00 0.488E+01 0.305E+00
      2       8     509     509       4       4 0.139E+00 0.540E+00 0.176E+00 0.686E+00 0.747E-01 0.467E-02 0.761E-01 0.475E-02
      2       8      67      67       4       4 0.424E-02 0.161E-01 0.601E-02 0.234E-01 0.182E-02 0.114E-03 0.176E-02 0.110E-03
      3       1    1021    1021       4       4 0.108E-02 0.364E-02 0.210E-03 0.272E-03 0.531E+00 0.332E-01 0.542E+00 0.339E-01
      3       1     127     127       4       4 0.841E-03 0.329E-02 0.272E-04 0.389E-04 0.502E-02 0.314E-03 0.526E-02 0.329E-03
      3       1    2053    2053       4       4 0.149E-02 0.398E-02 0.603E-03 0.630E-03 0.325E+01 0.203E+00 0.340E+01 0.213E+00
      3       1     257     257       4       4 0.780E-03 0.296E-02 0.578E-04 0.842E-04 0.325E-01 0.203E-02 0.330E-01 0.206E-02
      3       1      31      31       4       4 0.103E-02 0.411E-02 0.471E-05 0.787E-05 0.304E-03 0.190E-04 0.291E-03 0.182E-04
      3       1    4099    4099       4       4 0.274E-02 0.530E-02 0.178E-02 0.181E-02 0.248E+02 0.155E+01 0.253E+02 0.158E+01
      3       1     509     509       4       4 0.851E-03 0.313E-02 0.927E-04 0.128E-03 0.107E+00 0.666E-02 0.108E+00 0.673E-02
      3       1      67      67       4       4 0.735E-03 0.292E-02 0.656E-05 0.100E-04 0.288E-02 0.180E-03 0.296E-02 0.185E-03
      3      12    1021    1021       4       4 0.314E-02 0.115E-01 0.311E-03 0.347E-03 0.606E-01 0.379E-02 0.595E-01 0.372E-02
      3      12     127     127       4       4 0.382E-02 0.152E-01 0.390E-04 0.501E-04 0.106E-02 0.663E-04 0.929E-03 0.581E-04
      3      12    2053    2053       4       4 0.106E-02 0.268E-02 0.648E-03 0.676E-03 0.331E+00 0.207E-01 0.348E+00 0.218E-01
      3      12     257     257       4       4 0.622E-02 0.247E-01 0.685E-04 0.808E-04 0.619E-02 0.387E-03 0.528E-02 0.330E-03
      3      12      31      31       4       4 0.535E-02 0.214E-01 0.650E-05 0.811E-05 0.794E-03 0.496E-04 0.273E-03 0.170E-04
      3      12    4099    4099       4       4 0.271E-02 0.431E-02 0.201E-02 0.204E-02 0.254E+01 0.159E+00 0.258E+01 0.161E+00
      3      12     509     509       4       4 0.295E-02 0.113E-01 0.152E-03 0.179E-03 0.147E-01 0.921E-03 0.139E-01 0.870E-03
      3      12      67      67       4       4 0.431E-02 0.172E-01 0.131E-04 0.231E-04 0.990E-03 0.619E-04 0.141E-02 0.883E-04
      3      16    1021    1021       4       4 0.144E-02 0.497E-02 0.248E-03 0.304E-03 0.493E-01 0.308E-02 0.493E-01 0.308E-02
      3      16     127     127       4       4 0.584E-02 0.232E-01 0.417E-04 0.780E-04 0.146E-02 0.910E-04 0.124E-02 0.775E-04
      3      16    2053    2053       4       4 0.120E-02 0.248E-02 0.683E-03 0.718E-03 0.254E+00 0.159E-01 0.264E+00 0.165E-01
      3      16     257     257       4       4 0.558E-02 0.220E-01 0.100E-03 0.142E-03 0.613E-02 0.383E-03 0.501E-02 0.313E-03
      3      16      31      31       4       4 0.427E-02 0.171E-01 0.644E-05 0.100E-04 0.449E-03 0.280E-04 0.279E-03 0.174E-04
      3      16    4099    4099       4       4 0.304E-02 0.524E-02 0.230E-02 0.272E-02 0.190E+01 0.119E+00 0.195E+01 0.122E+00
      3      16     509     509       4       4 0.381E-02 0.147E-01 0.202E-03 0.230E-03 0.187E-01 0.117E-02 0.184E-01 0.115E-02
      3      16      67      67       4       4 0.413E-02 0.165E-01 0.103E-04 0.122E-04 0.111E-02 0.692E-04 0.726E-03 0.454E-04
      3       2    1021    1021       4       4 0.131E-02 0.427E-02 0.274E-03 0.287E-03 0.277E+00 0.173E-01 0.284E+00 0.178E-01
      3       2     127     127       4       4 0.303E-02 0.120E-01 0.299E-04 0.410E-04 0.283E-02 0.177E-03 0.294E-02 0.184E-03
      3       2    2053    2053       4       4 0.140E-02 0.361E-02 0.602E-03 0.618E-03 0.170E+01 0.106E+00 0.178E+01 0.111E+00
      3       2     257     257       4       4 0.983E-03 0.371E-02 0.828E-04 0.103E-03 0.172E-01 0.107E-02 0.173E-01 0.108E-02
      3       2      31      31       4       4 0.342E-02 0.137E-01 0.602E-05 0.906E-05 0.346E-03 0.217E-04 0.317E-03 0.198E-04
      3       2    4099    4099       4       4 0.278E-02 0.511E-02 0.183E-02 0.188E-02 0.127E+02 0.796E+00 0.130E+02 0.814E+00
      3       2     509     509       4       4 0.113E-02 0.424E-02 0.104E-03 0.129E-03 0.553E-01 0.345E-02 0.560E-01 0.350E-02
      3       2      67      67       4       4 0.333E-02 0.133E-01 0.823E-05 0.100E-04 0.181E-02 0.113E-03 0.189E-02 0.118E-03
      3      24    1021    1021       4       4 0.717E-02 0.275E-01 0.351E-03 0.416E-03 0.591E-01 0.369E-02 0.594E-01 0.371E-02
      3      24     127     127       4       4 0.252E-02 0.994E-02 0.613E-04 0.911E-04 0.164E-02 0.103E-03 0.138E-02 0.862E-04
      3      24    2053    2053       4       4 0.117E-02 0.233E-02 0.691E-03 0.740E-03 0.351E+00 0.220E-01 0.364E+00 0.228E-01
      3      24     257     257       4       4 0.543E-02 0.214E-01 0.108E-03 0.151E-03 0.765E-02 0.478E-03 0.741E-02 0.463E-03
      3      24      31      31       4       4 0.409E-02 0.163E-01 0.650E-05 0.906E-05 0.327E-02 0.205E-03 0.264E-03 0.165E-04
      3      24    4099    4099       4       4 0.285E-02 0.498E-02 0.220E-02 0.273E-02 0.249E+01 0.155E+00 0.255E+01 0.159E+00
      3      24     509     509       4       4 0.118E-02 0.428E-02 0.164E-03 0.210E-03 0.162E-01 0.101E-02 0.156E-01 0.976E-03
      3      24      67      67       4       4 0.399E-02 0.159E-01 0.918E-05 0.119E-04 0.135E-02 0.846E-04 0.786E-03 0.491E-04
      3       4    1021    1021       4       4 0.991E-03 0.325E-02 0.222E-03 0.275E-03 0.148E+00 0.924E-02 0.152E+00 0.952E-02
      3       4     127     127       4       4 0.428E-02 0.170E-01 0.365E-04 0.548E-04 0.298E-02 0.186E-03 0.298E-02 0.186E-03
      3       4    2053    2053       4       4 0.135E-02 0.332E-02 0.614E-03 0.629E-03 0.869E+00 0.543E-01 0.906E+00 0.567E-01
      3       4     257     257       4       4 0.169E-02 0.653E-02 0.726E-04 0.880E-04 0.171E-01 0.107E-02 0.174E-01 0.108E-02
      3       4      31      31       4       4 0.374E-02 0.149E-01 0.554E-05 0.811E-05 0.333E-03 0.208E-04 0.246E-03 0.154E-04
      3       4    4099    4099       4       4 0.263E-02 0.480E-02 0.181E-02 0.183E-02 0.651E+01 0.407E+00 0.673E+01 0.421E+00
      3       4     509     509       4       4 0.363E-02 0.141E-01 0.133E-03 0.144E-03 0.317E-01 0.198E-02 0.314E-01 0.196E-02
      3       4      67      67       4       4 0.351E-02 0.140E-01 0.900E-05 0.100E-04 0.135E-02 0.847E-04 0.135E-02 0.845E-04
      3       8    1021    1021       4       4 0.221E-02 0.779E-02 0.291E-03 0.318E-03 0.793E-01 0.496E-02 0.818E-01 0.512E-02
      3       8     127     127       4       4 0.430E-02 0.171E-01 0.390E-04 0.620E-04 0.169E-02 0.105E-03 0.148E-02 0.926E-04
      3       8    2053    2053       4       4 0.132E-02 0.300E-02 0.643E-03 0.673E-03 0.465E+00 0.291E-01 0.486E+00 0.304E-01
      3       8     257     257       4       4 0.527E-02 0.208E-01 0.880E-04 0.106E-03 0.863E-02 0.540E-03 0.832E-02 0.520E-03
      3       8      31      31       4       4 0.938E-02 0.375E-01 0.679E-05 0.906E-05 0.346E-03 0.217E-04 0.249E-03 0.156E-04
      3       8    4099    4099       4       4 0.298E-02 0.546E-02 0.211E-02 0.246E-02 0.350E+01 0.219E+00 0.360E+01 0.225E+00
      3       8     509     509       4       4 0.536E-02 0.210E-01 0.143E-03 0.168E-03 0.174E-01 0.109E-02 0.178E-01 0.112E-02
      3       8      67      67       4       4 0.408E-02 0.163E-01 0.829E-05 0.110E-04 0.851E-03 0.532E-04 0.763E-03 0.477E-04
