      1       1       1    1024       4       4 0.232E-04 0.479E-04 0.140E-04 0.150E-04 0.335E-03 0.209E-04 0.329E-03 0.206E-04
      1       1       1   16384       4       4 0.244E-03 0.343E-03 0.211E-03 0.211E-03 0.594E-02 0.371E-03 0.620E-02 0.388E-03
      1       1       1    2048       4       4 0.345E-04 0.570E-04 0.277E-04 0.310E-04 0.610E-03 0.381E-04 0.635E-03 0.397E-04
      1       1       1     256       4       4 0.817E-05 0.200E-04 0.739E-05 0.181E-04 0.104E-03 0.648E-05 0.782E-04 0.489E-05
      1       1       1   32768       4       4 0.553E-03 0.743E-03 0.439E-03 0.493E-03 0.124E-01 0.777E-03 0.131E-01 0.817E-03
      1       1       1    4096       4       4 0.650E-04 0.920E-04 0.547E-04 0.610E-04 0.123E-02 0.766E-04 0.129E-02 0.805E-04
      1       1       1     512       4       4 0.103E-04 0.191E-04 0.727E-05 0.811E-05 0.145E-03 0.906E-05 0.178E-03 0.111E-04
      1       1       1   65536       4       4 0.110E-02 0.171E-02 0.908E-03 0.977E-03 0.274E-01 0.171E-02 0.285E-01 0.178E-02
      1       1       1    8192       4       4 0.135E-03 0.171E-03 0.114E-03 0.142E-03 0.272E-02 0.170E-03 0.286E-02 0.179E-03
      1       1      12   32768       4       4 0.684E-03 0.104E-02 0.587E-03 0.687E-03 0.847E-02 0.529E-03 0.858E-02 0.536E-03
      1       1      12   65536       4       4 0.106E-02 0.133E-02 0.970E-03 0.102E-02 0.171E-01 0.107E-02 0.179E-01 0.112E-02
      1       1      16   32768       4       4 0.564E-03 0.809E-03 0.466E-03 0.513E-03 0.756E-02 0.472E-03 0.856E-02 0.535E-03
      1       1      16   65536       4       4 0.111E-02 0.148E-02 0.101E-02 0.103E-02 0.178E-01 0.111E-02 0.181E-01 0.113E-02
      1       1       2   32768       4       4 0.512E-03 0.691E-03 0.462E-03 0.503E-03 0.964E-02 0.603E-03 0.112E-01 0.697E-03
      1       1       2   65536       4       4 0.104E-02 0.143E-02 0.932E-03 0.103E-02 0.218E-01 0.136E-02 0.233E-01 0.146E-02
      1       1      24   65536       4       4 0.111E-02 0.146E-02 0.986E-03 0.988E-03 0.177E-01 0.110E-02 0.184E-01 0.115E-02
      1       1       4   32768       4       4 0.510E-03 0.625E-03 0.482E-03 0.532E-03 0.875E-02 0.547E-03 0.919E-02 0.574E-03
      1       1       4   65536       4       4 0.113E-02 0.154E-02 0.916E-03 0.960E-03 0.188E-01 0.118E-02 0.203E-01 0.127E-02
      1       1       8   32768       4       4 0.541E-03 0.700E-03 0.486E-03 0.517E-03 0.797E-02 0.498E-03 0.832E-02 0.520E-03
      1       1       8   65536       4       4 0.106E-02 0.144E-02 0.975E-03 0.102E-02 0.178E-01 0.111E-02 0.183E-01 0.114E-02
      2       1       1    1024       4       4 0.187E-01 0.746E-01 0.162E-01 0.647E-01 0.911E-04 0.569E-05 0.734E-04 0.459E-05
      2       1       1   16384       4       4 0.133E+00 0.531E+00 0.123E+00 0.493E+00 0.197E-02 0.123E-03 0.194E-02 0.121E-03
      2       1       1    2048       4       4 0.268E-01 0.107E+00 0.239E-01 0.955E-01 0.183E-03 0.114E-04 0.180E-03 0.112E-04
      2       1       1     256       4       4 0.100E-01 0.401E-01 0.858E-02 0.343E-01 0.954E-05 0.596E-06 0.668E-05 0.417E-06
      2       1       1    4096       4       4 0.416E-01 0.166E+00 0.375E-01 0.150E+00 0.385E-03 0.240E-04 0.365E-03 0.228E-04
      2       1       1     512       4       4 0.139E-01 0.555E-01 0.120E-01 0.479E-01 0.255E-04 0.159E-05 0.403E-04 0.252E-05
      2       1       1    8192       4       4 0.711E-01 0.284E+00 0.664E-01 0.265E+00 0.802E-03 0.501E-04 0.846E-03 0.529E-04
      2       1      12    1024       4       4 0.401E-01 0.160E+00 0.396E-01 0.158E+00 0.449E-03 0.280E-04 0.452E-03 0.282E-04
      2       1      12   16384       4       4 0.150E+00 0.598E+00 0.134E+00 0.533E+00 0.152E-02 0.948E-04 0.138E-02 0.862E-04
      2       1      12    2048       4       4 0.520E-01 0.208E+00 0.482E-01 0.192E+00 0.581E-03 0.363E-04 0.561E-03 0.351E-04
      2       1      12     256       4       4 0.198E-01 0.791E-01 0.174E-01 0.694E-01 0.348E-03 0.217E-04 0.346E-03 0.217E-04
      2       1      12    4096       4       4 0.776E-01 0.308E+00 0.721E-01 0.287E+00 0.158E-02 0.988E-04 0.937E-03 0.586E-04
      2       1      12     512       4       4 0.284E-01 0.113E+00 0.252E-01 0.101E+00 0.414E-03 0.259E-04 0.370E-03 0.231E-04
      2       1      12    8192       4       4 0.115E+00 0.458E+00 0.100E+00 0.398E+00 0.122E-02 0.760E-04 0.120E-02 0.751E-04
      2       1      16    1024       4       4 0.369E-01 0.147E+00 0.342E-01 0.136E+00 0.634E-03 0.396E-04 0.584E-03 0.365E-04
      2       1      16   16384       4       4 0.138E+00 0.548E+00 0.121E+00 0.477E+00 0.122E-02 0.761E-04 0.111E-02 0.695E-04
      2       1      16    2048       4       4 0.532E-01 0.212E+00 0.508E-01 0.202E+00 0.754E-03 0.471E-04 0.672E-03 0.420E-04
      2       1      16     256       4       4 0.170E-01 0.677E-01 0.152E-01 0.606E-01 0.470E-03 0.294E-04 0.536E-03 0.335E-04
      2       1      16    4096       4       4 0.844E-01 0.337E+00 0.798E-01 0.319E+00 0.101E-02 0.632E-04 0.101E-02 0.633E-04
      2       1      16     512       4       4 0.252E-01 0.101E+00 0.228E-01 0.910E-01 0.537E-03 0.336E-04 0.507E-03 0.317E-04
      2       1      16    8192       4       4 0.103E+00 0.412E+00 0.889E-01 0.352E+00 0.849E-03 0.530E-04 0.804E-03 0.503E-04
      2       1       2    1024       4       4 0.221E-01 0.883E-01 0.193E-01 0.771E-01 0.254E-03 0.159E-04 0.209E-03 0.131E-04
      2       1       2   16384       4       4 0.125E+00 0.501E+00 0.116E+00 0.464E+00 0.135E-02 0.841E-04 0.148E-02 0.924E-04
      2       1       2    2048       4       4 0.321E-01 0.128E+00 0.267E-01 0.106E+00 0.304E-03 0.190E-04 0.279E-03 0.174E-04
      2       1       2     256       4       4 0.128E-01 0.511E-01 0.111E-01 0.444E-01 0.418E-03 0.261E-04 0.377E-03 0.235E-04
      2       1       2    4096       4       4 0.429E-01 0.171E+00 0.390E-01 0.156E+00 0.438E-03 0.274E-04 0.464E-03 0.290E-04
      2       1       2     512       4       4 0.161E-01 0.644E-01 0.139E-01 0.555E-01 0.197E-03 0.123E-04 0.215E-03 0.134E-04
      2       1       2    8192       4       4 0.696E-01 0.278E+00 0.648E-01 0.256E+00 0.803E-03 0.502E-04 0.797E-03 0.498E-04
      2       1      24    1024       4       4 0.438E-01 0.175E+00 0.429E-01 0.172E+00 0.706E-03 0.441E-04 0.695E-03 0.435E-04
      2       1      24   16384       4       4 0.171E+00 0.681E+00 0.177E+00 0.699E+00 0.364E-02 0.227E-03 0.179E-02 0.112E-03
      2       1      24    2048       4       4 0.646E-01 0.258E+00 0.587E-01 0.234E+00 0.934E-03 0.584E-04 0.891E-03 0.557E-04
      2       1      24     256       4       4 0.185E-01 0.739E-01 0.170E-01 0.678E-01 0.350E-03 0.218E-04 0.359E-03 0.225E-04
      2       1      24    4096       4       4 0.903E-01 0.360E+00 0.778E-01 0.310E+00 0.268E-02 0.168E-03 0.102E-02 0.640E-04
      2       1      24     512       4       4 0.300E-01 0.120E+00 0.264E-01 0.106E+00 0.493E-03 0.308E-04 0.537E-03 0.335E-04
      2       1      24    8192       4       4 0.122E+00 0.487E+00 0.110E+00 0.438E+00 0.525E-02 0.328E-03 0.159E-02 0.995E-04
      2       1       4    1024       4       4 0.284E-01 0.113E+00 0.247E-01 0.984E-01 0.488E-03 0.305E-04 0.443E-03 0.277E-04
      2       1       4   16384       4       4 0.127E+00 0.507E+00 0.114E+00 0.451E+00 0.157E-02 0.979E-04 0.144E-02 0.899E-04
      2       1       4    2048       4       4 0.439E-01 0.175E+00 0.398E-01 0.158E+00 0.477E-03 0.298E-04 0.469E-03 0.293E-04
      2       1       4     256       4       4 0.134E-01 0.535E-01 0.116E-01 0.463E-01 0.240E-03 0.150E-04 0.267E-03 0.167E-04
      2       1       4    4096       4       4 0.511E-01 0.203E+00 0.427E-01 0.170E+00 0.443E-03 0.277E-04 0.394E-03 0.246E-04
      2       1       4     512       4       4 0.195E-01 0.778E-01 0.174E-01 0.693E-01 0.363E-03 0.227E-04 0.366E-03 0.229E-04
      2       1       4    8192       4       4 0.819E-01 0.324E+00 0.678E-01 0.270E+00 0.904E-03 0.565E-04 0.910E-03 0.569E-04
      2       1       8    1024       4       4 0.327E-01 0.131E+00 0.310E-01 0.123E+00 0.528E-03 0.330E-04 0.486E-03 0.304E-04
      2       1       8   16384       4       4 0.133E+00 0.532E+00 0.124E+00 0.497E+00 0.133E-02 0.828E-04 0.110E-02 0.687E-04
      2       1       8    2048       4       4 0.437E-01 0.174E+00 0.410E-01 0.164E+00 0.495E-03 0.310E-04 0.466E-03 0.291E-04
      2       1       8     256       4       4 0.152E-01 0.608E-01 0.137E-01 0.547E-01 0.365E-03 0.228E-04 0.351E-03 0.219E-04
      2       1       8    4096       4       4 0.613E-01 0.243E+00 0.543E-01 0.216E+00 0.697E-03 0.436E-04 0.625E-03 0.390E-04
      2       1       8     512       4       4 0.248E-01 0.989E-01 0.232E-01 0.925E-01 0.510E-03 0.319E-04 0.559E-03 0.350E-04
      2       1       8    8192       4       4 0.847E-01 0.336E+00 0.699E-01 0.279E+00 0.629E-03 0.393E-04 0.607E-03 0.380E-04
      3       1       1    1024       4       4 0.591E-03 0.232E-02 0.138E-04 0.231E-04 0.744E-04 0.465E-05 0.651E-04 0.407E-05
      3       1       1 1048576       4       4 0.104E-01 0.130E-01 0.912E-02 0.976E-02 0.216E+00 0.135E-01 0.219E+00 0.137E-01
      3       1       1  131072       4       4 0.239E-02 0.430E-02 0.202E-02 0.242E-02 0.197E-01 0.123E-02 0.179E-01 0.112E-02
      3       1       1   16384       4       4 0.968E-03 0.323E-02 0.251E-03 0.295E-03 0.195E-02 0.122E-03 0.179E-02 0.112E-03
      3       1       1    2048       4       4 0.785E-03 0.300E-02 0.522E-04 0.880E-04 0.188E-03 0.117E-04 0.163E-03 0.102E-04
      3       1       1     256       4       4 0.732E-03 0.291E-02 0.453E-05 0.715E-05 0.198E-04 0.124E-05 0.198E-04 0.124E-05
      3       1       1  262144       4       4 0.299E-02 0.534E-02 0.230E-02 0.245E-02 0.452E-01 0.283E-02 0.453E-01 0.283E-02
      3       1       1   32768       4       4 0.107E-02 0.297E-02 0.510E-03 0.535E-03 0.407E-02 0.254E-03 0.384E-02 0.240E-03
      3       1       1    4096       4       4 0.822E-03 0.307E-02 0.802E-04 0.116E-03 0.366E-03 0.229E-04 0.323E-03 0.202E-04
      3       1       1     512       4       4 0.676E-03 0.268E-02 0.781E-05 0.122E-04 0.331E-04 0.207E-05 0.300E-04 0.188E-05
      3       1       1  524288       4       4 0.568E-02 0.807E-02 0.451E-02 0.472E-02 0.100E+00 0.625E-02 0.976E-01 0.610E-02
      3       1       1   65536       4       4 0.165E-02 0.381E-02 0.107E-02 0.121E-02 0.934E-02 0.584E-03 0.854E-02 0.534E-03
      3       1       1    8192       4       4 0.691E-03 0.246E-02 0.133E-03 0.180E-03 0.857E-03 0.536E-04 0.777E-03 0.486E-04
      3       1      12    1024       4       4 0.741E-02 0.296E-01 0.151E-04 0.248E-04 0.842E-04 0.526E-05 0.694E-04 0.434E-05
      3       1      12 1048576       4       4 0.409E-02 0.159E-01 0.169E-03 0.175E-03 0.901E-01 0.563E-02 0.832E-01 0.520E-02
      3       1      12  131072       4       4 0.415E-02 0.164E-01 0.740E-04 0.780E-04 0.155E-01 0.969E-03 0.149E-01 0.933E-03
      3       1      12   16384       4       4 0.531E-02 0.211E-01 0.340E-04 0.560E-04 0.234E-02 0.146E-03 0.195E-02 0.122E-03
      3       1      12    2048       4       4 0.338E-02 0.134E-01 0.845E-04 0.137E-03 0.605E-03 0.378E-04 0.434E-03 0.271E-04
      3       1      12     256       4       4 0.423E-02 0.169E-01 0.596E-05 0.100E-04 0.250E-04 0.156E-05 0.224E-04 0.140E-05
      3       1      12  262144       4       4 0.335E-02 0.131E-01 0.795E-04 0.830E-04 0.341E-01 0.213E-02 0.291E-01 0.182E-02
      3       1      12   32768       4       4 0.443E-02 0.176E-01 0.398E-04 0.441E-04 0.571E-02 0.357E-03 0.558E-02 0.349E-03
      3       1      12    4096       4       4 0.472E-02 0.187E-01 0.797E-04 0.868E-04 0.756E-03 0.473E-04 0.703E-03 0.439E-04
      3       1      12     512       4       4 0.467E-02 0.187E-01 0.882E-05 0.141E-04 0.343E-04 0.215E-05 0.355E-04 0.222E-05
      3       1      12  524288       4       4 0.180E-02 0.669E-02 0.143E-03 0.156E-03 0.399E-01 0.249E-02 0.392E-01 0.245E-02
      3       1      12   65536       4       4 0.647E-02 0.257E-01 0.536E-04 0.682E-04 0.121E-01 0.758E-03 0.117E-01 0.728E-03
      3       1      12    8192       4       4 0.528E-02 0.210E-01 0.285E-04 0.329E-04 0.190E-02 0.119E-03 0.170E-02 0.106E-03
      3       1      16    1024       4       4 0.319E-02 0.127E-01 0.150E-04 0.219E-04 0.913E-04 0.571E-05 0.720E-04 0.450E-05
      3       1      16 1048576       4       4 0.118E-02 0.415E-02 0.178E-03 0.204E-03 0.110E+00 0.690E-02 0.996E-01 0.622E-02
      3       1      16  131072       4       4 0.309E-02 0.122E-01 0.723E-04 0.820E-04 0.195E-01 0.122E-02 0.190E-01 0.119E-02
      3       1      16   16384       4       4 0.454E-02 0.181E-01 0.445E-04 0.522E-04 0.156E-02 0.975E-04 0.127E-02 0.796E-04
      3       1      16    2048       4       4 0.414E-02 0.164E-01 0.538E-04 0.730E-04 0.635E-03 0.397E-04 0.476E-03 0.298E-04
      3       1      16     256       4       4 0.412E-02 0.165E-01 0.554E-05 0.906E-05 0.267E-04 0.167E-05 0.198E-04 0.124E-05
      3       1      16  262144       4       4 0.244E-02 0.946E-02 0.889E-04 0.999E-04 0.366E-01 0.229E-02 0.345E-01 0.215E-02
      3       1      16   32768       4       4 0.410E-02 0.163E-01 0.485E-04 0.610E-04 0.552E-02 0.345E-03 0.542E-02 0.339E-03
      3       1      16    4096       4       4 0.440E-02 0.175E-01 0.855E-04 0.949E-04 0.913E-03 0.571E-04 0.612E-03 0.382E-04
      3       1      16     512       4       4 0.532E-02 0.213E-01 0.882E-05 0.131E-04 0.403E-04 0.252E-05 0.367E-04 0.229E-05
      3       1      16  524288       4       4 0.126E-02 0.459E-02 0.134E-03 0.139E-03 0.491E-01 0.307E-02 0.450E-01 0.281E-02
      3       1      16   65536       4       4 0.373E-02 0.148E-01 0.523E-04 0.610E-04 0.142E-01 0.887E-03 0.141E-01 0.881E-03
      3       1      16    8192       4       4 0.396E-02 0.158E-01 0.292E-04 0.360E-04 0.204E-02 0.127E-03 0.174E-02 0.109E-03
      3       1       2    1024       4       4 0.320E-02 0.127E-01 0.230E-04 0.541E-04 0.102E-03 0.639E-05 0.885E-04 0.553E-05
      3       1       2 1048576       4       4 0.108E-02 0.383E-02 0.180E-03 0.219E-03 0.219E+00 0.137E-01 0.205E+00 0.128E-01
      3       1       2  131072       4       4 0.891E-03 0.332E-02 0.717E-04 0.811E-04 0.234E-01 0.146E-02 0.218E-01 0.136E-02
      3       1       2   16384       4       4 0.263E-02 0.105E-01 0.310E-04 0.451E-04 0.190E-02 0.119E-03 0.177E-02 0.110E-03
      3       1       2    2048       4       4 0.311E-02 0.123E-01 0.482E-04 0.610E-04 0.318E-03 0.199E-04 0.245E-03 0.153E-04
      3       1       2     256       4       4 0.343E-02 0.137E-01 0.507E-05 0.811E-05 0.188E-04 0.118E-05 0.196E-04 0.122E-05
      3       1       2  262144       4       4 0.159E-02 0.607E-02 0.837E-04 0.120E-03 0.367E-01 0.230E-02 0.342E-01 0.214E-02
      3       1       2   32768       4       4 0.247E-02 0.976E-02 0.555E-04 0.689E-04 0.628E-02 0.392E-03 0.593E-02 0.371E-03
      3       1       2    4096       4       4 0.311E-02 0.123E-01 0.678E-04 0.689E-04 0.497E-03 0.311E-04 0.433E-03 0.271E-04
      3       1       2     512       4       4 0.350E-02 0.140E-01 0.745E-05 0.119E-04 0.362E-04 0.226E-05 0.312E-04 0.195E-05
      3       1       2  524288       4       4 0.111E-02 0.389E-02 0.134E-03 0.172E-03 0.102E+00 0.636E-02 0.101E+00 0.631E-02
      3       1       2   65536       4       4 0.123E-02 0.478E-02 0.458E-04 0.610E-04 0.702E-02 0.439E-03 0.672E-02 0.420E-03
      3       1       2    8192       4       4 0.283E-02 0.113E-01 0.266E-04 0.391E-04 0.975E-03 0.610E-04 0.962E-03 0.601E-04
      3       1      24    1024       4       4 0.325E-02 0.129E-01 0.229E-04 0.279E-04 0.118E-03 0.739E-05 0.980E-04 0.612E-05
      3       1      24 1048576       4       4 0.442E-02 0.171E-01 0.179E-03 0.199E-03 0.126E+00 0.790E-02 0.119E+00 0.742E-02
      3       1      24  131072       4       4 0.435E-02 0.172E-01 0.765E-04 0.830E-04 0.225E-01 0.141E-02 0.223E-01 0.140E-02
      3       1      24   16384       4       4 0.399E-02 0.159E-01 0.354E-04 0.460E-04 0.248E-02 0.155E-03 0.197E-02 0.123E-03
      3       1      24    2048       4       4 0.410E-02 0.163E-01 0.564E-04 0.889E-04 0.502E-03 0.314E-04 0.262E-03 0.164E-04
      3       1      24     256       4       4 0.406E-02 0.162E-01 0.572E-05 0.978E-05 0.229E-04 0.143E-05 0.219E-04 0.137E-05
      3       1      24  262144       4       4 0.263E-02 0.102E-01 0.103E-03 0.129E-03 0.539E-01 0.337E-02 0.517E-01 0.323E-02
      3       1      24   32768       4       4 0.407E-02 0.161E-01 0.580E-04 0.961E-04 0.557E-02 0.348E-03 0.618E-02 0.386E-03
      3       1      24    4096       4       4 0.404E-02 0.159E-01 0.121E-03 0.140E-03 0.863E-03 0.539E-04 0.568E-03 0.355E-04
      3       1      24     512       4       4 0.408E-02 0.163E-01 0.948E-05 0.141E-04 0.401E-04 0.250E-05 0.336E-04 0.210E-05
      3       1      24  524288       4       4 0.333E-02 0.129E-01 0.132E-03 0.137E-03 0.609E-01 0.381E-02 0.583E-01 0.365E-02
      3       1      24   65536       4       4 0.476E-02 0.189E-01 0.540E-04 0.741E-04 0.141E-01 0.879E-03 0.134E-01 0.836E-03
      3       1      24    8192       4       4 0.416E-02 0.166E-01 0.330E-04 0.510E-04 0.220E-02 0.137E-03 0.189E-02 0.118E-03
      3       1       4    1024       4       4 0.340E-02 0.136E-01 0.143E-04 0.238E-04 0.792E-04 0.495E-05 0.627E-04 0.392E-05
      3       1       4 1048576       4       4 0.164E-02 0.600E-02 0.171E-03 0.200E-03 0.123E+00 0.769E-02 0.115E+00 0.716E-02
      3       1       4  131072       4       4 0.101E-02 0.382E-02 0.778E-04 0.980E-04 0.208E-01 0.130E-02 0.135E-01 0.845E-03
      3       1       4   16384       4       4 0.491E-02 0.196E-01 0.265E-04 0.300E-04 0.213E-02 0.133E-03 0.176E-02 0.110E-03
      3       1       4    2048       4       4 0.460E-02 0.183E-01 0.433E-04 0.441E-04 0.491E-03 0.307E-04 0.325E-03 0.203E-04
      3       1       4     256       4       4 0.461E-02 0.184E-01 0.501E-05 0.811E-05 0.236E-04 0.148E-05 0.184E-04 0.115E-05
      3       1       4  262144       4       4 0.927E-03 0.346E-02 0.870E-04 0.123E-03 0.262E-01 0.164E-02 0.217E-01 0.136E-02
      3       1       4   32768       4       4 0.348E-02 0.138E-01 0.485E-04 0.648E-04 0.399E-02 0.249E-03 0.379E-02 0.237E-03
      3       1       4    4096       4       4 0.433E-02 0.171E-01 0.783E-04 0.901E-04 0.671E-03 0.419E-04 0.502E-03 0.314E-04
      3       1       4     512       4       4 0.446E-02 0.178E-01 0.751E-05 0.110E-04 0.339E-04 0.212E-05 0.319E-04 0.200E-05
      3       1       4  524288       4       4 0.346E-02 0.133E-01 0.130E-03 0.149E-03 0.546E-01 0.342E-02 0.538E-01 0.336E-02
      3       1       4   65536       4       4 0.459E-02 0.182E-01 0.462E-04 0.529E-04 0.735E-02 0.459E-03 0.666E-02 0.416E-03
      3       1       4    8192       4       4 0.410E-02 0.163E-01 0.290E-04 0.410E-04 0.126E-02 0.786E-04 0.127E-02 0.791E-04
      3       1       8    1024       4       4 0.428E-02 0.171E-01 0.152E-04 0.250E-04 0.789E-04 0.493E-05 0.668E-04 0.417E-05
      3       1       8 1048576       4       4 0.391E-02 0.152E-01 0.188E-03 0.199E-03 0.925E-01 0.578E-02 0.840E-01 0.525E-02
      3       1       8  131072       4       4 0.308E-02 0.121E-01 0.742E-04 0.920E-04 0.124E-01 0.776E-03 0.122E-01 0.760E-03
      3       1       8   16384       4       4 0.534E-02 0.213E-01 0.347E-04 0.539E-04 0.223E-02 0.139E-03 0.193E-02 0.120E-03
      3       1       8    2048       4       4 0.644E-02 0.256E-01 0.625E-04 0.741E-04 0.702E-03 0.439E-04 0.382E-03 0.239E-04
      3       1       8     256       4       4 0.547E-02 0.219E-01 0.525E-05 0.906E-05 0.238E-04 0.149E-05 0.210E-04 0.131E-05
      3       1       8  262144       4       4 0.539E-02 0.213E-01 0.837E-04 0.880E-04 0.258E-01 0.161E-02 0.232E-01 0.145E-02
      3       1       8   32768       4       4 0.787E-02 0.314E-01 0.399E-04 0.439E-04 0.483E-02 0.302E-03 0.493E-02 0.308E-03
      3       1       8    4096       4       4 0.349E-02 0.138E-01 0.753E-04 0.870E-04 0.698E-03 0.436E-04 0.679E-03 0.425E-04
      3       1       8     512       4       4 0.343E-02 0.137E-01 0.805E-05 0.141E-04 0.389E-04 0.243E-05 0.300E-04 0.188E-05
      3       1       8  524288       4       4 0.114E-02 0.418E-02 0.141E-03 0.154E-03 0.414E-01 0.259E-02 0.392E-01 0.245E-02
      3       1       8   65536       4       4 0.539E-02 0.214E-01 0.491E-04 0.570E-04 0.947E-02 0.592E-03 0.849E-02 0.530E-03
      3       1       8    8192       4       4 0.736E-02 0.294E-01 0.343E-04 0.391E-04 0.141E-02 0.879E-04 0.128E-02 0.803E-04
