res2dct3=[      2       1    1024    1024       4       4 0.149E+00 0.597E+00 0.142E+00 0.567E+00 0.232E+00 0.145E-01 0.220E+00 0.137E-01
      2       1     128     128       4       4 0.281E-01 0.112E+00 0.240E-01 0.960E-01 0.163E-02 0.102E-03 0.164E-02 0.103E-03
      2       1    2048    2048       4       4 0.559E+00 0.224E+01 0.547E+00 0.219E+01 0.107E+01 0.670E-01 0.107E+01 0.669E-01
      2       1     256     256       4       4 0.371E-01 0.148E+00 0.330E-01 0.132E+00 0.891E-02 0.557E-03 0.868E-02 0.542E-03
      2       1      32      32       4       4 0.797E-02 0.318E-01 0.685E-02 0.274E-01 0.465E-04 0.291E-05 0.463E-04 0.289E-05
      2       1    4096    4096       4       4 0.183E+01 0.734E+01 0.182E+01 0.726E+01 0.496E+01 0.310E+00 0.500E+01 0.312E+00
      2       1     512     512       4       4 0.654E-01 0.261E+00 0.575E-01 0.230E+00 0.435E-01 0.272E-02 0.430E-01 0.269E-02
      2       1      64      64       4       4 0.153E-01 0.610E-01 0.131E-01 0.524E-01 0.302E-03 0.188E-04 0.304E-03 0.190E-04
      2      12    1024    1024       4       4 0.265E+00 0.105E+01 0.242E+00 0.964E+00 0.553E-01 0.346E-02 0.525E-01 0.328E-02
      2      12     128     128       4       4 0.361E-01 0.143E+00 0.314E-01 0.125E+00 0.147E-02 0.921E-04 0.150E-02 0.937E-04
      2      12    2048    2048       4       4 0.891E+00 0.356E+01 0.849E+00 0.339E+01 0.203E+00 0.127E-01 0.204E+00 0.127E-01
      2      12     256     256       4       4 0.514E-01 0.204E+00 0.460E-01 0.182E+00 0.366E-02 0.229E-03 0.298E-02 0.186E-03
      2      12      32      32       4       4 0.151E-01 0.594E-01 0.134E-01 0.526E-01 0.110E-02 0.684E-04 0.107E-02 0.671E-04
      2      12    4096    4096       4       4 0.297E+01 0.119E+02 0.292E+01 0.117E+02 0.895E+00 0.559E-01 0.889E+00 0.556E-01
      2      12     512     512       4       4 0.106E+00 0.422E+00 0.927E-01 0.368E+00 0.197E-01 0.123E-02 0.174E-01 0.109E-02
      2      12      64      64       4       4 0.238E-01 0.928E-01 0.205E-01 0.808E-01 0.135E-02 0.842E-04 0.122E-02 0.763E-04
      2      16    1024    1024       4       4 0.241E+00 0.959E+00 0.228E+00 0.910E+00 0.397E-01 0.248E-02 0.387E-01 0.242E-02
      2      16     128     128       4       4 0.356E-01 0.141E+00 0.306E-01 0.121E+00 0.156E-02 0.974E-04 0.156E-02 0.976E-04
      2      16    2048    2048       4       4 0.873E+00 0.349E+01 0.794E+00 0.317E+01 0.240E+00 0.150E-01 0.241E+00 0.150E-01
      2      16     256     256       4       4 0.515E-01 0.204E+00 0.471E-01 0.187E+00 0.353E-02 0.221E-03 0.350E-02 0.219E-03
      2      16      32      32       4       4 0.123E-01 0.485E-01 0.105E-01 0.416E-01 0.780E-03 0.487E-04 0.761E-03 0.476E-04
      2      16    4096    4096       4       4 0.278E+01 0.111E+02 0.277E+01 0.111E+02 0.875E+00 0.547E-01 0.856E+00 0.535E-01
      2      16     512     512       4       4 0.947E-01 0.375E+00 0.828E-01 0.327E+00 0.142E-01 0.889E-03 0.137E-01 0.854E-03
      2      16      64      64       4       4 0.203E-01 0.808E-01 0.186E-01 0.740E-01 0.802E-03 0.501E-04 0.805E-03 0.503E-04
      2       2    1024    1024       4       4 0.257E+00 0.103E+01 0.245E+00 0.981E+00 0.147E+00 0.921E-02 0.132E+00 0.823E-02
      2       2     128     128       4       4 0.314E-01 0.125E+00 0.271E-01 0.108E+00 0.121E-02 0.753E-04 0.134E-02 0.836E-04
      2       2    2048    2048       4       4 0.967E+00 0.387E+01 0.959E+00 0.384E+01 0.643E+00 0.402E-01 0.645E+00 0.403E-01
      2       2     256     256       4       4 0.465E-01 0.186E+00 0.416E-01 0.166E+00 0.564E-02 0.352E-03 0.539E-02 0.337E-03
      2       2      32      32       4       4 0.956E-02 0.382E-01 0.823E-02 0.328E-01 0.212E-03 0.133E-04 0.211E-03 0.132E-04
      2       2    4096    4096       4       4 0.297E+01 0.119E+02 0.295E+01 0.118E+02 0.289E+01 0.180E+00 0.287E+01 0.180E+00
      2       2     512     512       4       4 0.874E-01 0.349E+00 0.796E-01 0.318E+00 0.262E-01 0.163E-02 0.265E-01 0.166E-02
      2       2      64      64       4       4 0.168E-01 0.672E-01 0.146E-01 0.585E-01 0.380E-03 0.238E-04 0.421E-03 0.263E-04
      2      24    1024    1024       4       4 0.260E+00 0.103E+01 0.237E+00 0.934E+00 0.516E-01 0.322E-02 0.435E-01 0.272E-02
      2      24     128     128       4       4 0.434E-01 0.169E+00 0.385E-01 0.149E+00 0.325E-02 0.203E-03 0.319E-02 0.199E-03
      2      24    2048    2048       4       4 0.913E+00 0.364E+01 0.915E+00 0.365E+01 0.215E+00 0.134E-01 0.197E+00 0.123E-01
      2      24     256     256       4       4 0.630E-01 0.249E+00 0.540E-01 0.213E+00 0.489E-02 0.306E-03 0.475E-02 0.297E-03
      2      24      32      32       4       4 0.134E-01 0.517E-01 0.120E-01 0.460E-01 0.133E-02 0.831E-04 0.123E-02 0.767E-04
      2      24    4096    4096       4       4 0.293E+01 0.117E+02 0.288E+01 0.115E+02 0.976E+00 0.610E-01 0.988E+00 0.617E-01
      2      24     512     512       4       4 0.123E+00 0.483E+00 0.107E+00 0.422E+00 0.140E-01 0.875E-03 0.126E-01 0.789E-03
      2      24      64      64       4       4 0.361E-01 0.142E+00 0.322E-01 0.126E+00 0.192E-02 0.120E-03 0.194E-02 0.121E-03
      2       4    1024    1024       4       4 0.230E+00 0.920E+00 0.228E+00 0.912E+00 0.829E-01 0.518E-02 0.822E-01 0.514E-02
      2       4     128     128       4       4 0.312E-01 0.124E+00 0.271E-01 0.108E+00 0.123E-02 0.771E-04 0.127E-02 0.795E-04
      2       4    2048    2048       4       4 0.828E+00 0.331E+01 0.826E+00 0.330E+01 0.367E+00 0.229E-01 0.370E+00 0.231E-01
      2       4     256     256       4       4 0.461E-01 0.184E+00 0.407E-01 0.162E+00 0.607E-02 0.379E-03 0.421E-02 0.263E-03
      2       4      32      32       4       4 0.937E-02 0.373E-01 0.812E-02 0.323E-01 0.378E-03 0.236E-04 0.384E-03 0.240E-04
      2       4    4096    4096       4       4 0.298E+01 0.119E+02 0.297E+01 0.119E+02 0.164E+01 0.102E+00 0.161E+01 0.100E+00
      2       4     512     512       4       4 0.870E-01 0.347E+00 0.819E-01 0.327E+00 0.181E-01 0.113E-02 0.194E-01 0.121E-02
      2       4      64      64       4       4 0.169E-01 0.675E-01 0.148E-01 0.592E-01 0.662E-03 0.414E-04 0.563E-03 0.352E-04
      2       8    1024    1024       4       4 0.211E+00 0.841E+00 0.202E+00 0.807E+00 0.736E-01 0.460E-02 0.658E-01 0.411E-02
      2       8     128     128       4       4 0.313E-01 0.125E+00 0.271E-01 0.108E+00 0.138E-02 0.860E-04 0.126E-02 0.785E-04
      2       8    2048    2048       4       4 0.827E+00 0.331E+01 0.794E+00 0.317E+01 0.244E+00 0.152E-01 0.242E+00 0.151E-01
      2       8     256     256       4       4 0.467E-01 0.185E+00 0.410E-01 0.163E+00 0.604E-02 0.377E-03 0.512E-02 0.320E-03
      2       8      32      32       4       4 0.943E-02 0.374E-01 0.829E-02 0.329E-01 0.559E-03 0.349E-04 0.535E-03 0.334E-04
      2       8    4096    4096       4       4 0.282E+01 0.113E+02 0.278E+01 0.111E+02 0.105E+01 0.657E-01 0.106E+01 0.666E-01
      2       8     512     512       4       4 0.928E-01 0.369E+00 0.811E-01 0.322E+00 0.175E-01 0.109E-02 0.245E-01 0.153E-02
      2       8      64      64       4       4 0.169E-01 0.671E-01 0.150E-01 0.596E-01 0.609E-03 0.381E-04 0.605E-03 0.378E-04
      3       1    1024    1024       4       4 0.886E-03 0.334E-02 0.405E-04 0.520E-04 0.247E+00 0.154E-01 0.237E+00 0.148E-01
      3       1     128     128       4       4 0.884E-03 0.351E-02 0.805E-05 0.141E-04 0.141E-02 0.883E-04 0.143E-02 0.894E-04
      3       1    2048    2048       4       4 0.107E-02 0.395E-02 0.838E-04 0.106E-03 0.209E+01 0.131E+00 0.206E+01 0.129E+00
      3       1     256     256       4       4 0.765E-03 0.298E-02 0.167E-04 0.360E-04 0.756E-02 0.472E-03 0.808E-02 0.505E-03
      3       1      32      32       4       4 0.679E-03 0.270E-02 0.316E-05 0.691E-05 0.765E-04 0.478E-05 0.589E-04 0.368E-05
      3       1    4096    4096       4       4 0.845E-03 0.306E-02 0.930E-04 0.119E-03 0.519E+01 0.324E+00 0.520E+01 0.325E+00
      3       1     512     512       4       4 0.996E-03 0.381E-02 0.235E-04 0.360E-04 0.411E-01 0.257E-02 0.429E-01 0.268E-02
      3       1      64      64       4       4 0.945E-03 0.376E-02 0.381E-05 0.906E-05 0.299E-03 0.187E-04 0.281E-03 0.175E-04
      3      12    1024    1024       4       4 0.112E-02 0.421E-02 0.520E-04 0.639E-04 0.361E-01 0.225E-02 0.312E-01 0.195E-02
      3      12     128     128       4       4 0.416E-02 0.166E-01 0.113E-04 0.191E-04 0.560E-03 0.350E-04 0.491E-03 0.307E-04
      3      12    2048    2048       4       4 0.610E-03 0.207E-02 0.982E-04 0.119E-03 0.271E+00 0.170E-01 0.265E+00 0.165E-01
      3      12     256     256       4       4 0.411E-02 0.164E-01 0.213E-04 0.441E-04 0.198E-02 0.124E-03 0.167E-02 0.105E-03
      3      12      32      32       4       4 0.419E-02 0.167E-01 0.387E-05 0.787E-05 0.327E-03 0.204E-04 0.205E-03 0.128E-04
      3      12    4096    4096       4       4 0.755E-03 0.256E-02 0.127E-03 0.145E-03 0.841E+00 0.526E-01 0.844E+00 0.528E-01
      3      12     512     512       4       4 0.132E-02 0.515E-02 0.279E-04 0.439E-04 0.812E-02 0.507E-03 0.744E-02 0.465E-03
      3      12      64      64       4       4 0.416E-02 0.166E-01 0.596E-05 0.119E-04 0.462E-03 0.288E-04 0.394E-03 0.246E-04
      3      16    1024    1024       4       4 0.613E-03 0.222E-02 0.644E-04 0.114E-03 0.344E-01 0.215E-02 0.280E-01 0.175E-02
      3      16     128     128       4       4 0.438E-02 0.175E-01 0.972E-05 0.160E-04 0.624E-03 0.390E-04 0.445E-03 0.278E-04
      3      16    2048    2048       4       4 0.567E-03 0.189E-02 0.998E-04 0.122E-03 0.320E+00 0.200E-01 0.345E+00 0.216E-01
      3      16     256     256       4       4 0.155E-02 0.616E-02 0.182E-04 0.279E-04 0.171E-02 0.107E-03 0.136E-02 0.851E-04
      3      16      32      32       4       4 0.424E-02 0.169E-01 0.328E-05 0.620E-05 0.408E-03 0.255E-04 0.222E-03 0.139E-04
      3      16    4096    4096       4       4 0.681E-03 0.226E-02 0.148E-03 0.185E-03 0.101E+01 0.630E-01 0.957E+00 0.598E-01
      3      16     512     512       4       4 0.916E-03 0.354E-02 0.277E-04 0.370E-04 0.765E-02 0.478E-03 0.694E-02 0.434E-03
      3      16      64      64       4       4 0.418E-02 0.167E-01 0.346E-05 0.787E-05 0.289E-02 0.180E-03 0.410E-03 0.256E-04
      3       2    1024    1024       4       4 0.784E-03 0.293E-02 0.437E-04 0.579E-04 0.146E+00 0.912E-02 0.140E+00 0.873E-02
      3       2     128     128       4       4 0.228E-02 0.908E-02 0.954E-05 0.131E-04 0.156E-02 0.975E-04 0.163E-02 0.102E-03
      3       2    2048    2048       4       4 0.850E-03 0.306E-02 0.885E-04 0.109E-03 0.120E+01 0.749E-01 0.118E+01 0.738E-01
      3       2     256     256       4       4 0.852E-03 0.334E-02 0.144E-04 0.229E-04 0.485E-02 0.303E-03 0.485E-02 0.303E-03
      3       2      32      32       4       4 0.366E-02 0.146E-01 0.328E-05 0.691E-05 0.171E-03 0.107E-04 0.112E-03 0.702E-05
      3       2    4096    4096       4       4 0.839E-03 0.295E-02 0.115E-03 0.119E-03 0.315E+01 0.197E+00 0.315E+01 0.197E+00
      3       2     512     512       4       4 0.110E-02 0.426E-02 0.268E-04 0.370E-04 0.229E-01 0.143E-02 0.226E-01 0.141E-02
      3       2      64      64       4       4 0.345E-02 0.138E-01 0.328E-05 0.715E-05 0.325E-03 0.203E-04 0.272E-03 0.170E-04
      3      24    1024    1024       4       4 0.675E-03 0.245E-02 0.765E-04 0.126E-03 0.303E-01 0.190E-02 0.250E-01 0.156E-02
      3      24     128     128       4       4 0.366E-02 0.146E-01 0.113E-04 0.191E-04 0.538E-03 0.336E-04 0.469E-03 0.293E-04
      3      24    2048    2048       4       4 0.490E-03 0.158E-02 0.109E-03 0.157E-03 0.247E+00 0.154E-01 0.240E+00 0.150E-01
      3      24     256     256       4       4 0.361E-02 0.144E-01 0.167E-04 0.250E-04 0.200E-02 0.125E-03 0.137E-02 0.855E-04
      3      24      32      32       4       4 0.427E-02 0.171E-01 0.417E-05 0.906E-05 0.466E-03 0.291E-04 0.188E-03 0.118E-04
      3      24    4096    4096       4       4 0.610E-03 0.196E-02 0.131E-03 0.151E-03 0.710E+00 0.444E-01 0.692E+00 0.433E-01
      3      24     512     512       4       4 0.406E-02 0.161E-01 0.310E-04 0.479E-04 0.646E-02 0.404E-03 0.521E-02 0.326E-03
      3      24      64      64       4       4 0.358E-02 0.143E-01 0.399E-05 0.787E-05 0.610E-01 0.381E-02 0.145E-01 0.905E-03
      3       4    1024    1024       4       4 0.699E-03 0.258E-02 0.427E-04 0.579E-04 0.787E-01 0.492E-02 0.752E-01 0.470E-02
      3       4     128     128       4       4 0.535E-02 0.214E-01 0.983E-05 0.169E-04 0.105E-02 0.654E-04 0.116E-02 0.726E-04
      3       4    2048    2048       4       4 0.862E-03 0.310E-02 0.975E-04 0.143E-03 0.660E+00 0.413E-01 0.654E+00 0.409E-01
      3       4     256     256       4       4 0.560E-02 0.223E-01 0.161E-04 0.269E-04 0.394E-02 0.246E-03 0.399E-02 0.249E-03
      3       4      32      32       4       4 0.365E-02 0.146E-01 0.346E-05 0.715E-05 0.227E-03 0.142E-04 0.202E-03 0.126E-04
      3       4    4096    4096       4       4 0.761E-03 0.270E-02 0.100E-03 0.126E-03 0.175E+01 0.109E+00 0.175E+01 0.110E+00
      3       4     512     512       4       4 0.150E-02 0.585E-02 0.273E-04 0.381E-04 0.180E-01 0.113E-02 0.184E-01 0.115E-02
      3       4      64      64       4       4 0.338E-02 0.135E-01 0.346E-05 0.715E-05 0.480E-03 0.300E-04 0.460E-03 0.287E-04
      3       8    1024    1024       4       4 0.136E-02 0.519E-02 0.457E-04 0.558E-04 0.498E-01 0.311E-02 0.431E-01 0.270E-02
      3       8     128     128       4       4 0.378E-02 0.151E-01 0.978E-05 0.160E-04 0.741E-03 0.463E-04 0.712E-03 0.445E-04
      3       8    2048    2048       4       4 0.688E-03 0.239E-02 0.952E-04 0.114E-03 0.445E+00 0.278E-01 0.453E+00 0.283E-01
      3       8     256     256       4       4 0.531E-02 0.212E-01 0.191E-04 0.250E-04 0.289E-02 0.180E-03 0.269E-02 0.168E-03
      3       8      32      32       4       4 0.451E-02 0.180E-01 0.483E-05 0.715E-05 0.272E-03 0.170E-04 0.221E-03 0.138E-04
      3       8    4096    4096       4       4 0.736E-03 0.252E-02 0.119E-03 0.121E-03 0.116E+01 0.724E-01 0.114E+01 0.711E-01
      3       8     512     512       4       4 0.149E-02 0.579E-02 0.314E-04 0.432E-04 0.100E-01 0.626E-03 0.940E-02 0.588E-03
      3       8      64      64       4       4 0.627E-02 0.251E-01 0.447E-05 0.906E-05 0.459E-03 0.287E-04 0.354E-03 0.221E-04
];