      2       1       1    1024    1024       4       4 0.252E+00 0.254E+00 0.344E+00 0.346E+00 0.182E+00 0.114E-01 0.208E+00 0.130E-01
      2       1       1     128     128       4       4 0.406E-01 0.412E-01 0.377E-01 0.378E-01 0.184E-02 0.115E-03 0.170E-02 0.106E-03
      2       1       1    2048    2048       4       4 0.777E+00 0.782E+00 0.156E+01 0.157E+01 0.888E+00 0.555E-01 0.105E+01 0.654E-01
      2       1       1     256     256       4       4 0.634E-01 0.642E-01 0.590E-01 0.592E-01 0.888E-02 0.555E-03 0.928E-02 0.580E-03
      2       1       1      32      32       4       4 0.109E-01 0.113E-01 0.103E-01 0.103E-01 0.730E-04 0.456E-05 0.722E-04 0.452E-05
      2       1       1    4096    4096       4       4 0.178E+01 0.181E+01 0.392E+01 0.398E+01 0.405E+01 0.253E+00 0.466E+01 0.291E+00
      2       1       1     512     512       4       4 0.111E+00 0.112E+00 0.121E+00 0.122E+00 0.380E-01 0.238E-02 0.421E-01 0.263E-02
      2       1       1      64      64       4       4 0.226E-01 0.230E-01 0.207E-01 0.208E-01 0.352E-03 0.220E-04 0.357E-03 0.223E-04
      2       1      12    1024    1024       4       4 0.448E+00 0.453E+00 0.544E+00 0.562E+00 0.414E-01 0.258E-02 0.440E-01 0.275E-02
      2       1      12     128     128       4       4 0.767E-01 0.778E-01 0.900E-01 0.910E-01 0.134E-02 0.838E-04 0.172E-02 0.107E-03
      2       1      12    2048    2048       4       4 0.130E+01 0.131E+01 0.142E+01 0.146E+01 0.151E+00 0.946E-02 0.170E+00 0.106E-01
      2       1      12     256     256       4       4 0.106E+00 0.107E+00 0.126E+00 0.131E+00 0.595E-02 0.372E-03 0.320E-02 0.200E-03
      2       1      12      32      32       4       4 0.416E-01 0.424E-01 0.441E-01 0.451E-01 0.804E-02 0.502E-03 0.852E-03 0.532E-04
      2       1      12    4096    4096       4       4 0.280E+01 0.301E+01 0.319E+01 0.338E+01 0.717E+00 0.448E-01 0.712E+00 0.445E-01
      2       1      12     512     512       4       4 0.212E+00 0.219E+00 0.258E+00 0.268E+00 0.133E-01 0.830E-03 0.120E-01 0.748E-03
      2       1      12      64      64       4       4 0.532E-01 0.538E-01 0.598E-01 0.616E-01 0.316E-02 0.197E-03 0.224E-02 0.140E-03
      2       1      16    1024    1024       4       4 0.341E+00 0.348E+00 0.434E+00 0.456E+00 0.305E-01 0.191E-02 0.339E-01 0.212E-02
      2       1      16     128     128       4       4 0.607E-01 0.614E-01 0.732E-01 0.746E-01 0.110E-01 0.688E-03 0.256E-02 0.160E-03
      2       1      16    2048    2048       4       4 0.973E+00 0.102E+01 0.107E+01 0.114E+01 0.132E+00 0.825E-02 0.175E+00 0.110E-01
      2       1      16     256     256       4       4 0.975E-01 0.101E+00 0.119E+00 0.123E+00 0.326E-02 0.204E-03 0.355E-02 0.222E-03
      2       1      16      32      32       4       4 0.203E-01 0.212E-01 0.231E-01 0.239E-01 0.308E-02 0.192E-03 0.751E-03 0.469E-04
      2       1      16    4096    4096       4       4 0.213E+01 0.240E+01 0.260E+01 0.268E+01 0.650E+00 0.406E-01 0.624E+00 0.390E-01
      2       1      16     512     512       4       4 0.164E+00 0.168E+00 0.216E+00 0.219E+00 0.125E-01 0.779E-03 0.140E-01 0.873E-03
      2       1      16      64      64       4       4 0.375E-01 0.376E-01 0.432E-01 0.440E-01 0.121E-01 0.757E-03 0.846E-03 0.529E-04
      2       1       2    1024    1024       4       4 0.302E+00 0.303E+00 0.401E+00 0.404E+00 0.980E-01 0.613E-02 0.112E+00 0.698E-02
      2       1       2     128     128       4       4 0.471E-01 0.472E-01 0.458E-01 0.459E-01 0.136E-02 0.850E-04 0.121E-02 0.759E-04
      2       1       2    2048    2048       4       4 0.116E+01 0.118E+01 0.173E+01 0.179E+01 0.489E+00 0.306E-01 0.558E+00 0.348E-01
      2       1       2     256     256       4       4 0.775E-01 0.779E-01 0.752E-01 0.754E-01 0.516E-02 0.323E-03 0.566E-02 0.354E-03
      2       1       2      32      32       4       4 0.146E-01 0.148E-01 0.150E-01 0.154E-01 0.261E-03 0.163E-04 0.240E-03 0.150E-04
      2       1       2    4096    4096       4       4 0.268E+01 0.271E+01 0.412E+01 0.414E+01 0.227E+01 0.142E+00 0.258E+01 0.161E+00
      2       1       2     512     512       4       4 0.132E+00 0.132E+00 0.146E+00 0.148E+00 0.218E-01 0.136E-02 0.243E-01 0.152E-02
      2       1       2      64      64       4       4 0.266E-01 0.270E-01 0.260E-01 0.272E-01 0.452E-03 0.282E-04 0.465E-03 0.291E-04
      2       1      24    1024    1024       4       4 0.522E+00 0.555E+00 0.613E+00 0.621E+00 0.396E-01 0.247E-02 0.339E-01 0.212E-02
      2       1      24     128     128       4       4 0.103E+00 0.104E+00 0.117E+00 0.124E+00 0.136E-01 0.852E-03 0.646E-02 0.404E-03
      2       1      24    2048    2048       4       4 0.123E+01 0.125E+01 0.138E+01 0.144E+01 0.116E+00 0.726E-02 0.132E+00 0.827E-02
      2       1      24     256     256       4       4 0.137E+00 0.142E+00 0.170E+00 0.175E+00 0.709E-02 0.443E-03 0.426E-02 0.266E-03
      2       1      24      32      32       4       4 0.269E-01 0.290E-01 0.306E-01 0.313E-01 0.805E-02 0.503E-03 0.172E-02 0.107E-03
      2       1      24    4096    4096       4       4 0.286E+01 0.294E+01 0.273E+01 0.278E+01 0.663E+00 0.414E-01 0.630E+00 0.394E-01
      2       1      24     512     512       4       4 0.235E+00 0.243E+00 0.286E+00 0.299E+00 0.163E-01 0.102E-02 0.101E-01 0.628E-03
      2       1      24      64      64       4       4 0.892E-01 0.928E-01 0.996E-01 0.110E+00 0.510E-02 0.319E-03 0.207E-02 0.129E-03
      2       1       4    1024    1024       4       4 0.300E+00 0.304E+00 0.356E+00 0.363E+00 0.590E-01 0.369E-02 0.701E-01 0.438E-02
      2       1       4     128     128       4       4 0.471E-01 0.482E-01 0.465E-01 0.480E-01 0.103E-02 0.645E-04 0.111E-02 0.696E-04
      2       1       4    2048    2048       4       4 0.102E+01 0.105E+01 0.120E+01 0.125E+01 0.269E+00 0.168E-01 0.342E+00 0.214E-01
      2       1       4     256     256       4       4 0.744E-01 0.747E-01 0.759E-01 0.766E-01 0.331E-02 0.207E-03 0.375E-02 0.234E-03
      2       1       4      32      32       4       4 0.143E-01 0.145E-01 0.144E-01 0.150E-01 0.301E-03 0.188E-04 0.345E-03 0.216E-04
      2       1       4    4096    4096       4       4 0.245E+01 0.249E+01 0.290E+01 0.300E+01 0.127E+01 0.792E-01 0.137E+01 0.858E-01
      2       1       4     512     512       4       4 0.137E+00 0.139E+00 0.148E+00 0.149E+00 0.140E-01 0.875E-03 0.158E-01 0.985E-03
      2       1       4      64      64       4       4 0.273E-01 0.280E-01 0.268E-01 0.279E-01 0.473E-03 0.296E-04 0.489E-03 0.305E-04
      2       1       8    1024    1024       4       4 0.320E+00 0.328E+00 0.344E+00 0.346E+00 0.430E-01 0.269E-02 0.449E-01 0.280E-02
      2       1       8     128     128       4       4 0.563E-01 0.572E-01 0.543E-01 0.552E-01 0.209E-02 0.130E-03 0.943E-03 0.590E-04
      2       1       8    2048    2048       4       4 0.101E+01 0.103E+01 0.101E+01 0.103E+01 0.178E+00 0.111E-01 0.217E+00 0.135E-01
      2       1       8     256     256       4       4 0.872E-01 0.887E-01 0.861E-01 0.888E-01 0.551E-02 0.344E-03 0.459E-02 0.287E-03
      2       1       8      32      32       4       4 0.172E-01 0.175E-01 0.173E-01 0.177E-01 0.440E-03 0.275E-04 0.471E-03 0.294E-04
      2       1       8    4096    4096       4       4 0.167E+01 0.173E+01 0.236E+01 0.237E+01 0.855E+00 0.535E-01 0.839E+00 0.525E-01
      2       1       8     512     512       4       4 0.150E+00 0.154E+00 0.155E+00 0.157E+00 0.145E-01 0.906E-03 0.120E-01 0.752E-03
      2       1       8      64      64       4       4 0.325E-01 0.331E-01 0.316E-01 0.318E-01 0.121E-02 0.759E-04 0.537E-03 0.335E-04
      2      12       1    1024    1024       4       4 0.138E+00 0.140E+00 0.935E-01 0.939E-01 0.435E-01 0.272E-02 0.424E-01 0.265E-02
      2      12       1     128     128       4       4 0.305E-01 0.324E-01 0.195E-01 0.196E-01 0.924E-03 0.577E-04 0.789E-03 0.493E-04
      2      12       1    2048    2048       4       4 0.206E+00 0.209E+00 0.192E+00 0.193E+00 0.192E+00 0.120E-01 0.192E+00 0.120E-01
      2      12       1     256     256       4       4 0.516E-01 0.539E-01 0.324E-01 0.334E-01 0.288E-02 0.180E-03 0.279E-02 0.174E-03
      2      12       1      32      32       4       4 0.108E-01 0.131E-01 0.683E-02 0.687E-02 0.484E-03 0.302E-04 0.422E-03 0.263E-04
      2      12       1    4096    4096       4       4 0.532E+00 0.536E+00 0.388E+00 0.394E+00 0.137E+01 0.857E-01 0.137E+01 0.857E-01
      2      12       1     512     512       4       4 0.773E-01 0.792E-01 0.532E-01 0.532E-01 0.101E-01 0.633E-03 0.938E-02 0.586E-03
      2      12       1      64      64       4       4 0.214E-01 0.233E-01 0.125E-01 0.125E-01 0.678E-03 0.424E-04 0.562E-03 0.351E-04
      2      12       2    1024    1024       4       4 0.195E+00 0.208E+00 0.118E+00 0.122E+00 0.684E-01 0.427E-02 0.707E-01 0.442E-02
      2      12       2     128     128       4       4 0.359E-01 0.386E-01 0.225E-01 0.238E-01 0.195E-02 0.122E-03 0.177E-02 0.111E-03
      2      12       2    2048    2048       4       4 0.287E+00 0.301E+00 0.267E+00 0.282E+00 0.378E+00 0.236E-01 0.388E+00 0.243E-01
      2      12       2     256     256       4       4 0.636E-01 0.678E-01 0.363E-01 0.382E-01 0.127E-01 0.792E-03 0.569E-02 0.356E-03
      2      12       2      32      32       4       4 0.146E-01 0.165E-01 0.817E-02 0.852E-02 0.106E-01 0.660E-03 0.134E-02 0.837E-04
      2      12       2    4096    4096       4       4 0.937E+00 0.981E+00 0.457E+00 0.475E+00 0.268E+01 0.167E+00 0.243E+01 0.152E+00
      2      12       2     512     512       4       4 0.914E-01 0.959E-01 0.619E-01 0.627E-01 0.195E-01 0.122E-02 0.160E-01 0.999E-03
      2      12       2      64      64       4       4 0.287E-01 0.311E-01 0.147E-01 0.150E-01 0.217E-01 0.136E-02 0.985E-02 0.616E-03
      2      16       1    1024    1024       4       4 0.246E+00 0.249E+00 0.215E+00 0.215E+00 0.257E-01 0.161E-02 0.253E-01 0.158E-02
      2      16       1     128     128       4       4 0.656E-01 0.706E-01 0.466E-01 0.494E-01 0.733E-03 0.458E-04 0.679E-03 0.424E-04
      2      16       1    2048    2048       4       4 0.453E+00 0.456E+00 0.446E+00 0.447E+00 0.101E+00 0.632E-02 0.108E+00 0.672E-02
      2      16       1     256     256       4       4 0.935E-01 0.961E-01 0.678E-01 0.679E-01 0.218E-02 0.136E-03 0.179E-02 0.112E-03
      2      16       1      32      32       4       4 0.322E-01 0.350E-01 0.249E-01 0.266E-01 0.345E-03 0.215E-04 0.274E-03 0.171E-04
      2      16       1    4096    4096       4       4 0.219E+01 0.222E+01 0.223E+01 0.227E+01 0.635E+00 0.397E-01 0.646E+00 0.404E-01
      2      16       1     512     512       4       4 0.185E+00 0.188E+00 0.149E+00 0.149E+00 0.692E-02 0.433E-03 0.635E-02 0.397E-03
      2      16       1      64      64       4       4 0.597E-01 0.906E-01 0.342E-01 0.397E-01 0.385E-03 0.241E-04 0.310E-03 0.194E-04
      2       2       1    1024    1024       4       4 0.499E+00 0.511E+00 0.520E+00 0.521E+00 0.124E+00 0.778E-02 0.135E+00 0.846E-02
      2       2       1     128     128       4       4 0.656E-01 0.679E-01 0.541E-01 0.543E-01 0.135E-02 0.842E-04 0.141E-02 0.879E-04
      2       2       1    2048    2048       4       4 0.167E+01 0.169E+01 0.191E+01 0.192E+01 0.553E+00 0.345E-01 0.599E+00 0.375E-01
      2       2       1     256     256       4       4 0.113E+00 0.115E+00 0.956E-01 0.962E-01 0.620E-02 0.388E-03 0.666E-02 0.416E-03
      2       2       1      32      32       4       4 0.264E-01 0.286E-01 0.219E-01 0.219E-01 0.117E-03 0.733E-05 0.851E-04 0.532E-05
      2       2       1    4096    4096       4       4 0.849E+01 0.856E+01 0.931E+01 0.933E+01 0.367E+01 0.230E+00 0.379E+01 0.237E+00
      2       2       1     512     512       4       4 0.216E+00 0.218E+00 0.198E+00 0.199E+00 0.266E-01 0.166E-02 0.286E-01 0.179E-02
      2       2       1      64      64       4       4 0.443E-01 0.470E-01 0.370E-01 0.373E-01 0.410E-03 0.256E-04 0.346E-03 0.216E-04
      2       2      12    1024    1024       4       4 0.104E+01 0.109E+01 0.106E+01 0.109E+01 0.122E+00 0.765E-02 0.126E+00 0.788E-02
      2       2      12     128     128       4       4 0.152E+00 0.164E+00 0.135E+00 0.141E+00 0.254E-02 0.159E-03 0.328E-02 0.205E-03
      2       2      12    2048    2048       4       4 0.285E+01 0.295E+01 0.280E+01 0.291E+01 0.489E+00 0.306E-01 0.526E+00 0.329E-01
      2       2      12     256     256       4       4 0.263E+00 0.272E+00 0.236E+00 0.242E+00 0.103E-01 0.647E-03 0.630E-02 0.394E-03
      2       2      12      32      32       4       4 0.629E-01 0.649E-01 0.573E-01 0.577E-01 0.424E-02 0.265E-03 0.101E-02 0.634E-04
      2       2      12    4096    4096       4       4 0.100E+02 0.101E+02 0.981E+01 0.997E+01 0.242E+01 0.151E+00 0.233E+01 0.146E+00
      2       2      12     512     512       4       4 0.439E+00 0.466E+00 0.416E+00 0.429E+00 0.317E-01 0.198E-02 0.313E-01 0.195E-02
      2       2      12      64      64       4       4 0.111E+00 0.117E+00 0.101E+00 0.106E+00 0.142E-01 0.888E-03 0.142E-02 0.888E-04
      2       2       2    1024    1024       4       4 0.820E+00 0.844E+00 0.822E+00 0.869E+00 0.138E+00 0.865E-02 0.144E+00 0.898E-02
      2       2       2     128     128       4       4 0.811E-01 0.874E-01 0.684E-01 0.732E-01 0.149E-02 0.932E-04 0.161E-02 0.101E-03
      2       2       2    2048    2048       4       4 0.220E+01 0.227E+01 0.243E+01 0.244E+01 0.654E+00 0.409E-01 0.664E+00 0.415E-01
      2       2       2     256     256       4       4 0.138E+00 0.139E+00 0.120E+00 0.121E+00 0.507E-02 0.317E-03 0.560E-02 0.350E-03
      2       2       2      32      32       4       4 0.343E-01 0.359E-01 0.287E-01 0.303E-01 0.451E-03 0.282E-04 0.402E-03 0.251E-04
      2       2       2    4096    4096       4       4 0.926E+01 0.929E+01 0.952E+01 0.960E+01 0.273E+01 0.170E+00 0.273E+01 0.171E+00
      2       2       2     512     512       4       4 0.286E+00 0.287E+00 0.264E+00 0.265E+00 0.325E-01 0.203E-02 0.344E-01 0.215E-02
      2       2       2      64      64       4       4 0.550E-01 0.563E-01 0.465E-01 0.483E-01 0.754E-03 0.471E-04 0.691E-03 0.432E-04
      2       2       4    1024    1024       4       4 0.754E+00 0.773E+00 0.762E+00 0.817E+00 0.123E+00 0.768E-02 0.121E+00 0.759E-02
      2       2       4     128     128       4       4 0.895E-01 0.925E-01 0.757E-01 0.766E-01 0.180E-02 0.113E-03 0.178E-02 0.111E-03
      2       2       4    2048    2048       4       4 0.266E+01 0.277E+01 0.271E+01 0.281E+01 0.534E+00 0.334E-01 0.561E+00 0.351E-01
      2       2       4     256     256       4       4 0.151E+00 0.156E+00 0.133E+00 0.138E+00 0.543E-02 0.339E-03 0.565E-02 0.353E-03
      2       2       4      32      32       4       4 0.380E-01 0.399E-01 0.310E-01 0.318E-01 0.691E-03 0.432E-04 0.671E-03 0.420E-04
      2       2       4    4096    4096       4       4 0.917E+01 0.936E+01 0.931E+01 0.938E+01 0.246E+01 0.154E+00 0.233E+01 0.146E+00
      2       2       4     512     512       4       4 0.320E+00 0.331E+00 0.274E+00 0.289E+00 0.284E-01 0.177E-02 0.277E-01 0.173E-02
      2       2       4      64      64       4       4 0.577E-01 0.589E-01 0.479E-01 0.503E-01 0.864E-03 0.540E-04 0.751E-03 0.470E-04
      2       2       8    1024    1024       4       4 0.788E+00 0.811E+00 0.777E+00 0.788E+00 0.106E+00 0.661E-02 0.107E+00 0.666E-02
      2       2       8     128     128       4       4 0.977E-01 0.994E-01 0.810E-01 0.840E-01 0.366E-02 0.229E-03 0.203E-02 0.127E-03
      2       2       8    2048    2048       4       4 0.246E+01 0.247E+01 0.258E+01 0.261E+01 0.468E+00 0.292E-01 0.537E+00 0.335E-01
      2       2       8     256     256       4       4 0.171E+00 0.177E+00 0.153E+00 0.157E+00 0.479E-02 0.299E-03 0.545E-02 0.340E-03
      2       2       8      32      32       4       4 0.400E-01 0.408E-01 0.341E-01 0.351E-01 0.465E-02 0.290E-03 0.710E-03 0.444E-04
      2       2       8    4096    4096       4       4 0.819E+01 0.832E+01 0.867E+01 0.895E+01 0.219E+01 0.137E+00 0.210E+01 0.131E+00
      2       2       8     512     512       4       4 0.324E+00 0.337E+00 0.301E+00 0.313E+00 0.240E-01 0.150E-02 0.238E-01 0.149E-02
      2       2       8      64      64       4       4 0.648E-01 0.658E-01 0.532E-01 0.551E-01 0.623E-02 0.390E-03 0.943E-03 0.589E-04
      2      24       1    1024    1024       4       4 0.114E+00 0.117E+00 0.806E-01 0.808E-01 0.277E-01 0.173E-02 0.230E-01 0.143E-02
      2      24       1     128     128       4       4 0.350E-01 0.382E-01 0.209E-01 0.210E-01 0.242E-02 0.151E-03 0.119E-02 0.743E-04
      2      24       1    2048    2048       4       4 0.164E+00 0.167E+00 0.142E+00 0.142E+00 0.102E+00 0.635E-02 0.104E+00 0.652E-02
      2      24       1     256     256       4       4 0.514E-01 0.557E-01 0.337E-01 0.358E-01 0.408E-02 0.255E-03 0.226E-02 0.141E-03
      2      24       1      32      32       4       4 0.120E-01 0.150E-01 0.731E-02 0.744E-02 0.694E-03 0.434E-04 0.549E-03 0.343E-04
      2      24       1     512     512       4       4 0.780E-01 0.806E-01 0.497E-01 0.498E-01 0.105E-01 0.659E-03 0.601E-02 0.375E-03
      2      24       1      64      64       4       4 0.204E-01 0.233E-01 0.140E-01 0.141E-01 0.103E-02 0.644E-04 0.846E-03 0.529E-04
      2       4       1    1024    1024       4       4 0.334E+00 0.338E+00 0.315E+00 0.317E+00 0.660E-01 0.413E-02 0.711E-01 0.444E-02
      2       4       1     128     128       4       4 0.707E-01 0.728E-01 0.578E-01 0.582E-01 0.926E-03 0.578E-04 0.845E-03 0.528E-04
      2       4       1    2048    2048       4       4 0.888E+00 0.899E+00 0.100E+01 0.103E+01 0.301E+00 0.188E-01 0.329E+00 0.205E-01
      2       4       1     256     256       4       4 0.997E-01 0.102E+00 0.826E-01 0.833E-01 0.349E-02 0.218E-03 0.396E-02 0.247E-03
      2       4       1      32      32       4       4 0.310E-01 0.323E-01 0.255E-01 0.260E-01 0.187E-03 0.117E-04 0.170E-03 0.106E-04
      2       4       1    4096    4096       4       4 0.340E+01 0.343E+01 0.380E+01 0.384E+01 0.160E+01 0.997E-01 0.161E+01 0.100E+00
      2       4       1     512     512       4       4 0.183E+00 0.187E+00 0.158E+00 0.160E+00 0.153E-01 0.957E-03 0.161E-01 0.101E-02
      2       4       1      64      64       4       4 0.493E-01 0.511E-01 0.415E-01 0.419E-01 0.341E-03 0.213E-04 0.269E-03 0.168E-04
      2       4       2    1024    1024       4       4 0.491E+00 0.501E+00 0.472E+00 0.476E+00 0.837E-01 0.523E-02 0.876E-01 0.548E-02
      2       4       2     128     128       4       4 0.870E-01 0.903E-01 0.725E-01 0.770E-01 0.170E-02 0.106E-03 0.171E-02 0.107E-03
      2       4       2    2048    2048       4       4 0.128E+01 0.137E+01 0.143E+01 0.150E+01 0.363E+00 0.227E-01 0.387E+00 0.242E-01
      2       4       2     256     256       4       4 0.122E+00 0.128E+00 0.104E+00 0.110E+00 0.438E-02 0.274E-03 0.442E-02 0.276E-03
      2       4       2      32      32       4       4 0.435E-01 0.469E-01 0.338E-01 0.353E-01 0.175E-02 0.110E-03 0.112E-02 0.701E-04
      2       4       2    4096    4096       4       4 0.566E+01 0.587E+01 0.534E+01 0.549E+01 0.182E+01 0.114E+00 0.169E+01 0.105E+00
      2       4       2     512     512       4       4 0.252E+00 0.253E+00 0.221E+00 0.222E+00 0.136E-01 0.849E-03 0.139E-01 0.866E-03
      2       4       2      64      64       4       4 0.625E-01 0.645E-01 0.530E-01 0.542E-01 0.797E-03 0.498E-04 0.725E-03 0.453E-04
      2       4       4    1024    1024       4       4 0.486E+00 0.508E+00 0.441E+00 0.458E+00 0.773E-01 0.483E-02 0.798E-01 0.499E-02
      2       4       4     128     128       4       4 0.961E-01 0.100E+00 0.801E-01 0.841E-01 0.240E-02 0.150E-03 0.224E-02 0.140E-03
      2       4       4    2048    2048       4       4 0.130E+01 0.133E+01 0.128E+01 0.130E+01 0.323E+00 0.202E-01 0.350E+00 0.219E-01
      2       4       4     256     256       4       4 0.130E+00 0.138E+00 0.109E+00 0.110E+00 0.491E-02 0.307E-03 0.550E-02 0.344E-03
      2       4       4      32      32       4       4 0.490E-01 0.521E-01 0.389E-01 0.407E-01 0.162E-02 0.101E-03 0.155E-02 0.966E-04
      2       4       4    4096    4096       4       4 0.467E+01 0.493E+01 0.459E+01 0.475E+01 0.149E+01 0.929E-01 0.154E+01 0.963E-01
      2       4       4     512     512       4       4 0.243E+00 0.250E+00 0.212E+00 0.219E+00 0.146E-01 0.913E-03 0.136E-01 0.848E-03
      2       4       4      64      64       4       4 0.662E-01 0.672E-01 0.554E-01 0.560E-01 0.471E-02 0.295E-03 0.116E-02 0.723E-04
      2       8       1    1024    1024       4       4 0.260E+00 0.264E+00 0.238E+00 0.239E+00 0.398E-01 0.248E-02 0.412E-01 0.258E-02
      2       8       1     128     128       4       4 0.768E-01 0.786E-01 0.620E-01 0.628E-01 0.856E-03 0.535E-04 0.773E-03 0.483E-04
      2       8       1    2048    2048       4       4 0.612E+00 0.620E+00 0.629E+00 0.632E+00 0.172E+00 0.108E-01 0.186E+00 0.116E-01
      2       8       1     256     256       4       4 0.115E+00 0.118E+00 0.928E-01 0.941E-01 0.251E-02 0.157E-03 0.278E-02 0.174E-03
      2       8       1      32      32       4       4 0.265E-01 0.287E-01 0.189E-01 0.207E-01 0.245E-03 0.153E-04 0.217E-03 0.136E-04
      2       8       1    4096    4096       4       4 0.234E+01 0.236E+01 0.252E+01 0.255E+01 0.956E+00 0.597E-01 0.963E+00 0.602E-01
      2       8       1     512     512       4       4 0.155E+00 0.159E+00 0.131E+00 0.134E+00 0.103E-01 0.642E-03 0.961E-02 0.600E-03
      2       8       1      64      64       4       4 0.413E-01 0.435E-01 0.302E-01 0.315E-01 0.452E-03 0.282E-04 0.381E-03 0.238E-04
      2       8       2    1024    1024       4       4 0.383E+00 0.395E+00 0.358E+00 0.370E+00 0.389E-01 0.243E-02 0.401E-01 0.251E-02
      2       8       2     128     128       4       4 0.949E-01 0.977E-01 0.766E-01 0.776E-01 0.160E-02 0.100E-03 0.154E-02 0.960E-04
      2       8       2    2048    2048       4       4 0.100E+01 0.106E+01 0.102E+01 0.106E+01 0.189E+00 0.118E-01 0.215E+00 0.135E-01
      2       8       2     256     256       4       4 0.147E+00 0.151E+00 0.122E+00 0.127E+00 0.359E-02 0.225E-03 0.367E-02 0.229E-03
      2       8       2      32      32       4       4 0.364E-01 0.374E-01 0.266E-01 0.269E-01 0.127E-02 0.796E-04 0.126E-02 0.786E-04
      2       8       2    4096    4096       4       4 0.337E+01 0.397E+01 0.317E+01 0.325E+01 0.969E+00 0.606E-01 0.952E+00 0.595E-01
      2       8       2     512     512       4       4 0.199E+00 0.201E+00 0.173E+00 0.178E+00 0.114E-01 0.714E-03 0.116E-01 0.725E-03
      2       8       2      64      64       4       4 0.497E-01 0.511E-01 0.390E-01 0.399E-01 0.788E-02 0.492E-03 0.117E-02 0.729E-04
      3       1       1    1024    1024       4       4 0.782E-03 0.295E-02 0.536E-06 0.119E-05 0.251E+00 0.157E-01 0.463E+00 0.289E-01
      3       1       1     128     128       4       4 0.882E-03 0.348E-02 0.000E+00 0.000E+00 0.261E-02 0.163E-03 0.515E-02 0.322E-03
      3       1       1    2048    2048       4       4 0.104E-02 0.389E-02 0.000E+00 0.000E+00 0.177E+01 0.111E+00 0.352E+01 0.220E+00
      3       1       1     256     256       4       4 0.705E-03 0.277E-02 0.000E+00 0.000E+00 0.123E-01 0.770E-03 0.240E-01 0.150E-02
      3       1       1      32      32       4       4 0.727E-03 0.287E-02 0.000E+00 0.000E+00 0.249E-03 0.156E-04 0.404E-03 0.252E-04
      3       1       1    4096    4096       4       4 0.969E-03 0.342E-02 0.000E+00 0.000E+00 0.883E+01 0.552E+00 0.174E+02 0.109E+01
      3       1       1     512     512       4       4 0.877E-03 0.340E-02 0.000E+00 0.000E+00 0.495E-01 0.309E-02 0.969E-01 0.605E-02
      3       1       1      64      64       4       4 0.781E-03 0.307E-02 0.000E+00 0.000E+00 0.605E-03 0.378E-04 0.105E-02 0.657E-04
      3       1      12    1024    1024       4       4 0.491E-02 0.194E-01 0.000E+00 0.000E+00 0.191E+00 0.119E-01 0.345E+00 0.216E-01
      3       1      12     128     128       4       4 0.380E-02 0.151E-01 0.000E+00 0.000E+00 0.289E-02 0.181E-03 0.541E-02 0.338E-03
      3       1      12    2048    2048       4       4 0.616E-03 0.214E-02 0.238E-06 0.954E-06 0.912E+00 0.570E-01 0.181E+01 0.113E+00
      3       1      12     256     256       4       4 0.375E-02 0.150E-01 0.000E+00 0.000E+00 0.110E-01 0.685E-03 0.210E-01 0.131E-02
      3       1      12      32      32       4       4 0.419E-02 0.167E-01 0.000E+00 0.000E+00 0.469E-03 0.293E-04 0.768E-03 0.480E-04
      3       1      12    4096    4096       4       4 0.799E-03 0.263E-02 0.000E+00 0.000E+00 0.511E+01 0.319E+00 0.101E+02 0.633E+00
      3       1      12     512     512       4       4 0.181E-02 0.710E-02 0.000E+00 0.000E+00 0.422E-01 0.264E-02 0.807E-01 0.504E-02
      3       1      12      64      64       4       4 0.413E-02 0.165E-01 0.000E+00 0.000E+00 0.101E-02 0.630E-04 0.176E-02 0.110E-03
      3       1      16    1024    1024       4       4 0.850E-03 0.319E-02 0.000E+00 0.000E+00 0.189E+00 0.118E-01 0.342E+00 0.214E-01
      3       1      16     128     128       4       4 0.392E-02 0.156E-01 0.238E-06 0.954E-06 0.338E-02 0.211E-03 0.629E-02 0.393E-03
      3       1      16    2048    2048       4       4 0.558E-03 0.191E-02 0.000E+00 0.000E+00 0.895E+00 0.559E-01 0.177E+01 0.111E+00
      3       1      16     256     256       4       4 0.432E-02 0.172E-01 0.000E+00 0.000E+00 0.104E-01 0.649E-03 0.199E-01 0.125E-02
      3       1      16      32      32       4       4 0.529E-02 0.211E-01 0.000E+00 0.000E+00 0.603E-03 0.377E-04 0.994E-03 0.621E-04
      3       1      16    4096    4096       4       4 0.631E-03 0.198E-02 0.000E+00 0.000E+00 0.515E+01 0.322E+00 0.102E+02 0.637E+00
      3       1      16     512     512       4       4 0.355E-02 0.140E-01 0.000E+00 0.000E+00 0.422E-01 0.264E-02 0.813E-01 0.508E-02
      3       1      16      64      64       4       4 0.416E-02 0.166E-01 0.000E+00 0.000E+00 0.137E-02 0.855E-04 0.232E-02 0.145E-03
      3       1       2    1024    1024       4       4 0.115E-02 0.441E-02 0.000E+00 0.000E+00 0.215E+00 0.135E-01 0.399E+00 0.249E-01
      3       1       2     128     128       4       4 0.303E-02 0.121E-01 0.000E+00 0.000E+00 0.267E-02 0.167E-03 0.524E-02 0.328E-03
      3       1       2    2048    2048       4       4 0.856E-03 0.314E-02 0.000E+00 0.000E+00 0.125E+01 0.781E-01 0.247E+01 0.155E+00
      3       1       2     256     256       4       4 0.143E-02 0.569E-02 0.000E+00 0.000E+00 0.111E-01 0.695E-03 0.217E-01 0.136E-02
      3       1       2      32      32       4       4 0.722E-03 0.285E-02 0.000E+00 0.000E+00 0.366E-03 0.229E-04 0.557E-03 0.348E-04
      3       1       2    4096    4096       4       4 0.897E-03 0.310E-02 0.000E+00 0.000E+00 0.744E+01 0.465E+00 0.147E+02 0.916E+00
      3       1       2     512     512       4       4 0.135E-02 0.525E-02 0.000E+00 0.000E+00 0.444E-01 0.277E-02 0.867E-01 0.542E-02
      3       1       2      64      64       4       4 0.367E-02 0.147E-01 0.238E-06 0.954E-06 0.717E-03 0.448E-04 0.125E-02 0.781E-04
      3       1      24    1024    1024       4       4 0.413E-02 0.163E-01 0.298E-06 0.119E-05 0.225E+00 0.140E-01 0.415E+00 0.259E-01
      3       1      24     128     128       4       4 0.360E-02 0.144E-01 0.000E+00 0.000E+00 0.578E-02 0.361E-03 0.961E-02 0.600E-03
      3       1      24    2048    2048       4       4 0.500E-03 0.160E-02 0.238E-06 0.954E-06 0.102E+01 0.639E-01 0.203E+01 0.127E+00
      3       1      24     256     256       4       4 0.342E-02 0.136E-01 0.000E+00 0.000E+00 0.112E-01 0.700E-03 0.216E-01 0.135E-02
      3       1      24      32      32       4       4 0.528E-02 0.211E-01 0.000E+00 0.000E+00 0.675E-03 0.422E-04 0.108E-02 0.677E-04
      3       1      24    4096    4096       4       4 0.687E-03 0.210E-02 0.000E+00 0.000E+00 0.583E+01 0.364E+00 0.116E+02 0.724E+00
      3       1      24     512     512       4       4 0.548E-03 0.206E-02 0.000E+00 0.000E+00 0.417E-01 0.261E-02 0.803E-01 0.502E-02
      3       1      24      64      64       4       4 0.623E-02 0.249E-01 0.000E+00 0.000E+00 0.186E-02 0.116E-03 0.317E-02 0.198E-03
      3       1       4    1024    1024       4       4 0.252E-02 0.990E-02 0.298E-06 0.119E-05 0.222E+00 0.139E-01 0.425E+00 0.266E-01
      3       1       4     128     128       4       4 0.383E-02 0.153E-01 0.000E+00 0.000E+00 0.268E-02 0.167E-03 0.516E-02 0.322E-03
      3       1       4    2048    2048       4       4 0.781E-03 0.280E-02 0.000E+00 0.000E+00 0.106E+01 0.665E-01 0.210E+01 0.131E+00
      3       1       4     256     256       4       4 0.336E-02 0.134E-01 0.000E+00 0.000E+00 0.120E-01 0.752E-03 0.232E-01 0.145E-02
      3       1       4      32      32       4       4 0.422E-02 0.168E-01 0.000E+00 0.000E+00 0.356E-03 0.223E-04 0.578E-03 0.362E-04
      3       1       4    4096    4096       4       4 0.832E-03 0.282E-02 0.000E+00 0.000E+00 0.575E+01 0.359E+00 0.113E+02 0.706E+00
      3       1       4     512     512       4       4 0.184E-02 0.724E-02 0.596E-06 0.119E-05 0.449E-01 0.280E-02 0.879E-01 0.550E-02
      3       1       4      64      64       4       4 0.414E-02 0.165E-01 0.000E+00 0.000E+00 0.760E-03 0.475E-04 0.132E-02 0.825E-04
      3       1       8    1024    1024       4       4 0.219E-02 0.854E-02 0.238E-06 0.954E-06 0.199E+00 0.124E-01 0.360E+00 0.225E-01
      3       1       8     128     128       4       4 0.511E-02 0.204E-01 0.000E+00 0.000E+00 0.261E-02 0.163E-03 0.504E-02 0.315E-03
      3       1       8    2048    2048       4       4 0.710E-03 0.252E-02 0.238E-06 0.954E-06 0.940E+00 0.587E-01 0.186E+01 0.116E+00
      3       1       8     256     256       4       4 0.297E-02 0.118E-01 0.000E+00 0.000E+00 0.103E-01 0.645E-03 0.198E-01 0.124E-02
      3       1       8      32      32       4       4 0.438E-02 0.175E-01 0.000E+00 0.000E+00 0.414E-03 0.259E-04 0.661E-03 0.413E-04
      3       1       8    4096    4096       4       4 0.758E-03 0.251E-02 0.000E+00 0.000E+00 0.518E+01 0.324E+00 0.102E+02 0.639E+00
      3       1       8     512     512       4       4 0.165E-02 0.645E-02 0.000E+00 0.000E+00 0.440E-01 0.275E-02 0.848E-01 0.530E-02
      3       1       8      64      64       4       4 0.449E-02 0.179E-01 0.000E+00 0.000E+00 0.855E-03 0.535E-04 0.152E-02 0.948E-04
      3      12       1    1024    1024       4       4 0.118E-01 0.472E-01 0.185E-05 0.215E-05 0.505E-01 0.316E-02 0.955E-01 0.597E-02
      3      12       1     128     128       4       4 0.165E-01 0.659E-01 0.131E-05 0.215E-05 0.208E-02 0.130E-03 0.316E-02 0.197E-03
      3      12       1    2048    2048       4       4 0.120E-01 0.475E-01 0.125E-05 0.191E-05 0.259E+00 0.162E-01 0.514E+00 0.321E-01
      3      12       1     256     256       4       4 0.265E-01 0.106E+00 0.119E-05 0.191E-05 0.318E-02 0.198E-03 0.507E-02 0.317E-03
      3      12       1      32      32       4       4 0.992E-02 0.396E-01 0.149E-05 0.215E-05 0.153E-02 0.959E-04 0.208E-02 0.130E-03
      3      12       1    4096    4096       4       4 0.334E-01 0.133E+00 0.173E-05 0.310E-05 0.107E+01 0.668E-01 0.212E+01 0.133E+00
      3      12       1     512     512       4       4 0.171E-01 0.682E-01 0.954E-06 0.954E-06 0.147E-01 0.922E-03 0.279E-01 0.174E-02
      3      12       1      64      64       4       4 0.141E-01 0.564E-01 0.101E-05 0.119E-05 0.132E-02 0.823E-04 0.188E-02 0.117E-03
      3      12       2    1024    1024       4       4 0.172E-01 0.684E-01 0.125E-05 0.191E-05 0.592E-01 0.370E-02 0.112E+00 0.700E-02
      3      12       2     128     128       4       4 0.194E-01 0.774E-01 0.954E-06 0.954E-06 0.207E-02 0.129E-03 0.325E-02 0.203E-03
      3      12       2    2048    2048       4       4 0.378E-01 0.151E+00 0.325E-02 0.130E-01 0.251E+00 0.157E-01 0.500E+00 0.313E-01
      3      12       2     256     256       4       4 0.170E-01 0.678E-01 0.775E-06 0.119E-05 0.333E-02 0.208E-03 0.541E-02 0.338E-03
      3      12       2      32      32       4       4 0.185E-01 0.740E-01 0.131E-05 0.215E-05 0.184E-02 0.115E-03 0.282E-02 0.176E-03
      3      12       2    4096    4096       4       4 0.143E-01 0.565E-01 0.125E-05 0.191E-05 0.102E+01 0.636E-01 0.202E+01 0.126E+00
      3      12       2     512     512       4       4 0.208E-01 0.832E-01 0.477E-06 0.954E-06 0.163E-01 0.102E-02 0.306E-01 0.191E-02
      3      12       2      64      64       4       4 0.219E-01 0.875E-01 0.477E-06 0.954E-06 0.169E-02 0.105E-03 0.243E-02 0.152E-03
      3      16       1    1024    1024       4       4 0.195E-01 0.776E-01 0.125E-05 0.191E-05 0.462E-01 0.289E-02 0.886E-01 0.554E-02
      3      16       1     128     128       4       4 0.313E-01 0.125E+00 0.137E-05 0.215E-05 0.240E-02 0.150E-03 0.403E-02 0.252E-03
      3      16       1    2048    2048       4       4 0.245E-01 0.976E-01 0.119E-05 0.191E-05 0.192E+00 0.120E-01 0.379E+00 0.237E-01
      3      16       1     256     256       4       4 0.241E-01 0.964E-01 0.125E-05 0.215E-05 0.338E-02 0.211E-03 0.543E-02 0.339E-03
      3      16       1      32      32       4       4 0.181E-01 0.722E-01 0.238E-06 0.954E-06 0.193E-02 0.120E-03 0.270E-02 0.169E-03
      3      16       1    4096    4096       4       4 0.216E-01 0.859E-01 0.954E-06 0.954E-06 0.103E+01 0.644E-01 0.204E+01 0.128E+00
      3      16       1     512     512       4       4 0.241E-01 0.963E-01 0.954E-06 0.954E-06 0.142E-01 0.889E-03 0.269E-01 0.168E-02
      3      16       1      64      64       4       4 0.186E-01 0.742E-01 0.107E-05 0.119E-05 0.203E-02 0.127E-03 0.303E-02 0.189E-03
      3       2       1    1024    1024       4       4 0.460E-02 0.182E-01 0.477E-06 0.954E-06 0.183E+00 0.114E-01 0.349E+00 0.218E-01
      3       2       1     128     128       4       4 0.834E-02 0.333E-01 0.954E-06 0.954E-06 0.176E-02 0.110E-03 0.332E-02 0.208E-03
      3       2       1    2048    2048       4       4 0.432E-02 0.170E-01 0.775E-06 0.119E-05 0.930E+00 0.581E-01 0.184E+01 0.115E+00
      3       2       1     256     256       4       4 0.448E-02 0.178E-01 0.252E-02 0.101E-01 0.962E-02 0.601E-03 0.189E-01 0.118E-02
      3       2       1      32      32       4       4 0.556E-02 0.222E-01 0.000E+00 0.000E+00 0.432E-03 0.270E-04 0.700E-03 0.438E-04
      3       2       1    4096    4096       4       4 0.483E-02 0.189E-01 0.536E-06 0.119E-05 0.446E+01 0.279E+00 0.879E+01 0.549E+00
      3       2       1     512     512       4       4 0.375E-02 0.149E-01 0.661E-02 0.264E-01 0.382E-01 0.239E-02 0.754E-01 0.471E-02
      3       2       1      64      64       4       4 0.657E-02 0.262E-01 0.775E-06 0.119E-05 0.901E-03 0.563E-04 0.162E-02 0.101E-03
      3       2      12    1024    1024       4       4 0.661E-02 0.262E-01 0.715E-06 0.954E-06 0.168E+00 0.105E-01 0.323E+00 0.202E-01
      3       2      12     128     128       4       4 0.964E-02 0.385E-01 0.775E-06 0.119E-05 0.304E-02 0.190E-03 0.489E-02 0.306E-03
      3       2      12    2048    2048       4       4 0.486E-02 0.191E-01 0.101E-05 0.119E-05 0.725E+00 0.453E-01 0.144E+01 0.897E-01
      3       2      12     256     256       4       4 0.504E-02 0.201E-01 0.477E-06 0.954E-06 0.111E-01 0.693E-03 0.218E-01 0.136E-02
      3       2      12      32      32       4       4 0.592E-02 0.236E-01 0.000E+00 0.000E+00 0.616E-03 0.385E-04 0.106E-02 0.664E-04
      3       2      12    4096    4096       4       4 0.401E-02 0.155E-01 0.477E-06 0.954E-06 0.283E+01 0.177E+00 0.561E+01 0.350E+00
      3       2      12     512     512       4       4 0.574E-02 0.227E-01 0.000E+00 0.000E+00 0.470E-01 0.294E-02 0.902E-01 0.564E-02
      3       2      12      64      64       4       4 0.590E-02 0.235E-01 0.591E-02 0.236E-01 0.108E-02 0.676E-04 0.186E-02 0.116E-03
      3       2       2    1024    1024       4       4 0.470E-02 0.186E-01 0.477E-06 0.954E-06 0.154E+00 0.963E-02 0.299E+00 0.187E-01
      3       2       2     128     128       4       4 0.832E-02 0.332E-01 0.954E-06 0.954E-06 0.238E-02 0.149E-03 0.446E-02 0.279E-03
      3       2       2    2048    2048       4       4 0.346E-02 0.135E-01 0.477E-06 0.954E-06 0.732E+00 0.457E-01 0.145E+01 0.909E-01
      3       2       2     256     256       4       4 0.656E-02 0.261E-01 0.477E-06 0.954E-06 0.989E-02 0.618E-03 0.196E-01 0.122E-02
      3       2       2      32      32       4       4 0.654E-02 0.261E-01 0.107E-05 0.119E-05 0.454E-03 0.284E-04 0.769E-03 0.481E-04
      3       2       2    4096    4096       4       4 0.305E-02 0.117E-01 0.238E-06 0.954E-06 0.329E+01 0.205E+00 0.653E+01 0.408E+00
      3       2       2     512     512       4       4 0.828E-02 0.330E-01 0.238E-06 0.954E-06 0.374E-01 0.234E-02 0.744E-01 0.465E-02
      3       2       2      64      64       4       4 0.609E-02 0.243E-01 0.238E-06 0.954E-06 0.893E-03 0.558E-04 0.152E-02 0.948E-04
      3       2       4    1024    1024       4       4 0.280E-02 0.110E-01 0.238E-06 0.954E-06 0.155E+00 0.969E-02 0.297E+00 0.186E-01
      3       2       4     128     128       4       4 0.950E-02 0.379E-01 0.536E-06 0.119E-05 0.277E-02 0.173E-03 0.511E-02 0.320E-03
      3       2       4    2048    2048       4       4 0.377E-02 0.148E-01 0.477E-06 0.954E-06 0.710E+00 0.444E-01 0.140E+01 0.877E-01
      3       2       4     256     256       4       4 0.393E-02 0.156E-01 0.238E-06 0.954E-06 0.948E-02 0.593E-03 0.184E-01 0.115E-02
      3       2       4      32      32       4       4 0.857E-02 0.342E-01 0.715E-06 0.954E-06 0.725E-03 0.453E-04 0.127E-02 0.791E-04
      3       2       4    4096    4096       4       4 0.323E-02 0.124E-01 0.238E-06 0.954E-06 0.303E+01 0.190E+00 0.601E+01 0.375E+00
      3       2       4     512     512       4       4 0.791E-02 0.315E-01 0.477E-06 0.954E-06 0.395E-01 0.247E-02 0.765E-01 0.478E-02
      3       2       4      64      64       4       4 0.103E-01 0.412E-01 0.536E-06 0.119E-05 0.128E-01 0.798E-03 0.135E-01 0.842E-03
      3       2       8    1024    1024       4       4 0.475E-02 0.188E-01 0.000E+00 0.000E+00 0.142E+00 0.887E-02 0.265E+00 0.165E-01
      3       2       8     128     128       4       4 0.573E-02 0.228E-01 0.536E-06 0.119E-05 0.245E-02 0.153E-03 0.453E-02 0.283E-03
      3       2       8    2048    2048       4       4 0.280E-02 0.109E-01 0.715E-06 0.954E-06 0.653E+00 0.408E-01 0.129E+01 0.806E-01
      3       2       8     256     256       4       4 0.921E-02 0.368E-01 0.477E-06 0.954E-06 0.955E-02 0.597E-03 0.184E-01 0.115E-02
      3       2       8      32      32       4       4 0.811E-02 0.324E-01 0.238E-06 0.954E-06 0.120E-02 0.749E-04 0.162E-02 0.101E-03
      3       2       8    4096    4096       4       4 0.385E-02 0.149E-01 0.954E-06 0.954E-06 0.275E+01 0.172E+00 0.545E+01 0.341E+00
      3       2       8     512     512       4       4 0.539E-02 0.214E-01 0.775E-06 0.119E-05 0.406E-01 0.254E-02 0.783E-01 0.490E-02
      3       2       8      64      64       4       4 0.805E-02 0.322E-01 0.536E-06 0.119E-05 0.946E-03 0.591E-04 0.167E-02 0.104E-03
      3      24       1    1024    1024       4       4 0.602E-01 0.240E+00 0.215E-05 0.381E-05 0.421E-01 0.263E-02 0.795E-01 0.497E-02
      3      24       1     128     128       4       4 0.243E-01 0.971E-01 0.954E-06 0.954E-06 0.330E-02 0.206E-03 0.484E-02 0.302E-03
      3      24       1    2048    2048       4       4 0.469E-01 0.187E+00 0.221E-05 0.405E-05 0.215E+00 0.135E-01 0.427E+00 0.267E-01
      3      24       1     256     256       4       4 0.345E-01 0.138E+00 0.173E-05 0.215E-05 0.377E-02 0.236E-03 0.570E-02 0.356E-03
      3      24       1      32      32       4       4 0.694E-02 0.237E-01 0.185E-05 0.215E-05 0.364E-02 0.227E-03 0.726E-02 0.454E-03
      3      24       1     512     512       4       4 0.303E-01 0.121E+00 0.167E-05 0.191E-05 0.743E-02 0.465E-03 0.122E-01 0.761E-03
      3      24       1      64      64       4       4 0.233E-01 0.932E-01 0.125E-05 0.215E-05 0.270E-02 0.169E-03 0.384E-02 0.240E-03
      3       4       1    1024    1024       4       4 0.118E-01 0.470E-01 0.954E-06 0.954E-06 0.974E-01 0.609E-02 0.189E+00 0.118E-01
      3       4       1     128     128       4       4 0.984E-02 0.393E-01 0.125E-05 0.191E-05 0.192E-02 0.120E-03 0.334E-02 0.209E-03
      3       4       1    2048    2048       4       4 0.126E-01 0.503E-01 0.954E-06 0.954E-06 0.525E+00 0.328E-01 0.104E+01 0.652E-01
      3       4       1     256     256       4       4 0.104E-01 0.415E-01 0.400E-02 0.160E-01 0.768E-02 0.480E-03 0.151E-01 0.945E-03
      3       4       1      32      32       4       4 0.111E-01 0.444E-01 0.400E-02 0.160E-01 0.527E-03 0.329E-04 0.950E-03 0.594E-04
      3       4       1    4096    4096       4       4 0.169E-01 0.671E-01 0.800E-02 0.320E-01 0.248E+01 0.155E+00 0.488E+01 0.305E+00
      3       4       1     512     512       4       4 0.959E-02 0.382E-01 0.400E-02 0.160E-01 0.812E-01 0.507E-02 0.138E+00 0.860E-02
      3       4       1      64      64       4       4 0.996E-02 0.398E-01 0.715E-06 0.954E-06 0.640E-03 0.400E-04 0.114E-02 0.710E-04
      3       4       2    1024    1024       4       4 0.686E-02 0.272E-01 0.715E-06 0.954E-06 0.984E-01 0.615E-02 0.189E+00 0.118E-01
      3       4       2     128     128       4       4 0.746E-02 0.298E-01 0.775E-06 0.119E-05 0.154E-02 0.965E-04 0.277E-02 0.173E-03
      3       4       2    2048    2048       4       4 0.132E-01 0.524E-01 0.101E-05 0.119E-05 0.497E+00 0.311E-01 0.988E+00 0.617E-01
      3       4       2     256     256       4       4 0.126E-01 0.504E-01 0.238E-06 0.954E-06 0.606E-02 0.379E-03 0.116E-01 0.728E-03
      3       4       2      32      32       4       4 0.144E-01 0.574E-01 0.280E-02 0.112E-01 0.553E-03 0.346E-04 0.974E-03 0.609E-04
      3       4       2    4096    4096       4       4 0.783E-02 0.308E-01 0.954E-06 0.191E-05 0.220E+01 0.137E+00 0.436E+01 0.272E+00
      3       4       2     512     512       4       4 0.508E-02 0.202E-01 0.477E-06 0.954E-06 0.222E-01 0.139E-02 0.433E-01 0.271E-02
      3       4       2      64      64       4       4 0.112E-01 0.447E-01 0.400E-02 0.160E-01 0.327E-01 0.204E-02 0.332E-01 0.208E-02
      3       4       4    1024    1024       4       4 0.980E-02 0.390E-01 0.101E-05 0.119E-05 0.970E-01 0.606E-02 0.186E+00 0.116E-01
      3       4       4     128     128       4       4 0.162E-01 0.649E-01 0.301E-02 0.120E-01 0.189E-02 0.118E-03 0.342E-02 0.214E-03
      3       4       4    2048    2048       4       4 0.125E-01 0.495E-01 0.800E-02 0.320E-01 0.458E+00 0.286E-01 0.907E+00 0.567E-01
      3       4       4     256     256       4       4 0.110E-01 0.439E-01 0.119E-05 0.191E-05 0.604E-02 0.378E-03 0.116E-01 0.727E-03
      3       4       4      32      32       4       4 0.145E-01 0.578E-01 0.238E-06 0.954E-06 0.607E-03 0.379E-04 0.105E-02 0.654E-04
      3       4       4    4096    4096       4       4 0.514E-02 0.201E-01 0.101E-05 0.215E-05 0.192E+01 0.120E+00 0.379E+01 0.237E+00
      3       4       4     512     512       4       4 0.124E-01 0.495E-01 0.238E-06 0.954E-06 0.230E-01 0.144E-02 0.447E-01 0.280E-02
      3       4       4      64      64       4       4 0.142E-01 0.569E-01 0.536E-06 0.119E-05 0.707E-03 0.442E-04 0.121E-02 0.757E-04
      3       8       1    1024    1024       4       4 0.214E-01 0.854E-01 0.560E-02 0.224E-01 0.104E+00 0.649E-02 0.175E+00 0.110E-01
      3       8       1     128     128       4       4 0.923E-02 0.369E-01 0.715E-06 0.954E-06 0.189E-02 0.118E-03 0.286E-02 0.179E-03
      3       8       1    2048    2048       4       4 0.892E-02 0.354E-01 0.125E-05 0.191E-05 0.323E+00 0.202E-01 0.642E+00 0.401E-01
      3       8       1     256     256       4       4 0.163E-01 0.651E-01 0.119E-05 0.191E-05 0.332E-02 0.208E-03 0.540E-02 0.338E-03
      3       8       1      32      32       4       4 0.667E-02 0.266E-01 0.954E-06 0.954E-06 0.127E-02 0.792E-04 0.166E-02 0.104E-03
      3       8       1    4096    4096       4       4 0.168E-01 0.669E-01 0.119E-05 0.191E-05 0.145E+01 0.904E-01 0.286E+01 0.179E+00
      3       8       1     512     512       4       4 0.832E-02 0.331E-01 0.107E-05 0.119E-05 0.161E-01 0.100E-02 0.307E-01 0.192E-02
      3       8       1      64      64       4       4 0.129E-01 0.514E-01 0.715E-06 0.954E-06 0.144E-02 0.901E-04 0.194E-02 0.121E-03
      3       8       2    1024    1024       4       4 0.197E-01 0.786E-01 0.149E-05 0.215E-05 0.767E-01 0.479E-02 0.146E+00 0.915E-02
      3       8       2     128     128       4       4 0.188E-01 0.753E-01 0.400E-02 0.160E-01 0.139E-01 0.868E-03 0.149E-01 0.934E-03
      3       8       2    2048    2048       4       4 0.842E-02 0.333E-01 0.107E-05 0.119E-05 0.281E+00 0.176E-01 0.555E+00 0.347E-01
      3       8       2     256     256       4       4 0.928E-02 0.370E-01 0.954E-06 0.954E-06 0.463E-02 0.289E-03 0.790E-02 0.493E-03
      3       8       2      32      32       4       4 0.178E-01 0.712E-01 0.954E-06 0.954E-06 0.143E-02 0.895E-04 0.200E-02 0.125E-03
      3       8       2    4096    4096       4       4 0.120E-01 0.474E-01 0.954E-06 0.954E-06 0.134E+01 0.836E-01 0.264E+01 0.165E+00
      3       8       2     512     512       4       4 0.999E-02 0.398E-01 0.775E-06 0.119E-05 0.159E-01 0.996E-03 0.300E-01 0.187E-02
      3       8       2      64      64       4       4 0.131E-01 0.522E-01 0.715E-06 0.954E-06 0.158E-02 0.988E-04 0.225E-02 0.140E-03
