res3dct5=[      1       1     128     128     128       4 0.191E-04 0.360E-04 0.000E+00 0.000E+00 0.156E+00 0.390E-01 0.159E+00 0.398E-01
      1       1      16      16      16       4 0.447E-05 0.141E-04 0.000E+00 0.000E+00 0.190E-03 0.476E-04 0.190E-03 0.474E-04
      1       1     256     256     256       4 0.248E-04 0.401E-04 0.000E+00 0.000E+00 0.172E+01 0.430E+00 0.193E+01 0.483E+00
      1       1      32      32      32       4 0.602E-05 0.172E-04 0.000E+00 0.000E+00 0.151E-02 0.378E-03 0.168E-02 0.421E-03
      1       1     512     512     512       4 0.333E-04 0.479E-04 0.238E-06 0.954E-06 0.195E+02 0.487E+01 0.212E+02 0.529E+01
      1       1      64      64      64       4 0.602E-05 0.150E-04 0.000E+00 0.000E+00 0.126E-01 0.316E-02 0.143E-01 0.357E-02
      1       1       8       8       8       4 0.352E-05 0.110E-04 0.000E+00 0.000E+00 0.412E-04 0.103E-04 0.319E-04 0.799E-05
      1      12     128     128     128       4 0.213E-04 0.401E-04 0.000E+00 0.000E+00 0.188E-01 0.470E-02 0.190E-01 0.476E-02
      1      12      16      16      16       4 0.602E-05 0.191E-04 0.000E+00 0.000E+00 0.134E-03 0.334E-04 0.101E-03 0.252E-04
      1      12     256     256     256       4 0.280E-04 0.470E-04 0.000E+00 0.000E+00 0.247E+00 0.617E-01 0.335E+00 0.838E-01
      1      12      32      32      32       4 0.751E-05 0.210E-04 0.000E+00 0.000E+00 0.480E-01 0.120E-01 0.316E-01 0.789E-02
      1      12     512     512     512       4 0.347E-04 0.491E-04 0.000E+00 0.000E+00 0.258E+01 0.646E+00 0.319E+01 0.797E+00
      1      12      64      64      64       4 0.900E-05 0.200E-04 0.000E+00 0.000E+00 0.285E-02 0.712E-03 0.301E-02 0.753E-03
      1      12       8       8       8       4 0.483E-05 0.131E-04 0.238E-06 0.954E-06 0.999E-04 0.250E-04 0.732E-04 0.183E-04
      1      16     128     128     128       4 0.212E-04 0.420E-04 0.000E+00 0.000E+00 0.172E-01 0.431E-02 0.161E-01 0.403E-02
      1      16      16      16      16       4 0.721E-05 0.219E-04 0.000E+00 0.000E+00 0.125E-03 0.313E-04 0.999E-04 0.250E-04
      1      16     256     256     256       4 0.300E-04 0.510E-04 0.000E+00 0.000E+00 0.231E+00 0.578E-01 0.344E+00 0.861E-01
      1      16      32      32      32       4 0.769E-05 0.219E-04 0.238E-06 0.954E-06 0.366E-03 0.915E-04 0.361E-03 0.903E-04
      1      16     512     512     512       4 0.353E-04 0.510E-04 0.000E+00 0.000E+00 0.376E+01 0.940E+00 0.406E+01 0.101E+01
      1      16      64      64      64       4 0.721E-05 0.169E-04 0.000E+00 0.000E+00 0.264E-02 0.660E-03 0.227E-02 0.568E-03
      1      16       8       8       8       4 0.441E-05 0.138E-04 0.000E+00 0.000E+00 0.480E-01 0.120E-01 0.800E-01 0.200E-01
      1       2     128     128     128       4 0.183E-04 0.331E-04 0.000E+00 0.000E+00 0.875E-01 0.219E-01 0.846E-01 0.212E-01
      1       2      16      16      16       4 0.471E-05 0.160E-04 0.238E-06 0.954E-06 0.134E-03 0.336E-04 0.127E-03 0.318E-04
      1       2     256     256     256       4 0.246E-04 0.389E-04 0.000E+00 0.000E+00 0.107E+01 0.267E+00 0.122E+01 0.305E+00
      1       2      32      32      32       4 0.602E-05 0.169E-04 0.000E+00 0.000E+00 0.841E-03 0.210E-03 0.930E-03 0.232E-03
      1       2     512     512     512       4 0.343E-04 0.479E-04 0.000E+00 0.000E+00 0.113E+02 0.282E+01 0.124E+02 0.309E+01
      1       2      64      64      64       4 0.727E-05 0.172E-04 0.000E+00 0.000E+00 0.701E-02 0.175E-02 0.816E-02 0.204E-02
      1       2       8       8       8       4 0.298E-05 0.119E-04 0.000E+00 0.000E+00 0.422E-04 0.106E-04 0.291E-04 0.727E-05
      1      24     128     128     128       4 0.206E-04 0.381E-04 0.000E+00 0.000E+00 0.174E-01 0.434E-02 0.171E-01 0.427E-02
      1      24      16      16      16       4 0.668E-05 0.219E-04 0.000E+00 0.000E+00 0.133E-03 0.331E-04 0.125E-03 0.313E-04
      1      24     256     256     256       4 0.333E-04 0.470E-04 0.000E+00 0.000E+00 0.188E+00 0.470E-01 0.282E+00 0.704E-01
      1      24      32      32      32       4 0.787E-05 0.210E-04 0.000E+00 0.000E+00 0.344E-03 0.861E-04 0.388E-03 0.970E-04
      1      24     512     512     512       4 0.345E-04 0.501E-04 0.000E+00 0.000E+00 0.226E+01 0.564E+00 0.297E+01 0.742E+00
      1      24      64      64      64       4 0.900E-05 0.200E-04 0.000E+00 0.000E+00 0.212E-02 0.530E-03 0.195E-02 0.487E-03
      1      24       8       8       8       4 0.370E-05 0.119E-04 0.000E+00 0.000E+00 0.911E-04 0.228E-04 0.622E-04 0.156E-04
      1       4     128     128     128       4 0.203E-04 0.381E-04 0.000E+00 0.000E+00 0.463E-01 0.116E-01 0.455E-01 0.114E-01
      1       4      16      16      16       4 0.447E-05 0.150E-04 0.000E+00 0.000E+00 0.143E-03 0.357E-04 0.166E-03 0.414E-04
      1       4     256     256     256       4 0.269E-04 0.429E-04 0.238E-06 0.954E-06 0.564E+00 0.141E+00 0.679E+00 0.170E+00
      1       4      32      32      32       4 0.626E-05 0.169E-04 0.000E+00 0.000E+00 0.800E-03 0.200E-03 0.893E-03 0.223E-03
      1       4     512     512     512       4 0.355E-04 0.520E-04 0.000E+00 0.000E+00 0.622E+01 0.156E+01 0.709E+01 0.177E+01
      1       4      64      64      64       4 0.727E-05 0.160E-04 0.000E+00 0.000E+00 0.456E-02 0.114E-02 0.484E-02 0.121E-02
      1       4       8       8       8       4 0.346E-05 0.100E-04 0.000E+00 0.000E+00 0.708E-04 0.177E-04 0.501E-04 0.125E-04
      1       8     128     128     128       4 0.207E-04 0.389E-04 0.000E+00 0.000E+00 0.266E-01 0.665E-02 0.261E-01 0.653E-02
      1       8      16      16      16       4 0.530E-05 0.160E-04 0.298E-06 0.119E-05 0.123E-03 0.306E-04 0.126E-03 0.316E-04
      1       8     256     256     256       4 0.273E-04 0.439E-04 0.000E+00 0.000E+00 0.370E+00 0.924E-01 0.467E+00 0.117E+00
      1       8      32      32      32       4 0.679E-05 0.181E-04 0.000E+00 0.000E+00 0.499E-03 0.125E-03 0.512E-03 0.128E-03
      1       8     512     512     512       4 0.350E-04 0.501E-04 0.536E-06 0.119E-05 0.412E+01 0.103E+01 0.482E+01 0.120E+01
      1       8      64      64      64       4 0.781E-05 0.200E-04 0.000E+00 0.000E+00 0.282E-02 0.705E-03 0.257E-02 0.643E-03
      1       8       8       8       8       4 0.525E-05 0.150E-04 0.000E+00 0.000E+00 0.608E-04 0.152E-04 0.498E-04 0.125E-04
      2       1     128     128     128       4 0.348E+00 0.139E+01 0.283E+00 0.113E+01 0.114E+00 0.284E-01 0.123E+00 0.308E-01
      2       1      16      16      16       4 0.291E-02 0.116E-01 0.242E-02 0.962E-02 0.846E-04 0.212E-04 0.699E-04 0.175E-04
      2       1     256     256     256       4 0.133E+01 0.533E+01 0.132E+01 0.529E+01 0.133E+01 0.332E+00 0.137E+01 0.341E+00
      2       1      32      32      32       4 0.152E-01 0.608E-01 0.130E-01 0.518E-01 0.735E-03 0.184E-03 0.749E-03 0.187E-03
      2       1     512     512     512       4 0.456E+01 0.182E+02 0.452E+01 0.181E+02 0.114E+02 0.284E+01 0.117E+02 0.293E+01
      2       1      64      64      64       4 0.615E-01 0.246E+00 0.533E-01 0.213E+00 0.101E-01 0.253E-02 0.106E-01 0.265E-02
      2       1       8       8       8       4 0.215E-02 0.850E-02 0.181E-02 0.717E-02 0.787E-05 0.197E-05 0.501E-05 0.125E-05
      2      12     128     128     128       4 0.566E+00 0.226E+01 0.468E+00 0.187E+01 0.237E-01 0.593E-02 0.261E-01 0.652E-02
      2      12      16      16      16       4 0.857E-02 0.332E-01 0.763E-02 0.294E-01 0.382E-03 0.955E-04 0.221E-03 0.552E-04
      2      12     256     256     256       4 0.204E+01 0.815E+01 0.201E+01 0.803E+01 0.204E+00 0.511E-01 0.197E+00 0.493E-01
      2      12      32      32      32       4 0.312E-01 0.123E+00 0.292E-01 0.115E+00 0.488E-03 0.122E-03 0.472E-03 0.118E-03
      2      12     512     512     512       4 0.745E+01 0.298E+02 0.740E+01 0.296E+02 0.177E+01 0.442E+00 0.173E+01 0.434E+00
      2      12      64      64      64       4 0.111E+00 0.440E+00 0.103E+00 0.407E+00 0.254E-02 0.636E-03 0.294E-02 0.735E-03
      2      12       8       8       8       4 0.694E-02 0.263E-01 0.613E-02 0.231E-01 0.566E-03 0.142E-03 0.286E-03 0.715E-04
      2      16     128     128     128       4 0.505E+00 0.202E+01 0.412E+00 0.164E+01 0.192E-01 0.479E-02 0.192E-01 0.481E-02
      2      16      16      16      16       4 0.787E-02 0.304E-01 0.608E-02 0.233E-01 0.222E-03 0.555E-04 0.184E-03 0.460E-04
      2      16     256     256     256       4 0.160E+01 0.641E+01 0.163E+01 0.653E+01 0.206E+00 0.515E-01 0.187E+00 0.469E-01
      2      16      32      32      32       4 0.290E-01 0.115E+00 0.262E-01 0.104E+00 0.811E-03 0.203E-03 0.877E-03 0.219E-03
      2      16     512     512     512       4 0.523E+01 0.209E+02 0.527E+01 0.211E+02 0.171E+01 0.428E+00 0.148E+01 0.371E+00
      2      16      64      64      64       4 0.973E-01 0.387E+00 0.856E-01 0.339E+00 0.374E-02 0.935E-03 0.325E-02 0.813E-03
      2      16       8       8       8       4 0.542E-02 0.205E-01 0.458E-02 0.172E-01 0.292E-03 0.730E-04 0.260E-03 0.650E-04
      2       2     128     128     128       4 0.605E+00 0.242E+01 0.482E+00 0.193E+01 0.641E-01 0.160E-01 0.705E-01 0.176E-01
      2       2      16      16      16       4 0.514E-02 0.204E-01 0.451E-02 0.179E-01 0.820E-04 0.205E-04 0.868E-04 0.217E-04
      2       2     256     256     256       4 0.225E+01 0.902E+01 0.217E+01 0.867E+01 0.801E+00 0.200E+00 0.833E+00 0.208E+00
      2       2      32      32      32       4 0.232E-01 0.926E-01 0.208E-01 0.832E-01 0.705E-03 0.176E-03 0.746E-03 0.187E-03
      2       2     512     512     512       4 0.774E+01 0.309E+02 0.770E+01 0.308E+02 0.678E+01 0.169E+01 0.705E+01 0.176E+01
      2       2      64      64      64       4 0.870E-01 0.348E+00 0.750E-01 0.300E+00 0.533E-02 0.133E-02 0.606E-02 0.152E-02
      2       2       8       8       8       4 0.409E-02 0.162E-01 0.366E-02 0.145E-01 0.830E-04 0.207E-04 0.901E-04 0.225E-04
      2      24     128     128     128       4 0.539E+00 0.214E+01 0.472E+00 0.187E+01 0.200E-01 0.501E-02 0.209E-01 0.523E-02
      2      24      16      16      16       4 0.980E-02 0.370E-01 0.886E-02 0.334E-01 0.512E-03 0.128E-03 0.463E-03 0.116E-03
      2      24     256     256     256       4 0.187E+01 0.746E+01 0.185E+01 0.736E+01 0.167E+00 0.418E-01 0.203E+00 0.507E-01
      2      24      32      32      32       4 0.298E-01 0.117E+00 0.269E-01 0.105E+00 0.888E-03 0.222E-03 0.875E-03 0.219E-03
      2      24     512     512     512       4 0.642E+01 0.257E+02 0.650E+01 0.260E+02 0.140E+01 0.349E+00 0.181E+01 0.453E+00
      2      24      64      64      64       4 0.146E+00 0.581E+00 0.119E+00 0.467E+00 0.300E-02 0.751E-03 0.524E-02 0.131E-02
      2      24       8       8       8       4 0.724E-02 0.268E-01 0.653E-02 0.240E-01 0.725E-03 0.181E-03 0.534E-03 0.133E-03
      2       4     128     128     128       4 0.473E+00 0.189E+01 0.384E+00 0.154E+01 0.419E-01 0.105E-01 0.444E-01 0.111E-01
      2       4      16      16      16       4 0.599E-02 0.236E-01 0.540E-02 0.213E-01 0.146E-03 0.365E-04 0.148E-03 0.370E-04
      2       4     256     256     256       4 0.186E+01 0.743E+01 0.181E+01 0.722E+01 0.441E+00 0.110E+00 0.456E+00 0.114E+00
      2       4      32      32      32       4 0.226E-01 0.902E-01 0.202E-01 0.803E-01 0.387E-03 0.967E-04 0.426E-03 0.107E-03
      2       4     512     512     512       4 0.648E+01 0.259E+02 0.652E+01 0.261E+02 0.359E+01 0.898E+00 0.374E+01 0.935E+00
      2       4      64      64      64       4 0.892E-01 0.356E+00 0.824E-01 0.329E+00 0.389E-02 0.972E-03 0.439E-02 0.110E-02
      2       4       8       8       8       4 0.436E-02 0.171E-01 0.377E-02 0.148E-01 0.887E-04 0.222E-04 0.949E-04 0.237E-04
      2       8     128     128     128       4 0.423E+00 0.169E+01 0.322E+00 0.129E+01 0.322E-01 0.805E-02 0.295E-01 0.736E-02
      2       8      16      16      16       4 0.614E-02 0.239E-01 0.524E-02 0.203E-01 0.181E-03 0.453E-04 0.180E-03 0.450E-04
      2       8     256     256     256       4 0.165E+01 0.658E+01 0.164E+01 0.657E+01 0.242E+00 0.606E-01 0.256E+00 0.639E-01
      2       8      32      32      32       4 0.196E-01 0.778E-01 0.171E-01 0.677E-01 0.560E-03 0.140E-03 0.630E-03 0.157E-03
      2       8     512     512     512       4 0.562E+01 0.225E+02 0.560E+01 0.224E+02 0.214E+01 0.536E+00 0.213E+01 0.533E+00
      2       8      64      64      64       4 0.757E-01 0.302E+00 0.672E-01 0.267E+00 0.378E-02 0.944E-03 0.402E-02 0.100E-02
      2       8       8       8       8       4 0.423E-02 0.164E-01 0.300E-02 0.115E-01 0.183E-03 0.458E-04 0.136E-03 0.341E-04
      3       1     128     128     128       4 0.960E-03 0.369E-02 0.218E-04 0.339E-04 0.111E+00 0.278E-01 0.973E-01 0.243E-01
      3       1      16      16      16       4 0.780E-03 0.311E-02 0.149E-05 0.405E-05 0.870E-04 0.218E-04 0.689E-04 0.172E-04
      3       1     256     256     256       4 0.104E-02 0.397E-02 0.320E-04 0.410E-04 0.128E+01 0.321E+00 0.129E+01 0.322E+00
      3       1      32      32      32       4 0.929E-03 0.370E-02 0.596E-05 0.882E-05 0.811E-03 0.203E-03 0.796E-03 0.199E-03
      3       1     512     512     512       4 0.102E-02 0.383E-02 0.518E-04 0.660E-04 0.196E+02 0.489E+01 0.196E+02 0.489E+01
      3       1      64      64      64       4 0.944E-03 0.375E-02 0.578E-05 0.119E-04 0.844E-02 0.211E-02 0.840E-02 0.210E-02
      3       1       8       8       8       4 0.663E-03 0.265E-02 0.155E-05 0.405E-05 0.148E-04 0.370E-05 0.811E-05 0.203E-05
      3      12     128     128     128       4 0.100E-02 0.385E-02 0.399E-04 0.739E-04 0.147E-01 0.368E-02 0.126E-01 0.314E-02
      3      12      16      16      16       4 0.621E-02 0.248E-01 0.769E-05 0.129E-04 0.117E-03 0.293E-04 0.739E-04 0.185E-04
      3      12     256     256     256       4 0.652E-03 0.241E-02 0.405E-04 0.641E-04 0.205E+00 0.514E-01 0.206E+00 0.515E-01
      3      12      32      32      32       4 0.412E-02 0.165E-01 0.894E-05 0.169E-04 0.302E-03 0.755E-04 0.263E-03 0.657E-04
      3      12     512     512     512       4 0.920E-03 0.342E-02 0.517E-04 0.648E-04 0.283E+01 0.707E+00 0.280E+01 0.701E+00
      3      12      64      64      64       4 0.135E-02 0.539E-02 0.751E-05 0.169E-04 0.147E-02 0.367E-03 0.133E-02 0.332E-03
      3      12       8       8       8       4 0.443E-02 0.177E-01 0.125E-05 0.215E-05 0.200E-04 0.501E-05 0.110E-04 0.274E-05
      3      16     128     128     128       4 0.141E-02 0.550E-02 0.295E-04 0.429E-04 0.135E-01 0.338E-02 0.111E-01 0.277E-02
      3      16      16      16      16       4 0.436E-02 0.174E-01 0.745E-05 0.119E-04 0.145E-03 0.362E-04 0.913E-04 0.228E-04
      3      16     256     256     256       4 0.600E-03 0.219E-02 0.415E-04 0.670E-04 0.205E+00 0.513E-01 0.202E+00 0.505E-01
      3      16      32      32      32       4 0.751E-02 0.300E-01 0.906E-05 0.162E-04 0.260E-03 0.650E-04 0.221E-03 0.553E-04
      3      16     512     512     512       4 0.927E-03 0.345E-02 0.525E-04 0.648E-04 0.306E+01 0.765E+00 0.301E+01 0.753E+00
      3      16      64      64      64       4 0.190E-02 0.756E-02 0.829E-05 0.179E-04 0.136E-02 0.339E-03 0.118E-02 0.295E-03
      3      16       8       8       8       4 0.137E-02 0.546E-02 0.119E-05 0.286E-05 0.200E-04 0.501E-05 0.107E-04 0.268E-05
      3       2     128     128     128       4 0.760E-03 0.287E-02 0.247E-04 0.339E-04 0.603E-01 0.151E-01 0.564E-01 0.141E-01
      3       2      16      16      16       4 0.670E-03 0.266E-02 0.453E-05 0.906E-05 0.104E-03 0.261E-04 0.710E-04 0.178E-04
      3       2     256     256     256       4 0.766E-03 0.287E-02 0.328E-04 0.401E-04 0.811E+00 0.203E+00 0.819E+00 0.205E+00
      3       2      32      32      32       4 0.312E-02 0.125E-01 0.519E-05 0.119E-04 0.507E-03 0.127E-03 0.511E-03 0.128E-03
      3       2     512     512     512       4 0.103E-02 0.383E-02 0.539E-04 0.641E-04 0.122E+02 0.306E+01 0.123E+02 0.307E+01
      3       2      64      64      64       4 0.129E-02 0.514E-02 0.679E-05 0.150E-04 0.522E-02 0.131E-02 0.493E-02 0.123E-02
      3       2       8       8       8       4 0.661E-03 0.264E-02 0.119E-05 0.191E-05 0.212E-04 0.530E-05 0.141E-04 0.352E-05
      3      24     128     128     128       4 0.415E-03 0.150E-02 0.271E-04 0.341E-04 0.138E-01 0.346E-02 0.120E-01 0.300E-02
      3      24      16      16      16       4 0.493E-02 0.197E-01 0.596E-05 0.131E-04 0.575E-03 0.144E-03 0.868E-04 0.217E-04
      3      24     256     256     256       4 0.518E-03 0.186E-02 0.573E-04 0.110E-03 0.186E+00 0.466E-01 0.185E+00 0.463E-01
      3      24      32      32      32       4 0.413E-02 0.165E-01 0.948E-05 0.160E-04 0.294E-03 0.736E-04 0.221E-03 0.553E-04
      3      24     512     512     512       4 0.923E-03 0.343E-02 0.573E-04 0.761E-04 0.276E+01 0.690E+00 0.270E+01 0.675E+00
      3      24      64      64      64       4 0.107E-02 0.424E-02 0.110E-04 0.231E-04 0.120E-02 0.299E-03 0.115E-02 0.288E-03
      3      24       8       8       8       4 0.417E-02 0.167E-01 0.954E-06 0.191E-05 0.260E-04 0.650E-05 0.210E-04 0.525E-05
      3       4     128     128     128       4 0.155E-02 0.603E-02 0.265E-04 0.329E-04 0.336E-01 0.839E-02 0.293E-01 0.733E-02
      3       4      16      16      16       4 0.616E-03 0.245E-02 0.554E-05 0.119E-04 0.119E-03 0.297E-04 0.873E-04 0.218E-04
      3       4     256     256     256       4 0.703E-03 0.262E-02 0.445E-04 0.811E-04 0.472E+00 0.118E+00 0.472E+00 0.118E+00
      3       4      32      32      32       4 0.513E-02 0.205E-01 0.632E-05 0.141E-04 0.514E-03 0.128E-03 0.483E-03 0.121E-03
      3       4     512     512     512       4 0.918E-03 0.339E-02 0.570E-04 0.730E-04 0.617E+01 0.154E+01 0.623E+01 0.156E+01
      3       4      64      64      64       4 0.249E-02 0.993E-02 0.727E-05 0.160E-04 0.281E-02 0.703E-03 0.284E-02 0.711E-03
      3       4       8       8       8       4 0.774E-02 0.309E-01 0.119E-05 0.191E-05 0.181E-04 0.453E-05 0.882E-05 0.221E-05
      3       8     128     128     128       4 0.788E-03 0.300E-02 0.255E-04 0.350E-04 0.204E-01 0.511E-02 0.175E-01 0.438E-02
      3       8      16      16      16       4 0.434E-02 0.174E-01 0.542E-05 0.119E-04 0.114E-03 0.285E-04 0.703E-04 0.176E-04
      3       8     256     256     256       4 0.646E-03 0.238E-02 0.418E-04 0.701E-04 0.311E+00 0.776E-01 0.317E+00 0.792E-01
      3       8      32      32      32       4 0.588E-02 0.235E-01 0.650E-05 0.129E-04 0.319E-03 0.798E-04 0.292E-03 0.729E-04
      3       8     512     512     512       4 0.102E-02 0.383E-02 0.530E-04 0.660E-04 0.379E+01 0.946E+00 0.376E+01 0.940E+00
      3       8      64      64      64       4 0.384E-02 0.153E-01 0.751E-05 0.160E-04 0.163E-02 0.407E-03 0.156E-02 0.391E-03
      3       8       8       8       8       4 0.438E-02 0.175E-01 0.203E-05 0.501E-05 0.224E-04 0.560E-05 0.176E-04 0.441E-05];
