      1       1       1    1024       4       4 0.263E-04 0.610E-04 0.142E-04 0.162E-04 0.335E-03 0.210E-04 0.312E-03 0.195E-04
      1       1       1   16384       4       4 0.241E-03 0.331E-03 0.210E-03 0.211E-03 0.587E-02 0.367E-03 0.627E-02 0.392E-03
      1       1       1    2048       4       4 0.357E-04 0.520E-04 0.287E-04 0.310E-04 0.710E-03 0.443E-04 0.749E-03 0.468E-04
      1       1       1     256       4       4 0.105E-04 0.300E-04 0.370E-05 0.405E-05 0.758E-04 0.474E-05 0.668E-04 0.417E-05
      1       1       1   32768       4       4 0.556E-03 0.666E-03 0.459E-03 0.531E-03 0.125E-01 0.783E-03 0.130E-01 0.811E-03
      1       1       1    4096       4       4 0.742E-04 0.117E-03 0.550E-04 0.620E-04 0.125E-02 0.779E-04 0.124E-02 0.776E-04
      1       1       1     512       4       4 0.168E-04 0.429E-04 0.775E-05 0.811E-05 0.156E-03 0.975E-05 0.191E-03 0.119E-04
      1       1       1   65536       4       4 0.107E-02 0.154E-02 0.914E-03 0.101E-02 0.274E-01 0.171E-02 0.285E-01 0.178E-02
      1       1       1    8192       4       4 0.134E-03 0.156E-03 0.114E-03 0.140E-03 0.272E-02 0.170E-03 0.288E-02 0.180E-03
      1       1      12   32768       4       4 0.559E-03 0.797E-03 0.490E-03 0.524E-03 0.797E-02 0.498E-03 0.847E-02 0.529E-03
      1       1      12   65536       4       4 0.118E-02 0.178E-02 0.980E-03 0.100E-02 0.174E-01 0.109E-02 0.180E-01 0.112E-02
      1       1      16   32768       4       4 0.645E-03 0.959E-03 0.510E-03 0.624E-03 0.816E-02 0.510E-03 0.861E-02 0.538E-03
      1       1      16   65536       4       4 0.103E-02 0.127E-02 0.962E-03 0.104E-02 0.173E-01 0.108E-02 0.184E-01 0.115E-02
      1       1       2   32768       4       4 0.521E-03 0.656E-03 0.477E-03 0.521E-03 0.957E-02 0.598E-03 0.102E-01 0.635E-03
      1       1       2   65536       4       4 0.104E-02 0.128E-02 0.938E-03 0.104E-02 0.215E-01 0.134E-02 0.231E-01 0.144E-02
      1       1      24   32768       4       4 0.759E-03 0.949E-03 0.697E-03 0.728E-03 0.949E-02 0.593E-03 0.977E-02 0.611E-03
      1       1      24   65536       4       4 0.113E-02 0.147E-02 0.996E-03 0.103E-02 0.174E-01 0.109E-02 0.181E-01 0.113E-02
      1       1       4   32768       4       4 0.522E-03 0.700E-03 0.470E-03 0.510E-03 0.884E-02 0.552E-03 0.958E-02 0.598E-03
      1       1       4   65536       4       4 0.110E-02 0.158E-02 0.953E-03 0.102E-02 0.186E-01 0.116E-02 0.203E-01 0.127E-02
      1       1       8   32768       4       4 0.539E-03 0.664E-03 0.498E-03 0.517E-03 0.833E-02 0.521E-03 0.883E-02 0.552E-03
      1       1       8   65536       4       4 0.107E-02 0.147E-02 0.985E-03 0.101E-02 0.179E-01 0.112E-02 0.185E-01 0.116E-02
      2       1       1    1024       4       4 0.187E-01 0.746E-01 0.162E-01 0.648E-01 0.753E-04 0.471E-05 0.579E-04 0.362E-05
      2       1       1   16384       4       4 0.133E+00 0.530E+00 0.123E+00 0.491E+00 0.186E-02 0.116E-03 0.189E-02 0.118E-03
      2       1       1    2048       4       4 0.268E-01 0.107E+00 0.238E-01 0.952E-01 0.165E-03 0.103E-04 0.152E-03 0.951E-05
      2       1       1     256       4       4 0.100E-01 0.399E-01 0.858E-02 0.342E-01 0.136E-04 0.849E-06 0.131E-04 0.820E-06
      2       1       1    4096       4       4 0.416E-01 0.166E+00 0.376E-01 0.150E+00 0.348E-03 0.217E-04 0.345E-03 0.215E-04
      2       1       1     512       4       4 0.139E-01 0.554E-01 0.120E-01 0.482E-01 0.384E-04 0.240E-05 0.262E-04 0.164E-05
      2       1       1    8192       4       4 0.723E-01 0.289E+00 0.654E-01 0.261E+00 0.818E-03 0.511E-04 0.814E-03 0.509E-04
      2       1      12    1024       4       4 0.388E-01 0.155E+00 0.351E-01 0.140E+00 0.388E-03 0.242E-04 0.446E-03 0.279E-04
      2       1      12   16384       4       4 0.128E+00 0.511E+00 0.112E+00 0.443E+00 0.126E-02 0.790E-04 0.948E-03 0.592E-04
      2       1      12    2048       4       4 0.658E-01 0.263E+00 0.569E-01 0.228E+00 0.786E-03 0.491E-04 0.696E-03 0.435E-04
      2       1      12     256       4       4 0.183E-01 0.732E-01 0.159E-01 0.637E-01 0.320E-03 0.200E-04 0.294E-03 0.184E-04
      2       1      12    4096       4       4 0.768E-01 0.306E+00 0.705E-01 0.281E+00 0.105E-02 0.655E-04 0.889E-03 0.556E-04
      2       1      12     512       4       4 0.272E-01 0.109E+00 0.238E-01 0.951E-01 0.317E-03 0.198E-04 0.375E-03 0.235E-04
      2       1      12    8192       4       4 0.106E+00 0.421E+00 0.907E-01 0.362E+00 0.110E-02 0.685E-04 0.106E-02 0.665E-04
      2       1      16    1024       4       4 0.378E-01 0.151E+00 0.344E-01 0.137E+00 0.705E-03 0.441E-04 0.633E-03 0.396E-04
      2       1      16   16384       4       4 0.163E+00 0.650E+00 0.146E+00 0.575E+00 0.161E-02 0.101E-03 0.141E-02 0.881E-04
      2       1      16    2048       4       4 0.528E-01 0.210E+00 0.495E-01 0.198E+00 0.794E-03 0.496E-04 0.734E-03 0.459E-04
      2       1      16     256       4       4 0.171E-01 0.684E-01 0.152E-01 0.608E-01 0.392E-03 0.245E-04 0.396E-03 0.248E-04
      2       1      16    4096       4       4 0.716E-01 0.286E+00 0.649E-01 0.258E+00 0.821E-03 0.513E-04 0.820E-03 0.513E-04
      2       1      16     512       4       4 0.258E-01 0.103E+00 0.236E-01 0.941E-01 0.641E-03 0.401E-04 0.593E-03 0.371E-04
      2       1      16    8192       4       4 0.104E+00 0.414E+00 0.880E-01 0.348E+00 0.868E-03 0.543E-04 0.760E-03 0.475E-04
      2       1       2    1024       4       4 0.218E-01 0.870E-01 0.194E-01 0.772E-01 0.277E-03 0.173E-04 0.217E-03 0.136E-04
      2       1       2   16384       4       4 0.124E+00 0.495E+00 0.116E+00 0.460E+00 0.132E-02 0.827E-04 0.142E-02 0.890E-04
      2       1       2    2048       4       4 0.292E-01 0.116E+00 0.263E-01 0.104E+00 0.289E-03 0.181E-04 0.276E-03 0.172E-04
      2       1       2     256       4       4 0.126E-01 0.503E-01 0.110E-01 0.440E-01 0.334E-03 0.208E-04 0.304E-03 0.190E-04
      2       1       2    4096       4       4 0.428E-01 0.171E+00 0.389E-01 0.155E+00 0.436E-03 0.273E-04 0.422E-03 0.264E-04
      2       1       2     512       4       4 0.164E-01 0.654E-01 0.140E-01 0.557E-01 0.183E-03 0.114E-04 0.179E-03 0.112E-04
      2       1       2    8192       4       4 0.705E-01 0.281E+00 0.643E-01 0.254E+00 0.836E-03 0.523E-04 0.732E-03 0.457E-04
      2       1      24    1024       4       4 0.487E-01 0.195E+00 0.449E-01 0.179E+00 0.739E-03 0.462E-04 0.739E-03 0.462E-04
      2       1      24   16384       4       4 0.176E+00 0.700E+00 0.169E+00 0.675E+00 0.382E-02 0.239E-03 0.189E-02 0.118E-03
      2       1      24    2048       4       4 0.692E-01 0.276E+00 0.589E-01 0.235E+00 0.947E-03 0.592E-04 0.959E-03 0.599E-04
      2       1      24     256       4       4 0.188E-01 0.752E-01 0.165E-01 0.658E-01 0.388E-03 0.243E-04 0.402E-03 0.251E-04
      2       1      24    4096       4       4 0.100E+00 0.400E+00 0.798E-01 0.318E+00 0.124E-02 0.775E-04 0.118E-02 0.738E-04
      2       1      24     512       4       4 0.292E-01 0.117E+00 0.263E-01 0.105E+00 0.551E-03 0.344E-04 0.547E-03 0.342E-04
      2       1      24    8192       4       4 0.122E+00 0.487E+00 0.102E+00 0.407E+00 0.260E-02 0.162E-03 0.159E-02 0.991E-04
      2       1       4    1024       4       4 0.261E-01 0.104E+00 0.230E-01 0.918E-01 0.328E-03 0.205E-04 0.304E-03 0.190E-04
      2       1       4   16384       4       4 0.119E+00 0.476E+00 0.110E+00 0.440E+00 0.174E-02 0.109E-03 0.122E-02 0.765E-04
      2       1       4    2048       4       4 0.385E-01 0.154E+00 0.348E-01 0.138E+00 0.461E-03 0.288E-04 0.446E-03 0.279E-04
      2       1       4     256       4       4 0.155E-01 0.621E-01 0.137E-01 0.548E-01 0.358E-03 0.224E-04 0.323E-03 0.202E-04
      2       1       4    4096       4       4 0.589E-01 0.234E+00 0.511E-01 0.204E+00 0.623E-03 0.389E-04 0.593E-03 0.371E-04
      2       1       4     512       4       4 0.214E-01 0.851E-01 0.190E-01 0.758E-01 0.344E-03 0.215E-04 0.334E-03 0.209E-04
      2       1       4    8192       4       4 0.755E-01 0.301E+00 0.651E-01 0.260E+00 0.673E-03 0.421E-04 0.673E-03 0.421E-04
      2       1       8    1024       4       4 0.341E-01 0.136E+00 0.297E-01 0.119E+00 0.595E-03 0.372E-04 0.561E-03 0.351E-04
      2       1       8   16384       4       4 0.130E+00 0.519E+00 0.126E+00 0.501E+00 0.121E-02 0.757E-04 0.118E-02 0.736E-04
      2       1       8    2048       4       4 0.454E-01 0.181E+00 0.389E-01 0.155E+00 0.456E-03 0.285E-04 0.428E-03 0.267E-04
      2       1       8     256       4       4 0.163E-01 0.653E-01 0.145E-01 0.580E-01 0.329E-03 0.206E-04 0.370E-03 0.231E-04
      2       1       8    4096       4       4 0.669E-01 0.267E+00 0.538E-01 0.214E+00 0.629E-03 0.393E-04 0.613E-03 0.383E-04
      2       1       8     512       4       4 0.230E-01 0.915E-01 0.194E-01 0.775E-01 0.375E-03 0.234E-04 0.356E-03 0.223E-04
      2       1       8    8192       4       4 0.912E-01 0.364E+00 0.801E-01 0.320E+00 0.921E-03 0.575E-04 0.849E-03 0.531E-04
      3       1       1    1024       4       4 0.756E-03 0.298E-02 0.137E-04 0.219E-04 0.756E-04 0.472E-05 0.608E-04 0.380E-05
      3       1       1 1048576       4       4 0.103E-01 0.123E-01 0.918E-02 0.972E-02 0.215E+00 0.135E-01 0.220E+00 0.137E-01
      3       1       1  131072       4       4 0.270E-02 0.488E-02 0.208E-02 0.217E-02 0.186E-01 0.116E-02 0.179E-01 0.112E-02
      3       1       1   16384       4       4 0.102E-02 0.347E-02 0.240E-03 0.278E-03 0.198E-02 0.124E-03 0.180E-02 0.112E-03
      3       1       1    2048       4       4 0.796E-03 0.307E-02 0.412E-04 0.589E-04 0.194E-03 0.121E-04 0.183E-03 0.114E-04
      3       1       1     256       4       4 0.540E-03 0.214E-02 0.423E-05 0.715E-05 0.179E-04 0.112E-05 0.198E-04 0.124E-05
      3       1       1  262144       4       4 0.300E-02 0.536E-02 0.234E-02 0.247E-02 0.452E-01 0.282E-02 0.453E-01 0.283E-02
      3       1       1   32768       4       4 0.110E-02 0.304E-02 0.549E-03 0.619E-03 0.404E-02 0.252E-03 0.385E-02 0.241E-03
      3       1       1    4096       4       4 0.835E-03 0.313E-02 0.771E-04 0.108E-03 0.391E-03 0.245E-04 0.334E-03 0.209E-04
      3       1       1     512       4       4 0.740E-03 0.294E-02 0.769E-05 0.110E-04 0.331E-04 0.207E-05 0.310E-04 0.194E-05
      3       1       1  524288       4       4 0.545E-02 0.729E-02 0.448E-02 0.470E-02 0.981E-01 0.613E-02 0.980E-01 0.612E-02
      3       1       1   65536       4       4 0.160E-02 0.386E-02 0.968E-03 0.121E-02 0.895E-02 0.559E-03 0.866E-02 0.541E-03
      3       1       1    8192       4       4 0.706E-03 0.254E-02 0.119E-03 0.139E-03 0.844E-03 0.528E-04 0.800E-03 0.500E-04
      3       1      12    1024       4       4 0.440E-02 0.175E-01 0.158E-04 0.260E-04 0.904E-04 0.565E-05 0.670E-04 0.419E-05
      3       1      12 1048576       4       4 0.387E-02 0.149E-01 0.170E-03 0.182E-03 0.886E-01 0.554E-02 0.804E-01 0.503E-02
      3       1      12  131072       4       4 0.433E-02 0.171E-01 0.713E-04 0.789E-04 0.159E-01 0.991E-03 0.154E-01 0.960E-03
      3       1      12   16384       4       4 0.429E-02 0.171E-01 0.312E-04 0.410E-04 0.206E-02 0.129E-03 0.184E-02 0.115E-03
      3       1      12    2048       4       4 0.645E-02 0.257E-01 0.485E-04 0.520E-04 0.635E-03 0.397E-04 0.448E-03 0.280E-04
      3       1      12     256       4       4 0.414E-02 0.166E-01 0.566E-05 0.978E-05 0.248E-04 0.155E-05 0.243E-04 0.152E-05
      3       1      12  262144       4       4 0.626E-02 0.247E-01 0.925E-04 0.118E-03 0.325E-01 0.203E-02 0.279E-01 0.174E-02
      3       1      12   32768       4       4 0.436E-02 0.173E-01 0.408E-04 0.460E-04 0.563E-02 0.352E-03 0.541E-02 0.338E-03
      3       1      12    4096       4       4 0.437E-02 0.172E-01 0.112E-03 0.115E-03 0.785E-03 0.491E-04 0.627E-03 0.392E-04
      3       1      12     512       4       4 0.452E-02 0.180E-01 0.119E-04 0.179E-04 0.484E-04 0.302E-05 0.460E-04 0.288E-05
      3       1      12  524288       4       4 0.360E-02 0.139E-01 0.150E-03 0.182E-03 0.408E-01 0.255E-02 0.394E-01 0.246E-02
      3       1      12   65536       4       4 0.393E-02 0.156E-01 0.583E-04 0.792E-04 0.125E-01 0.779E-03 0.119E-01 0.741E-03
      3       1      12    8192       4       4 0.436E-02 0.173E-01 0.286E-04 0.401E-04 0.181E-02 0.113E-03 0.177E-02 0.110E-03
      3       1      16    1024       4       4 0.437E-02 0.174E-01 0.145E-04 0.219E-04 0.877E-04 0.548E-05 0.679E-04 0.425E-05
      3       1      16 1048576       4       4 0.110E-02 0.388E-02 0.169E-03 0.177E-03 0.106E+00 0.665E-02 0.956E-01 0.598E-02
      3       1      16  131072       4       4 0.383E-02 0.151E-01 0.750E-04 0.832E-04 0.188E-01 0.118E-02 0.188E-01 0.118E-02
      3       1      16   16384       4       4 0.421E-02 0.167E-01 0.338E-04 0.472E-04 0.237E-02 0.148E-03 0.196E-02 0.123E-03
      3       1      16    2048       4       4 0.450E-02 0.178E-01 0.630E-04 0.641E-04 0.699E-03 0.437E-04 0.433E-03 0.271E-04
      3       1      16     256       4       4 0.413E-02 0.165E-01 0.578E-05 0.100E-04 0.272E-04 0.170E-05 0.200E-04 0.125E-05
      3       1      16  262144       4       4 0.283E-02 0.111E-01 0.793E-04 0.861E-04 0.395E-01 0.247E-02 0.370E-01 0.231E-02
      3       1      16   32768       4       4 0.480E-02 0.190E-01 0.485E-04 0.682E-04 0.571E-02 0.357E-03 0.546E-02 0.341E-03
      3       1      16    4096       4       4 0.436E-02 0.173E-01 0.855E-04 0.104E-03 0.914E-03 0.571E-04 0.656E-03 0.410E-04
      3       1      16     512       4       4 0.312E-02 0.125E-01 0.894E-05 0.138E-04 0.420E-04 0.262E-05 0.329E-04 0.206E-05
      3       1      16  524288       4       4 0.123E-02 0.441E-02 0.143E-03 0.155E-03 0.495E-01 0.310E-02 0.452E-01 0.282E-02
      3       1      16   65536       4       4 0.364E-02 0.144E-01 0.573E-04 0.691E-04 0.148E-01 0.925E-03 0.143E-01 0.892E-03
      3       1      16    8192       4       4 0.497E-02 0.198E-01 0.339E-04 0.482E-04 0.199E-02 0.124E-03 0.188E-02 0.118E-03
      3       1       2    1024       4       4 0.326E-02 0.130E-01 0.232E-04 0.539E-04 0.117E-03 0.729E-05 0.725E-04 0.453E-05
      3       1       2 1048576       4       4 0.806E-03 0.270E-02 0.152E-03 0.172E-03 0.217E+00 0.136E-01 0.204E+00 0.128E-01
      3       1       2  131072       4       4 0.799E-03 0.296E-02 0.731E-04 0.780E-04 0.234E-01 0.146E-02 0.214E-01 0.134E-02
      3       1       2   16384       4       4 0.277E-02 0.110E-01 0.252E-04 0.310E-04 0.184E-02 0.115E-03 0.172E-02 0.108E-03
      3       1       2    2048       4       4 0.311E-02 0.123E-01 0.442E-04 0.460E-04 0.319E-03 0.199E-04 0.235E-03 0.147E-04
      3       1       2     256       4       4 0.510E-03 0.202E-02 0.507E-05 0.811E-05 0.229E-04 0.143E-05 0.186E-04 0.116E-05
      3       1       2  262144       4       4 0.153E-02 0.584E-02 0.817E-04 0.108E-03 0.383E-01 0.239E-02 0.355E-01 0.222E-02
      3       1       2   32768       4       4 0.275E-02 0.109E-01 0.398E-04 0.432E-04 0.350E-02 0.219E-03 0.349E-02 0.218E-03
      3       1       2    4096       4       4 0.307E-02 0.121E-01 0.672E-04 0.708E-04 0.529E-03 0.331E-04 0.439E-03 0.274E-04
      3       1       2     512       4       4 0.317E-02 0.126E-01 0.123E-04 0.250E-04 0.353E-04 0.221E-05 0.417E-04 0.261E-05
      3       1       2  524288       4       4 0.111E-02 0.401E-02 0.137E-03 0.144E-03 0.924E-01 0.578E-02 0.884E-01 0.553E-02
      3       1       2   65536       4       4 0.127E-02 0.496E-02 0.449E-04 0.498E-04 0.124E-01 0.777E-03 0.100E-01 0.626E-03
      3       1       2    8192       4       4 0.289E-02 0.115E-01 0.232E-04 0.281E-04 0.949E-03 0.593E-04 0.924E-03 0.578E-04
      3       1      24    1024       4       4 0.407E-02 0.162E-01 0.169E-04 0.300E-04 0.873E-04 0.545E-05 0.725E-04 0.453E-05
      3       1      24 1048576       4       4 0.438E-02 0.169E-01 0.179E-03 0.196E-03 0.126E+00 0.785E-02 0.120E+00 0.752E-02
      3       1      24  131072       4       4 0.478E-02 0.188E-01 0.983E-04 0.123E-03 0.242E-01 0.151E-02 0.236E-01 0.148E-02
      3       1      24   16384       4       4 0.719E-02 0.287E-01 0.392E-04 0.529E-04 0.221E-02 0.138E-03 0.179E-02 0.112E-03
      3       1      24    2048       4       4 0.416E-02 0.165E-01 0.785E-04 0.107E-03 0.585E-03 0.366E-04 0.297E-03 0.186E-04
      3       1      24     256       4       4 0.404E-02 0.161E-01 0.554E-05 0.906E-05 0.226E-04 0.142E-05 0.226E-04 0.142E-05
      3       1      24  262144       4       4 0.168E-02 0.637E-02 0.950E-04 0.111E-03 0.523E-01 0.327E-02 0.521E-01 0.325E-02
      3       1      24   32768       4       4 0.410E-02 0.163E-01 0.562E-04 0.780E-04 0.586E-02 0.366E-03 0.571E-02 0.357E-03
      3       1      24    4096       4       4 0.410E-02 0.162E-01 0.945E-04 0.135E-03 0.974E-03 0.609E-04 0.643E-03 0.402E-04
      3       1      24     512       4       4 0.407E-02 0.162E-01 0.876E-05 0.131E-04 0.367E-04 0.229E-05 0.331E-04 0.207E-05
      3       1      24  524288       4       4 0.378E-02 0.146E-01 0.154E-03 0.185E-03 0.619E-01 0.387E-02 0.612E-01 0.382E-02
      3       1      24   65536       4       4 0.475E-02 0.189E-01 0.506E-04 0.551E-04 0.144E-01 0.897E-03 0.139E-01 0.870E-03
      3       1      24    8192       4       4 0.421E-02 0.168E-01 0.312E-04 0.339E-04 0.208E-02 0.130E-03 0.164E-02 0.103E-03
      3       1       4    1024       4       4 0.433E-02 0.173E-01 0.142E-04 0.231E-04 0.713E-04 0.446E-05 0.627E-04 0.392E-05
      3       1       4 1048576       4       4 0.109E-02 0.378E-02 0.163E-03 0.174E-03 0.124E+00 0.777E-02 0.116E+00 0.728E-02
      3       1       4  131072       4       4 0.355E-02 0.140E-01 0.827E-04 0.103E-03 0.149E-01 0.928E-03 0.135E-01 0.842E-03
      3       1       4   16384       4       4 0.697E-02 0.278E-01 0.311E-04 0.410E-04 0.239E-02 0.149E-03 0.218E-02 0.136E-03
      3       1       4    2048       4       4 0.460E-02 0.183E-01 0.432E-04 0.439E-04 0.425E-03 0.266E-04 0.343E-03 0.214E-04
      3       1       4     256       4       4 0.639E-03 0.254E-02 0.519E-05 0.906E-05 0.186E-04 0.116E-05 0.191E-04 0.119E-05
      3       1       4  262144       4       4 0.252E-02 0.981E-02 0.755E-04 0.799E-04 0.262E-01 0.164E-02 0.217E-01 0.136E-02
      3       1       4   32768       4       4 0.376E-02 0.149E-01 0.417E-04 0.539E-04 0.389E-02 0.243E-03 0.384E-02 0.240E-03
      3       1       4    4096       4       4 0.457E-02 0.181E-01 0.740E-04 0.861E-04 0.682E-03 0.426E-04 0.519E-03 0.324E-04
      3       1       4     512       4       4 0.461E-02 0.184E-01 0.745E-05 0.119E-04 0.374E-04 0.234E-05 0.277E-04 0.173E-05
      3       1       4  524288       4       4 0.194E-02 0.719E-02 0.124E-03 0.133E-03 0.549E-01 0.343E-02 0.541E-01 0.338E-02
      3       1       4   65536       4       4 0.184E-02 0.721E-02 0.515E-04 0.610E-04 0.739E-02 0.462E-03 0.667E-02 0.417E-03
      3       1       4    8192       4       4 0.441E-02 0.175E-01 0.268E-04 0.291E-04 0.117E-02 0.730E-04 0.105E-02 0.659E-04
      3       1       8    1024       4       4 0.441E-02 0.176E-01 0.148E-04 0.241E-04 0.806E-04 0.504E-05 0.694E-04 0.434E-05
      3       1       8 1048576       4       4 0.664E-02 0.261E-01 0.175E-03 0.202E-03 0.903E-01 0.564E-02 0.819E-01 0.512E-02
      3       1       8  131072       4       4 0.545E-02 0.215E-01 0.817E-04 0.117E-03 0.135E-01 0.843E-03 0.120E-01 0.747E-03
      3       1       8   16384       4       4 0.427E-02 0.170E-01 0.339E-04 0.391E-04 0.198E-02 0.124E-03 0.180E-02 0.113E-03
      3       1       8    2048       4       4 0.443E-02 0.176E-01 0.517E-04 0.589E-04 0.682E-03 0.426E-04 0.377E-03 0.236E-04
      3       1       8     256       4       4 0.439E-02 0.175E-01 0.525E-05 0.906E-05 0.222E-04 0.139E-05 0.179E-04 0.112E-05
      3       1       8  262144       4       4 0.837E-02 0.332E-01 0.855E-04 0.989E-04 0.313E-01 0.196E-02 0.245E-01 0.153E-02
      3       1       8   32768       4       4 0.512E-02 0.204E-01 0.401E-04 0.432E-04 0.478E-02 0.299E-03 0.466E-02 0.291E-03
      3       1       8    4096       4       4 0.664E-02 0.264E-01 0.807E-04 0.880E-04 0.866E-03 0.542E-04 0.677E-03 0.423E-04
      3       1       8     512       4       4 0.433E-02 0.173E-01 0.846E-05 0.131E-04 0.327E-04 0.204E-05 0.324E-04 0.203E-05
      3       1       8  524288       4       4 0.962E-03 0.345E-02 0.129E-03 0.136E-03 0.425E-01 0.266E-02 0.398E-01 0.249E-02
      3       1       8   65536       4       4 0.587E-02 0.233E-01 0.549E-04 0.730E-04 0.957E-02 0.598E-03 0.852E-02 0.532E-03
      3       1       8    8192       4       4 0.832E-02 0.332E-01 0.323E-04 0.401E-04 0.145E-02 0.906E-04 0.137E-02 0.855E-04
