      2       1       1    1021    1021       4       4 0.488E+01 0.488E+01 0.596E+01 0.600E+01 0.142E+01 0.886E-01 0.143E+01 0.895E-01
      2       1       1     127     127       4       4 0.183E-01 0.186E-01 0.271E-01 0.276E-01 0.113E-01 0.706E-03 0.108E-01 0.677E-03
      2       1       1    2053    2053       4       4 0.194E+02 0.194E+02 0.233E+02 0.233E+02 0.633E+01 0.395E+00 0.618E+01 0.386E+00
      2       1       1     257     257       4       4 0.313E+00 0.314E+00 0.362E+00 0.364E+00 0.727E-01 0.454E-02 0.728E-01 0.455E-02
      2       1       1      31      31       4       4 0.232E-02 0.266E-02 0.264E-02 0.266E-02 0.285E-03 0.178E-04 0.299E-03 0.187E-04
      2       1       1    4099    4099       4       4 0.201E+02 0.202E+02 0.211E+02 0.214E+02 0.312E+02 0.195E+01 0.309E+02 0.193E+01
      2       1       1     509     509       4       4 0.141E+01 0.142E+01 0.171E+01 0.171E+01 0.370E+00 0.231E-01 0.372E+00 0.233E-01
      2       1       1      67      67       4       4 0.429E-02 0.468E-02 0.559E-02 0.562E-02 0.206E-02 0.129E-03 0.158E-02 0.986E-04
      2       1      12    1021    1021       4       4 0.249E+01 0.252E+01 0.291E+01 0.296E+01 0.211E+00 0.132E-01 0.231E+00 0.144E-01
      2       1      12     127     127       4       4 0.265E-01 0.282E-01 0.386E-01 0.432E-01 0.120E-01 0.750E-03 0.505E-02 0.316E-03
      2       1      12    2053    2053       4       4 0.713E+01 0.722E+01 0.782E+01 0.790E+01 0.104E+01 0.650E-01 0.909E+00 0.568E-01
      2       1      12     257     257       4       4 0.544E+00 0.556E+00 0.591E+00 0.605E+00 0.137E-01 0.857E-03 0.135E-01 0.841E-03
      2       1      12      31      31       4       4 0.146E-01 0.155E-01 0.185E-01 0.188E-01 0.321E-02 0.201E-03 0.828E-03 0.518E-04
      2       1      12    4099    4099       4       4 0.233E+02 0.239E+02 0.263E+02 0.264E+02 0.390E+01 0.244E+00 0.366E+01 0.229E+00
      2       1      12     509     509       4       4 0.111E+01 0.113E+01 0.123E+01 0.126E+01 0.539E-01 0.337E-02 0.527E-01 0.330E-02
      2       1      12      67      67       4       4 0.102E-01 0.113E-01 0.148E-01 0.153E-01 0.168E-02 0.105E-03 0.118E-02 0.737E-04
      2       1      16    1021    1021       4       4 0.238E+01 0.240E+01 0.283E+01 0.288E+01 0.165E+00 0.103E-01 0.183E+00 0.114E-01
      2       1      16     127     127       4       4 0.199E-01 0.224E-01 0.293E-01 0.323E-01 0.108E-01 0.673E-03 0.540E-02 0.337E-03
      2       1      16    2053    2053       4       4 0.763E+01 0.776E+01 0.929E+01 0.948E+01 0.742E+00 0.464E-01 0.113E+01 0.706E-01
      2       1      16     257     257       4       4 0.570E+00 0.580E+00 0.613E+00 0.630E+00 0.128E-01 0.802E-03 0.108E-01 0.677E-03
      2       1      16      31      31       4       4 0.913E-02 0.995E-02 0.127E-01 0.129E-01 0.726E-03 0.454E-04 0.686E-03 0.429E-04
      2       1      16    4099    4099       4       4 0.232E+02 0.238E+02 0.260E+02 0.264E+02 0.380E+01 0.238E+00 0.292E+01 0.183E+00
      2       1      16     509     509       4       4 0.928E+00 0.944E+00 0.102E+01 0.104E+01 0.485E-01 0.303E-02 0.458E-01 0.287E-02
      2       1      16      67      67       4       4 0.234E-01 0.251E-01 0.294E-01 0.299E-01 0.720E-02 0.450E-03 0.271E-02 0.170E-03
      2       1       2    1021    1021       4       4 0.485E+01 0.489E+01 0.605E+01 0.606E+01 0.832E+00 0.520E-01 0.805E+00 0.503E-01
      2       1       2     127     127       4       4 0.372E-01 0.389E-01 0.509E-01 0.530E-01 0.700E-02 0.437E-03 0.660E-02 0.413E-03
      2       1       2    2053    2053       4       4 0.207E+02 0.208E+02 0.257E+02 0.259E+02 0.364E+01 0.228E+00 0.353E+01 0.220E+00
      2       1       2     257     257       4       4 0.380E+00 0.381E+00 0.433E+00 0.435E+00 0.406E-01 0.254E-02 0.418E-01 0.261E-02
      2       1       2      31      31       4       4 0.821E-02 0.837E-02 0.979E-02 0.103E-01 0.368E-03 0.230E-04 0.389E-03 0.243E-04
      2       1       2    4099    4099       4       4 0.345E+02 0.349E+02 0.404E+02 0.407E+02 0.174E+02 0.109E+01 0.171E+02 0.107E+01
      2       1       2     509     509       4       4 0.153E+01 0.154E+01 0.186E+01 0.187E+01 0.212E+00 0.133E-01 0.209E+00 0.130E-01
      2       1       2      67      67       4       4 0.111E-01 0.118E-01 0.146E-01 0.161E-01 0.163E-02 0.102E-03 0.141E-02 0.884E-04
      2       1      24    1021    1021       4       4 0.286E+01 0.291E+01 0.330E+01 0.336E+01 0.182E+00 0.114E-01 0.200E+00 0.125E-01
      2       1      24     127     127       4       4 0.256E-01 0.282E-01 0.386E-01 0.446E-01 0.943E-02 0.589E-03 0.406E-02 0.254E-03
      2       1      24    2053    2053       4       4 0.747E+01 0.759E+01 0.856E+01 0.868E+01 0.566E+00 0.354E-01 0.530E+00 0.331E-01
      2       1      24     257     257       4       4 0.747E+00 0.756E+00 0.763E+00 0.773E+00 0.124E-01 0.775E-03 0.110E-01 0.689E-03
      2       1      24      31      31       4       4 0.121E-01 0.127E-01 0.175E-01 0.211E-01 0.133E-02 0.829E-04 0.133E-02 0.831E-04
      2       1      24    4099    4099       4       4 0.208E+02 0.215E+02 0.263E+02 0.269E+02 0.263E+01 0.164E+00 0.243E+01 0.152E+00
      2       1      24     509     509       4       4 0.117E+01 0.119E+01 0.130E+01 0.132E+01 0.505E-01 0.316E-02 0.508E-01 0.318E-02
      2       1      24      67      67       4       4 0.198E-01 0.207E-01 0.286E-01 0.311E-01 0.183E-02 0.114E-03 0.183E-02 0.115E-03
      2       1       4    1021    1021       4       4 0.317E+01 0.326E+01 0.364E+01 0.375E+01 0.497E+00 0.311E-01 0.441E+00 0.276E-01
      2       1       4     127     127       4       4 0.260E-01 0.266E-01 0.366E-01 0.375E-01 0.515E-02 0.322E-03 0.494E-02 0.309E-03
      2       1       4    2053    2053       4       4 0.130E+02 0.132E+02 0.150E+02 0.157E+02 0.216E+01 0.135E+00 0.198E+01 0.124E+00
      2       1       4     257     257       4       4 0.459E+00 0.466E+00 0.503E+00 0.513E+00 0.276E-01 0.173E-02 0.302E-01 0.189E-02
      2       1       4      31      31       4       4 0.752E-02 0.773E-02 0.917E-02 0.962E-02 0.422E-03 0.264E-04 0.384E-03 0.240E-04
      2       1       4    4099    4099       4       4 0.362E+02 0.369E+02 0.448E+02 0.458E+02 0.961E+01 0.601E+00 0.894E+01 0.559E+00
      2       1       4     509     509       4       4 0.107E+01 0.108E+01 0.129E+01 0.133E+01 0.125E+00 0.782E-02 0.122E+00 0.764E-02
      2       1       4      67      67       4       4 0.138E-01 0.142E-01 0.189E-01 0.193E-01 0.114E-02 0.709E-04 0.127E-02 0.796E-04
      2       1       8    1021    1021       4       4 0.226E+01 0.228E+01 0.252E+01 0.254E+01 0.318E+00 0.199E-01 0.281E+00 0.176E-01
      2       1       8     127     127       4       4 0.206E-01 0.214E-01 0.308E-01 0.318E-01 0.413E-02 0.258E-03 0.336E-02 0.210E-03
      2       1       8    2053    2053       4       4 0.102E+02 0.104E+02 0.121E+02 0.121E+02 0.131E+01 0.818E-01 0.122E+01 0.764E-01
      2       1       8     257     257       4       4 0.474E+00 0.478E+00 0.493E+00 0.507E+00 0.199E-01 0.124E-02 0.205E-01 0.128E-02
      2       1       8      31      31       4       4 0.886E-02 0.946E-02 0.119E-01 0.126E-01 0.455E-02 0.284E-03 0.568E-03 0.355E-04
      2       1       8    4099    4099       4       4 0.277E+02 0.286E+02 0.326E+02 0.331E+02 0.540E+01 0.338E+00 0.488E+01 0.305E+00
      2       1       8     509     509       4       4 0.839E+00 0.887E+00 0.963E+00 0.987E+00 0.782E-01 0.489E-02 0.790E-01 0.494E-02
      2       1       8      67      67       4       4 0.116E-01 0.117E-01 0.174E-01 0.179E-01 0.109E-02 0.680E-04 0.109E-02 0.681E-04
      2      16       1    1021    1021       4       4 0.457E+00 0.495E+00 0.509E+00 0.536E+00 0.127E+00 0.796E-02 0.127E+00 0.792E-02
      2      16       1     127     127       4       4 0.480E-02 0.741E-02 0.322E-02 0.360E-02 0.234E-02 0.146E-03 0.221E-02 0.138E-03
      2      16       1    2053    2053       4       4 0.139E+01 0.139E+01 0.158E+01 0.159E+01 0.530E+00 0.331E-01 0.529E+00 0.331E-01
      2      16       1     257     257       4       4 0.750E-01 0.780E-01 0.703E-01 0.705E-01 0.833E-02 0.521E-03 0.706E-02 0.441E-03
      2      16       1      31      31       4       4 0.349E-02 0.569E-02 0.149E-02 0.154E-02 0.717E-03 0.448E-04 0.588E-03 0.367E-04
      2      16       1    4099    4099       4       4 0.233E+01 0.233E+01 0.251E+01 0.251E+01 0.318E+01 0.199E+00 0.314E+01 0.196E+00
      2      16       1     509     509       4       4 0.183E+00 0.188E+00 0.171E+00 0.173E+00 0.349E-01 0.218E-02 0.322E-01 0.201E-02
      2      16       1      67      67       4       4 0.374E-02 0.614E-02 0.141E-02 0.144E-02 0.938E-03 0.587E-04 0.823E-03 0.514E-04
      2       2       1    1021    1021       4       4 0.912E+00 0.917E+00 0.138E+01 0.139E+01 0.825E+00 0.516E-01 0.827E+00 0.517E-01
      2       2       1     127     127       4       4 0.742E-02 0.904E-02 0.110E-01 0.111E-01 0.718E-02 0.449E-03 0.685E-02 0.428E-03
      2       2       1    2053    2053       4       4 0.350E+01 0.351E+01 0.551E+01 0.556E+01 0.350E+01 0.219E+00 0.347E+01 0.217E+00
      2       2       1     257     257       4       4 0.894E-01 0.917E-01 0.923E-01 0.940E-01 0.436E-01 0.273E-02 0.433E-01 0.270E-02
      2       2       1      31      31       4       4 0.314E-02 0.490E-02 0.138E-02 0.147E-02 0.387E-03 0.242E-04 0.324E-03 0.203E-04
      2       2       1    4099    4099       4       4 0.543E+01 0.546E+01 0.606E+01 0.612E+01 0.197E+02 0.123E+01 0.196E+02 0.123E+01
      2       2       1     509     509       4       4 0.329E+00 0.336E+00 0.441E+00 0.453E+00 0.211E+00 0.132E-01 0.212E+00 0.132E-01
      2       2       1      67      67       4       4 0.364E-02 0.588E-02 0.292E-02 0.359E-02 0.158E-02 0.985E-04 0.138E-02 0.865E-04
      2       2      12    1021    1021       4       4 0.988E+00 0.102E+01 0.123E+01 0.128E+01 0.115E+01 0.720E-01 0.114E+01 0.715E-01
      2       2      12     127     127       4       4 0.151E-01 0.169E-01 0.165E-01 0.181E-01 0.150E-01 0.935E-03 0.803E-02 0.502E-03
      2       2      12    2053    2053       4       4 0.351E+01 0.366E+01 0.403E+01 0.408E+01 0.315E+01 0.197E+00 0.306E+01 0.191E+00
      2       2      12     257     257       4       4 0.203E+00 0.209E+00 0.213E+00 0.229E+00 0.329E-01 0.206E-02 0.232E-01 0.145E-02
      2       2      12      31      31       4       4 0.956E-02 0.118E-01 0.747E-02 0.858E-02 0.119E-01 0.741E-03 0.374E-02 0.234E-03
      2       2      12    4099    4099       4       4 0.824E+01 0.875E+01 0.913E+01 0.920E+01 0.101E+02 0.630E+00 0.101E+02 0.630E+00
      2       2      12     509     509       4       4 0.557E+00 0.562E+00 0.681E+00 0.686E+00 0.123E+00 0.767E-02 0.121E+00 0.755E-02
      2       2      12      67      67       4       4 0.121E-01 0.139E-01 0.132E-01 0.140E-01 0.157E-01 0.981E-03 0.542E-02 0.339E-03
      2       2       2    1021    1021       4       4 0.107E+01 0.107E+01 0.170E+01 0.171E+01 0.567E+00 0.354E-01 0.567E+00 0.354E-01
      2       2       2     127     127       4       4 0.121E-01 0.141E-01 0.169E-01 0.177E-01 0.543E-02 0.339E-03 0.561E-02 0.350E-03
      2       2       2    2053    2053       4       4 0.467E+01 0.468E+01 0.726E+01 0.730E+01 0.274E+01 0.171E+00 0.277E+01 0.173E+00
      2       2       2     257     257       4       4 0.114E+00 0.115E+00 0.131E+00 0.133E+00 0.371E-01 0.232E-02 0.357E-01 0.223E-02
      2       2       2      31      31       4       4 0.505E-02 0.696E-02 0.280E-02 0.283E-02 0.115E-02 0.719E-04 0.948E-03 0.593E-04
      2       2       2    4099    4099       4       4 0.950E+01 0.956E+01 0.127E+02 0.130E+02 0.142E+02 0.887E+00 0.154E+02 0.965E+00
      2       2       2     509     509       4       4 0.504E+00 0.510E+00 0.705E+00 0.709E+00 0.161E+00 0.100E-01 0.163E+00 0.102E-01
      2       2       2      67      67       4       4 0.793E-02 0.111E-01 0.752E-02 0.823E-02 0.148E-02 0.925E-04 0.147E-02 0.920E-04
      2       2       4    1021    1021       4       4 0.804E+00 0.817E+00 0.110E+01 0.111E+01 0.667E+00 0.417E-01 0.675E+00 0.422E-01
      2       2       4     127     127       4       4 0.102E-01 0.125E-01 0.125E-01 0.128E-01 0.514E-02 0.321E-03 0.514E-02 0.321E-03
      2       2       4    2053    2053       4       4 0.404E+01 0.405E+01 0.569E+01 0.570E+01 0.212E+01 0.133E+00 0.217E+01 0.136E+00
      2       2       4     257     257       4       4 0.168E+00 0.170E+00 0.192E+00 0.198E+00 0.244E-01 0.153E-02 0.240E-01 0.150E-02
      2       2       4      31      31       4       4 0.571E-02 0.778E-02 0.373E-02 0.380E-02 0.116E-02 0.724E-04 0.104E-02 0.653E-04
      2       2       4    4099    4099       4       4 0.100E+02 0.101E+02 0.128E+02 0.130E+02 0.126E+02 0.789E+00 0.137E+02 0.858E+00
      2       2       4     509     509       4       4 0.452E+00 0.464E+00 0.584E+00 0.599E+00 0.136E+00 0.848E-02 0.134E+00 0.838E-02
      2       2       4      67      67       4       4 0.878E-02 0.118E-01 0.829E-02 0.989E-02 0.215E-02 0.134E-03 0.187E-02 0.117E-03
      2       2       8    1021    1021       4       4 0.901E+00 0.919E+00 0.110E+01 0.111E+01 0.935E+00 0.584E-01 0.944E+00 0.590E-01
      2       2       8     127     127       4       4 0.911E-02 0.107E-01 0.100E-01 0.114E-01 0.560E-02 0.350E-03 0.548E-02 0.343E-03
      2       2       8    2053    2053       4       4 0.319E+01 0.321E+01 0.371E+01 0.374E+01 0.265E+01 0.166E+00 0.262E+01 0.164E+00
      2       2       8     257     257       4       4 0.200E+00 0.206E+00 0.217E+00 0.220E+00 0.282E-01 0.177E-02 0.216E-01 0.135E-02
      2       2       8      31      31       4       4 0.612E-02 0.837E-02 0.441E-02 0.514E-02 0.229E-02 0.143E-03 0.225E-02 0.141E-03
      2       2       8    4099    4099       4       4 0.834E+01 0.845E+01 0.983E+01 0.995E+01 0.112E+02 0.699E+00 0.124E+02 0.774E+00
      2       2       8     509     509       4       4 0.468E+00 0.488E+00 0.560E+00 0.573E+00 0.103E+00 0.643E-02 0.101E+00 0.628E-02
      2       2       8      67      67       4       4 0.144E-01 0.191E-01 0.105E-01 0.113E-01 0.107E-01 0.667E-03 0.341E-02 0.213E-03
      2       4       1    1021    1021       4       4 0.611E+00 0.616E+00 0.815E+00 0.823E+00 0.432E+00 0.270E-01 0.435E+00 0.272E-01
      2       4       1     127     127       4       4 0.707E-02 0.922E-02 0.865E-02 0.952E-02 0.614E-02 0.384E-03 0.558E-02 0.349E-03
      2       4       1    2053    2053       4       4 0.232E+01 0.233E+01 0.334E+01 0.337E+01 0.184E+01 0.115E+00 0.183E+01 0.114E+00
      2       4       1     257     257       4       4 0.805E-01 0.832E-01 0.750E-01 0.766E-01 0.230E-01 0.143E-02 0.224E-01 0.140E-02
      2       4       1      31      31       4       4 0.328E-02 0.499E-02 0.125E-02 0.135E-02 0.390E-03 0.244E-04 0.305E-03 0.191E-04
      2       4       1    4099    4099       4       4 0.425E+01 0.429E+01 0.522E+01 0.524E+01 0.977E+01 0.611E+00 0.965E+01 0.603E+00
      2       4       1     509     509       4       4 0.214E+00 0.218E+00 0.227E+00 0.228E+00 0.115E+00 0.716E-02 0.113E+00 0.709E-02
      2       4       1      67      67       4       4 0.412E-02 0.579E-02 0.296E-02 0.299E-02 0.135E-02 0.845E-04 0.129E-02 0.805E-04
      2       4       2    1021    1021       4       4 0.763E+00 0.774E+00 0.102E+01 0.104E+01 0.461E+00 0.288E-01 0.403E+00 0.252E-01
      2       4       2     127     127       4       4 0.111E-01 0.152E-01 0.128E-01 0.137E-01 0.577E-02 0.361E-03 0.554E-02 0.346E-03
      2       4       2    2053    2053       4       4 0.274E+01 0.278E+01 0.401E+01 0.402E+01 0.202E+01 0.127E+00 0.209E+01 0.131E+00
      2       4       2     257     257       4       4 0.105E+00 0.110E+00 0.108E+00 0.112E+00 0.210E-01 0.131E-02 0.202E-01 0.126E-02
      2       4       2      31      31       4       4 0.512E-02 0.674E-02 0.214E-02 0.219E-02 0.125E-02 0.782E-04 0.115E-02 0.717E-04
      2       4       2    4099    4099       4       4 0.601E+01 0.606E+01 0.731E+01 0.733E+01 0.780E+01 0.487E+00 0.798E+01 0.499E+00
      2       4       2     509     509       4       4 0.273E+00 0.275E+00 0.276E+00 0.287E+00 0.972E-01 0.608E-02 0.978E-01 0.611E-02
      2       4       2      67      67       4       4 0.723E-02 0.920E-02 0.533E-02 0.588E-02 0.203E-02 0.127E-03 0.185E-02 0.116E-03
      2       4       4    1021    1021       4       4 0.818E+00 0.821E+00 0.996E+00 0.101E+01 0.626E+00 0.391E-01 0.566E+00 0.354E-01
      2       4       4     127     127       4       4 0.891E-02 0.125E-01 0.880E-02 0.919E-02 0.941E-02 0.588E-03 0.561E-02 0.351E-03
      2       4       4    2053    2053       4       4 0.297E+01 0.300E+01 0.384E+01 0.388E+01 0.220E+01 0.138E+00 0.220E+01 0.138E+00
      2       4       4     257     257       4       4 0.150E+00 0.153E+00 0.156E+00 0.159E+00 0.207E-01 0.129E-02 0.187E-01 0.117E-02
      2       4       4      31      31       4       4 0.533E-02 0.609E-02 0.261E-02 0.276E-02 0.364E-02 0.227E-03 0.229E-02 0.143E-03
      2       4       4    4099    4099       4       4 0.614E+01 0.622E+01 0.659E+01 0.701E+01 0.657E+01 0.411E+00 0.610E+01 0.381E+00
      2       4       4     509     509       4       4 0.331E+00 0.335E+00 0.351E+00 0.352E+00 0.758E-01 0.474E-02 0.755E-01 0.472E-02
      2       4       4      67      67       4       4 0.741E-02 0.932E-02 0.508E-02 0.529E-02 0.311E-02 0.194E-03 0.276E-02 0.172E-03
      2       8       1    1021    1021       4       4 0.431E+00 0.437E+00 0.473E+00 0.475E+00 0.235E+00 0.147E-01 0.236E+00 0.147E-01
      2       8       1     127     127       4       4 0.445E-02 0.607E-02 0.395E-02 0.397E-02 0.247E-02 0.154E-03 0.240E-02 0.150E-03
      2       8       1    2053    2053       4       4 0.176E+01 0.176E+01 0.226E+01 0.227E+01 0.987E+00 0.617E-01 0.981E+00 0.613E-01
      2       8       1     257     257       4       4 0.774E-01 0.787E-01 0.688E-01 0.697E-01 0.144E-01 0.900E-03 0.132E-01 0.822E-03
      2       8       1      31      31       4       4 0.359E-02 0.557E-02 0.139E-02 0.145E-02 0.909E-03 0.568E-04 0.512E-03 0.320E-04
      2       8       1    4099    4099       4       4 0.292E+01 0.294E+01 0.344E+01 0.346E+01 0.545E+01 0.341E+00 0.539E+01 0.337E+00
      2       8       1     509     509       4       4 0.203E+00 0.210E+00 0.205E+00 0.212E+00 0.650E-01 0.406E-02 0.625E-01 0.391E-02
      2       8       1      67      67       4       4 0.426E-02 0.590E-02 0.227E-02 0.232E-02 0.102E-02 0.640E-04 0.889E-03 0.556E-04
      2       8       2    1021    1021       4       4 0.524E+00 0.525E+00 0.586E+00 0.595E+00 0.248E+00 0.155E-01 0.240E+00 0.150E-01
      2       8       2     127     127       4       4 0.732E-02 0.975E-02 0.796E-02 0.119E-01 0.400E-02 0.250E-03 0.387E-02 0.242E-03
      2       8       2    2053    2053       4       4 0.253E+01 0.255E+01 0.324E+01 0.325E+01 0.140E+01 0.875E-01 0.155E+01 0.971E-01
      2       8       2     257     257       4       4 0.924E-01 0.995E-01 0.807E-01 0.844E-01 0.119E-01 0.743E-03 0.112E-01 0.697E-03
      2       8       2      31      31       4       4 0.550E-02 0.713E-02 0.235E-02 0.252E-02 0.198E-02 0.124E-03 0.194E-02 0.122E-03
      2       8       2    4099    4099       4       4 0.403E+01 0.404E+01 0.452E+01 0.456E+01 0.495E+01 0.309E+00 0.589E+01 0.368E+00
      2       8       2     509     509       4       4 0.234E+00 0.240E+00 0.226E+00 0.226E+00 0.591E-01 0.369E-02 0.576E-01 0.360E-02
      2       8       2      67      67       4       4 0.755E-02 0.909E-02 0.450E-02 0.488E-02 0.221E-02 0.138E-03 0.175E-02 0.110E-03
      3       1       1    1021    1021       4       4 0.106E-02 0.368E-02 0.000E+00 0.000E+00 0.691E+00 0.432E-01 0.137E+01 0.859E-01
      3       1       1     127     127       4       4 0.720E-03 0.279E-02 0.000E+00 0.000E+00 0.663E-02 0.414E-03 0.129E-01 0.806E-03
      3       1       1    2053    2053       4       4 0.132E-02 0.382E-02 0.000E+00 0.000E+00 0.490E+01 0.307E+00 0.995E+01 0.622E+00
      3       1       1     257     257       4       4 0.738E-03 0.282E-02 0.000E+00 0.000E+00 0.402E-01 0.251E-02 0.804E-01 0.503E-02
      3       1       1      31      31       4       4 0.804E-03 0.318E-02 0.000E+00 0.000E+00 0.403E-03 0.252E-04 0.708E-03 0.443E-04
      3       1       1    4099    4099       4       4 0.208E-02 0.439E-02 0.000E+00 0.000E+00 0.425E+02 0.266E+01 0.855E+02 0.534E+01
      3       1       1     509     509       4       4 0.947E-03 0.349E-02 0.000E+00 0.000E+00 0.143E+00 0.895E-02 0.287E+00 0.179E-01
      3       1       1      67      67       4       4 0.829E-03 0.327E-02 0.238E-06 0.954E-06 0.328E-02 0.205E-03 0.652E-02 0.408E-03
      3       1      12    1021    1021       4       4 0.151E-02 0.542E-02 0.238E-06 0.954E-06 0.250E+00 0.156E-01 0.466E+00 0.291E-01
      3       1      12     127     127       4       4 0.420E-02 0.167E-01 0.000E+00 0.000E+00 0.272E-02 0.170E-03 0.501E-02 0.313E-03
      3       1      12    2053    2053       4       4 0.109E-02 0.264E-02 0.000E+00 0.000E+00 0.120E+01 0.749E-01 0.240E+01 0.150E+00
      3       1      12     257     257       4       4 0.104E-02 0.395E-02 0.000E+00 0.000E+00 0.149E-01 0.928E-03 0.287E-01 0.179E-02
      3       1      12      31      31       4       4 0.547E-02 0.218E-01 0.238E-06 0.954E-06 0.578E-03 0.362E-04 0.986E-03 0.616E-04
      3       1      12    4099    4099       4       4 0.205E-02 0.373E-02 0.000E+00 0.000E+00 0.815E+01 0.509E+00 0.163E+02 0.102E+01
      3       1      12     509     509       4       4 0.318E-02 0.124E-01 0.000E+00 0.000E+00 0.570E-01 0.356E-02 0.111E+00 0.691E-02
      3       1      12      67      67       4       4 0.414E-02 0.165E-01 0.000E+00 0.000E+00 0.143E-02 0.897E-04 0.263E-02 0.165E-03
      3       1      16    1021    1021       4       4 0.252E-02 0.942E-02 0.000E+00 0.000E+00 0.229E+00 0.143E-01 0.428E+00 0.268E-01
      3       1      16     127     127       4       4 0.376E-02 0.149E-01 0.000E+00 0.000E+00 0.389E-02 0.243E-03 0.717E-02 0.448E-03
      3       1      16    2053    2053       4       4 0.102E-02 0.240E-02 0.000E+00 0.000E+00 0.111E+01 0.694E-01 0.222E+01 0.139E+00
      3       1      16     257     257       4       4 0.376E-02 0.148E-01 0.000E+00 0.000E+00 0.149E-01 0.934E-03 0.279E-01 0.174E-02
      3       1      16      31      31       4       4 0.440E-02 0.176E-01 0.000E+00 0.000E+00 0.628E-03 0.392E-04 0.103E-02 0.643E-04
      3       1      16    4099    4099       4       4 0.225E-02 0.453E-02 0.000E+00 0.000E+00 0.720E+01 0.450E+00 0.144E+02 0.899E+00
      3       1      16     509     509       4       4 0.382E-02 0.149E-01 0.000E+00 0.000E+00 0.563E-01 0.352E-02 0.109E+00 0.682E-02
      3       1      16      67      67       4       4 0.623E-02 0.249E-01 0.000E+00 0.000E+00 0.162E-02 0.101E-03 0.289E-02 0.180E-03
      3       1       2    1021    1021       4       4 0.107E-02 0.367E-02 0.000E+00 0.000E+00 0.483E+00 0.302E-01 0.941E+00 0.588E-01
      3       1       2     127     127       4       4 0.312E-02 0.124E-01 0.000E+00 0.000E+00 0.440E-02 0.275E-03 0.851E-02 0.532E-03
      3       1       2    2053    2053       4       4 0.126E-02 0.350E-02 0.000E+00 0.000E+00 0.279E+01 0.174E+00 0.564E+01 0.352E+00
      3       1       2     257     257       4       4 0.790E-03 0.301E-02 0.000E+00 0.000E+00 0.268E-01 0.168E-02 0.535E-01 0.335E-02
      3       1       2      31      31       4       4 0.722E-03 0.285E-02 0.000E+00 0.000E+00 0.414E-03 0.259E-04 0.698E-03 0.436E-04
      3       1       2    4099    4099       4       4 0.209E-02 0.445E-02 0.000E+00 0.000E+00 0.239E+02 0.149E+01 0.480E+02 0.300E+01
      3       1       2     509     509       4       4 0.153E-02 0.586E-02 0.000E+00 0.000E+00 0.971E-01 0.607E-02 0.192E+00 0.120E-01
      3       1       2      67      67       4       4 0.367E-02 0.146E-01 0.000E+00 0.000E+00 0.213E-02 0.133E-03 0.407E-02 0.254E-03
      3       1      24    1021    1021       4       4 0.262E-02 0.986E-02 0.000E+00 0.000E+00 0.223E+00 0.139E-01 0.410E+00 0.256E-01
      3       1      24     127     127       4       4 0.358E-02 0.142E-01 0.238E-06 0.954E-06 0.103E-01 0.642E-03 0.136E-01 0.848E-03
      3       1      24    2053    2053       4       4 0.929E-03 0.206E-02 0.238E-06 0.954E-06 0.102E+01 0.634E-01 0.202E+01 0.126E+00
      3       1      24     257     257       4       4 0.184E-02 0.710E-02 0.000E+00 0.000E+00 0.161E-01 0.100E-02 0.308E-01 0.192E-02
      3       1      24      31      31       4       4 0.435E-02 0.174E-01 0.000E+00 0.000E+00 0.156E-02 0.975E-04 0.194E-02 0.121E-03
      3       1      24    4099    4099       4       4 0.193E-02 0.328E-02 0.238E-06 0.954E-06 0.633E+01 0.395E+00 0.126E+02 0.791E+00
      3       1      24     509     509       4       4 0.152E-02 0.578E-02 0.238E-06 0.954E-06 0.550E-01 0.344E-02 0.106E+00 0.664E-02
      3       1      24      67      67       4       4 0.424E-02 0.169E-01 0.000E+00 0.000E+00 0.257E-02 0.161E-03 0.450E-02 0.281E-03
      3       1       4    1021    1021       4       4 0.205E-02 0.758E-02 0.000E+00 0.000E+00 0.326E+00 0.204E-01 0.627E+00 0.392E-01
      3       1       4     127     127       4       4 0.487E-02 0.194E-01 0.000E+00 0.000E+00 0.381E-02 0.238E-03 0.738E-02 0.461E-03
      3       1       4    2053    2053       4       4 0.128E-02 0.359E-02 0.000E+00 0.000E+00 0.187E+01 0.117E+00 0.377E+01 0.236E+00
      3       1       4     257     257       4       4 0.463E-02 0.183E-01 0.000E+00 0.000E+00 0.228E-01 0.143E-02 0.446E-01 0.278E-02
      3       1       4      31      31       4       4 0.422E-02 0.168E-01 0.238E-06 0.954E-06 0.423E-03 0.265E-04 0.715E-03 0.447E-04
      3       1       4    4099    4099       4       4 0.209E-02 0.431E-02 0.000E+00 0.000E+00 0.144E+02 0.901E+00 0.290E+02 0.181E+01
      3       1       4     509     509       4       4 0.116E-02 0.438E-02 0.536E-06 0.119E-05 0.687E-01 0.430E-02 0.135E+00 0.846E-02
      3       1       4      67      67       4       4 0.469E-02 0.187E-01 0.000E+00 0.000E+00 0.148E-02 0.923E-04 0.281E-02 0.175E-03
      3       1       8    1021    1021       4       4 0.458E-02 0.177E-01 0.000E+00 0.000E+00 0.265E+00 0.166E-01 0.500E+00 0.312E-01
      3       1       8     127     127       4       4 0.714E-02 0.285E-01 0.238E-06 0.954E-06 0.288E-02 0.180E-03 0.538E-02 0.336E-03
      3       1       8    2053    2053       4       4 0.113E-02 0.289E-02 0.000E+00 0.000E+00 0.139E+01 0.869E-01 0.278E+01 0.174E+00
      3       1       8     257     257       4       4 0.308E-02 0.121E-01 0.000E+00 0.000E+00 0.165E-01 0.103E-02 0.322E-01 0.201E-02
      3       1       8      31      31       4       4 0.538E-02 0.215E-01 0.000E+00 0.000E+00 0.434E-03 0.271E-04 0.730E-03 0.456E-04
      3       1       8    4099    4099       4       4 0.207E-02 0.404E-02 0.000E+00 0.000E+00 0.953E+01 0.595E+00 0.191E+02 0.119E+01
      3       1       8     509     509       4       4 0.281E-02 0.109E-01 0.000E+00 0.000E+00 0.576E-01 0.360E-02 0.112E+00 0.702E-02
      3       1       8      67      67       4       4 0.418E-02 0.167E-01 0.000E+00 0.000E+00 0.134E-02 0.836E-04 0.248E-02 0.155E-03
      3      16       1    1021    1021       4       4 0.149E-01 0.585E-01 0.197E-05 0.215E-05 0.108E+00 0.672E-02 0.210E+00 0.131E-01
      3      16       1     127     127       4       4 0.296E-01 0.118E+00 0.131E-05 0.215E-05 0.292E-02 0.183E-03 0.488E-02 0.305E-03
      3      16       1    2053    2053       4       4 0.172E-01 0.672E-01 0.179E-05 0.215E-05 0.443E+00 0.277E-01 0.880E+00 0.550E-01
      3      16       1     257     257       4       4 0.256E-01 0.102E+00 0.101E-05 0.119E-05 0.811E-02 0.507E-03 0.152E-01 0.948E-03
      3      16       1      31      31       4       4 0.186E-01 0.742E-01 0.954E-06 0.954E-06 0.177E-02 0.111E-03 0.253E-02 0.158E-03
      3      16       1    4099    4099       4       4 0.481E-01 0.188E+00 0.185E-05 0.310E-05 0.265E+01 0.166E+00 0.532E+01 0.332E+00
      3      16       1     509     509       4       4 0.152E-01 0.605E-01 0.119E-05 0.191E-05 0.298E-01 0.187E-02 0.581E-01 0.363E-02
      3      16       1      67      67       4       4 0.375E-01 0.150E+00 0.143E-05 0.191E-05 0.216E-02 0.135E-03 0.335E-02 0.209E-03
      3       2       1    1021    1021       4       4 0.485E-02 0.188E-01 0.238E-06 0.954E-06 0.406E+00 0.254E-01 0.804E+00 0.502E-01
      3       2       1     127     127       4       4 0.437E-02 0.173E-01 0.715E-06 0.954E-06 0.463E-02 0.289E-03 0.870E-02 0.544E-03
      3       2       1    2053    2053       4       4 0.854E-02 0.331E-01 0.800E-02 0.320E-01 0.243E+01 0.152E+00 0.492E+01 0.307E+00
      3       2       1     257     257       4       4 0.856E-02 0.341E-01 0.146E-02 0.584E-02 0.262E-01 0.164E-02 0.516E-01 0.322E-02
      3       2       1      31      31       4       4 0.455E-02 0.182E-01 0.800E-02 0.320E-01 0.551E-03 0.344E-04 0.932E-03 0.582E-04
      3       2       1    4099    4099       4       4 0.549E-02 0.180E-01 0.536E-06 0.119E-05 0.167E+02 0.104E+01 0.336E+02 0.210E+01
      3       2       1     509     509       4       4 0.415E-02 0.163E-01 0.238E-06 0.954E-06 0.949E-01 0.593E-02 0.186E+00 0.116E-01
      3       2       1      67      67       4       4 0.486E-02 0.194E-01 0.775E-06 0.119E-05 0.211E-02 0.132E-03 0.409E-02 0.255E-03
      3       2      12    1021    1021       4       4 0.412E-02 0.158E-01 0.477E-06 0.954E-06 0.166E+00 0.104E-01 0.315E+00 0.197E-01
      3       2      12     127     127       4       4 0.632E-02 0.251E-01 0.536E-06 0.119E-05 0.276E-02 0.173E-03 0.507E-02 0.317E-03
      3       2      12    2053    2053       4       4 0.421E-02 0.152E-01 0.000E+00 0.000E+00 0.940E+00 0.588E-01 0.188E+01 0.117E+00
      3       2      12     257     257       4       4 0.604E-02 0.239E-01 0.238E-06 0.954E-06 0.114E-01 0.711E-03 0.218E-01 0.136E-02
      3       2      12      31      31       4       4 0.102E-01 0.406E-01 0.252E-02 0.101E-01 0.144E-02 0.901E-04 0.197E-02 0.123E-03
      3       2      12    4099    4099       4       4 0.831E-02 0.287E-01 0.298E-06 0.119E-05 0.377E+01 0.236E+00 0.754E+01 0.472E+00
      3       2      12     509     509       4       4 0.598E-02 0.235E-01 0.101E-05 0.215E-05 0.547E-01 0.342E-02 0.108E+00 0.678E-02
      3       2      12      67      67       4       4 0.683E-02 0.272E-01 0.298E-06 0.119E-05 0.131E-02 0.818E-04 0.238E-02 0.148E-03
      3       2       2    1021    1021       4       4 0.545E-02 0.212E-01 0.251E-02 0.101E-01 0.294E+00 0.184E-01 0.585E+00 0.366E-01
      3       2       2     127     127       4       4 0.820E-02 0.326E-01 0.477E-06 0.954E-06 0.428E-02 0.268E-03 0.736E-02 0.460E-03
      3       2       2    2053    2053       4       4 0.797E-02 0.308E-01 0.101E-02 0.405E-02 0.158E+01 0.989E-01 0.319E+01 0.200E+00
      3       2       2     257     257       4       4 0.903E-02 0.359E-01 0.477E-06 0.954E-06 0.185E-01 0.116E-02 0.368E-01 0.230E-02
      3       2       2      31      31       4       4 0.104E-01 0.416E-01 0.601E-02 0.240E-01 0.605E-03 0.378E-04 0.103E-02 0.641E-04
      3       2       2    4099    4099       4       4 0.720E-02 0.248E-01 0.477E-06 0.954E-06 0.100E+02 0.627E+00 0.202E+02 0.126E+01
      3       2       2     509     509       4       4 0.913E-02 0.362E-01 0.715E-06 0.954E-06 0.715E-01 0.447E-02 0.143E+00 0.892E-02
      3       2       2      67      67       4       4 0.942E-02 0.375E-01 0.800E-02 0.320E-01 0.218E-02 0.136E-03 0.402E-02 0.251E-03
      3       2       4    1021    1021       4       4 0.652E-02 0.254E-01 0.596E-06 0.119E-05 0.224E+00 0.140E-01 0.436E+00 0.273E-01
      3       2       4     127     127       4       4 0.877E-02 0.349E-01 0.894E-06 0.119E-05 0.362E-02 0.227E-03 0.682E-02 0.426E-03
      3       2       4    2053    2053       4       4 0.794E-02 0.306E-01 0.800E-02 0.320E-01 0.113E+01 0.707E-01 0.227E+01 0.142E+00
      3       2       4     257     257       4       4 0.474E-02 0.187E-01 0.715E-06 0.954E-06 0.165E-01 0.103E-02 0.321E-01 0.201E-02
      3       2       4      31      31       4       4 0.728E-02 0.291E-01 0.238E-06 0.954E-06 0.452E-03 0.283E-04 0.785E-03 0.490E-04
      3       2       4    4099    4099       4       4 0.443E-02 0.135E-01 0.238E-06 0.954E-06 0.649E+01 0.406E+00 0.130E+02 0.815E+00
      3       2       4     509     509       4       4 0.532E-02 0.209E-01 0.238E-06 0.954E-06 0.529E-01 0.331E-02 0.105E+00 0.655E-02
      3       2       4      67      67       4       4 0.537E-02 0.214E-01 0.715E-06 0.954E-06 0.181E-02 0.113E-03 0.345E-02 0.215E-03
      3       2       8    1021    1021       4       4 0.450E-02 0.173E-01 0.477E-06 0.954E-06 0.180E+00 0.113E-01 0.343E+00 0.215E-01
      3       2       8     127     127       4       4 0.411E-02 0.163E-01 0.298E-06 0.119E-05 0.323E-02 0.202E-03 0.602E-02 0.377E-03
      3       2       8    2053    2053       4       4 0.417E-02 0.155E-01 0.298E-06 0.119E-05 0.872E+00 0.545E-01 0.175E+01 0.109E+00
      3       2       8     257     257       4       4 0.681E-02 0.270E-01 0.536E-06 0.119E-05 0.147E-01 0.916E-03 0.286E-01 0.179E-02
      3       2       8      31      31       4       4 0.101E-01 0.405E-01 0.477E-06 0.954E-06 0.545E-03 0.340E-04 0.929E-03 0.581E-04
      3       2       8    4099    4099       4       4 0.882E-02 0.307E-01 0.238E-06 0.954E-06 0.450E+01 0.281E+00 0.901E+01 0.563E+00
      3       2       8     509     509       4       4 0.440E-02 0.172E-01 0.536E-06 0.119E-05 0.431E-01 0.269E-02 0.836E-01 0.523E-02
      3       2       8      67      67       4       4 0.759E-02 0.303E-01 0.775E-06 0.310E-05 0.162E-02 0.101E-03 0.302E-02 0.188E-03
      3       4       1    1021    1021       4       4 0.104E-01 0.409E-01 0.131E-05 0.191E-05 0.229E+00 0.143E-01 0.456E+00 0.285E-01
      3       4       1     127     127       4       4 0.997E-02 0.397E-01 0.800E-02 0.320E-01 0.264E-01 0.165E-02 0.302E-01 0.189E-02
      3       4       1    2053    2053       4       4 0.119E-01 0.464E-01 0.377E-03 0.151E-02 0.134E+01 0.837E-01 0.270E+01 0.169E+00
      3       4       1     257     257       4       4 0.120E-01 0.477E-01 0.101E-05 0.119E-05 0.167E-01 0.104E-02 0.331E-01 0.207E-02
      3       4       1      31      31       4       4 0.104E-01 0.417E-01 0.954E-06 0.954E-06 0.550E-03 0.343E-04 0.967E-03 0.604E-04
      3       4       1    4099    4099       4       4 0.120E-01 0.437E-01 0.101E-05 0.215E-05 0.871E+01 0.544E+00 0.176E+02 0.110E+01
      3       4       1     509     509       4       4 0.106E-01 0.420E-01 0.954E-06 0.954E-06 0.552E-01 0.345E-02 0.111E+00 0.691E-02
      3       4       1      67      67       4       4 0.131E-01 0.522E-01 0.101E-05 0.119E-05 0.147E-02 0.917E-04 0.286E-02 0.179E-03
      3       4       2    1021    1021       4       4 0.545E-02 0.211E-01 0.715E-06 0.954E-06 0.171E+00 0.107E-01 0.340E+00 0.213E-01
      3       4       2     127     127       4       4 0.149E-01 0.596E-01 0.775E-06 0.119E-05 0.208E-02 0.130E-03 0.396E-02 0.247E-03
      3       4       2    2053    2053       4       4 0.186E-01 0.732E-01 0.125E-02 0.500E-02 0.955E+00 0.597E-01 0.190E+01 0.119E+00
      3       4       2     257     257       4       4 0.105E-01 0.416E-01 0.101E-05 0.191E-05 0.156E-01 0.975E-03 0.309E-01 0.193E-02
      3       4       2      31      31       4       4 0.157E-01 0.626E-01 0.238E-06 0.954E-06 0.698E-03 0.436E-04 0.121E-02 0.754E-04
      3       4       2    4099    4099       4       4 0.141E-01 0.522E-01 0.119E-05 0.191E-05 0.548E+01 0.342E+00 0.110E+02 0.688E+00
      3       4       2     509     509       4       4 0.577E-02 0.227E-01 0.477E-06 0.954E-06 0.374E-01 0.234E-02 0.739E-01 0.462E-02
      3       4       2      67      67       4       4 0.975E-02 0.389E-01 0.954E-06 0.954E-06 0.125E-02 0.783E-04 0.235E-02 0.147E-03
      3       4       4    1021    1021       4       4 0.992E-02 0.390E-01 0.477E-06 0.954E-06 0.137E+00 0.854E-02 0.267E+00 0.167E-01
      3       4       4     127     127       4       4 0.147E-01 0.588E-01 0.596E-06 0.119E-05 0.198E-02 0.124E-03 0.370E-02 0.231E-03
      3       4       4    2053    2053       4       4 0.101E-01 0.393E-01 0.715E-06 0.954E-06 0.686E+00 0.428E-01 0.138E+01 0.863E-01
      3       4       4     257     257       4       4 0.131E-01 0.521E-01 0.238E-06 0.954E-06 0.926E-02 0.579E-03 0.180E-01 0.112E-02
      3       4       4      31      31       4       4 0.143E-01 0.570E-01 0.107E-05 0.119E-05 0.809E-03 0.505E-04 0.147E-02 0.921E-04
      3       4       4    4099    4099       4       4 0.112E-01 0.403E-01 0.525E-05 0.179E-04 0.365E+01 0.228E+00 0.732E+01 0.457E+00
      3       4       4     509     509       4       4 0.779E-02 0.307E-01 0.477E-06 0.954E-06 0.388E-01 0.242E-02 0.767E-01 0.480E-02
      3       4       4      67      67       4       4 0.938E-02 0.375E-01 0.477E-06 0.954E-06 0.992E-03 0.620E-04 0.183E-02 0.115E-03
      3       8       1    1021    1021       4       4 0.659E-02 0.257E-01 0.954E-06 0.954E-06 0.133E+00 0.829E-02 0.266E+00 0.166E-01
      3       8       1     127     127       4       4 0.235E-01 0.937E-01 0.101E-05 0.119E-05 0.316E-02 0.197E-03 0.549E-02 0.343E-03
      3       8       1    2053    2053       4       4 0.191E-01 0.752E-01 0.430E-02 0.172E-01 0.910E+00 0.569E-01 0.181E+01 0.113E+00
      3       8       1     257     257       4       4 0.224E-01 0.895E-01 0.400E-02 0.160E-01 0.132E-01 0.824E-03 0.253E-01 0.158E-02
      3       8       1      31      31       4       4 0.118E-01 0.471E-01 0.477E-06 0.954E-06 0.142E-02 0.886E-04 0.188E-02 0.118E-03
      3       8       1    4099    4099       4       4 0.240E-01 0.919E-01 0.102E-02 0.408E-02 0.479E+01 0.300E+00 0.965E+01 0.603E+00
      3       8       1     509     509       4       4 0.204E-01 0.813E-01 0.400E-02 0.160E-01 0.586E-01 0.366E-02 0.982E-01 0.614E-02
      3       8       1      67      67       4       4 0.761E-02 0.304E-01 0.298E-06 0.119E-05 0.199E-02 0.124E-03 0.304E-02 0.190E-03
      3       8       2    1021    1021       4       4 0.720E-02 0.280E-01 0.149E-05 0.215E-05 0.968E-01 0.605E-02 0.188E+00 0.117E-01
      3       8       2     127     127       4       4 0.156E-01 0.622E-01 0.954E-06 0.954E-06 0.272E-02 0.170E-03 0.454E-02 0.284E-03
      3       8       2    2053    2053       4       4 0.256E-01 0.101E+00 0.131E-05 0.215E-05 0.609E+00 0.381E-01 0.122E+01 0.765E-01
      3       8       2     257     257       4       4 0.198E-01 0.788E-01 0.179E-05 0.620E-05 0.958E-02 0.599E-03 0.177E-01 0.111E-02
      3       8       2      31      31       4       4 0.146E-01 0.581E-01 0.715E-06 0.954E-06 0.130E-02 0.815E-04 0.185E-02 0.116E-03
      3       8       2    4099    4099       4       4 0.251E-01 0.962E-01 0.101E-05 0.119E-05 0.296E+01 0.185E+00 0.595E+01 0.372E+00
      3       8       2     509     509       4       4 0.105E-01 0.413E-01 0.238E-06 0.954E-06 0.294E-01 0.184E-02 0.574E-01 0.359E-02
      3       8       2      67      67       4       4 0.159E-01 0.634E-01 0.536E-06 0.119E-05 0.196E-02 0.122E-03 0.302E-02 0.189E-03
