      2       1       1    1024       4       4 0.699E-01 0.708E-01 0.612E-01 0.613E-01 0.544E-04 0.340E-05 0.527E-04 0.329E-05
      2       1       1   16384       4       4 0.484E+00 0.486E+00 0.450E+00 0.450E+00 0.176E-02 0.110E-03 0.181E-02 0.113E-03
      2       1       1    2048       4       4 0.996E-01 0.100E+00 0.893E-01 0.895E-01 0.147E-03 0.919E-05 0.139E-03 0.870E-05
      2       1      12    1024       4       4 0.162E+00 0.174E+00 0.150E+00 0.165E+00 0.377E-03 0.235E-04 0.377E-03 0.236E-04
      2       1      12   16384       4       4 0.545E+00 0.564E+00 0.498E+00 0.542E+00 0.400E-02 0.250E-03 0.145E-02 0.903E-04
      2       1      12    2048       4       4 0.218E+00 0.241E+00 0.198E+00 0.220E+00 0.531E-03 0.332E-04 0.516E-03 0.323E-04
      2       1      12     256       4       4 0.708E-01 0.712E-01 0.632E-01 0.637E-01 0.246E-03 0.153E-04 0.269E-03 0.168E-04
      2       1      12    4096       4       4 0.289E+00 0.305E+00 0.255E+00 0.283E+00 0.838E-03 0.524E-04 0.824E-03 0.515E-04
      2       1      12     512       4       4 0.104E+00 0.107E+00 0.944E-01 0.955E-01 0.305E-03 0.191E-04 0.280E-03 0.175E-04
      2       1       1     256       4       4 0.373E-01 0.381E-01 0.321E-01 0.323E-01 0.131E-04 0.820E-06 0.107E-04 0.671E-06
      2       1      12    8192       4       4 0.423E+00 0.459E+00 0.384E+00 0.418E+00 0.107E-02 0.666E-04 0.107E-02 0.670E-04
      2       1       1    4096       4       4 0.153E+00 0.154E+00 0.140E+00 0.141E+00 0.348E-03 0.218E-04 0.350E-03 0.219E-04
      2       1       1     512       4       4 0.519E-01 0.528E-01 0.451E-01 0.452E-01 0.229E-04 0.143E-05 0.236E-04 0.148E-05
      2       1      16    1024       4       4 0.148E+00 0.154E+00 0.134E+00 0.137E+00 0.531E-03 0.332E-04 0.537E-03 0.336E-04
      2       1      16   16384       4       4 0.596E+00 0.625E+00 0.521E+00 0.556E+00 0.541E-02 0.338E-03 0.141E-02 0.883E-04
      2       1      16    2048       4       4 0.212E+00 0.214E+00 0.194E+00 0.199E+00 0.664E-03 0.415E-04 0.658E-03 0.411E-04
      2       1      16     256       4       4 0.666E-01 0.690E-01 0.590E-01 0.602E-01 0.402E-03 0.252E-04 0.354E-03 0.221E-04
      2       1      16    4096       4       4 0.295E+00 0.305E+00 0.258E+00 0.263E+00 0.753E-03 0.471E-04 0.725E-03 0.453E-04
      2       1      16     512       4       4 0.976E-01 0.987E-01 0.884E-01 0.946E-01 0.449E-03 0.281E-04 0.451E-03 0.282E-04
      2       1      16    8192       4       4 0.400E+00 0.403E+00 0.350E+00 0.355E+00 0.266E-02 0.166E-03 0.793E-03 0.496E-04
      2       1       1    8192       4       4 0.260E+00 0.261E+00 0.240E+00 0.241E+00 0.704E-03 0.440E-04 0.736E-03 0.460E-04
      2       1       2    1024       4       4 0.847E-01 0.903E-01 0.753E-01 0.817E-01 0.276E-03 0.173E-04 0.252E-03 0.158E-04
      2       1       2   16384       4       4 0.455E+00 0.458E+00 0.423E+00 0.424E+00 0.126E-02 0.790E-04 0.131E-02 0.817E-04
      2       1       2    2048       4       4 0.112E+00 0.118E+00 0.101E+00 0.109E+00 0.314E-03 0.196E-04 0.303E-03 0.189E-04
      2       1       2     256       4       4 0.450E-01 0.471E-01 0.393E-01 0.421E-01 0.192E-03 0.120E-04 0.188E-03 0.117E-04
      2       1       2    4096       4       4 0.160E+00 0.161E+00 0.145E+00 0.146E+00 0.420E-03 0.262E-04 0.410E-03 0.256E-04
      2       1      24    1024       4       4 0.207E+00 0.231E+00 0.187E+00 0.211E+00 0.562E-03 0.351E-04 0.585E-03 0.366E-04
      2       1      24   16384       4       4 0.679E+00 0.727E+00 0.682E+00 0.708E+00 0.826E-02 0.516E-03 0.190E-02 0.119E-03
      2       1      24    2048       4       4 0.264E+00 0.267E+00 0.230E+00 0.234E+00 0.921E-03 0.576E-04 0.884E-03 0.552E-04
      2       1      24     256       4       4 0.870E-01 0.953E-01 0.760E-01 0.787E-01 0.470E-03 0.294E-04 0.460E-03 0.287E-04
      2       1      24    4096       4       4 0.346E+00 0.351E+00 0.324E+00 0.367E+00 0.401E-02 0.250E-03 0.110E-02 0.690E-04
      2       1      24     512       4       4 0.128E+00 0.140E+00 0.115E+00 0.136E+00 0.559E-03 0.350E-04 0.570E-03 0.356E-04
      2       1      24    8192       4       4 0.530E+00 0.565E+00 0.475E+00 0.504E+00 0.822E-02 0.514E-03 0.162E-02 0.102E-03
      2       1       2     512       4       4 0.619E-01 0.645E-01 0.542E-01 0.573E-01 0.214E-03 0.134E-04 0.201E-03 0.126E-04
      2       1       2    8192       4       4 0.259E+00 0.259E+00 0.237E+00 0.237E+00 0.708E-03 0.443E-04 0.684E-03 0.428E-04
      2       1       4    1024       4       4 0.109E+00 0.119E+00 0.952E-01 0.103E+00 0.352E-03 0.220E-04 0.359E-03 0.224E-04
      2       1       4   16384       4       4 0.480E+00 0.484E+00 0.415E+00 0.417E+00 0.146E-02 0.913E-04 0.134E-02 0.840E-04
      2       1       4    2048       4       4 0.142E+00 0.149E+00 0.125E+00 0.134E+00 0.339E-03 0.212E-04 0.346E-03 0.217E-04
      2       1       4     256       4       4 0.509E-01 0.514E-01 0.447E-01 0.452E-01 0.201E-03 0.125E-04 0.206E-03 0.129E-04
      2       1       4    4096       4       4 0.200E+00 0.207E+00 0.171E+00 0.174E+00 0.598E-03 0.374E-04 0.524E-03 0.328E-04
      2       1       4     512       4       4 0.749E-01 0.804E-01 0.673E-01 0.738E-01 0.330E-03 0.206E-04 0.323E-03 0.202E-04
      2       1       4    8192       4       4 0.284E+00 0.286E+00 0.240E+00 0.241E+00 0.556E-03 0.347E-04 0.564E-03 0.353E-04
      2      16       1    1024       4       4 0.232E+00 0.238E+00 0.213E+00 0.214E+00 0.730E-03 0.456E-04 0.715E-03 0.447E-04
      2      16       1   16384       4       4 0.192E+00 0.210E+00 0.156E+00 0.157E+00 0.120E-02 0.747E-04 0.109E-02 0.681E-04
      2      16       1    2048       4       4 0.814E-01 0.888E-01 0.902E-01 0.999E-01 0.486E-03 0.304E-04 0.694E-03 0.434E-04
      2      16       1     256       4       4 0.138E-01 0.162E-01 0.558E-02 0.627E-02 0.346E-03 0.216E-04 0.305E-03 0.191E-04
      2      16       1    4096       4       4 0.102E+00 0.109E+00 0.777E-01 0.785E-01 0.607E-03 0.380E-04 0.507E-03 0.317E-04
      2      16       1     512       4       4 0.425E-01 0.470E-01 0.311E-01 0.352E-01 0.393E-03 0.246E-04 0.336E-03 0.210E-04
      2      16       1    8192       4       4 0.149E+00 0.162E+00 0.123E+00 0.128E+00 0.801E-03 0.501E-04 0.752E-03 0.470E-04
      2       1       8    1024       4       4 0.121E+00 0.124E+00 0.109E+00 0.112E+00 0.400E-03 0.250E-04 0.392E-03 0.245E-04
      2       1       8   16384       4       4 0.512E+00 0.536E+00 0.446E+00 0.483E+00 0.118E-02 0.735E-04 0.113E-02 0.707E-04
      2       1       8    2048       4       4 0.177E+00 0.196E+00 0.163E+00 0.187E+00 0.449E-03 0.281E-04 0.442E-03 0.276E-04
      2       1       8     256       4       4 0.576E-01 0.585E-01 0.511E-01 0.515E-01 0.285E-03 0.178E-04 0.279E-03 0.174E-04
      2       1       8    4096       4       4 0.244E+00 0.263E+00 0.222E+00 0.238E+00 0.616E-03 0.385E-04 0.617E-03 0.385E-04
      2       1       8     512       4       4 0.799E-01 0.832E-01 0.722E-01 0.734E-01 0.316E-03 0.197E-04 0.315E-03 0.197E-04
      2       1       8    8192       4       4 0.351E+00 0.370E+00 0.298E+00 0.316E+00 0.842E-03 0.526E-04 0.813E-03 0.508E-04
      2       2       1    1024       4       4 0.115E+00 0.119E+00 0.990E-01 0.994E-01 0.232E-03 0.145E-04 0.214E-03 0.134E-04
      2       2       1   16384       4       4 0.503E+00 0.509E+00 0.463E+00 0.465E+00 0.306E-02 0.191E-03 0.295E-02 0.185E-03
      2       2       1    2048       4       4 0.151E+00 0.154E+00 0.132E+00 0.133E+00 0.489E-03 0.305E-04 0.421E-03 0.263E-04
      2       2      12    1024       4       4 0.301E+00 0.337E+00 0.262E+00 0.289E+00 0.160E-01 0.100E-02 0.119E-02 0.741E-04
      2       2      12   16384       4       4 0.133E+01 0.142E+01 0.126E+01 0.135E+01 0.120E-01 0.748E-03 0.528E-02 0.330E-03
      2       2      12    2048       4       4 0.448E+00 0.485E+00 0.405E+00 0.410E+00 0.762E-02 0.476E-03 0.180E-02 0.112E-03
      2       2      12     256       4       4 0.154E+00 0.166E+00 0.140E+00 0.148E+00 0.111E-02 0.696E-04 0.126E-02 0.786E-04
      2       2      12    4096       4       4 0.657E+00 0.680E+00 0.574E+00 0.580E+00 0.823E-02 0.514E-03 0.237E-02 0.148E-03
      2       2      12     512       4       4 0.238E+00 0.261E+00 0.208E+00 0.223E+00 0.320E-02 0.200E-03 0.119E-02 0.744E-04
      2       2       1     256       4       4 0.644E-01 0.674E-01 0.546E-01 0.549E-01 0.131E-03 0.817E-05 0.105E-03 0.657E-05
      2       2      12    8192       4       4 0.902E+00 0.961E+00 0.826E+00 0.878E+00 0.777E-02 0.485E-03 0.333E-02 0.208E-03
      2       2       1    4096       4       4 0.204E+00 0.209E+00 0.182E+00 0.183E+00 0.822E-03 0.514E-04 0.763E-03 0.477E-04
      2       2       1     512       4       4 0.857E-01 0.889E-01 0.736E-01 0.739E-01 0.162E-03 0.101E-04 0.137E-03 0.855E-05
      2       2       1    8192       4       4 0.314E+00 0.318E+00 0.284E+00 0.284E+00 0.154E-02 0.965E-04 0.155E-02 0.966E-04
      2       2       2    1024       4       4 0.158E+00 0.167E+00 0.140E+00 0.151E+00 0.734E-03 0.459E-04 0.794E-03 0.496E-04
      2       2       2   16384       4       4 0.585E+00 0.642E+00 0.532E+00 0.589E+00 0.425E-02 0.266E-03 0.387E-02 0.242E-03
      2       2       2    2048       4       4 0.205E+00 0.222E+00 0.187E+00 0.210E+00 0.101E-02 0.630E-04 0.974E-03 0.609E-04
      2       2       2     256       4       4 0.898E-01 0.944E-01 0.770E-01 0.831E-01 0.503E-03 0.314E-04 0.529E-03 0.331E-04
      2       2       2    4096       4       4 0.272E+00 0.288E+00 0.251E+00 0.272E+00 0.170E-02 0.106E-03 0.164E-02 0.102E-03
      2       2       2     512       4       4 0.116E+00 0.123E+00 0.102E+00 0.109E+00 0.659E-03 0.412E-04 0.705E-03 0.440E-04
      2       2       2    8192       4       4 0.407E+00 0.428E+00 0.370E+00 0.402E+00 0.252E-02 0.158E-03 0.226E-02 0.141E-03
      2       2       4    1024       4       4 0.183E+00 0.189E+00 0.164E+00 0.170E+00 0.981E-03 0.613E-04 0.904E-03 0.565E-04
      2       2       4   16384       4       4 0.833E+00 0.900E+00 0.738E+00 0.809E+00 0.440E-02 0.275E-03 0.385E-02 0.241E-03
      2       2       4    2048       4       4 0.284E+00 0.300E+00 0.250E+00 0.270E+00 0.137E-02 0.859E-04 0.128E-02 0.799E-04
      2       2       4     256       4       4 0.111E+00 0.120E+00 0.970E-01 0.105E+00 0.659E-03 0.412E-04 0.512E-03 0.320E-04
      2       2       4    4096       4       4 0.382E+00 0.418E+00 0.346E+00 0.385E+00 0.189E-02 0.118E-03 0.174E-02 0.109E-03
      2       2       4     512       4       4 0.139E+00 0.142E+00 0.123E+00 0.125E+00 0.873E-03 0.546E-04 0.801E-03 0.501E-04
      2       2       4    8192       4       4 0.554E+00 0.604E+00 0.501E+00 0.538E+00 0.287E-02 0.179E-03 0.262E-02 0.164E-03
      2       2       8    1024       4       4 0.211E+00 0.216E+00 0.184E+00 0.186E+00 0.131E-02 0.818E-04 0.122E-02 0.765E-04
      2       2       8   16384       4       4 0.940E+00 0.103E+01 0.868E+00 0.925E+00 0.558E-02 0.349E-03 0.484E-02 0.303E-03
      2       2       8    2048       4       4 0.318E+00 0.342E+00 0.296E+00 0.325E+00 0.338E-02 0.211E-03 0.182E-02 0.114E-03
      2       2       8     256       4       4 0.112E+00 0.115E+00 0.100E+00 0.104E+00 0.102E-02 0.638E-04 0.921E-03 0.575E-04
      2       2       8    4096       4       4 0.412E+00 0.423E+00 0.364E+00 0.379E+00 0.204E-01 0.127E-02 0.202E-02 0.126E-03
      2       2       8     512       4       4 0.156E+00 0.158E+00 0.139E+00 0.141E+00 0.123E-02 0.768E-04 0.112E-02 0.698E-04
      2       2       8    8192       4       4 0.564E+00 0.573E+00 0.504E+00 0.507E+00 0.471E-02 0.295E-03 0.267E-02 0.167E-03
      2       4       1    1024       4       4 0.930E-01 0.956E-01 0.785E-01 0.789E-01 0.252E-03 0.157E-04 0.205E-03 0.128E-04
      2       4       1   16384       4       4 0.330E+00 0.337E+00 0.296E+00 0.298E+00 0.180E-02 0.112E-03 0.185E-02 0.115E-03
      2       4       1    2048       4       4 0.125E+00 0.129E+00 0.106E+00 0.109E+00 0.375E-03 0.234E-04 0.344E-03 0.215E-04
      2       4       1     256       4       4 0.458E-01 0.489E-01 0.375E-01 0.382E-01 0.217E-03 0.136E-04 0.175E-03 0.109E-04
      2       4       1    4096       4       4 0.159E+00 0.164E+00 0.137E+00 0.138E+00 0.560E-03 0.350E-04 0.499E-03 0.312E-04
      2       4       1     512       4       4 0.730E-01 0.746E-01 0.610E-01 0.631E-01 0.204E-03 0.128E-04 0.180E-03 0.112E-04
      2       4       1    8192       4       4 0.217E+00 0.222E+00 0.189E+00 0.190E+00 0.105E-02 0.654E-04 0.106E-02 0.663E-04
      2       4       2    1024       4       4 0.140E+00 0.142E+00 0.121E+00 0.122E+00 0.100E-02 0.627E-04 0.108E-02 0.674E-04
      2       4       2   16384       4       4 0.451E+00 0.483E+00 0.381E+00 0.412E+00 0.304E-02 0.190E-03 0.294E-02 0.184E-03
      2       4       2    2048       4       4 0.181E+00 0.187E+00 0.155E+00 0.160E+00 0.115E-02 0.719E-04 0.124E-02 0.774E-04
      2       4       2     256       4       4 0.723E-01 0.777E-01 0.597E-01 0.636E-01 0.652E-03 0.407E-04 0.719E-03 0.450E-04
      2       4       2    4096       4       4 0.239E+00 0.251E+00 0.217E+00 0.227E+00 0.135E-02 0.845E-04 0.143E-02 0.894E-04
      2       4       2     512       4       4 0.113E+00 0.116E+00 0.952E-01 0.962E-01 0.875E-03 0.547E-04 0.964E-03 0.602E-04
      2       4       2    8192       4       4 0.323E+00 0.338E+00 0.285E+00 0.288E+00 0.231E-02 0.144E-03 0.238E-02 0.149E-03
      2       4       4    1024       4       4 0.154E+00 0.156E+00 0.132E+00 0.137E+00 0.132E-02 0.824E-04 0.143E-02 0.895E-04
      2       4       4   16384       4       4 0.511E+00 0.532E+00 0.439E+00 0.450E+00 0.592E-02 0.370E-03 0.348E-02 0.218E-03
      2       4       4    2048       4       4 0.203E+00 0.214E+00 0.177E+00 0.185E+00 0.141E-02 0.879E-04 0.149E-02 0.932E-04
      2       4       4     256       4       4 0.796E-01 0.829E-01 0.662E-01 0.683E-01 0.876E-03 0.548E-04 0.987E-03 0.617E-04
      2       4       4    4096       4       4 0.275E+00 0.291E+00 0.239E+00 0.249E+00 0.354E-02 0.221E-03 0.164E-02 0.103E-03
      2       4       4     512       4       4 0.123E+00 0.125E+00 0.104E+00 0.107E+00 0.988E-03 0.618E-04 0.107E-02 0.667E-04
      2       4       4    8192       4       4 0.357E+00 0.377E+00 0.309E+00 0.323E+00 0.253E-02 0.158E-03 0.229E-02 0.143E-03
      2       8       1    1024       4       4 0.786E-01 0.809E-01 0.637E-01 0.651E-01 0.356E-03 0.223E-04 0.268E-03 0.168E-04
      2       8       1   16384       4       4 0.228E+00 0.234E+00 0.197E+00 0.200E+00 0.132E-02 0.828E-04 0.131E-02 0.820E-04
      2       8       1    2048       4       4 0.103E+00 0.106E+00 0.845E-01 0.852E-01 0.428E-03 0.268E-04 0.364E-03 0.227E-04
      2       8       1     256       4       4 0.339E-01 0.377E-01 0.353E-01 0.679E-01 0.255E-03 0.160E-04 0.252E-03 0.157E-04
      2       8       1    4096       4       4 0.129E+00 0.132E+00 0.107E+00 0.109E+00 0.608E-03 0.380E-04 0.507E-03 0.317E-04
      2       8       1     512       4       4 0.452E-01 0.487E-01 0.321E-01 0.326E-01 0.293E-03 0.183E-04 0.247E-03 0.155E-04
      2       8       1    8192       4       4 0.193E+00 0.199E+00 0.172E+00 0.174E+00 0.112E-02 0.699E-04 0.108E-02 0.675E-04
      2       8       2    1024       4       4 0.121E+00 0.122E+00 0.981E-01 0.995E-01 0.107E-02 0.670E-04 0.111E-02 0.696E-04
      2       8       2   16384       4       4 0.343E+00 0.353E+00 0.284E+00 0.294E+00 0.249E-02 0.156E-03 0.273E-02 0.170E-03
      2       8       2    2048       4       4 0.148E+00 0.152E+00 0.122E+00 0.123E+00 0.121E-02 0.759E-04 0.131E-02 0.816E-04
      2       8       2     256       4       4 0.494E-01 0.535E-01 0.371E-01 0.379E-01 0.907E-03 0.567E-04 0.103E-02 0.643E-04
      2       8       2    4096       4       4 0.196E+00 0.200E+00 0.160E+00 0.162E+00 0.152E-02 0.951E-04 0.156E-02 0.972E-04
      2       8       2     512       4       4 0.690E-01 0.747E-01 0.503E-01 0.523E-01 0.632E-03 0.395E-04 0.766E-03 0.479E-04
      2       8       2    8192       4       4 0.257E+00 0.271E+00 0.217E+00 0.232E+00 0.165E-02 0.103E-03 0.172E-02 0.107E-03
      3       1       1    1024       4       4 0.741E-03 0.288E-02 0.000E+00 0.000E+00 0.312E-03 0.195E-04 0.196E-03 0.122E-04
      3       1       1 1048576       4       4 0.172E-01 0.209E-01 0.000E+00 0.000E+00 0.266E+00 0.166E-01 0.271E+00 0.169E-01
      3       1       1  131072       4       4 0.275E-02 0.520E-02 0.000E+00 0.000E+00 0.242E-01 0.151E-02 0.238E-01 0.149E-02
      3       1       1   16384       4       4 0.104E-02 0.336E-02 0.238E-06 0.954E-06 0.298E-02 0.187E-03 0.290E-02 0.181E-03
      3       1       1    2048       4       4 0.762E-03 0.291E-02 0.000E+00 0.000E+00 0.466E-03 0.291E-04 0.348E-03 0.218E-04
      3       1      12    1024       4       4 0.452E-02 0.180E-01 0.000E+00 0.000E+00 0.553E-03 0.346E-04 0.393E-03 0.246E-04
      3       1      12 1048576       4       4 0.190E-01 0.220E-01 0.000E+00 0.000E+00 0.254E+00 0.159E-01 0.250E+00 0.156E-01
      3       1      12  131072       4       4 0.102E-01 0.336E-01 0.000E+00 0.000E+00 0.288E-01 0.180E-02 0.278E-01 0.174E-02
      3       1      12   16384       4       4 0.452E-02 0.172E-01 0.000E+00 0.000E+00 0.384E-02 0.240E-03 0.354E-02 0.221E-03
      3       1      12    2048       4       4 0.449E-02 0.178E-01 0.000E+00 0.000E+00 0.800E-03 0.500E-04 0.653E-03 0.408E-04
      3       1      12     256       4       4 0.635E-02 0.254E-01 0.000E+00 0.000E+00 0.349E-03 0.218E-04 0.198E-03 0.124E-04
      3       1      12  262144       4       4 0.717E-02 0.152E-01 0.000E+00 0.000E+00 0.510E-01 0.318E-02 0.492E-01 0.308E-02
      3       1      12   32768       4       4 0.514E-02 0.183E-01 0.238E-06 0.954E-06 0.829E-02 0.518E-03 0.792E-02 0.495E-03
      3       1      12    4096       4       4 0.429E-02 0.169E-01 0.000E+00 0.000E+00 0.102E-02 0.636E-04 0.844E-03 0.528E-04
      3       1      12     512       4       4 0.456E-02 0.182E-01 0.000E+00 0.000E+00 0.432E-03 0.270E-04 0.291E-03 0.182E-04
      3       1      12  524288       4       4 0.111E-01 0.173E-01 0.000E+00 0.000E+00 0.110E+00 0.685E-02 0.103E+00 0.644E-02
      3       1       1     256       4       4 0.858E-03 0.339E-02 0.238E-06 0.954E-06 0.207E-03 0.129E-04 0.963E-04 0.602E-05
      3       1       1  262144       4       4 0.474E-02 0.728E-02 0.775E-06 0.119E-05 0.492E-01 0.307E-02 0.482E-01 0.301E-02
      3       1      12   65536       4       4 0.488E-02 0.160E-01 0.000E+00 0.000E+00 0.130E-01 0.811E-03 0.126E-01 0.786E-03
      3       1      12    8192       4       4 0.442E-02 0.172E-01 0.238E-06 0.954E-06 0.219E-02 0.137E-03 0.191E-02 0.120E-03
      3       1       1   32768       4       4 0.127E-02 0.355E-02 0.000E+00 0.000E+00 0.609E-02 0.381E-03 0.620E-02 0.387E-03
      3       1       1    4096       4       4 0.759E-03 0.281E-02 0.000E+00 0.000E+00 0.787E-03 0.492E-04 0.685E-03 0.428E-04
      3       1       1     512       4       4 0.833E-03 0.328E-02 0.000E+00 0.000E+00 0.231E-03 0.144E-04 0.130E-03 0.814E-05
      3       1       1  524288       4       4 0.880E-02 0.117E-01 0.298E-06 0.119E-05 0.113E+00 0.708E-02 0.106E+00 0.661E-02
      3       1      16    1024       4       4 0.345E-02 0.137E-01 0.000E+00 0.000E+00 0.592E-03 0.370E-04 0.396E-03 0.247E-04
      3       1      16 1048576       4       4 0.198E-01 0.254E-01 0.000E+00 0.000E+00 0.253E+00 0.158E-01 0.251E+00 0.157E-01
      3       1      16  131072       4       4 0.615E-02 0.172E-01 0.000E+00 0.000E+00 0.268E-01 0.168E-02 0.261E-01 0.163E-02
      3       1      16   16384       4       4 0.350E-02 0.131E-01 0.238E-06 0.954E-06 0.391E-02 0.244E-03 0.361E-02 0.226E-03
      3       1      16    2048       4       4 0.339E-02 0.134E-01 0.000E+00 0.000E+00 0.662E-03 0.414E-04 0.485E-03 0.303E-04
      3       1      16     256       4       4 0.335E-02 0.133E-01 0.000E+00 0.000E+00 0.361E-03 0.225E-04 0.188E-03 0.118E-04
      3       1      16  262144       4       4 0.804E-02 0.188E-01 0.000E+00 0.000E+00 0.495E-01 0.309E-02 0.491E-01 0.307E-02
      3       1      16   32768       4       4 0.491E-02 0.174E-01 0.000E+00 0.000E+00 0.808E-02 0.505E-03 0.783E-02 0.489E-03
      3       1      16    4096       4       4 0.423E-02 0.166E-01 0.000E+00 0.000E+00 0.128E-02 0.803E-04 0.106E-02 0.663E-04
      3       1      16     512       4       4 0.420E-02 0.167E-01 0.000E+00 0.000E+00 0.433E-03 0.270E-04 0.232E-03 0.145E-04
      3       1      16  524288       4       4 0.107E-01 0.161E-01 0.000E+00 0.000E+00 0.107E+00 0.670E-02 0.103E+00 0.641E-02
      3       1       1   65536       4       4 0.175E-02 0.401E-02 0.298E-06 0.119E-05 0.122E-01 0.760E-03 0.122E-01 0.761E-03
      3       1      16   65536       4       4 0.613E-02 0.201E-01 0.238E-06 0.954E-06 0.150E-01 0.939E-03 0.143E-01 0.896E-03
      3       1      16    8192       4       4 0.432E-02 0.167E-01 0.000E+00 0.000E+00 0.269E-02 0.168E-03 0.237E-02 0.148E-03
      3       1       1    8192       4       4 0.887E-03 0.313E-02 0.238E-06 0.954E-06 0.150E-02 0.935E-04 0.140E-02 0.875E-04
      3       1       2    1024       4       4 0.758E-03 0.295E-02 0.000E+00 0.000E+00 0.370E-03 0.231E-04 0.239E-03 0.150E-04
      3       1       2 1048576       4       4 0.173E-01 0.207E-01 0.000E+00 0.000E+00 0.241E+00 0.151E-01 0.238E+00 0.149E-01
      3       1       2  131072       4       4 0.300E-02 0.605E-02 0.000E+00 0.000E+00 0.226E-01 0.141E-02 0.224E-01 0.140E-02
      3       1       2   16384       4       4 0.352E-02 0.132E-01 0.000E+00 0.000E+00 0.326E-02 0.204E-03 0.299E-02 0.187E-03
      3       1       2    2048       4       4 0.740E-03 0.283E-02 0.000E+00 0.000E+00 0.517E-03 0.323E-04 0.391E-03 0.244E-04
      3       1       2     256       4       4 0.722E-03 0.284E-02 0.000E+00 0.000E+00 0.253E-03 0.158E-04 0.138E-03 0.863E-05
      3       1       2  262144       4       4 0.503E-02 0.806E-02 0.000E+00 0.000E+00 0.462E-01 0.289E-02 0.446E-01 0.279E-02
      3       1       2   32768       4       4 0.320E-02 0.112E-01 0.238E-06 0.954E-06 0.606E-02 0.379E-03 0.609E-02 0.381E-03
      3       1       2    4096       4       4 0.780E-03 0.288E-02 0.238E-06 0.954E-06 0.873E-03 0.545E-04 0.751E-03 0.470E-04
      3       1      24    1024       4       4 0.420E-02 0.167E-01 0.000E+00 0.000E+00 0.578E-03 0.362E-04 0.320E-03 0.200E-04
      3       1      24 1048576       4       4 0.197E-01 0.250E-01 0.000E+00 0.000E+00 0.259E+00 0.162E-01 0.256E+00 0.160E-01
      3       1      24  131072       4       4 0.601E-02 0.155E-01 0.000E+00 0.000E+00 0.301E-01 0.188E-02 0.292E-01 0.183E-02
      3       1      24   16384       4       4 0.429E-02 0.160E-01 0.000E+00 0.000E+00 0.745E-02 0.466E-03 0.496E-02 0.310E-03
      3       1      24    2048       4       4 0.395E-02 0.157E-01 0.238E-06 0.954E-06 0.227E-02 0.142E-03 0.505E-03 0.315E-04
      3       1      24     256       4       4 0.330E-02 0.131E-01 0.000E+00 0.000E+00 0.476E-03 0.298E-04 0.258E-03 0.161E-04
      3       1      24  262144       4       4 0.839E-02 0.203E-01 0.000E+00 0.000E+00 0.530E-01 0.331E-02 0.522E-01 0.326E-02
      3       1      24   32768       4       4 0.477E-02 0.173E-01 0.238E-06 0.954E-06 0.737E-02 0.461E-03 0.715E-02 0.447E-03
      3       1      24    4096       4       4 0.442E-02 0.174E-01 0.000E+00 0.000E+00 0.193E-02 0.121E-03 0.106E-02 0.662E-04
      3       1      24     512       4       4 0.322E-02 0.128E-01 0.000E+00 0.000E+00 0.507E-03 0.317E-04 0.244E-03 0.152E-04
      3       1      24  524288       4       4 0.155E-01 0.270E-01 0.000E+00 0.000E+00 0.124E+00 0.774E-02 0.117E+00 0.733E-02
      3       1      24   65536       4       4 0.493E-02 0.163E-01 0.000E+00 0.000E+00 0.136E-01 0.850E-03 0.136E-01 0.849E-03
      3       1      24    8192       4       4 0.442E-02 0.171E-01 0.000E+00 0.000E+00 0.304E-02 0.190E-03 0.279E-02 0.174E-03
      3       1       2     512       4       4 0.725E-03 0.284E-02 0.000E+00 0.000E+00 0.306E-03 0.191E-04 0.171E-03 0.107E-04
      3       1       2  524288       4       4 0.997E-02 0.156E-01 0.000E+00 0.000E+00 0.103E+00 0.642E-02 0.946E-01 0.591E-02
      3       1       2   65536       4       4 0.254E-02 0.694E-02 0.536E-06 0.119E-05 0.115E-01 0.721E-03 0.114E-01 0.712E-03
      3       1       2    8192       4       4 0.369E-02 0.144E-01 0.238E-06 0.954E-06 0.173E-02 0.108E-03 0.162E-02 0.102E-03
      3       1       4    1024       4       4 0.425E-02 0.169E-01 0.536E-06 0.119E-05 0.378E-03 0.236E-04 0.251E-03 0.157E-04
      3       1       4 1048576       4       4 0.175E-01 0.206E-01 0.298E-06 0.119E-05 0.247E+00 0.155E-01 0.248E+00 0.155E-01
      3       1       4  131072       4       4 0.878E-02 0.290E-01 0.000E+00 0.000E+00 0.253E-01 0.158E-02 0.252E-01 0.158E-02
      3       1       4   16384       4       4 0.516E-02 0.198E-01 0.000E+00 0.000E+00 0.337E-02 0.211E-03 0.315E-02 0.197E-03
      3       1       4    2048       4       4 0.525E-02 0.209E-01 0.000E+00 0.000E+00 0.548E-03 0.343E-04 0.429E-03 0.268E-04
      3       1       4     256       4       4 0.425E-02 0.169E-01 0.000E+00 0.000E+00 0.263E-03 0.164E-04 0.130E-03 0.812E-05
      3       1       4  262144       4       4 0.517E-02 0.831E-02 0.000E+00 0.000E+00 0.482E-01 0.301E-02 0.480E-01 0.300E-02
      3       1       4   32768       4       4 0.410E-02 0.147E-01 0.298E-06 0.119E-05 0.639E-02 0.400E-03 0.607E-02 0.379E-03
      3       1       4    4096       4       4 0.423E-02 0.167E-01 0.477E-06 0.954E-06 0.882E-03 0.551E-04 0.789E-03 0.493E-04
      3       1       4     512       4       4 0.386E-02 0.154E-01 0.000E+00 0.000E+00 0.306E-03 0.191E-04 0.178E-03 0.111E-04
      3       1       4  524288       4       4 0.134E-01 0.285E-01 0.000E+00 0.000E+00 0.110E+00 0.687E-02 0.104E+00 0.651E-02
      3       1       4   65536       4       4 0.458E-02 0.150E-01 0.000E+00 0.000E+00 0.120E-01 0.750E-03 0.119E-01 0.742E-03
      3       1       4    8192       4       4 0.520E-02 0.204E-01 0.000E+00 0.000E+00 0.187E-02 0.117E-03 0.163E-02 0.102E-03
      3      16       1    1024       4       4 0.286E-01 0.114E+00 0.334E-05 0.691E-05 0.196E-02 0.123E-03 0.121E-02 0.758E-04
      3      16       1 1048576       4       4 0.218E-01 0.836E-01 0.447E-05 0.906E-05 0.166E+00 0.104E-01 0.120E+00 0.751E-02
      3      16       1  131072       4       4 0.286E-01 0.113E+00 0.405E-05 0.715E-05 0.225E-01 0.141E-02 0.149E-01 0.933E-03
      3      16       1   16384       4       4 0.274E-01 0.110E+00 0.328E-05 0.691E-05 0.517E-02 0.323E-03 0.316E-02 0.198E-03
      3      16       1    2048       4       4 0.142E-01 0.568E-01 0.328E-05 0.715E-05 0.202E-02 0.126E-03 0.134E-02 0.835E-04
      3      16       1  262144       4       4 0.426E-01 0.169E+00 0.387E-05 0.811E-05 0.584E-01 0.365E-02 0.316E-01 0.198E-02
      3      16       1   32768       4       4 0.225E-01 0.899E-01 0.370E-05 0.811E-05 0.792E-02 0.495E-03 0.612E-02 0.383E-03
      3      16       1    4096       4       4 0.222E-01 0.886E-01 0.250E-05 0.596E-05 0.181E-02 0.113E-03 0.195E-02 0.122E-03
      3      16       1  524288       4       4 0.285E-01 0.112E+00 0.376E-05 0.811E-05 0.848E-01 0.530E-02 0.545E-01 0.341E-02
      3      16       1   65536       4       4 0.173E-01 0.686E-01 0.381E-05 0.811E-05 0.140E-01 0.872E-03 0.923E-02 0.577E-03
      3      16       1    8192       4       4 0.193E-01 0.772E-01 0.376E-05 0.691E-05 0.425E-02 0.265E-03 0.275E-02 0.172E-03
      3       1       8    1024       4       4 0.433E-02 0.172E-01 0.000E+00 0.000E+00 0.431E-03 0.269E-04 0.276E-03 0.173E-04
      3       1       8 1048576       4       4 0.189E-01 0.245E-01 0.000E+00 0.000E+00 0.249E+00 0.156E-01 0.242E+00 0.151E-01
      3       1       8  131072       4       4 0.476E-02 0.124E-01 0.238E-06 0.954E-06 0.239E-01 0.149E-02 0.239E-01 0.149E-02
      3       1       8   16384       4       4 0.368E-02 0.138E-01 0.000E+00 0.000E+00 0.896E-02 0.560E-03 0.349E-02 0.218E-03
      3       1       8    2048       4       4 0.653E-02 0.259E-01 0.000E+00 0.000E+00 0.777E-03 0.486E-04 0.617E-03 0.385E-04
      3       1       8     256       4       4 0.646E-02 0.258E-01 0.000E+00 0.000E+00 0.287E-03 0.179E-04 0.164E-03 0.102E-04
      3       1       8  262144       4       4 0.540E-02 0.817E-02 0.000E+00 0.000E+00 0.481E-01 0.301E-02 0.472E-01 0.295E-02
      3       1       8   32768       4       4 0.579E-02 0.209E-01 0.000E+00 0.000E+00 0.814E-02 0.509E-03 0.766E-02 0.479E-03
      3       1       8    4096       4       4 0.546E-02 0.216E-01 0.000E+00 0.000E+00 0.979E-03 0.612E-04 0.819E-03 0.512E-04
      3       1       8     512       4       4 0.441E-02 0.176E-01 0.000E+00 0.000E+00 0.327E-03 0.204E-04 0.185E-03 0.116E-04
      3       1       8  524288       4       4 0.118E-01 0.218E-01 0.000E+00 0.000E+00 0.105E+00 0.654E-02 0.998E-01 0.624E-02
      3       1       8   65536       4       4 0.460E-02 0.149E-01 0.238E-06 0.954E-06 0.128E-01 0.797E-03 0.127E-01 0.792E-03
      3       1       8    8192       4       4 0.760E-02 0.298E-01 0.000E+00 0.000E+00 0.254E-02 0.159E-03 0.224E-02 0.140E-03
      3       2       1    1024       4       4 0.840E-02 0.335E-01 0.155E-05 0.215E-05 0.524E-03 0.328E-04 0.399E-03 0.249E-04
      3       2       1 1048576       4       4 0.129E-01 0.279E-01 0.143E-05 0.191E-05 0.227E+00 0.142E-01 0.190E+00 0.119E-01
      3       2       1  131072       4       4 0.502E-02 0.171E-01 0.471E-05 0.160E-04 0.234E-01 0.146E-02 0.207E-01 0.129E-02
      3       2       1   16384       4       4 0.547E-02 0.213E-01 0.185E-05 0.215E-05 0.347E-02 0.217E-03 0.292E-02 0.183E-03
      3       2       1    2048       4       4 0.695E-02 0.277E-01 0.143E-05 0.191E-05 0.839E-03 0.524E-04 0.573E-03 0.358E-04
      3       2      12    1024       4       4 0.724E-02 0.288E-01 0.149E-05 0.215E-05 0.889E-03 0.556E-04 0.782E-03 0.488E-04
      3       2      12 1048576       4       4 0.175E-01 0.350E-01 0.197E-05 0.215E-05 0.241E+00 0.150E-01 0.199E+00 0.125E-01
      3       2      12  131072       4       4 0.807E-02 0.289E-01 0.173E-05 0.215E-05 0.245E-01 0.153E-02 0.215E-01 0.135E-02
      3       2      12   16384       4       4 0.602E-02 0.235E-01 0.954E-06 0.954E-06 0.426E-02 0.266E-03 0.358E-02 0.224E-03
      3       2      12    2048       4       4 0.696E-02 0.277E-01 0.101E-05 0.119E-05 0.107E-02 0.666E-04 0.705E-03 0.441E-04
      3       2      12     256       4       4 0.593E-02 0.237E-01 0.131E-05 0.215E-05 0.475E-02 0.297E-03 0.427E-03 0.267E-04
      3       2      12  262144       4       4 0.740E-02 0.227E-01 0.119E-05 0.191E-05 0.462E-01 0.289E-02 0.380E-01 0.238E-02
      3       2      12   32768       4       4 0.724E-02 0.278E-01 0.954E-06 0.954E-06 0.657E-02 0.411E-03 0.561E-02 0.351E-03
      3       2      12    4096       4       4 0.637E-02 0.253E-01 0.173E-05 0.215E-05 0.154E-02 0.960E-04 0.127E-02 0.796E-04
      3       2      12     512       4       4 0.729E-02 0.291E-01 0.954E-06 0.954E-06 0.720E-03 0.450E-04 0.488E-03 0.305E-04
      3       2      12  524288       4       4 0.123E-01 0.330E-01 0.775E-06 0.119E-05 0.108E+00 0.677E-02 0.853E-01 0.533E-02
      3       2       1     256       4       4 0.463E-02 0.185E-01 0.119E-05 0.191E-05 0.286E-02 0.179E-03 0.199E-03 0.125E-04
      3       2       1  262144       4       4 0.791E-02 0.256E-01 0.149E-05 0.215E-05 0.487E-01 0.304E-02 0.407E-01 0.254E-02
      3       2      12   65536       4       4 0.636E-02 0.236E-01 0.477E-06 0.954E-06 0.113E-01 0.705E-03 0.992E-02 0.620E-03
      3       2      12    8192       4       4 0.110E-01 0.437E-01 0.143E-05 0.191E-05 0.235E-02 0.147E-03 0.195E-02 0.122E-03
      3       2       1   32768       4       4 0.844E-02 0.329E-01 0.173E-05 0.215E-05 0.622E-02 0.389E-03 0.539E-02 0.337E-03
      3       2       1    4096       4       4 0.811E-02 0.323E-01 0.143E-05 0.191E-05 0.115E-02 0.720E-04 0.945E-03 0.591E-04
      3       2       1     512       4       4 0.431E-02 0.171E-01 0.149E-05 0.191E-05 0.482E-03 0.301E-04 0.338E-03 0.211E-04
      3       2       1  524288       4       4 0.862E-02 0.222E-01 0.715E-06 0.954E-06 0.950E-01 0.594E-02 0.741E-01 0.463E-02
      3       2       1   65536       4       4 0.834E-02 0.318E-01 0.119E-05 0.191E-05 0.422E-01 0.263E-02 0.104E-01 0.651E-03
      3       2       1    8192       4       4 0.389E-02 0.152E-01 0.173E-05 0.215E-05 0.391E-02 0.244E-03 0.154E-02 0.963E-04
      3       2       2    1024       4       4 0.932E-02 0.372E-01 0.101E-05 0.119E-05 0.610E-03 0.381E-04 0.443E-03 0.277E-04
      3       2       2 1048576       4       4 0.152E-01 0.362E-01 0.167E-05 0.191E-05 0.204E+00 0.127E-01 0.169E+00 0.106E-01
      3       2       2  131072       4       4 0.550E-02 0.189E-01 0.149E-05 0.215E-05 0.238E-01 0.149E-02 0.219E-01 0.137E-02
      3       2       2   16384       4       4 0.581E-02 0.228E-01 0.101E-05 0.119E-05 0.342E-02 0.214E-03 0.282E-02 0.176E-03
      3       2       2    2048       4       4 0.649E-02 0.258E-01 0.191E-05 0.191E-05 0.811E-03 0.507E-04 0.570E-03 0.356E-04
      3       2       2     256       4       4 0.659E-02 0.263E-01 0.173E-05 0.191E-05 0.384E-03 0.240E-04 0.260E-03 0.162E-04
      3       2       2  262144       4       4 0.701E-02 0.214E-01 0.101E-05 0.119E-05 0.418E-01 0.261E-02 0.323E-01 0.202E-02
      3       2       2   32768       4       4 0.504E-02 0.193E-01 0.173E-05 0.215E-05 0.679E-02 0.424E-03 0.609E-02 0.381E-03
      3       2       2    4096       4       4 0.640E-02 0.254E-01 0.954E-06 0.954E-06 0.123E-02 0.767E-04 0.105E-02 0.655E-04
      3       2       2     512       4       4 0.948E-02 0.378E-01 0.167E-05 0.191E-05 0.507E-03 0.317E-04 0.338E-03 0.211E-04
      3       2       2  524288       4       4 0.805E-02 0.198E-01 0.203E-05 0.215E-05 0.952E-01 0.595E-02 0.799E-01 0.499E-02
      3       2       2   65536       4       4 0.806E-02 0.305E-01 0.954E-06 0.954E-06 0.126E-01 0.784E-03 0.111E-01 0.696E-03
      3       2       2    8192       4       4 0.800E-02 0.318E-01 0.715E-06 0.954E-06 0.234E-02 0.146E-03 0.129E-02 0.806E-04
      3       2       4    1024       4       4 0.108E-01 0.431E-01 0.155E-05 0.215E-05 0.683E-03 0.427E-04 0.495E-03 0.310E-04
      3       2       4 1048576       4       4 0.137E-01 0.258E-01 0.101E-05 0.119E-05 0.215E+00 0.134E-01 0.183E+00 0.115E-01
      3       2       4  131072       4       4 0.693E-02 0.244E-01 0.775E-06 0.119E-05 0.217E-01 0.136E-02 0.185E-01 0.116E-02
      3       2       4   16384       4       4 0.740E-02 0.291E-01 0.209E-05 0.215E-05 0.380E-02 0.237E-03 0.326E-02 0.204E-03
      3       2       4    2048       4       4 0.103E-01 0.411E-01 0.715E-06 0.954E-06 0.796E-03 0.498E-04 0.541E-03 0.338E-04
      3       2       4     256       4       4 0.759E-02 0.303E-01 0.155E-05 0.215E-05 0.409E-03 0.256E-04 0.303E-03 0.189E-04
      3       2       4  262144       4       4 0.689E-02 0.207E-01 0.107E-05 0.119E-05 0.450E-01 0.281E-02 0.367E-01 0.229E-02
      3       2       4   32768       4       4 0.803E-02 0.310E-01 0.477E-06 0.954E-06 0.683E-02 0.427E-03 0.592E-02 0.370E-03
      3       2       4    4096       4       4 0.121E-01 0.481E-01 0.119E-05 0.191E-05 0.129E-02 0.803E-04 0.103E-02 0.646E-04
      3       2       4     512       4       4 0.951E-02 0.380E-01 0.525E-05 0.150E-04 0.563E-03 0.352E-04 0.407E-03 0.254E-04
      3       2       4  524288       4       4 0.103E-01 0.277E-01 0.101E-05 0.119E-05 0.967E-01 0.605E-02 0.737E-01 0.460E-02
      3       2       4   65536       4       4 0.801E-02 0.303E-01 0.238E-06 0.954E-06 0.109E-01 0.680E-03 0.961E-02 0.601E-03
      3       2       4    8192       4       4 0.796E-02 0.316E-01 0.715E-06 0.954E-06 0.173E-02 0.108E-03 0.141E-02 0.878E-04
      3       2       8    1024       4       4 0.639E-02 0.254E-01 0.775E-06 0.119E-05 0.752E-03 0.470E-04 0.503E-03 0.314E-04
      3       2       8 1048576       4       4 0.132E-01 0.256E-01 0.167E-05 0.191E-05 0.212E+00 0.132E-01 0.178E+00 0.112E-01
      3       2       8  131072       4       4 0.685E-02 0.233E-01 0.715E-06 0.954E-06 0.236E-01 0.148E-02 0.204E-01 0.128E-02
      3       2       8   16384       4       4 0.912E-02 0.360E-01 0.477E-06 0.954E-06 0.343E-02 0.214E-03 0.278E-02 0.174E-03
      3       2       8    2048       4       4 0.101E-01 0.403E-01 0.155E-05 0.215E-05 0.904E-03 0.565E-04 0.670E-03 0.419E-04
      3       2       8     256       4       4 0.102E-01 0.406E-01 0.477E-06 0.954E-06 0.538E-03 0.336E-04 0.395E-03 0.247E-04
      3       2       8  262144       4       4 0.833E-02 0.263E-01 0.179E-05 0.215E-05 0.477E-01 0.298E-02 0.416E-01 0.260E-02
      3       2       8   32768       4       4 0.882E-02 0.344E-01 0.203E-05 0.215E-05 0.660E-02 0.412E-03 0.597E-02 0.373E-03
      3       2       8    4096       4       4 0.640E-02 0.254E-01 0.477E-06 0.954E-06 0.124E-02 0.772E-04 0.941E-03 0.588E-04
      3       2       8     512       4       4 0.677E-02 0.270E-01 0.179E-05 0.215E-05 0.760E-03 0.475E-04 0.607E-03 0.379E-04
      3       2       8  524288       4       4 0.951E-02 0.243E-01 0.101E-05 0.119E-05 0.962E-01 0.601E-02 0.740E-01 0.462E-02
      3       2       8   65536       4       4 0.963E-02 0.363E-01 0.119E-05 0.191E-05 0.135E-01 0.841E-03 0.119E-01 0.743E-03
      3       2       8    8192       4       4 0.722E-02 0.286E-01 0.536E-05 0.150E-04 0.211E-02 0.132E-03 0.178E-02 0.111E-03
      3       4       1    1024       4       4 0.140E-01 0.559E-01 0.160E-01 0.640E-01 0.405E-01 0.253E-02 0.285E-01 0.178E-02
      3       4       1 1048576       4       4 0.209E-01 0.713E-01 0.203E-02 0.811E-02 0.226E+00 0.141E-01 0.140E+00 0.875E-02
      3       4       1  131072       4       4 0.112E-01 0.433E-01 0.173E-05 0.215E-05 0.212E-01 0.133E-02 0.175E-01 0.109E-02
      3       4       1   16384       4       4 0.101E-01 0.399E-01 0.232E-05 0.310E-05 0.397E-02 0.248E-03 0.324E-02 0.202E-03
      3       4       1    2048       4       4 0.106E-01 0.422E-01 0.191E-05 0.191E-05 0.840E-02 0.525E-03 0.881E-03 0.551E-04
      3       4       1     256       4       4 0.975E-02 0.390E-01 0.185E-05 0.310E-05 0.164E-01 0.103E-02 0.436E-03 0.273E-04
      3       4       1  262144       4       4 0.104E-01 0.382E-01 0.191E-05 0.286E-05 0.419E-01 0.262E-02 0.333E-01 0.208E-02
      3       4       1   32768       4       4 0.100E-01 0.397E-01 0.215E-05 0.286E-05 0.116E-01 0.728E-03 0.458E-02 0.286E-03
      3       4       1    4096       4       4 0.961E-02 0.383E-01 0.914E-02 0.365E-01 0.332E-01 0.207E-02 0.114E-02 0.714E-04
      3       4       1     512       4       4 0.973E-02 0.388E-01 0.203E-05 0.310E-05 0.654E-03 0.408E-04 0.483E-03 0.302E-04
      3       4       1  524288       4       4 0.122E-01 0.423E-01 0.232E-05 0.310E-05 0.869E-01 0.543E-02 0.623E-01 0.390E-02
      3       4       1   65536       4       4 0.102E-01 0.398E-01 0.226E-05 0.286E-05 0.113E-01 0.709E-03 0.911E-02 0.569E-03
      3       4       1    8192       4       4 0.994E-02 0.396E-01 0.232E-05 0.310E-05 0.221E-02 0.138E-03 0.175E-02 0.109E-03
      3       4       2    1024       4       4 0.138E-01 0.552E-01 0.203E-05 0.310E-05 0.725E-03 0.453E-04 0.664E-03 0.415E-04
      3       4       2 1048576       4       4 0.198E-01 0.660E-01 0.244E-05 0.310E-05 0.183E+00 0.115E-01 0.146E+00 0.911E-02
      3       4       2  131072       4       4 0.131E-01 0.503E-01 0.149E-05 0.310E-05 0.213E-01 0.133E-02 0.169E-01 0.106E-02
      3       4       2   16384       4       4 0.129E-01 0.512E-01 0.197E-05 0.310E-05 0.411E-02 0.257E-03 0.332E-02 0.207E-03
      3       4       2    2048       4       4 0.122E-01 0.488E-01 0.173E-05 0.310E-05 0.116E-02 0.724E-04 0.818E-03 0.511E-04
      3       4       2     256       4       4 0.136E-01 0.544E-01 0.221E-05 0.310E-05 0.717E-03 0.448E-04 0.569E-03 0.355E-04
      3       4       2  262144       4       4 0.160E-01 0.606E-01 0.197E-05 0.286E-05 0.427E-01 0.267E-02 0.307E-01 0.192E-02
      3       4       2   32768       4       4 0.135E-01 0.537E-01 0.209E-05 0.310E-05 0.657E-02 0.410E-03 0.528E-02 0.330E-03
      3       4       2    4096       4       4 0.117E-01 0.467E-01 0.250E-05 0.405E-05 0.158E-02 0.988E-04 0.125E-02 0.784E-04
      3       4       2     512       4       4 0.110E-01 0.438E-01 0.215E-05 0.286E-05 0.630E-03 0.394E-04 0.482E-03 0.301E-04
      3       4       2  524288       4       4 0.138E-01 0.483E-01 0.256E-05 0.310E-05 0.890E-01 0.556E-02 0.622E-01 0.389E-02
      3       4       2   65536       4       4 0.176E-01 0.692E-01 0.203E-05 0.310E-05 0.186E-01 0.116E-02 0.101E-01 0.633E-03
      3       4       2    8192       4       4 0.146E-01 0.584E-01 0.197E-05 0.310E-05 0.198E-02 0.124E-03 0.155E-02 0.971E-04
      3       4       4    1024       4       4 0.182E-01 0.729E-01 0.155E-05 0.310E-05 0.751E-03 0.469E-04 0.581E-03 0.363E-04
      3       4       4 1048576       4       4 0.137E-01 0.410E-01 0.173E-05 0.286E-05 0.189E+00 0.118E-01 0.149E+00 0.932E-02
      3       4       4  131072       4       4 0.130E-01 0.504E-01 0.173E-05 0.310E-05 0.212E-01 0.133E-02 0.175E-01 0.109E-02
      3       4       4   16384       4       4 0.122E-01 0.485E-01 0.119E-05 0.286E-05 0.307E-02 0.192E-03 0.234E-02 0.146E-03
      3       4       4    2048       4       4 0.165E-01 0.657E-01 0.173E-05 0.286E-05 0.112E-02 0.700E-04 0.844E-03 0.528E-04
      3       4       4     256       4       4 0.133E-01 0.532E-01 0.250E-05 0.310E-05 0.615E-03 0.384E-04 0.431E-03 0.269E-04
      3       4       4  262144       4       4 0.128E-01 0.474E-01 0.179E-05 0.310E-05 0.408E-01 0.255E-02 0.291E-01 0.182E-02
      3       4       4   32768       4       4 0.133E-01 0.525E-01 0.125E-05 0.310E-05 0.615E-02 0.384E-03 0.489E-02 0.306E-03
      3       4       4    4096       4       4 0.200E-01 0.799E-01 0.215E-05 0.310E-05 0.156E-02 0.972E-04 0.118E-02 0.739E-04
      3       4       4     512       4       4 0.153E-01 0.612E-01 0.149E-05 0.286E-05 0.566E-03 0.354E-04 0.404E-03 0.253E-04
      3       4       4  524288       4       4 0.154E-01 0.537E-01 0.215E-05 0.381E-05 0.923E-01 0.577E-02 0.668E-01 0.417E-02
      3       4       4   65536       4       4 0.138E-01 0.541E-01 0.179E-05 0.310E-05 0.105E-01 0.657E-03 0.840E-02 0.525E-03
      3       4       4    8192       4       4 0.103E-01 0.411E-01 0.197E-05 0.286E-05 0.201E-02 0.125E-03 0.158E-02 0.990E-04
      3       8       1    1024       4       4 0.169E-01 0.674E-01 0.268E-05 0.405E-05 0.125E-02 0.778E-04 0.103E-02 0.644E-04
      3       8       1 1048576       4       4 0.116E-01 0.360E-01 0.298E-05 0.405E-05 0.190E+00 0.119E-01 0.143E+00 0.893E-02
      3       8       1  131072       4       4 0.816E-02 0.315E-01 0.197E-05 0.405E-05 0.206E-01 0.129E-02 0.122E-01 0.765E-03
      3       8       1   16384       4       4 0.172E-01 0.685E-01 0.256E-05 0.310E-05 0.424E-02 0.265E-03 0.324E-02 0.203E-03
      3       8       1    2048       4       4 0.203E-01 0.809E-01 0.322E-05 0.501E-05 0.127E-02 0.796E-04 0.104E-02 0.648E-04
      3       8       1     256       4       4 0.168E-01 0.672E-01 0.280E-05 0.501E-05 0.108E-02 0.678E-04 0.895E-03 0.560E-04
      3       8       1  262144       4       4 0.966E-02 0.367E-01 0.292E-05 0.501E-05 0.393E-01 0.246E-02 0.267E-01 0.167E-02
      3       8       1   32768       4       4 0.219E-01 0.871E-01 0.298E-05 0.501E-05 0.642E-02 0.401E-03 0.487E-02 0.305E-03
      3       8       1    4096       4       4 0.111E-01 0.443E-01 0.250E-05 0.501E-05 0.197E-02 0.123E-03 0.132E-02 0.826E-04
      3       8       1     512       4       4 0.320E-01 0.128E+00 0.250E-05 0.405E-05 0.327E-02 0.204E-03 0.100E-02 0.626E-04
      3       8       1  524288       4       4 0.104E-01 0.380E-01 0.280E-05 0.405E-05 0.791E-01 0.495E-02 0.547E-01 0.342E-02
      3       8       1   65536       4       4 0.984E-02 0.388E-01 0.221E-05 0.286E-05 0.101E-01 0.632E-03 0.721E-02 0.451E-03
      3       8       1    8192       4       4 0.102E-01 0.407E-01 0.238E-05 0.381E-05 0.290E-02 0.181E-03 0.223E-02 0.140E-03
      3       8       2    1024       4       4 0.123E-01 0.493E-01 0.155E-05 0.310E-05 0.117E-02 0.729E-04 0.980E-03 0.612E-04
      3       8       2 1048576       4       4 0.259E-01 0.961E-01 0.274E-05 0.501E-05 0.177E+00 0.110E-01 0.130E+00 0.812E-02
      3       8       2  131072       4       4 0.153E-01 0.599E-01 0.197E-05 0.286E-05 0.226E-01 0.141E-02 0.140E-01 0.876E-03
      3       8       2   16384       4       4 0.132E-01 0.525E-01 0.215E-05 0.310E-05 0.418E-02 0.261E-03 0.329E-02 0.206E-03
      3       8       2    2048       4       4 0.154E-01 0.611E-01 0.149E-05 0.286E-05 0.121E-02 0.759E-04 0.100E-02 0.628E-04
      3       8       2     256       4       4 0.198E-01 0.792E-01 0.155E-05 0.310E-05 0.990E-03 0.619E-04 0.803E-03 0.502E-04
      3       8       2  262144       4       4 0.119E-01 0.453E-01 0.203E-05 0.381E-05 0.404E-01 0.252E-02 0.264E-01 0.165E-02
      3       8       2   32768       4       4 0.206E-01 0.818E-01 0.286E-05 0.501E-05 0.123E-01 0.769E-03 0.514E-02 0.321E-03
      3       8       2    4096       4       4 0.124E-01 0.495E-01 0.155E-05 0.310E-05 0.222E-02 0.139E-03 0.156E-02 0.973E-04
      3       8       2     512       4       4 0.222E-01 0.887E-01 0.328E-05 0.501E-05 0.107E-02 0.666E-04 0.822E-03 0.513E-04
      3       8       2  524288       4       4 0.185E-01 0.704E-01 0.232E-05 0.501E-05 0.939E-01 0.587E-02 0.534E-01 0.334E-02
      3       8       2   65536       4       4 0.222E-01 0.880E-01 0.274E-05 0.501E-05 0.124E-01 0.775E-03 0.942E-02 0.589E-03
      3       8       2    8192       4       4 0.136E-01 0.544E-01 0.203E-05 0.501E-05 0.292E-02 0.182E-03 0.213E-02 0.133E-03
