      2       1     128     128     128       4 0.215E+00 0.861E+00 0.217E+00 0.869E+00 0.853E-01 0.213E-01 0.889E-01 0.222E-01
      2       1      16      16      16       4 0.126E-02 0.498E-02 0.129E-02 0.507E-02 0.567E-04 0.142E-04 0.598E-04 0.150E-04
      2       1     256     256     256       4 0.652E+00 0.261E+01 0.674E+00 0.270E+01 0.105E+01 0.263E+00 0.118E+01 0.295E+00
      2       1      32      32      32       4 0.560E-02 0.223E-01 0.557E-02 0.222E-01 0.764E-03 0.191E-03 0.799E-03 0.200E-03
      2       1     512     512     512       4 0.291E+01 0.117E+02 0.295E+01 0.118E+02 0.938E+01 0.234E+01 0.104E+02 0.259E+01
      2       1      64      64      64       4 0.211E-01 0.843E-01 0.212E-01 0.847E-01 0.743E-02 0.186E-02 0.767E-02 0.192E-02
      2       1       8       8       8       4 0.112E-02 0.440E-02 0.108E-02 0.424E-02 0.644E-05 0.161E-05 0.596E-05 0.149E-05
      2      12     128     128     128       4 0.276E+00 0.110E+01 0.319E+00 0.127E+01 0.207E-01 0.517E-02 0.199E-01 0.497E-02
      2      12      16      16      16       4 0.490E-02 0.184E-01 0.438E-02 0.164E-01 0.349E-03 0.871E-04 0.215E-03 0.538E-04
      2      12     256     256     256       4 0.120E+01 0.479E+01 0.109E+01 0.436E+01 0.133E+00 0.333E-01 0.139E+00 0.349E-01
      2      12      32      32      32       4 0.156E-01 0.596E-01 0.181E-01 0.703E-01 0.562E-03 0.140E-03 0.535E-03 0.134E-03
      2      12     512     512     512       4 0.467E+01 0.187E+02 0.467E+01 0.187E+02 0.115E+01 0.288E+00 0.122E+01 0.306E+00
      2      12      64      64      64       4 0.550E-01 0.218E+00 0.621E-01 0.247E+00 0.240E-02 0.600E-03 0.233E-02 0.582E-03
      2      12       8       8       8       4 0.431E-02 0.160E-01 0.396E-02 0.147E-01 0.353E-03 0.883E-04 0.376E-03 0.940E-04
      2      16     128     128     128       4 0.237E+00 0.943E+00 0.306E+00 0.122E+01 0.143E-01 0.359E-02 0.143E-01 0.357E-02
      2      16      16      16      16       4 0.417E-02 0.155E-01 0.341E-02 0.125E-01 0.293E-03 0.733E-04 0.204E-03 0.510E-04
      2      16     256     256     256       4 0.932E+00 0.372E+01 0.900E+00 0.359E+01 0.134E+00 0.335E-01 0.125E+00 0.313E-01
      2      16      32      32      32       4 0.165E-01 0.638E-01 0.179E-01 0.700E-01 0.876E-03 0.219E-03 0.576E-03 0.144E-03
      2      16     512     512     512       4 0.304E+01 0.122E+02 0.318E+01 0.127E+02 0.939E+00 0.235E+00 0.947E+00 0.237E+00
      2      16      64      64      64       4 0.474E-01 0.188E+00 0.556E-01 0.221E+00 0.198E-02 0.494E-03 0.212E-02 0.529E-03
      2      16       8       8       8       4 0.312E-02 0.112E-01 0.280E-02 0.998E-02 0.228E-03 0.570E-04 0.213E-03 0.533E-04
      2       2     128     128     128       4 0.319E+00 0.128E+01 0.326E+00 0.131E+01 0.504E-01 0.126E-01 0.486E-01 0.121E-01
      2       2      16      16      16       4 0.305E-02 0.120E-01 0.314E-02 0.124E-01 0.133E-03 0.333E-04 0.137E-03 0.343E-04
      2       2     256     256     256       4 0.117E+01 0.468E+01 0.124E+01 0.494E+01 0.602E+00 0.150E+00 0.675E+00 0.169E+00
      2       2      32      32      32       4 0.116E-01 0.460E-01 0.114E-01 0.452E-01 0.572E-03 0.143E-03 0.553E-03 0.138E-03
      2       2     512     512     512       4 0.488E+01 0.195E+02 0.492E+01 0.197E+02 0.514E+01 0.128E+01 0.571E+01 0.143E+01
      2       2      64      64      64       4 0.412E-01 0.165E+00 0.457E-01 0.183E+00 0.473E-02 0.118E-02 0.474E-02 0.118E-02
      2       2       8       8       8       4 0.217E-02 0.854E-02 0.198E-02 0.772E-02 0.780E-04 0.195E-04 0.761E-04 0.190E-04
      2      24     128     128     128       4 0.289E+00 0.114E+01 0.380E+00 0.151E+01 0.186E-01 0.466E-02 0.144E-01 0.361E-02
      2      24      16      16      16       4 0.669E-02 0.245E-01 0.717E-02 0.263E-01 0.659E-03 0.165E-03 0.396E-03 0.989E-04
      2      24     256     256     256       4 0.111E+01 0.441E+01 0.114E+01 0.452E+01 0.107E+00 0.267E-01 0.110E+00 0.275E-01
      2      24      32      32      32       4 0.190E-01 0.730E-01 0.198E-01 0.769E-01 0.934E-03 0.233E-03 0.717E-03 0.179E-03
      2      24     512     512     512       4 0.446E+01 0.178E+02 0.444E+01 0.177E+02 0.101E+01 0.252E+00 0.101E+01 0.252E+00
      2      24      64      64      64       4 0.620E-01 0.245E+00 0.104E+00 0.411E+00 0.166E-02 0.416E-03 0.226E-02 0.566E-03
      2      24       8       8       8       4 0.566E-02 0.214E-01 0.525E-02 0.199E-01 0.246E-03 0.616E-04 0.231E-03 0.578E-04
      2       4     128     128     128       4 0.279E+00 0.112E+01 0.278E+00 0.111E+01 0.293E-01 0.733E-02 0.326E-01 0.814E-02
      2       4      16      16      16       4 0.334E-02 0.130E-01 0.338E-02 0.132E-01 0.135E-03 0.337E-04 0.140E-03 0.350E-04
      2       4     256     256     256       4 0.935E+00 0.374E+01 0.992E+00 0.397E+01 0.313E+00 0.781E-01 0.342E+00 0.856E-01
      2       4      32      32      32       4 0.116E-01 0.460E-01 0.115E-01 0.458E-01 0.556E-03 0.139E-03 0.439E-03 0.110E-03
      2       4     512     512     512       4 0.427E+01 0.171E+02 0.440E+01 0.176E+02 0.270E+01 0.676E+00 0.299E+01 0.747E+00
      2       4      64      64      64       4 0.409E-01 0.163E+00 0.444E-01 0.177E+00 0.266E-02 0.666E-03 0.309E-02 0.771E-03
      2       4       8       8       8       4 0.226E-02 0.869E-02 0.200E-02 0.767E-02 0.620E-04 0.155E-04 0.591E-04 0.148E-04
      2       8     128     128     128       4 0.243E+00 0.969E+00 0.277E+00 0.111E+01 0.200E-01 0.501E-02 0.197E-01 0.493E-02
      2       8      16      16      16       4 0.329E-02 0.125E-01 0.406E-02 0.156E-01 0.138E-03 0.345E-04 0.137E-03 0.342E-04
      2       8     256     256     256       4 0.942E+00 0.377E+01 0.877E+00 0.351E+01 0.181E+00 0.453E-01 0.197E+00 0.492E-01
      2       8      32      32      32       4 0.113E-01 0.439E-01 0.145E-01 0.572E-01 0.580E-03 0.145E-03 0.587E-03 0.147E-03
      2       8     512     512     512       4 0.379E+01 0.152E+02 0.364E+01 0.146E+02 0.143E+01 0.359E+00 0.157E+01 0.392E+00
      2       8      64      64      64       4 0.373E-01 0.149E+00 0.485E-01 0.193E+00 0.258E-02 0.646E-03 0.273E-02 0.683E-03
      2       8       8       8       8       4 0.198E-02 0.734E-02 0.179E-02 0.660E-02 0.982E-04 0.246E-04 0.873E-04 0.218E-04
      3       1     128     128     128       4 0.910E-03 0.344E-02 0.338E-04 0.441E-04 0.547E-01 0.137E-01 0.781E-01 0.195E-01
      3       1      16      16      16       4 0.895E-03 0.357E-02 0.149E-05 0.405E-05 0.839E-04 0.210E-04 0.639E-04 0.160E-04
      3       1     256     256     256       4 0.912E-03 0.340E-02 0.463E-04 0.629E-04 0.645E+00 0.161E+00 0.937E+00 0.234E+00
      3       1      32      32      32       4 0.765E-03 0.305E-02 0.149E-05 0.405E-05 0.707E-03 0.177E-03 0.557E-03 0.139E-03
      3       1     512     512     512       4 0.949E-03 0.346E-02 0.782E-04 0.105E-03 0.630E+01 0.158E+01 0.829E+01 0.207E+01
      3       1      64      64      64       4 0.688E-03 0.272E-02 0.118E-04 0.241E-04 0.523E-02 0.131E-02 0.496E-02 0.124E-02
      3       1       8       8       8       4 0.757E-03 0.302E-02 0.149E-05 0.405E-05 0.200E-04 0.501E-05 0.715E-05 0.179E-05
      3      12     128     128     128       4 0.123E-02 0.473E-02 0.376E-04 0.470E-04 0.708E-02 0.177E-02 0.941E-02 0.235E-02
      3      12      16      16      16       4 0.337E-02 0.135E-01 0.110E-04 0.200E-04 0.234E-03 0.585E-04 0.150E-03 0.376E-04
      3      12     256     256     256       4 0.581E-03 0.205E-02 0.542E-04 0.710E-04 0.827E-01 0.207E-01 0.130E+00 0.324E-01
      3      12      32      32      32       4 0.207E-02 0.824E-02 0.116E-04 0.231E-04 0.377E-03 0.942E-04 0.305E-03 0.762E-04
      3      12     512     512     512       4 0.967E-03 0.352E-02 0.787E-04 0.102E-03 0.101E+01 0.252E+00 0.142E+01 0.355E+00
      3      12      64      64      64       4 0.371E-02 0.148E-01 0.133E-04 0.269E-04 0.123E-02 0.309E-03 0.131E-02 0.327E-03
      3      12       8       8       8       4 0.245E-02 0.980E-02 0.125E-05 0.310E-05 0.279E-04 0.697E-05 0.644E-05 0.161E-05
      3      16     128     128     128       4 0.108E-02 0.410E-02 0.367E-04 0.470E-04 0.644E-02 0.161E-02 0.730E-02 0.182E-02
      3      16      16      16      16       4 0.431E-02 0.172E-01 0.225E-04 0.560E-04 0.283E-03 0.707E-04 0.250E-03 0.625E-04
      3      16     256     256     256       4 0.526E-03 0.182E-02 0.578E-04 0.710E-04 0.685E-01 0.171E-01 0.112E+00 0.280E-01
      3      16      32      32      32       4 0.305E-02 0.122E-01 0.127E-04 0.238E-04 0.349E-03 0.873E-04 0.361E-03 0.903E-04
      3      16     512     512     512       4 0.940E-03 0.342E-02 0.800E-04 0.106E-03 0.819E+00 0.205E+00 0.115E+01 0.288E+00
      3      16      64      64      64       4 0.131E-02 0.520E-02 0.135E-04 0.260E-04 0.135E-02 0.336E-03 0.115E-02 0.287E-03
      3      16       8       8       8       4 0.419E-02 0.168E-01 0.125E-05 0.405E-05 0.279E-04 0.697E-05 0.110E-04 0.274E-05
      3       2     128     128     128       4 0.181E-02 0.702E-02 0.378E-04 0.560E-04 0.302E-01 0.755E-02 0.391E-01 0.977E-02
      3       2      16      16      16       4 0.770E-03 0.308E-02 0.125E-05 0.191E-05 0.839E-04 0.210E-04 0.508E-04 0.127E-04
      3       2     256     256     256       4 0.830E-03 0.302E-02 0.647E-04 0.889E-04 0.350E+00 0.874E-01 0.587E+00 0.147E+00
      3       2      32      32      32       4 0.330E-02 0.131E-01 0.123E-04 0.191E-04 0.441E-03 0.110E-03 0.474E-03 0.118E-03
      3       2     512     512     512       4 0.109E-02 0.402E-02 0.790E-04 0.105E-03 0.365E+01 0.913E+00 0.560E+01 0.140E+01
      3       2      64      64      64       4 0.139E-02 0.550E-02 0.122E-04 0.229E-04 0.367E-02 0.919E-03 0.457E-02 0.114E-02
      3       2       8       8       8       4 0.658E-03 0.263E-02 0.131E-05 0.215E-05 0.210E-04 0.525E-05 0.906E-05 0.226E-05
      3      24     128     128     128       4 0.672E-03 0.247E-02 0.637E-04 0.140E-03 0.647E-02 0.162E-02 0.698E-02 0.175E-02
      3      24      16      16      16       4 0.486E-02 0.194E-01 0.141E-04 0.222E-04 0.261E-03 0.653E-04 0.241E-03 0.601E-04
      3      24     256     256     256       4 0.552E-03 0.192E-02 0.908E-04 0.201E-03 0.603E-01 0.151E-01 0.876E-01 0.219E-01
      3      24      32      32      32       4 0.177E-02 0.702E-02 0.252E-04 0.589E-04 0.706E-03 0.176E-03 0.363E-03 0.908E-04
      3      24     512     512     512       4 0.989E-03 0.360E-02 0.783E-04 0.101E-03 0.661E+00 0.165E+00 0.869E+00 0.217E+00
      3      24      64      64      64       4 0.319E-02 0.127E-01 0.197E-04 0.510E-04 0.144E-02 0.360E-03 0.129E-02 0.323E-03
      3      24       8       8       8       4 0.282E-02 0.113E-01 0.250E-05 0.691E-05 0.329E-04 0.823E-05 0.107E-04 0.268E-05
      3       4     128     128     128       4 0.359E-02 0.142E-01 0.355E-04 0.448E-04 0.165E-01 0.413E-02 0.247E-01 0.618E-02
      3       4      16      16      16       4 0.570E-02 0.228E-01 0.972E-05 0.179E-04 0.172E-03 0.429E-04 0.157E-03 0.392E-04
      3       4     256     256     256       4 0.766E-03 0.275E-02 0.660E-04 0.980E-04 0.190E+00 0.474E-01 0.325E+00 0.813E-01
      3       4      32      32      32       4 0.610E-02 0.244E-01 0.120E-04 0.241E-04 0.426E-03 0.107E-03 0.562E-03 0.140E-03
      3       4     512     512     512       4 0.958E-03 0.347E-02 0.868E-04 0.130E-03 0.215E+01 0.537E+00 0.311E+01 0.777E+00
      3       4      64      64      64       4 0.632E-02 0.252E-01 0.125E-04 0.260E-04 0.290E-02 0.725E-03 0.328E-02 0.820E-03
      3       4       8       8       8       4 0.659E-02 0.264E-01 0.149E-05 0.310E-05 0.238E-04 0.596E-05 0.811E-05 0.203E-05
      3       8     128     128     128       4 0.728E-03 0.269E-02 0.347E-04 0.460E-04 0.924E-02 0.231E-02 0.135E-01 0.338E-02
      3       8      16      16      16       4 0.657E-02 0.262E-01 0.117E-04 0.188E-04 0.173E-03 0.433E-04 0.158E-03 0.395E-04
      3       8     256     256     256       4 0.658E-03 0.236E-02 0.535E-04 0.689E-04 0.105E+00 0.261E-01 0.176E+00 0.440E-01
      3       8      32      32      32       4 0.415E-02 0.166E-01 0.123E-04 0.212E-04 0.358E-03 0.895E-04 0.359E-03 0.898E-04
      3       8     512     512     512       4 0.866E-03 0.311E-02 0.817E-04 0.104E-03 0.129E+01 0.322E+00 0.185E+01 0.463E+00
      3       8      64      64      64       4 0.460E-02 0.184E-01 0.128E-04 0.250E-04 0.127E-02 0.319E-03 0.149E-02 0.373E-03
      3       8       8       8       8       4 0.851E-02 0.340E-01 0.149E-05 0.501E-05 0.229E-04 0.572E-05 0.105E-04 0.262E-05
      4       1     128     128     128       4 0.000E+00 0.000E+00 0.000E+00 0.000E+00 0.000E+00 0.000E+00 0.000E+00 0.000E+00
      4       1      16      16      16       4 0.000E+00 0.000E+00 0.000E+00 0.000E+00 0.000E+00 0.000E+00 0.000E+00 0.000E+00
      4       1     256     256     256       4 0.000E+00 0.000E+00 0.000E+00 0.000E+00 0.000E+00 0.000E+00 0.000E+00 0.000E+00
      4       1      32      32      32       4 0.000E+00 0.000E+00 0.000E+00 0.000E+00 0.000E+00 0.000E+00 0.000E+00 0.000E+00
      4       1     512     512     512       4 0.000E+00 0.000E+00 0.000E+00 0.000E+00 0.000E+00 0.000E+00 0.000E+00 0.000E+00
      4       1      64      64      64       4 0.000E+00 0.000E+00 0.000E+00 0.000E+00 0.000E+00 0.000E+00 0.000E+00 0.000E+00
      4       1       8       8       8       4 0.000E+00 0.000E+00 0.000E+00 0.000E+00 0.000E+00 0.000E+00 0.000E+00 0.000E+00
      4      12     128     128     128       4 0.000E+00 0.000E+00 0.000E+00 0.000E+00 0.000E+00 0.000E+00 0.000E+00 0.000E+00
      4      12      16      16      16       4 0.000E+00 0.000E+00 0.000E+00 0.000E+00 0.000E+00 0.000E+00 0.000E+00 0.000E+00
      4      12     256     256     256       4 0.000E+00 0.000E+00 0.000E+00 0.000E+00 0.000E+00 0.000E+00 0.000E+00 0.000E+00
      4      12      32      32      32       4 0.000E+00 0.000E+00 0.000E+00 0.000E+00 0.000E+00 0.000E+00 0.000E+00 0.000E+00
      4      12     512     512     512       4 0.000E+00 0.000E+00 0.000E+00 0.000E+00 0.000E+00 0.000E+00 0.000E+00 0.000E+00
      4      12      64      64      64       4 0.000E+00 0.000E+00 0.000E+00 0.000E+00 0.000E+00 0.000E+00 0.000E+00 0.000E+00
      4      12       8       8       8       4 0.000E+00 0.000E+00 0.000E+00 0.000E+00 0.000E+00 0.000E+00 0.000E+00 0.000E+00
      4      16     128     128     128       4 0.000E+00 0.000E+00 0.000E+00 0.000E+00 0.000E+00 0.000E+00 0.000E+00 0.000E+00
      4      16      16      16      16       4 0.000E+00 0.000E+00 0.000E+00 0.000E+00 0.000E+00 0.000E+00 0.000E+00 0.000E+00
      4      16     256     256     256       4 0.000E+00 0.000E+00 0.000E+00 0.000E+00 0.000E+00 0.000E+00 0.000E+00 0.000E+00
      4      16      32      32      32       4 0.000E+00 0.000E+00 0.000E+00 0.000E+00 0.000E+00 0.000E+00 0.000E+00 0.000E+00
      4      16     512     512     512       4 0.000E+00 0.000E+00 0.000E+00 0.000E+00 0.000E+00 0.000E+00 0.000E+00 0.000E+00
      4      16      64      64      64       4 0.000E+00 0.000E+00 0.000E+00 0.000E+00 0.000E+00 0.000E+00 0.000E+00 0.000E+00
      4      16       8       8       8       4 0.000E+00 0.000E+00 0.000E+00 0.000E+00 0.000E+00 0.000E+00 0.000E+00 0.000E+00
      4       2     128     128     128       4 0.000E+00 0.000E+00 0.000E+00 0.000E+00 0.000E+00 0.000E+00 0.000E+00 0.000E+00
      4       2      16      16      16       4 0.000E+00 0.000E+00 0.000E+00 0.000E+00 0.000E+00 0.000E+00 0.000E+00 0.000E+00
      4       2     256     256     256       4 0.000E+00 0.000E+00 0.000E+00 0.000E+00 0.000E+00 0.000E+00 0.000E+00 0.000E+00
      4       2      32      32      32       4 0.000E+00 0.000E+00 0.000E+00 0.000E+00 0.000E+00 0.000E+00 0.000E+00 0.000E+00
      4       2     512     512     512       4 0.000E+00 0.000E+00 0.000E+00 0.000E+00 0.000E+00 0.000E+00 0.000E+00 0.000E+00
      4       2      64      64      64       4 0.000E+00 0.000E+00 0.000E+00 0.000E+00 0.000E+00 0.000E+00 0.000E+00 0.000E+00
      4       2       8       8       8       4 0.000E+00 0.000E+00 0.000E+00 0.000E+00 0.000E+00 0.000E+00 0.000E+00 0.000E+00
      4      24     128     128     128       4 0.000E+00 0.000E+00 0.000E+00 0.000E+00 0.000E+00 0.000E+00 0.000E+00 0.000E+00
      4      24      16      16      16       4 0.000E+00 0.000E+00 0.000E+00 0.000E+00 0.000E+00 0.000E+00 0.000E+00 0.000E+00
      4      24     256     256     256       4 0.000E+00 0.000E+00 0.000E+00 0.000E+00 0.000E+00 0.000E+00 0.000E+00 0.000E+00
      4      24      32      32      32       4 0.000E+00 0.000E+00 0.000E+00 0.000E+00 0.000E+00 0.000E+00 0.000E+00 0.000E+00
      4      24     512     512     512       4 0.000E+00 0.000E+00 0.000E+00 0.000E+00 0.000E+00 0.000E+00 0.000E+00 0.000E+00
      4      24      64      64      64       4 0.000E+00 0.000E+00 0.000E+00 0.000E+00 0.000E+00 0.000E+00 0.000E+00 0.000E+00
      4      24       8       8       8       4 0.000E+00 0.000E+00 0.000E+00 0.000E+00 0.000E+00 0.000E+00 0.000E+00 0.000E+00
      4       4     128     128     128       4 0.000E+00 0.000E+00 0.000E+00 0.000E+00 0.000E+00 0.000E+00 0.000E+00 0.000E+00
      4       4      16      16      16       4 0.000E+00 0.000E+00 0.000E+00 0.000E+00 0.000E+00 0.000E+00 0.000E+00 0.000E+00
      4       4     256     256     256       4 0.000E+00 0.000E+00 0.000E+00 0.000E+00 0.000E+00 0.000E+00 0.000E+00 0.000E+00
      4       4      32      32      32       4 0.000E+00 0.000E+00 0.000E+00 0.000E+00 0.000E+00 0.000E+00 0.000E+00 0.000E+00
      4       4     512     512     512       4 0.000E+00 0.000E+00 0.000E+00 0.000E+00 0.000E+00 0.000E+00 0.000E+00 0.000E+00
      4       4      64      64      64       4 0.000E+00 0.000E+00 0.000E+00 0.000E+00 0.000E+00 0.000E+00 0.000E+00 0.000E+00
      4       4       8       8       8       4 0.000E+00 0.000E+00 0.000E+00 0.000E+00 0.000E+00 0.000E+00 0.000E+00 0.000E+00
      4       8     128     128     128       4 0.000E+00 0.000E+00 0.000E+00 0.000E+00 0.000E+00 0.000E+00 0.000E+00 0.000E+00
      4       8      16      16      16       4 0.000E+00 0.000E+00 0.000E+00 0.000E+00 0.000E+00 0.000E+00 0.000E+00 0.000E+00
      4       8     256     256     256       4 0.000E+00 0.000E+00 0.000E+00 0.000E+00 0.000E+00 0.000E+00 0.000E+00 0.000E+00
      4       8      32      32      32       4 0.000E+00 0.000E+00 0.000E+00 0.000E+00 0.000E+00 0.000E+00 0.000E+00 0.000E+00
      4       8     512     512     512       4 0.000E+00 0.000E+00 0.000E+00 0.000E+00 0.000E+00 0.000E+00 0.000E+00 0.000E+00
      4       8      64      64      64       4 0.000E+00 0.000E+00 0.000E+00 0.000E+00 0.000E+00 0.000E+00 0.000E+00 0.000E+00
      4       8       8       8       8       4 0.000E+00 0.000E+00 0.000E+00 0.000E+00 0.000E+00 0.000E+00 0.000E+00 0.000E+00
      2       1     127     127     127       4 0.278E+00 0.111E+01 0.280E+00 0.112E+01 0.600E+00 0.150E+00 0.611E+00 0.153E+00
      2       1      17      17      17       4 0.128E-02 0.500E-02 0.124E-02 0.487E-02 0.223E-03 0.557E-04 0.232E-03 0.580E-04
      2       1     257     257     257       4 0.182E+01 0.729E+01 0.206E+01 0.824E+01 0.733E+01 0.183E+01 0.721E+01 0.180E+01
      2       1      31      31      31       4 0.308E-02 0.122E-01 0.305E-02 0.121E-01 0.211E-02 0.527E-03 0.209E-02 0.522E-03
      2       1     509     509     509       4 0.605E+01 0.242E+02 0.569E+01 0.228E+02 0.745E+02 0.186E+02 0.720E+02 0.180E+02
      2       1      67      67      67       4 0.240E-01 0.958E-01 0.230E-01 0.917E-01 0.405E-01 0.101E-01 0.403E-01 0.101E-01
      2       1       7       7       7       4 0.109E-02 0.425E-02 0.104E-02 0.410E-02 0.620E-05 0.155E-05 0.596E-05 0.149E-05
      2      12     127     127     127       4 0.269E+00 0.108E+01 0.270E+00 0.108E+01 0.866E-01 0.217E-01 0.847E-01 0.212E-01
      2      12      17      17      17       4 0.889E-02 0.338E-01 0.919E-02 0.352E-01 0.296E-03 0.739E-04 0.237E-03 0.594E-04
      2      12     257     257     257       4 0.190E+01 0.757E+01 0.187E+01 0.745E+01 0.102E+01 0.255E+00 0.104E+01 0.259E+00
      2      12      31      31      31       4 0.155E-01 0.598E-01 0.217E-01 0.849E-01 0.773E-03 0.193E-03 0.740E-03 0.185E-03
      2      12     509     509     509       4 0.763E+01 0.305E+02 0.744E+01 0.297E+02 0.825E+01 0.206E+01 0.836E+01 0.209E+01
      2      12      67      67      67       4 0.489E-01 0.194E+00 0.526E-01 0.208E+00 0.810E-02 0.203E-02 0.822E-02 0.206E-02
      2      12       7       7       7       4 0.607E-02 0.237E-01 0.627E-02 0.245E-01 0.124E-03 0.311E-04 0.113E-03 0.283E-04
      2      16     127     127     127       4 0.251E+00 0.100E+01 0.261E+00 0.104E+01 0.610E-01 0.152E-01 0.552E-01 0.138E-01
      2      16      17      17      17       4 0.937E-02 0.356E-01 0.939E-02 0.359E-01 0.374E-03 0.935E-04 0.248E-03 0.620E-04
      2      16     257     257     257       4 0.177E+01 0.707E+01 0.174E+01 0.694E+01 0.944E+00 0.236E+00 0.849E+00 0.212E+00
      2      16      31      31      31       4 0.163E-01 0.634E-01 0.174E-01 0.680E-01 0.863E-03 0.216E-03 0.766E-03 0.191E-03
      2      16     509     509     509       4 0.612E+01 0.244E+02 0.652E+01 0.260E+02 0.825E+01 0.206E+01 0.732E+01 0.183E+01
      2      16      67      67      67       4 0.586E-01 0.231E+00 0.587E-01 0.232E+00 0.780E-02 0.195E-02 0.813E-02 0.203E-02
      2      16       7       7       7       4 0.490E-02 0.181E-01 0.480E-02 0.179E-01 0.487E-03 0.122E-03 0.209E-03 0.523E-04
      2       2     127     127     127       4 0.507E+00 0.203E+01 0.455E+00 0.182E+01 0.347E+00 0.868E-01 0.355E+00 0.888E-01
      2       2      17      17      17       4 0.525E-02 0.207E-01 0.464E-02 0.183E-01 0.227E-03 0.567E-04 0.278E-03 0.695E-04
      2       2     257     257     257       4 0.408E+01 0.163E+02 0.419E+01 0.167E+02 0.397E+01 0.992E+00 0.397E+01 0.993E+00
      2       2      31      31      31       4 0.939E-02 0.371E-01 0.812E-02 0.322E-01 0.145E-02 0.363E-03 0.143E-02 0.359E-03
      2       2     509     509     509       4 0.790E+01 0.316E+02 0.742E+01 0.297E+02 0.398E+02 0.996E+01 0.382E+02 0.954E+01
      2       2      67      67      67       4 0.565E-01 0.225E+00 0.577E-01 0.230E+00 0.255E-01 0.637E-02 0.243E-01 0.609E-02
      2       2       7       7       7       4 0.277E-02 0.109E-01 0.253E-02 0.999E-02 0.432E-04 0.108E-04 0.410E-04 0.103E-04
      2      24     127     127     127       4 0.286E+00 0.114E+01 0.315E+00 0.125E+01 0.607E-01 0.152E-01 0.628E-01 0.157E-01
      2      24      17      17      17       4 0.131E-01 0.481E-01 0.135E-01 0.499E-01 0.890E-03 0.222E-03 0.533E-03 0.133E-03
      2      24     257     257     257       4 0.152E+01 0.605E+01 0.149E+01 0.593E+01 0.656E+00 0.164E+00 0.570E+00 0.142E+00
      2      24      31      31      31       4 0.184E-01 0.703E-01 0.209E-01 0.806E-01 0.119E-02 0.298E-03 0.112E-02 0.280E-03
      2      24     509     509     509       4 0.595E+01 0.237E+02 0.586E+01 0.234E+02 0.496E+01 0.124E+01 0.459E+01 0.115E+01
      2      24      67      67      67       4 0.589E-01 0.229E+00 0.917E-01 0.361E+00 0.882E-02 0.220E-02 0.722E-02 0.181E-02
      2      24       7       7       7       4 0.591E-02 0.220E-01 0.632E-02 0.236E-01 0.307E-03 0.768E-04 0.326E-03 0.815E-04
      2       4     127     127     127       4 0.378E+00 0.151E+01 0.382E+00 0.153E+01 0.183E+00 0.459E-01 0.198E+00 0.494E-01
      2       4      17      17      17       4 0.620E-02 0.243E-01 0.623E-02 0.245E-01 0.262E-03 0.655E-04 0.177E-03 0.443E-04
      2       4     257     257     257       4 0.353E+01 0.141E+02 0.344E+01 0.138E+02 0.215E+01 0.537E+00 0.217E+01 0.541E+00
      2       4      31      31      31       4 0.124E-01 0.490E-01 0.124E-01 0.494E-01 0.827E-03 0.207E-03 0.787E-03 0.197E-03
      2       4     509     509     509       4 0.844E+01 0.337E+02 0.829E+01 0.331E+02 0.210E+02 0.526E+01 0.202E+02 0.505E+01
      2       4      67      67      67       4 0.657E-01 0.262E+00 0.675E-01 0.269E+00 0.198E-01 0.495E-02 0.178E-01 0.444E-02
      2       4       7       7       7       4 0.356E-02 0.139E-01 0.338E-02 0.132E-01 0.882E-04 0.221E-04 0.980E-04 0.245E-04
      2       8     127     127     127       4 0.319E+00 0.127E+01 0.317E+00 0.127E+01 0.103E+00 0.258E-01 0.920E-01 0.230E-01
      2       8      17      17      17       4 0.874E-02 0.337E-01 0.991E-02 0.382E-01 0.293E-03 0.733E-04 0.348E-03 0.870E-04
      2       8     257     257     257       4 0.230E+01 0.919E+01 0.234E+01 0.933E+01 0.129E+01 0.321E+00 0.122E+01 0.306E+00
      2       8      31      31      31       4 0.997E-02 0.389E-01 0.130E-01 0.513E-01 0.775E-03 0.194E-03 0.772E-03 0.193E-03
      2       8     509     509     509       4 0.619E+01 0.248E+02 0.622E+01 0.249E+02 0.126E+02 0.315E+01 0.120E+02 0.301E+01
      2       8      67      67      67       4 0.406E-01 0.161E+00 0.495E-01 0.197E+00 0.113E-01 0.283E-02 0.116E-01 0.291E-02
      2       8       7       7       7       4 0.555E-02 0.217E-01 0.593E-02 0.233E-01 0.124E-03 0.310E-04 0.118E-03 0.294E-04
      3       1     127     127     127       4 0.912E-03 0.336E-02 0.491E-04 0.632E-04 0.230E+00 0.575E-01 0.255E+00 0.639E-01
      3       1      17      17      17       4 0.783E-03 0.311E-02 0.596E-05 0.787E-05 0.346E-03 0.865E-04 0.331E-03 0.828E-04
      3       1     257     257     257       4 0.934E-03 0.334E-02 0.102E-03 0.131E-03 0.305E+01 0.763E+00 0.329E+01 0.823E+00
      3       1      31      31      31       4 0.821E-03 0.325E-02 0.727E-05 0.122E-04 0.289E-02 0.724E-03 0.306E-02 0.764E-03
      3       1     509     509     509       4 0.925E-03 0.317E-02 0.158E-03 0.213E-03 0.207E+02 0.517E+01 0.227E+02 0.567E+01
      3       1      67      67      67       4 0.706E-03 0.279E-02 0.107E-04 0.179E-04 0.655E-01 0.164E-01 0.668E-01 0.167E-01
      3       1       7       7       7       4 0.686E-03 0.274E-02 0.131E-05 0.405E-05 0.203E-04 0.507E-05 0.787E-05 0.197E-05
      3      12     127     127     127       4 0.263E-02 0.101E-01 0.849E-04 0.134E-03 0.244E-01 0.610E-02 0.260E-01 0.649E-02
      3      12      17      17      17       4 0.421E-02 0.168E-01 0.697E-05 0.100E-04 0.340E-03 0.851E-04 0.170E-03 0.424E-04
      3      12     257     257     257       4 0.711E-03 0.223E-02 0.164E-03 0.217E-03 0.305E+00 0.762E-01 0.377E+00 0.943E-01
      3      12      31      31      31       4 0.415E-02 0.166E-01 0.103E-04 0.131E-04 0.669E-03 0.167E-03 0.727E-03 0.182E-03
      3      12     509     509     509       4 0.114E-02 0.400E-02 0.163E-03 0.213E-03 0.209E+01 0.522E+00 0.273E+01 0.683E+00
      3      12      67      67      67       4 0.445E-02 0.177E-01 0.143E-04 0.181E-04 0.743E-02 0.186E-02 0.797E-02 0.199E-02
      3      12       7       7       7       4 0.431E-02 0.172E-01 0.155E-05 0.310E-05 0.253E-04 0.632E-05 0.978E-05 0.244E-05
      3      16     127     127     127       4 0.966E-03 0.359E-02 0.662E-04 0.999E-04 0.183E-01 0.457E-02 0.195E-01 0.488E-02
      3      16      17      17      17       4 0.238E-02 0.948E-02 0.775E-05 0.100E-04 0.374E-03 0.935E-04 0.208E-03 0.521E-04
      3      16     257     257     257       4 0.742E-03 0.232E-02 0.186E-03 0.233E-03 0.250E+00 0.625E-01 0.311E+00 0.777E-01
      3      16      31      31      31       4 0.221E-02 0.882E-02 0.954E-05 0.129E-04 0.932E-03 0.233E-03 0.856E-03 0.214E-03
      3      16     509     509     509       4 0.119E-02 0.402E-02 0.224E-03 0.237E-03 0.158E+01 0.396E+00 0.215E+01 0.538E+00
      3      16      67      67      67       4 0.327E-02 0.130E-01 0.210E-04 0.360E-04 0.741E-02 0.185E-02 0.780E-02 0.195E-02
      3      16       7       7       7       4 0.525E-02 0.210E-01 0.119E-05 0.286E-05 0.248E-04 0.620E-05 0.811E-05 0.203E-05
      3       2     127     127     127       4 0.115E-02 0.433E-02 0.672E-04 0.930E-04 0.118E+00 0.295E-01 0.124E+00 0.311E-01
      3       2      17      17      17       4 0.360E-02 0.144E-01 0.596E-05 0.100E-04 0.299E-03 0.747E-04 0.231E-03 0.578E-04
      3       2     257     257     257       4 0.871E-03 0.307E-02 0.107E-03 0.133E-03 0.156E+01 0.389E+00 0.172E+01 0.429E+00
      3       2      31      31      31       4 0.312E-02 0.125E-01 0.829E-05 0.119E-04 0.171E-02 0.429E-03 0.173E-02 0.433E-03
      3       2     509     509     509       4 0.104E-02 0.360E-02 0.162E-03 0.217E-03 0.107E+02 0.267E+01 0.121E+02 0.302E+01
      3       2      67      67      67       4 0.117E-02 0.463E-02 0.129E-04 0.169E-04 0.341E-01 0.852E-02 0.357E-01 0.891E-02
      3       2       7       7       7       4 0.362E-02 0.145E-01 0.954E-06 0.191E-05 0.222E-04 0.554E-05 0.691E-05 0.173E-05
      3      24     127     127     127       4 0.605E-03 0.213E-02 0.577E-04 0.710E-04 0.257E-01 0.642E-02 0.272E-01 0.681E-02
      3      24      17      17      17       4 0.305E-02 0.122E-01 0.906E-05 0.141E-04 0.418E-03 0.105E-03 0.212E-03 0.529E-04
      3      24     257     257     257       4 0.525E-03 0.164E-02 0.122E-03 0.156E-03 0.302E+00 0.756E-01 0.372E+00 0.931E-01
      3      24      31      31      31       4 0.399E-02 0.159E-01 0.108E-04 0.141E-04 0.769E-03 0.192E-03 0.758E-03 0.189E-03
      3      24     509     509     509       4 0.116E-02 0.406E-02 0.167E-03 0.224E-03 0.142E+01 0.355E+00 0.180E+01 0.451E+00
      3      24      67      67      67       4 0.411E-02 0.163E-01 0.235E-04 0.479E-04 0.525E-02 0.131E-02 0.588E-02 0.147E-02
      3      24       7       7       7       4 0.417E-02 0.167E-01 0.179E-05 0.310E-05 0.331E-04 0.829E-05 0.978E-05 0.244E-05
      3       4     127     127     127       4 0.154E-02 0.587E-02 0.550E-04 0.660E-04 0.622E-01 0.156E-01 0.665E-01 0.166E-01
      3       4      17      17      17       4 0.566E-02 0.226E-01 0.721E-05 0.100E-04 0.340E-03 0.849E-04 0.244E-03 0.609E-04
      3       4     257     257     257       4 0.823E-03 0.287E-02 0.122E-03 0.191E-03 0.804E+00 0.201E+00 0.913E+00 0.228E+00
      3       4      31      31      31       4 0.343E-02 0.137E-01 0.936E-05 0.122E-04 0.134E-02 0.334E-03 0.134E-02 0.335E-03
      3       4     509     509     509       4 0.962E-03 0.329E-02 0.163E-03 0.215E-03 0.554E+01 0.138E+01 0.646E+01 0.161E+01
      3       4      67      67      67       4 0.447E-02 0.178E-01 0.141E-04 0.172E-04 0.180E-01 0.449E-02 0.190E-01 0.475E-02
      3       4       7       7       7       4 0.358E-02 0.143E-01 0.131E-05 0.215E-05 0.222E-04 0.554E-05 0.930E-05 0.232E-05
      3       8     127     127     127       4 0.894E-03 0.331E-02 0.548E-04 0.651E-04 0.361E-01 0.901E-02 0.358E-01 0.894E-02
      3       8      17      17      17       4 0.639E-02 0.256E-01 0.721E-05 0.100E-04 0.318E-03 0.796E-04 0.181E-03 0.452E-04
      3       8     257     257     257       4 0.723E-03 0.244E-02 0.122E-03 0.143E-03 0.435E+00 0.109E+00 0.514E+00 0.129E+00
      3       8      31      31      31       4 0.433E-02 0.173E-01 0.966E-05 0.131E-04 0.911E-03 0.228E-03 0.842E-03 0.211E-03
      3       8     509     509     509       4 0.122E-02 0.406E-02 0.216E-03 0.230E-03 0.310E+01 0.776E+00 0.373E+01 0.932E+00
      3       8      67      67      67       4 0.708E-02 0.282E-01 0.194E-04 0.300E-04 0.107E-01 0.267E-02 0.112E-01 0.281E-02
      3       8       7       7       7       4 0.451E-02 0.180E-01 0.173E-05 0.501E-05 0.238E-04 0.596E-05 0.103E-04 0.256E-05
      4       1     127     127     127       4 0.000E+00 0.000E+00 0.000E+00 0.000E+00 0.000E+00 0.000E+00 0.000E+00 0.000E+00
      4       1      17      17      17       4 0.000E+00 0.000E+00 0.000E+00 0.000E+00 0.000E+00 0.000E+00 0.000E+00 0.000E+00
      4       1     257     257     257       4 0.000E+00 0.000E+00 0.000E+00 0.000E+00 0.000E+00 0.000E+00 0.000E+00 0.000E+00
      4       1      31      31      31       4 0.000E+00 0.000E+00 0.000E+00 0.000E+00 0.000E+00 0.000E+00 0.000E+00 0.000E+00
      4       1     509     509     509       4 0.000E+00 0.000E+00 0.000E+00 0.000E+00 0.000E+00 0.000E+00 0.000E+00 0.000E+00
      4       1      67      67      67       4 0.000E+00 0.000E+00 0.000E+00 0.000E+00 0.000E+00 0.000E+00 0.000E+00 0.000E+00
      4       1       7       7       7       4 0.000E+00 0.000E+00 0.000E+00 0.000E+00 0.000E+00 0.000E+00 0.000E+00 0.000E+00
      4      12     127     127     127       4 0.000E+00 0.000E+00 0.000E+00 0.000E+00 0.000E+00 0.000E+00 0.000E+00 0.000E+00
      4      12      17      17      17       4 0.000E+00 0.000E+00 0.000E+00 0.000E+00 0.000E+00 0.000E+00 0.000E+00 0.000E+00
      4      12     257     257     257       4 0.000E+00 0.000E+00 0.000E+00 0.000E+00 0.000E+00 0.000E+00 0.000E+00 0.000E+00
      4      12      31      31      31       4 0.000E+00 0.000E+00 0.000E+00 0.000E+00 0.000E+00 0.000E+00 0.000E+00 0.000E+00
      4      12     509     509     509       4 0.000E+00 0.000E+00 0.000E+00 0.000E+00 0.000E+00 0.000E+00 0.000E+00 0.000E+00
      4      12      67      67      67       4 0.000E+00 0.000E+00 0.000E+00 0.000E+00 0.000E+00 0.000E+00 0.000E+00 0.000E+00
      4      12       7       7       7       4 0.000E+00 0.000E+00 0.000E+00 0.000E+00 0.000E+00 0.000E+00 0.000E+00 0.000E+00
      4      16     127     127     127       4 0.000E+00 0.000E+00 0.000E+00 0.000E+00 0.000E+00 0.000E+00 0.000E+00 0.000E+00
      4      16      17      17      17       4 0.000E+00 0.000E+00 0.000E+00 0.000E+00 0.000E+00 0.000E+00 0.000E+00 0.000E+00
      4      16     257     257     257       4 0.000E+00 0.000E+00 0.000E+00 0.000E+00 0.000E+00 0.000E+00 0.000E+00 0.000E+00
      4      16      31      31      31       4 0.000E+00 0.000E+00 0.000E+00 0.000E+00 0.000E+00 0.000E+00 0.000E+00 0.000E+00
      4      16     509     509     509       4 0.000E+00 0.000E+00 0.000E+00 0.000E+00 0.000E+00 0.000E+00 0.000E+00 0.000E+00
      4      16      67      67      67       4 0.000E+00 0.000E+00 0.000E+00 0.000E+00 0.000E+00 0.000E+00 0.000E+00 0.000E+00
      4      16       7       7       7       4 0.000E+00 0.000E+00 0.000E+00 0.000E+00 0.000E+00 0.000E+00 0.000E+00 0.000E+00
      4       2     127     127     127       4 0.000E+00 0.000E+00 0.000E+00 0.000E+00 0.000E+00 0.000E+00 0.000E+00 0.000E+00
      4       2      17      17      17       4 0.000E+00 0.000E+00 0.000E+00 0.000E+00 0.000E+00 0.000E+00 0.000E+00 0.000E+00
      4       2     257     257     257       4 0.000E+00 0.000E+00 0.000E+00 0.000E+00 0.000E+00 0.000E+00 0.000E+00 0.000E+00
      4       2      31      31      31       4 0.000E+00 0.000E+00 0.000E+00 0.000E+00 0.000E+00 0.000E+00 0.000E+00 0.000E+00
      4       2     509     509     509       4 0.000E+00 0.000E+00 0.000E+00 0.000E+00 0.000E+00 0.000E+00 0.000E+00 0.000E+00
      4       2      67      67      67       4 0.000E+00 0.000E+00 0.000E+00 0.000E+00 0.000E+00 0.000E+00 0.000E+00 0.000E+00
      4       2       7       7       7       4 0.000E+00 0.000E+00 0.000E+00 0.000E+00 0.000E+00 0.000E+00 0.000E+00 0.000E+00
      4      24     127     127     127       4 0.000E+00 0.000E+00 0.000E+00 0.000E+00 0.000E+00 0.000E+00 0.000E+00 0.000E+00
      4      24      17      17      17       4 0.000E+00 0.000E+00 0.000E+00 0.000E+00 0.000E+00 0.000E+00 0.000E+00 0.000E+00
      4      24     257     257     257       4 0.000E+00 0.000E+00 0.000E+00 0.000E+00 0.000E+00 0.000E+00 0.000E+00 0.000E+00
      4      24      31      31      31       4 0.000E+00 0.000E+00 0.000E+00 0.000E+00 0.000E+00 0.000E+00 0.000E+00 0.000E+00
      4      24     509     509     509       4 0.000E+00 0.000E+00 0.000E+00 0.000E+00 0.000E+00 0.000E+00 0.000E+00 0.000E+00
      4      24      67      67      67       4 0.000E+00 0.000E+00 0.000E+00 0.000E+00 0.000E+00 0.000E+00 0.000E+00 0.000E+00
      4      24       7       7       7       4 0.000E+00 0.000E+00 0.000E+00 0.000E+00 0.000E+00 0.000E+00 0.000E+00 0.000E+00
      4       4     127     127     127       4 0.000E+00 0.000E+00 0.000E+00 0.000E+00 0.000E+00 0.000E+00 0.000E+00 0.000E+00
      4       4      17      17      17       4 0.000E+00 0.000E+00 0.000E+00 0.000E+00 0.000E+00 0.000E+00 0.000E+00 0.000E+00
      4       4     257     257     257       4 0.000E+00 0.000E+00 0.000E+00 0.000E+00 0.000E+00 0.000E+00 0.000E+00 0.000E+00
      4       4      31      31      31       4 0.000E+00 0.000E+00 0.000E+00 0.000E+00 0.000E+00 0.000E+00 0.000E+00 0.000E+00
      4       4     509     509     509       4 0.000E+00 0.000E+00 0.000E+00 0.000E+00 0.000E+00 0.000E+00 0.000E+00 0.000E+00
      4       4      67      67      67       4 0.000E+00 0.000E+00 0.000E+00 0.000E+00 0.000E+00 0.000E+00 0.000E+00 0.000E+00
      4       4       7       7       7       4 0.000E+00 0.000E+00 0.000E+00 0.000E+00 0.000E+00 0.000E+00 0.000E+00 0.000E+00
      4       8     127     127     127       4 0.000E+00 0.000E+00 0.000E+00 0.000E+00 0.000E+00 0.000E+00 0.000E+00 0.000E+00
      4       8      17      17      17       4 0.000E+00 0.000E+00 0.000E+00 0.000E+00 0.000E+00 0.000E+00 0.000E+00 0.000E+00
      4       8     257     257     257       4 0.000E+00 0.000E+00 0.000E+00 0.000E+00 0.000E+00 0.000E+00 0.000E+00 0.000E+00
      4       8      31      31      31       4 0.000E+00 0.000E+00 0.000E+00 0.000E+00 0.000E+00 0.000E+00 0.000E+00 0.000E+00
      4       8     509     509     509       4 0.000E+00 0.000E+00 0.000E+00 0.000E+00 0.000E+00 0.000E+00 0.000E+00 0.000E+00
      4       8      67      67      67       4 0.000E+00 0.000E+00 0.000E+00 0.000E+00 0.000E+00 0.000E+00 0.000E+00 0.000E+00
      4       8       7       7       7       4 0.000E+00 0.000E+00 0.000E+00 0.000E+00 0.000E+00 0.000E+00 0.000E+00 0.000E+00
