      2       1     128     128     128       4 0.218E+00 0.873E+00 0.220E+00 0.881E+00 0.842E-01 0.210E-01 0.887E-01 0.222E-01
      2       1      16      16      16       4 0.130E-02 0.511E-02 0.129E-02 0.509E-02 0.563E-04 0.141E-04 0.620E-04 0.155E-04
      2       1     256     256     256       4 0.643E+00 0.257E+01 0.649E+00 0.260E+01 0.105E+01 0.262E+00 0.118E+01 0.296E+00
      2       1      32      32      32       4 0.564E-02 0.224E-01 0.553E-02 0.221E-01 0.745E-03 0.186E-03 0.781E-03 0.195E-03
      2       1     512     512     512       4 0.290E+01 0.116E+02 0.293E+01 0.117E+02 0.937E+01 0.234E+01 0.102E+02 0.255E+01
      2       1      64      64      64       4 0.210E-01 0.837E-01 0.213E-01 0.851E-01 0.751E-02 0.188E-02 0.766E-02 0.192E-02
      2       1       8       8       8       4 0.113E-02 0.444E-02 0.107E-02 0.422E-02 0.620E-05 0.155E-05 0.668E-05 0.167E-05
      2      12     128     128     128       4 0.274E+00 0.109E+01 0.328E+00 0.131E+01 0.199E-01 0.498E-02 0.182E-01 0.454E-02
      2      12      16      16      16       4 0.462E-02 0.173E-01 0.445E-02 0.167E-01 0.227E-03 0.567E-04 0.258E-03 0.646E-04
      2      12     256     256     256       4 0.107E+01 0.425E+01 0.111E+01 0.442E+01 0.166E+00 0.415E-01 0.140E+00 0.349E-01
      2      12      32      32      32       4 0.174E-01 0.673E-01 0.201E-01 0.788E-01 0.836E-03 0.209E-03 0.536E-03 0.134E-03
      2      12     512     512     512       4 0.460E+01 0.184E+02 0.466E+01 0.186E+02 0.113E+01 0.283E+00 0.122E+01 0.305E+00
      2      12      64      64      64       4 0.483E-01 0.191E+00 0.545E-01 0.216E+00 0.162E-02 0.406E-03 0.173E-02 0.433E-03
      2      12       8       8       8       4 0.426E-02 0.158E-01 0.405E-02 0.151E-01 0.356E-03 0.889E-04 0.386E-03 0.965E-04
      2      16     128     128     128       4 0.238E+00 0.949E+00 0.318E+00 0.127E+01 0.170E-01 0.424E-02 0.193E-01 0.481E-02
      2      16      16      16      16       4 0.415E-02 0.155E-01 0.343E-02 0.125E-01 0.272E-03 0.680E-04 0.207E-03 0.518E-04
      2      16     256     256     256       4 0.874E+00 0.349E+01 0.847E+00 0.338E+01 0.150E+00 0.375E-01 0.156E+00 0.391E-01
      2      16      32      32      32       4 0.147E-01 0.558E-01 0.160E-01 0.620E-01 0.703E-03 0.176E-03 0.626E-03 0.157E-03
      2      16     512     512     512       4 0.348E+01 0.139E+02 0.297E+01 0.119E+02 0.110E+01 0.274E+00 0.981E+00 0.245E+00
      2      16      64      64      64       4 0.446E-01 0.177E+00 0.522E-01 0.207E+00 0.176E-02 0.440E-03 0.186E-02 0.464E-03
      2      16       8       8       8       4 0.287E-02 0.102E-01 0.277E-02 0.989E-02 0.226E-03 0.564E-04 0.219E-03 0.548E-04
      2       2     128     128     128       4 0.320E+00 0.128E+01 0.332E+00 0.133E+01 0.470E-01 0.117E-01 0.486E-01 0.122E-01
      2       2      16      16      16       4 0.245E-02 0.959E-02 0.246E-02 0.968E-02 0.811E-04 0.203E-04 0.839E-04 0.210E-04
      2       2     256     256     256       4 0.112E+01 0.447E+01 0.122E+01 0.487E+01 0.599E+00 0.150E+00 0.673E+00 0.168E+00
      2       2      32      32      32       4 0.116E-01 0.463E-01 0.115E-01 0.459E-01 0.567E-03 0.142E-03 0.548E-03 0.137E-03
      2       2     512     512     512       4 0.508E+01 0.203E+02 0.493E+01 0.197E+02 0.517E+01 0.129E+01 0.576E+01 0.144E+01
      2       2      64      64      64       4 0.334E-01 0.133E+00 0.339E-01 0.136E+00 0.407E-02 0.102E-02 0.451E-02 0.113E-02
      2       2       8       8       8       4 0.218E-02 0.854E-02 0.198E-02 0.770E-02 0.751E-04 0.188E-04 0.763E-04 0.191E-04
      2      24     128     128     128       4 0.281E+00 0.111E+01 0.380E+00 0.151E+01 0.152E-01 0.380E-02 0.152E-01 0.379E-02
      2      24      16      16      16       4 0.694E-02 0.254E-01 0.699E-02 0.256E-01 0.536E-03 0.134E-03 0.473E-03 0.118E-03
      2      24     256     256     256       4 0.110E+01 0.439E+01 0.117E+01 0.464E+01 0.105E+00 0.262E-01 0.101E+00 0.253E-01
      2      24      32      32      32       4 0.184E-01 0.707E-01 0.206E-01 0.800E-01 0.104E-02 0.260E-03 0.764E-03 0.191E-03
      2      24     512     512     512       4 0.446E+01 0.178E+02 0.441E+01 0.176E+02 0.132E+01 0.330E+00 0.900E+00 0.225E+00
      2      24      64      64      64       4 0.552E-01 0.218E+00 0.878E-01 0.347E+00 0.186E-02 0.465E-03 0.204E-02 0.511E-03
      2      24       8       8       8       4 0.629E-02 0.240E-01 0.528E-02 0.199E-01 0.288E-03 0.721E-04 0.248E-03 0.620E-04
      2       4     128     128     128       4 0.273E+00 0.109E+01 0.277E+00 0.111E+01 0.323E-01 0.808E-02 0.329E-01 0.822E-02
      2       4      16      16      16       4 0.331E-02 0.129E-01 0.327E-02 0.127E-01 0.141E-03 0.352E-04 0.144E-03 0.360E-04
      2       4     256     256     256       4 0.934E+00 0.373E+01 0.965E+00 0.386E+01 0.331E+00 0.827E-01 0.343E+00 0.857E-01
      2       4      32      32      32       4 0.115E-01 0.454E-01 0.115E-01 0.455E-01 0.639E-03 0.160E-03 0.578E-03 0.145E-03
      2       4     512     512     512       4 0.449E+01 0.180E+02 0.429E+01 0.171E+02 0.275E+01 0.688E+00 0.302E+01 0.756E+00
      2       4      64      64      64       4 0.415E-01 0.165E+00 0.444E-01 0.177E+00 0.272E-02 0.680E-03 0.306E-02 0.766E-03
      2       4       8       8       8       4 0.239E-02 0.921E-02 0.216E-02 0.832E-02 0.882E-04 0.221E-04 0.982E-04 0.246E-04
      2       8     128     128     128       4 0.248E+00 0.989E+00 0.288E+00 0.115E+01 0.264E-01 0.659E-02 0.261E-01 0.651E-02
      2       8      16      16      16       4 0.318E-02 0.121E-01 0.382E-02 0.146E-01 0.136E-03 0.340E-04 0.130E-03 0.325E-04
      2       8     256     256     256       4 0.912E+00 0.364E+01 0.896E+00 0.358E+01 0.186E+00 0.465E-01 0.195E+00 0.487E-01
      2       8      32      32      32       4 0.114E-01 0.445E-01 0.137E-01 0.543E-01 0.717E-03 0.179E-03 0.605E-03 0.151E-03
      2       8     512     512     512       4 0.387E+01 0.155E+02 0.379E+01 0.152E+02 0.147E+01 0.367E+00 0.163E+01 0.408E+00
      2       8      64      64      64       4 0.339E-01 0.135E+00 0.438E-01 0.174E+00 0.263E-02 0.657E-03 0.282E-02 0.705E-03
      2       8       8       8       8       4 0.199E-02 0.737E-02 0.181E-02 0.667E-02 0.978E-04 0.244E-04 0.963E-04 0.241E-04
      3       1     128     128     128       4 0.875E-03 0.330E-02 0.335E-04 0.451E-04 0.543E-01 0.136E-01 0.783E-01 0.196E-01
      3       1      16      16      16       4 0.803E-03 0.321E-02 0.101E-05 0.310E-05 0.830E-04 0.207E-04 0.510E-04 0.128E-04
      3       1     256     256     256       4 0.910E-03 0.338E-02 0.471E-04 0.639E-04 0.656E+00 0.164E+00 0.949E+00 0.237E+00
      3       1      32      32      32       4 0.690E-03 0.275E-02 0.125E-05 0.286E-05 0.654E-03 0.163E-03 0.559E-03 0.140E-03
      3       1     512     512     512       4 0.842E-03 0.303E-02 0.775E-04 0.104E-03 0.635E+01 0.159E+01 0.830E+01 0.207E+01
      3       1      64      64      64       4 0.952E-03 0.377E-02 0.156E-04 0.241E-04 0.506E-02 0.126E-02 0.496E-02 0.124E-02
      3       1       8       8       8       4 0.751E-03 0.300E-02 0.155E-05 0.405E-05 0.212E-04 0.530E-05 0.906E-05 0.226E-05
      3      12     128     128     128       4 0.127E-02 0.487E-02 0.372E-04 0.470E-04 0.716E-02 0.179E-02 0.930E-02 0.232E-02
      3      12      16      16      16       4 0.432E-02 0.172E-01 0.105E-04 0.200E-04 0.216E-03 0.539E-04 0.165E-03 0.412E-04
      3      12     256     256     256       4 0.567E-03 0.198E-02 0.554E-04 0.730E-04 0.795E-01 0.199E-01 0.132E+00 0.330E-01
      3      12      32      32      32       4 0.425E-02 0.170E-01 0.125E-04 0.229E-04 0.352E-03 0.880E-04 0.359E-03 0.897E-04
      3      12     512     512     512       4 0.970E-03 0.352E-02 0.780E-04 0.102E-03 0.103E+01 0.256E+00 0.140E+01 0.350E+00
      3      12      64      64      64       4 0.411E-02 0.164E-01 0.136E-04 0.241E-04 0.115E-02 0.288E-03 0.133E-02 0.332E-03
      3      12       8       8       8       4 0.446E-02 0.178E-01 0.775E-06 0.191E-05 0.279E-04 0.697E-05 0.906E-05 0.226E-05
      3      16     128     128     128       4 0.566E-03 0.204E-02 0.365E-04 0.501E-04 0.602E-02 0.151E-02 0.686E-02 0.172E-02
      3      16      16      16      16       4 0.339E-02 0.135E-01 0.113E-04 0.200E-04 0.254E-03 0.635E-04 0.204E-03 0.510E-04
      3      16     256     256     256       4 0.632E-03 0.225E-02 0.650E-04 0.103E-03 0.701E-01 0.175E-01 0.111E+00 0.276E-01
      3      16      32      32      32       4 0.521E-02 0.208E-01 0.155E-04 0.231E-04 0.381E-03 0.953E-04 0.333E-03 0.833E-04
      3      16     512     512     512       4 0.993E-03 0.358E-02 0.103E-03 0.117E-03 0.804E+00 0.201E+00 0.108E+01 0.270E+00
      3      16      64      64      64       4 0.342E-02 0.136E-01 0.128E-04 0.241E-04 0.137E-02 0.344E-03 0.119E-02 0.297E-03
      3      16       8       8       8       4 0.439E-02 0.175E-01 0.143E-05 0.381E-05 0.331E-04 0.829E-05 0.138E-04 0.346E-05
      3       2     128     128     128       4 0.107E-02 0.410E-02 0.330E-04 0.420E-04 0.302E-01 0.754E-02 0.392E-01 0.979E-02
      3       2      16      16      16       4 0.647E-03 0.258E-02 0.131E-05 0.310E-05 0.820E-04 0.205E-04 0.622E-04 0.156E-04
      3       2     256     256     256       4 0.791E-03 0.287E-02 0.643E-04 0.911E-04 0.359E+00 0.897E-01 0.625E+00 0.156E+00
      3       2      32      32      32       4 0.333E-02 0.133E-01 0.153E-04 0.269E-04 0.447E-03 0.112E-03 0.465E-03 0.116E-03
      3       2     512     512     512       4 0.104E-02 0.377E-02 0.105E-03 0.117E-03 0.366E+01 0.915E+00 0.568E+01 0.142E+01
      3       2      64      64      64       4 0.157E-02 0.622E-02 0.180E-04 0.350E-04 0.296E-02 0.740E-03 0.307E-02 0.767E-03
      3       2       8       8       8       4 0.654E-03 0.261E-02 0.125E-05 0.215E-05 0.219E-04 0.548E-05 0.906E-05 0.226E-05
      3      24     128     128     128       4 0.191E-02 0.740E-02 0.370E-04 0.498E-04 0.666E-02 0.167E-02 0.718E-02 0.179E-02
      3      24      16      16      16       4 0.432E-02 0.172E-01 0.262E-04 0.699E-04 0.268E-03 0.670E-04 0.204E-03 0.510E-04
      3      24     256     256     256       4 0.511E-03 0.163E-02 0.905E-04 0.168E-03 0.723E-01 0.181E-01 0.998E-01 0.250E-01
      3      24      32      32      32       4 0.686E-02 0.274E-01 0.210E-04 0.432E-04 0.715E-03 0.179E-03 0.420E-03 0.105E-03
      3      24     512     512     512       4 0.937E-03 0.341E-02 0.778E-04 0.102E-03 0.650E+00 0.162E+00 0.943E+00 0.236E+00
      3      24      64      64      64       4 0.460E-02 0.184E-01 0.193E-04 0.501E-04 0.128E-02 0.320E-03 0.120E-02 0.301E-03
      3      24       8       8       8       4 0.616E-02 0.246E-01 0.149E-05 0.286E-05 0.288E-04 0.721E-05 0.129E-04 0.322E-05
      3       4     128     128     128       4 0.300E-02 0.118E-01 0.337E-04 0.439E-04 0.162E-01 0.404E-02 0.224E-01 0.560E-02
      3       4      16      16      16       4 0.572E-02 0.228E-01 0.103E-04 0.181E-04 0.161E-03 0.403E-04 0.145E-03 0.362E-04
      3       4     256     256     256       4 0.757E-03 0.274E-02 0.504E-04 0.639E-04 0.187E+00 0.467E-01 0.318E+00 0.796E-01
      3       4      32      32      32       4 0.632E-02 0.252E-01 0.135E-04 0.219E-04 0.352E-03 0.880E-04 0.471E-03 0.118E-03
      3       4     512     512     512       4 0.969E-03 0.351E-02 0.802E-04 0.103E-03 0.210E+01 0.525E+00 0.284E+01 0.710E+00
      3       4      64      64      64       4 0.336E-02 0.134E-01 0.125E-04 0.260E-04 0.204E-02 0.511E-03 0.284E-02 0.709E-03
      3       4       8       8       8       4 0.757E-02 0.303E-01 0.715E-06 0.191E-05 0.219E-04 0.548E-05 0.739E-05 0.185E-05
      3       8     128     128     128       4 0.176E-02 0.682E-02 0.357E-04 0.489E-04 0.924E-02 0.231E-02 0.119E-01 0.299E-02
      3       8      16      16      16       4 0.457E-02 0.183E-01 0.104E-04 0.200E-04 0.214E-03 0.535E-04 0.145E-03 0.362E-04
      3       8     256     256     256       4 0.683E-03 0.241E-02 0.718E-04 0.113E-03 0.106E+00 0.265E-01 0.175E+00 0.439E-01
      3       8      32      32      32       4 0.547E-02 0.218E-01 0.221E-04 0.482E-04 0.373E-03 0.933E-04 0.347E-03 0.867E-04
      3       8     512     512     512       4 0.109E-02 0.401E-02 0.825E-04 0.105E-03 0.130E+01 0.324E+00 0.185E+01 0.463E+00
      3       8      64      64      64       4 0.400E-02 0.160E-01 0.130E-04 0.260E-04 0.133E-02 0.332E-03 0.156E-02 0.390E-03
      3       8       8       8       8       4 0.847E-02 0.339E-01 0.226E-05 0.596E-05 0.277E-04 0.691E-05 0.110E-04 0.274E-05
      4       1     128     128     128       4 0.000E+00 0.000E+00 0.000E+00 0.000E+00 0.000E+00 0.000E+00 0.000E+00 0.000E+00
      4       1      16      16      16       4 0.000E+00 0.000E+00 0.000E+00 0.000E+00 0.000E+00 0.000E+00 0.000E+00 0.000E+00
      4       1     256     256     256       4 0.000E+00 0.000E+00 0.000E+00 0.000E+00 0.000E+00 0.000E+00 0.000E+00 0.000E+00
      4       1      32      32      32       4 0.000E+00 0.000E+00 0.000E+00 0.000E+00 0.000E+00 0.000E+00 0.000E+00 0.000E+00
      4       1     512     512     512       4 0.000E+00 0.000E+00 0.000E+00 0.000E+00 0.000E+00 0.000E+00 0.000E+00 0.000E+00
      4       1      64      64      64       4 0.000E+00 0.000E+00 0.000E+00 0.000E+00 0.000E+00 0.000E+00 0.000E+00 0.000E+00
      4       1       8       8       8       4 0.000E+00 0.000E+00 0.000E+00 0.000E+00 0.000E+00 0.000E+00 0.000E+00 0.000E+00
      4      12     128     128     128       4 0.000E+00 0.000E+00 0.000E+00 0.000E+00 0.000E+00 0.000E+00 0.000E+00 0.000E+00
      4      12      16      16      16       4 0.000E+00 0.000E+00 0.000E+00 0.000E+00 0.000E+00 0.000E+00 0.000E+00 0.000E+00
      4      12     256     256     256       4 0.000E+00 0.000E+00 0.000E+00 0.000E+00 0.000E+00 0.000E+00 0.000E+00 0.000E+00
      4      12      32      32      32       4 0.000E+00 0.000E+00 0.000E+00 0.000E+00 0.000E+00 0.000E+00 0.000E+00 0.000E+00
      4      12     512     512     512       4 0.000E+00 0.000E+00 0.000E+00 0.000E+00 0.000E+00 0.000E+00 0.000E+00 0.000E+00
      4      12      64      64      64       4 0.000E+00 0.000E+00 0.000E+00 0.000E+00 0.000E+00 0.000E+00 0.000E+00 0.000E+00
      4      12       8       8       8       4 0.000E+00 0.000E+00 0.000E+00 0.000E+00 0.000E+00 0.000E+00 0.000E+00 0.000E+00
      4      16     128     128     128       4 0.000E+00 0.000E+00 0.000E+00 0.000E+00 0.000E+00 0.000E+00 0.000E+00 0.000E+00
      4      16      16      16      16       4 0.000E+00 0.000E+00 0.000E+00 0.000E+00 0.000E+00 0.000E+00 0.000E+00 0.000E+00
      4      16     256     256     256       4 0.000E+00 0.000E+00 0.000E+00 0.000E+00 0.000E+00 0.000E+00 0.000E+00 0.000E+00
      4      16      32      32      32       4 0.000E+00 0.000E+00 0.000E+00 0.000E+00 0.000E+00 0.000E+00 0.000E+00 0.000E+00
      4      16     512     512     512       4 0.000E+00 0.000E+00 0.000E+00 0.000E+00 0.000E+00 0.000E+00 0.000E+00 0.000E+00
      4      16      64      64      64       4 0.000E+00 0.000E+00 0.000E+00 0.000E+00 0.000E+00 0.000E+00 0.000E+00 0.000E+00
      4      16       8       8       8       4 0.000E+00 0.000E+00 0.000E+00 0.000E+00 0.000E+00 0.000E+00 0.000E+00 0.000E+00
      4       2     128     128     128       4 0.000E+00 0.000E+00 0.000E+00 0.000E+00 0.000E+00 0.000E+00 0.000E+00 0.000E+00
      4       2      16      16      16       4 0.000E+00 0.000E+00 0.000E+00 0.000E+00 0.000E+00 0.000E+00 0.000E+00 0.000E+00
      4       2     256     256     256       4 0.000E+00 0.000E+00 0.000E+00 0.000E+00 0.000E+00 0.000E+00 0.000E+00 0.000E+00
      4       2      32      32      32       4 0.000E+00 0.000E+00 0.000E+00 0.000E+00 0.000E+00 0.000E+00 0.000E+00 0.000E+00
      4       2     512     512     512       4 0.000E+00 0.000E+00 0.000E+00 0.000E+00 0.000E+00 0.000E+00 0.000E+00 0.000E+00
      4       2      64      64      64       4 0.000E+00 0.000E+00 0.000E+00 0.000E+00 0.000E+00 0.000E+00 0.000E+00 0.000E+00
      4       2       8       8       8       4 0.000E+00 0.000E+00 0.000E+00 0.000E+00 0.000E+00 0.000E+00 0.000E+00 0.000E+00
      4      24     128     128     128       4 0.000E+00 0.000E+00 0.000E+00 0.000E+00 0.000E+00 0.000E+00 0.000E+00 0.000E+00
      4      24      16      16      16       4 0.000E+00 0.000E+00 0.000E+00 0.000E+00 0.000E+00 0.000E+00 0.000E+00 0.000E+00
      4      24     256     256     256       4 0.000E+00 0.000E+00 0.000E+00 0.000E+00 0.000E+00 0.000E+00 0.000E+00 0.000E+00
      4      24      32      32      32       4 0.000E+00 0.000E+00 0.000E+00 0.000E+00 0.000E+00 0.000E+00 0.000E+00 0.000E+00
      4      24     512     512     512       4 0.000E+00 0.000E+00 0.000E+00 0.000E+00 0.000E+00 0.000E+00 0.000E+00 0.000E+00
      4      24      64      64      64       4 0.000E+00 0.000E+00 0.000E+00 0.000E+00 0.000E+00 0.000E+00 0.000E+00 0.000E+00
      4      24       8       8       8       4 0.000E+00 0.000E+00 0.000E+00 0.000E+00 0.000E+00 0.000E+00 0.000E+00 0.000E+00
      4       4     128     128     128       4 0.000E+00 0.000E+00 0.000E+00 0.000E+00 0.000E+00 0.000E+00 0.000E+00 0.000E+00
      4       4      16      16      16       4 0.000E+00 0.000E+00 0.000E+00 0.000E+00 0.000E+00 0.000E+00 0.000E+00 0.000E+00
      4       4     256     256     256       4 0.000E+00 0.000E+00 0.000E+00 0.000E+00 0.000E+00 0.000E+00 0.000E+00 0.000E+00
      4       4      32      32      32       4 0.000E+00 0.000E+00 0.000E+00 0.000E+00 0.000E+00 0.000E+00 0.000E+00 0.000E+00
      4       4     512     512     512       4 0.000E+00 0.000E+00 0.000E+00 0.000E+00 0.000E+00 0.000E+00 0.000E+00 0.000E+00
      4       4      64      64      64       4 0.000E+00 0.000E+00 0.000E+00 0.000E+00 0.000E+00 0.000E+00 0.000E+00 0.000E+00
      4       4       8       8       8       4 0.000E+00 0.000E+00 0.000E+00 0.000E+00 0.000E+00 0.000E+00 0.000E+00 0.000E+00
      4       8     128     128     128       4 0.000E+00 0.000E+00 0.000E+00 0.000E+00 0.000E+00 0.000E+00 0.000E+00 0.000E+00
      4       8      16      16      16       4 0.000E+00 0.000E+00 0.000E+00 0.000E+00 0.000E+00 0.000E+00 0.000E+00 0.000E+00
      4       8     256     256     256       4 0.000E+00 0.000E+00 0.000E+00 0.000E+00 0.000E+00 0.000E+00 0.000E+00 0.000E+00
      4       8      32      32      32       4 0.000E+00 0.000E+00 0.000E+00 0.000E+00 0.000E+00 0.000E+00 0.000E+00 0.000E+00
      4       8     512     512     512       4 0.000E+00 0.000E+00 0.000E+00 0.000E+00 0.000E+00 0.000E+00 0.000E+00 0.000E+00
      4       8      64      64      64       4 0.000E+00 0.000E+00 0.000E+00 0.000E+00 0.000E+00 0.000E+00 0.000E+00 0.000E+00
      4       8       8       8       8       4 0.000E+00 0.000E+00 0.000E+00 0.000E+00 0.000E+00 0.000E+00 0.000E+00 0.000E+00
