      2       1    1021    1021       4       4 0.340E+00 0.136E+01 0.311E+00 0.125E+01 0.803E+00 0.502E-01 0.813E+00 0.508E-01
      2       1     127     127       4       4 0.309E-01 0.123E+00 0.260E-01 0.104E+00 0.999E-02 0.624E-03 0.995E-02 0.622E-03
      2       1    2053    2053       4       4 0.206E+01 0.824E+01 0.182E+01 0.726E+01 0.498E+01 0.311E+00 0.498E+01 0.311E+00
      2       1     257     257       4       4 0.108E+00 0.433E+00 0.113E+00 0.451E+00 0.513E-01 0.321E-02 0.511E-01 0.320E-02
      2       1      31      31       4       4 0.115E-01 0.460E-01 0.113E-01 0.453E-01 0.464E-03 0.290E-04 0.466E-03 0.291E-04
      2       1    4099    4099       4       4 0.240E+01 0.961E+01 0.171E+01 0.685E+01 0.229E+02 0.143E+01 0.228E+02 0.142E+01
      2       1     509     509       4       4 0.110E+00 0.441E+00 0.105E+00 0.420E+00 0.176E+00 0.110E-01 0.175E+00 0.110E-01
      2       1      67      67       4       4 0.871E-02 0.346E-01 0.776E-02 0.308E-01 0.352E-02 0.220E-03 0.346E-02 0.216E-03
      2      12    1021    1021       4       4 0.359E+00 0.142E+01 0.351E+00 0.139E+01 0.115E+00 0.722E-02 0.113E+00 0.705E-02
      2      12     127     127       4       4 0.483E-01 0.189E+00 0.456E-01 0.179E+00 0.614E-02 0.384E-03 0.607E-02 0.380E-03
      2      12    2053    2053       4       4 0.136E+01 0.541E+01 0.124E+01 0.496E+01 0.101E+01 0.633E-01 0.969E+00 0.606E-01
      2      12     257     257       4       4 0.411E+00 0.164E+01 0.451E+00 0.180E+01 0.161E-01 0.100E-02 0.154E-01 0.963E-03
      2      12      31      31       4       4 0.241E-01 0.953E-01 0.231E-01 0.914E-01 0.113E-02 0.706E-04 0.111E-02 0.693E-04
      2      12    4099    4099       4       4 0.449E+01 0.179E+02 0.435E+01 0.174E+02 0.350E+01 0.219E+00 0.334E+01 0.209E+00
      2      12     509     509       4       4 0.178E+00 0.709E+00 0.189E+00 0.749E+00 0.365E-01 0.228E-02 0.349E-01 0.218E-02
      2      12      67      67       4       4 0.323E-01 0.126E+00 0.307E-01 0.120E+00 0.250E-02 0.156E-03 0.248E-02 0.155E-03
      2      16    1021    1021       4       4 0.375E+00 0.149E+01 0.393E+00 0.156E+01 0.108E+00 0.674E-02 0.100E+00 0.627E-02
      2      16     127     127       4       4 0.661E-01 0.260E+00 0.622E-01 0.244E+00 0.443E-02 0.277E-03 0.419E-02 0.262E-03
      2      16    2053    2053       4       4 0.146E+01 0.581E+01 0.135E+01 0.539E+01 0.658E+00 0.411E-01 0.658E+00 0.411E-01
      2      16     257     257       4       4 0.462E+00 0.184E+01 0.519E+00 0.207E+01 0.146E-01 0.911E-03 0.144E-01 0.898E-03
      2      16      31      31       4       4 0.325E-01 0.129E+00 0.320E-01 0.127E+00 0.117E-02 0.731E-04 0.111E-02 0.693E-04
      2      16    4099    4099       4       4 0.449E+01 0.179E+02 0.427E+01 0.170E+02 0.377E+01 0.236E+00 0.296E+01 0.185E+00
      2      16     509     509       4       4 0.161E+00 0.635E+00 0.160E+00 0.633E+00 0.318E-01 0.198E-02 0.316E-01 0.198E-02
      2      16      67      67       4       4 0.360E-01 0.137E+00 0.347E-01 0.132E+00 0.222E-02 0.139E-03 0.205E-02 0.128E-03
      2       2    1021    1021       4       4 0.507E+00 0.203E+01 0.456E+00 0.182E+01 0.504E+00 0.315E-01 0.505E+00 0.315E-01
      2       2     127     127       4       4 0.362E-01 0.144E+00 0.154E-01 0.612E-01 0.720E-02 0.450E-03 0.701E-02 0.438E-03
      2       2    2053    2053       4       4 0.284E+01 0.114E+02 0.240E+01 0.961E+01 0.313E+01 0.196E+00 0.314E+01 0.196E+00
      2       2     257     257       4       4 0.171E+00 0.684E+00 0.175E+00 0.699E+00 0.333E-01 0.208E-02 0.331E-01 0.207E-02
      2       2      31      31       4       4 0.130E-01 0.519E-01 0.129E-01 0.512E-01 0.417E-03 0.261E-04 0.504E-03 0.315E-04
      2       2    4099    4099       4       4 0.510E+01 0.204E+02 0.348E+01 0.139E+02 0.143E+02 0.894E+00 0.143E+02 0.892E+00
      2       2     509     509       4       4 0.162E+00 0.647E+00 0.145E+00 0.578E+00 0.117E+00 0.731E-02 0.117E+00 0.728E-02
      2       2      67      67       4       4 0.106E-01 0.419E-01 0.479E-02 0.187E-01 0.221E-02 0.138E-03 0.221E-02 0.138E-03
      2      24    1021    1021       4       4 0.429E+00 0.168E+01 0.418E+00 0.164E+01 0.134E+00 0.838E-02 0.113E+00 0.708E-02
      2      24     127     127       4       4 0.922E-01 0.357E+00 0.910E-01 0.353E+00 0.502E-02 0.314E-03 0.470E-02 0.294E-03
      2      24    2053    2053       4       4 0.160E+01 0.635E+01 0.152E+01 0.600E+01 0.549E+00 0.343E-01 0.529E+00 0.331E-01
      2      24     257     257       4       4 0.609E+00 0.242E+01 0.655E+00 0.261E+01 0.150E-01 0.935E-03 0.146E-01 0.911E-03
      2      24      31      31       4       4 0.405E-01 0.161E+00 0.409E-01 0.162E+00 0.157E-02 0.983E-04 0.147E-02 0.919E-04
      2      24    4099    4099       4       4 0.460E+01 0.183E+02 0.438E+01 0.175E+02 0.256E+01 0.160E+00 0.215E+01 0.134E+00
      2      24     509     509       4       4 0.241E+00 0.951E+00 0.239E+00 0.944E+00 0.359E-01 0.224E-02 0.363E-01 0.227E-02
      2      24      67      67       4       4 0.479E-01 0.175E+00 0.497E-01 0.182E+00 0.459E-02 0.287E-03 0.424E-02 0.265E-03
      2       4    1021    1021       4       4 0.362E+00 0.144E+01 0.335E+00 0.134E+01 0.292E+00 0.183E-01 0.271E+00 0.169E-01
      2       4     127     127       4       4 0.339E-01 0.134E+00 0.137E-01 0.539E-01 0.539E-02 0.337E-03 0.555E-02 0.347E-03
      2       4    2053    2053       4       4 0.182E+01 0.729E+01 0.145E+01 0.578E+01 0.198E+01 0.123E+00 0.197E+01 0.123E+00
      2       4     257     257       4       4 0.231E+00 0.920E+00 0.240E+00 0.957E+00 0.252E-01 0.157E-02 0.269E-01 0.168E-02
      2       4      31      31       4       4 0.129E-01 0.512E-01 0.127E-01 0.506E-01 0.555E-03 0.347E-04 0.545E-03 0.341E-04
      2       4    4099    4099       4       4 0.486E+01 0.194E+02 0.344E+01 0.137E+02 0.106E+02 0.663E+00 0.104E+02 0.653E+00
      2       4     509     509       4       4 0.139E+00 0.553E+00 0.131E+00 0.521E+00 0.758E-01 0.474E-02 0.780E-01 0.488E-02
      2       4      67      67       4       4 0.175E-01 0.689E-01 0.148E-01 0.583E-01 0.171E-02 0.107E-03 0.175E-02 0.109E-03
      2       8    1021    1021       4       4 0.313E+00 0.125E+01 0.295E+00 0.117E+01 0.169E+00 0.105E-01 0.161E+00 0.100E-01
      2       8     127     127       4       4 0.462E-01 0.183E+00 0.432E-01 0.170E+00 0.572E-02 0.357E-03 0.553E-02 0.346E-03
      2       8    2053    2053       4       4 0.161E+01 0.642E+01 0.144E+01 0.574E+01 0.871E+00 0.544E-01 0.108E+01 0.675E-01
      2       8     257     257       4       4 0.337E+00 0.135E+01 0.353E+00 0.141E+01 0.178E-01 0.112E-02 0.176E-01 0.110E-02
      2       8      31      31       4       4 0.209E-01 0.829E-01 0.228E-01 0.910E-01 0.646E-03 0.404E-04 0.627E-03 0.392E-04
      2       8    4099    4099       4       4 0.433E+01 0.173E+02 0.447E+01 0.179E+02 0.429E+01 0.268E+00 0.407E+01 0.255E+00
      2       8     509     509       4       4 0.129E+00 0.512E+00 0.139E+00 0.551E+00 0.358E-01 0.224E-02 0.360E-01 0.225E-02
      2       8      67      67       4       4 0.178E-01 0.695E-01 0.165E-01 0.640E-01 0.219E-02 0.137E-03 0.213E-02 0.133E-03
      3       1    1021    1021       4       4 0.112E-02 0.398E-02 0.144E-03 0.179E-03 0.726E+00 0.453E-01 0.748E+00 0.468E-01
      3       1     127     127       4       4 0.817E-03 0.321E-02 0.200E-04 0.281E-04 0.660E-02 0.413E-03 0.708E-02 0.443E-03
      3       1    2053    2053       4       4 0.129E-02 0.374E-02 0.402E-03 0.408E-03 0.451E+01 0.282E+00 0.462E+01 0.289E+00
      3       1     257     257       4       4 0.886E-03 0.342E-02 0.444E-04 0.749E-04 0.420E-01 0.262E-02 0.434E-01 0.271E-02
      3       1      31      31       4       4 0.900E-03 0.358E-02 0.471E-05 0.787E-05 0.176E-03 0.110E-04 0.138E-03 0.863E-05
      3       1    4099    4099       4       4 0.213E-02 0.472E-02 0.116E-02 0.119E-02 0.337E+02 0.211E+01 0.342E+02 0.213E+01
      3       1     509     509       4       4 0.941E-03 0.348E-02 0.693E-04 0.911E-04 0.143E+00 0.891E-02 0.148E+00 0.926E-02
      3       1      67      67       4       4 0.700E-03 0.277E-02 0.590E-05 0.978E-05 0.403E-02 0.252E-03 0.403E-02 0.252E-03
      3      12    1021    1021       4       4 0.168E-02 0.596E-02 0.211E-03 0.233E-03 0.830E-01 0.519E-02 0.833E-01 0.520E-02
      3      12     127     127       4       4 0.266E-02 0.105E-01 0.272E-04 0.319E-04 0.136E-02 0.847E-04 0.116E-02 0.728E-04
      3      12    2053    2053       4       4 0.104E-02 0.251E-02 0.462E-03 0.486E-03 0.474E+00 0.296E-01 0.474E+00 0.296E-01
      3      12     257     257       4       4 0.152E-02 0.589E-02 0.568E-04 0.689E-04 0.638E-02 0.399E-03 0.608E-02 0.380E-03
      3      12      31      31       4       4 0.515E-02 0.206E-01 0.566E-05 0.100E-04 0.373E-03 0.233E-04 0.176E-03 0.110E-04
      3      12    4099    4099       4       4 0.197E-02 0.360E-02 0.132E-02 0.132E-02 0.341E+01 0.213E+00 0.346E+01 0.216E+00
      3      12     509     509       4       4 0.670E-02 0.264E-01 0.117E-03 0.133E-03 0.176E-01 0.110E-02 0.178E-01 0.111E-02
      3      12      67      67       4       4 0.420E-02 0.168E-01 0.829E-05 0.112E-04 0.968E-03 0.605E-04 0.871E-03 0.544E-04
      3      16    1021    1021       4       4 0.145E-02 0.524E-02 0.171E-03 0.208E-03 0.623E-01 0.390E-02 0.617E-01 0.386E-02
      3      16     127     127       4       4 0.333E-02 0.132E-01 0.265E-04 0.319E-04 0.162E-02 0.101E-03 0.138E-02 0.860E-04
      3      16    2053    2053       4       4 0.986E-03 0.228E-02 0.461E-03 0.486E-03 0.363E+00 0.227E-01 0.366E+00 0.229E-01
      3      16     257     257       4       4 0.168E-02 0.649E-02 0.703E-04 0.868E-04 0.550E-02 0.344E-03 0.510E-02 0.319E-03
      3      16      31      31       4       4 0.340E-02 0.136E-01 0.513E-05 0.787E-05 0.473E-03 0.296E-04 0.227E-03 0.142E-04
      3      16    4099    4099       4       4 0.225E-02 0.431E-02 0.152E-02 0.181E-02 0.261E+01 0.163E+00 0.265E+01 0.165E+00
      3      16     509     509       4       4 0.826E-03 0.295E-02 0.110E-03 0.136E-03 0.154E-01 0.965E-03 0.147E-01 0.917E-03
      3      16      67      67       4       4 0.489E-02 0.195E-01 0.900E-05 0.110E-04 0.953E-03 0.595E-04 0.115E-02 0.719E-04
      3       2    1021    1021       4       4 0.986E-03 0.319E-02 0.184E-03 0.193E-03 0.387E+00 0.242E-01 0.397E+00 0.248E-01
      3       2     127     127       4       4 0.277E-02 0.110E-01 0.257E-04 0.379E-04 0.380E-02 0.238E-03 0.388E-02 0.243E-03
      3       2    2053    2053       4       4 0.120E-02 0.336E-02 0.406E-03 0.425E-03 0.235E+01 0.147E+00 0.241E+01 0.150E+00
      3       2     257     257       4       4 0.131E-02 0.503E-02 0.578E-04 0.670E-04 0.230E-01 0.144E-02 0.239E-01 0.149E-02
      3       2      31      31       4       4 0.685E-03 0.271E-02 0.519E-05 0.882E-05 0.206E-03 0.129E-04 0.143E-03 0.893E-05
      3       2    4099    4099       4       4 0.211E-02 0.442E-02 0.121E-02 0.126E-02 0.173E+02 0.108E+01 0.177E+02 0.110E+01
      3       2     509     509       4       4 0.109E-02 0.404E-02 0.975E-04 0.104E-03 0.747E-01 0.467E-02 0.770E-01 0.481E-02
      3       2      67      67       4       4 0.301E-02 0.120E-01 0.852E-05 0.119E-04 0.252E-02 0.157E-03 0.246E-02 0.154E-03
      3      24    1021    1021       4       4 0.150E-02 0.521E-02 0.235E-03 0.280E-03 0.822E-01 0.514E-02 0.816E-01 0.510E-02
      3      24     127     127       4       4 0.393E-02 0.156E-01 0.293E-04 0.350E-04 0.154E-02 0.964E-04 0.115E-02 0.719E-04
      3      24    2053    2053       4       4 0.105E-02 0.254E-02 0.501E-03 0.605E-03 0.501E+00 0.313E-01 0.507E+00 0.317E-01
      3      24     257     257       4       4 0.455E-02 0.180E-01 0.715E-04 0.119E-03 0.612E-02 0.382E-03 0.534E-02 0.334E-03
      3      24      31      31       4       4 0.405E-02 0.162E-01 0.697E-05 0.119E-04 0.550E-03 0.344E-04 0.260E-03 0.163E-04
      3      24    4099    4099       4       4 0.230E-02 0.414E-02 0.161E-02 0.201E-02 0.353E+01 0.221E+00 0.357E+01 0.223E+00
      3      24     509     509       4       4 0.346E-02 0.134E-01 0.125E-03 0.141E-03 0.199E-01 0.124E-02 0.193E-01 0.121E-02
      3      24      67      67       4       4 0.487E-02 0.194E-01 0.876E-05 0.119E-04 0.116E-02 0.722E-04 0.152E-02 0.947E-04
      3       4    1021    1021       4       4 0.854E-03 0.292E-02 0.153E-03 0.197E-03 0.204E+00 0.127E-01 0.210E+00 0.131E-01
      3       4     127     127       4       4 0.274E-02 0.109E-01 0.245E-04 0.329E-04 0.320E-02 0.200E-03 0.324E-02 0.203E-03
      3       4    2053    2053       4       4 0.108E-02 0.314E-02 0.407E-03 0.441E-03 0.125E+01 0.778E-01 0.128E+01 0.798E-01
      3       4     257     257       4       4 0.638E-02 0.254E-01 0.497E-04 0.620E-04 0.125E-01 0.778E-03 0.128E-01 0.802E-03
      3       4      31      31       4       4 0.459E-02 0.183E-01 0.525E-05 0.811E-05 0.319E-03 0.200E-04 0.192E-03 0.120E-04
      3       4    4099    4099       4       4 0.200E-02 0.414E-02 0.118E-02 0.120E-02 0.907E+01 0.567E+00 0.920E+01 0.575E+00
      3       4     509     509       4       4 0.330E-02 0.129E-01 0.100E-03 0.108E-03 0.412E-01 0.258E-02 0.416E-01 0.260E-02
      3       4      67      67       4       4 0.335E-02 0.134E-01 0.823E-05 0.110E-04 0.180E-02 0.112E-03 0.167E-02 0.104E-03
      3       8    1021    1021       4       4 0.119E-02 0.397E-02 0.205E-03 0.244E-03 0.115E+00 0.720E-02 0.116E+00 0.727E-02
      3       8     127     127       4       4 0.393E-02 0.156E-01 0.377E-04 0.451E-04 0.225E-02 0.141E-03 0.215E-02 0.134E-03
      3       8    2053    2053       4       4 0.993E-03 0.291E-02 0.394E-03 0.426E-03 0.647E+00 0.404E-01 0.658E+00 0.411E-01
      3       8     257     257       4       4 0.460E-02 0.181E-01 0.677E-04 0.939E-04 0.849E-02 0.530E-03 0.836E-02 0.523E-03
      3       8      31      31       4       4 0.442E-02 0.177E-01 0.548E-05 0.906E-05 0.311E-03 0.194E-04 0.198E-03 0.124E-04
      3       8    4099    4099       4       4 0.205E-02 0.410E-02 0.124E-02 0.126E-02 0.480E+01 0.300E+00 0.487E+01 0.304E+00
      3       8     509     509       4       4 0.121E-02 0.453E-02 0.868E-04 0.100E-03 0.227E-01 0.142E-02 0.229E-01 0.143E-02
      3       8      67      67       4       4 0.433E-02 0.173E-01 0.775E-05 0.100E-04 0.122E-02 0.760E-04 0.111E-02 0.693E-04
