      2       1    1021    1021       4       4 0.341E+00 0.136E+01 0.312E+00 0.125E+01 0.780E+00 0.488E-01 0.789E+00 0.493E-01
      2       1     127     127       4       4 0.308E-01 0.123E+00 0.263E-01 0.105E+00 0.975E-02 0.609E-03 0.965E-02 0.603E-03
      2       1    2053    2053       4       4 0.208E+01 0.830E+01 0.182E+01 0.727E+01 0.507E+01 0.317E+00 0.507E+01 0.317E+00
      2       1     257     257       4       4 0.108E+00 0.433E+00 0.114E+00 0.455E+00 0.504E-01 0.315E-02 0.505E-01 0.316E-02
      2       1      31      31       4       4 0.115E-01 0.458E-01 0.113E-01 0.450E-01 0.462E-03 0.289E-04 0.461E-03 0.288E-04
      2       1    4099    4099       4       4 0.240E+01 0.958E+01 0.169E+01 0.674E+01 0.230E+02 0.144E+01 0.231E+02 0.144E+01
      2       1     509     509       4       4 0.109E+00 0.437E+00 0.105E+00 0.419E+00 0.176E+00 0.110E-01 0.174E+00 0.109E-01
      2       1      67      67       4       4 0.875E-02 0.347E-01 0.298E-02 0.117E-01 0.362E-02 0.226E-03 0.356E-02 0.222E-03
      2      12    1021    1021       4       4 0.360E+00 0.143E+01 0.354E+00 0.140E+01 0.133E+00 0.830E-02 0.131E+00 0.816E-02
      2      12     127     127       4       4 0.482E-01 0.189E+00 0.462E-01 0.182E+00 0.444E-02 0.277E-03 0.441E-02 0.275E-03
      2      12    2053    2053       4       4 0.138E+01 0.549E+01 0.126E+01 0.501E+01 0.649E+00 0.405E-01 0.613E+00 0.383E-01
      2      12     257     257       4       4 0.413E+00 0.165E+01 0.434E+00 0.173E+01 0.160E-01 0.998E-03 0.156E-01 0.972E-03
      2      12      31      31       4       4 0.230E-01 0.910E-01 0.232E-01 0.919E-01 0.891E-03 0.557E-04 0.917E-03 0.573E-04
      2      12    4099    4099       4       4 0.440E+01 0.176E+02 0.436E+01 0.174E+02 0.342E+01 0.214E+00 0.330E+01 0.206E+00
      2      12     509     509       4       4 0.173E+00 0.685E+00 0.175E+00 0.696E+00 0.417E-01 0.260E-02 0.412E-01 0.257E-02
      2      12      67      67       4       4 0.319E-01 0.125E+00 0.308E-01 0.120E+00 0.230E-02 0.144E-03 0.225E-02 0.141E-03
      2      16    1021    1021       4       4 0.367E+00 0.145E+01 0.338E+00 0.134E+01 0.126E+00 0.790E-02 0.125E+00 0.784E-02
      2      16     127     127       4       4 0.696E-01 0.271E+00 0.632E-01 0.246E+00 0.479E-02 0.300E-03 0.433E-02 0.271E-03
      2      16    2053    2053       4       4 0.143E+01 0.568E+01 0.138E+01 0.549E+01 0.832E+00 0.520E-01 0.786E+00 0.491E-01
      2      16     257     257       4       4 0.476E+00 0.189E+01 0.534E+00 0.213E+01 0.160E-01 0.999E-03 0.140E-01 0.874E-03
      2      16      31      31       4       4 0.326E-01 0.130E+00 0.319E-01 0.127E+00 0.958E-03 0.599E-04 0.912E-03 0.570E-04
      2      16    4099    4099       4       4 0.450E+01 0.180E+02 0.420E+01 0.167E+02 0.399E+01 0.249E+00 0.313E+01 0.196E+00
      2      16     509     509       4       4 0.156E+00 0.619E+00 0.160E+00 0.632E+00 0.307E-01 0.192E-02 0.307E-01 0.192E-02
      2      16      67      67       4       4 0.368E-01 0.139E+00 0.368E-01 0.139E+00 0.271E-02 0.170E-03 0.235E-02 0.147E-03
      2       2    1021    1021       4       4 0.516E+00 0.206E+01 0.441E+00 0.176E+01 0.502E+00 0.314E-01 0.506E+00 0.316E-01
      2       2     127     127       4       4 0.349E-01 0.139E+00 0.294E-01 0.117E+00 0.600E-02 0.375E-03 0.605E-02 0.378E-03
      2       2    2053    2053       4       4 0.276E+01 0.111E+02 0.241E+01 0.963E+01 0.308E+01 0.192E+00 0.306E+01 0.191E+00
      2       2     257     257       4       4 0.172E+00 0.685E+00 0.178E+00 0.709E+00 0.329E-01 0.206E-02 0.327E-01 0.204E-02
      2       2      31      31       4       4 0.133E-01 0.532E-01 0.130E-01 0.520E-01 0.654E-03 0.408E-04 0.676E-03 0.422E-04
      2       2    4099    4099       4       4 0.511E+01 0.204E+02 0.349E+01 0.140E+02 0.146E+02 0.910E+00 0.146E+02 0.914E+00
      2       2     509     509       4       4 0.164E+00 0.657E+00 0.145E+00 0.578E+00 0.118E+00 0.739E-02 0.118E+00 0.738E-02
      2       2      67      67       4       4 0.115E-01 0.453E-01 0.970E-02 0.383E-01 0.256E-02 0.160E-03 0.258E-02 0.161E-03
      2      24    1021    1021       4       4 0.421E+00 0.166E+01 0.420E+00 0.165E+01 0.903E-01 0.565E-02 0.923E-01 0.577E-02
      2      24     127     127       4       4 0.877E-01 0.337E+00 0.903E-01 0.348E+00 0.480E-02 0.300E-03 0.439E-02 0.274E-03
      2      24    2053    2053       4       4 0.154E+01 0.610E+01 0.154E+01 0.610E+01 0.534E+00 0.334E-01 0.527E+00 0.329E-01
      2      24     257     257       4       4 0.588E+00 0.234E+01 0.659E+00 0.262E+01 0.145E-01 0.906E-03 0.140E-01 0.877E-03
      2      24      31      31       4       4 0.412E-01 0.163E+00 0.409E-01 0.162E+00 0.181E-02 0.113E-03 0.180E-02 0.113E-03
      2      24    4099    4099       4       4 0.462E+01 0.184E+02 0.433E+01 0.172E+02 0.262E+01 0.164E+00 0.205E+01 0.128E+00
      2      24     509     509       4       4 0.232E+00 0.914E+00 0.236E+00 0.931E+00 0.333E-01 0.208E-02 0.334E-01 0.209E-02
      2      24      67      67       4       4 0.412E-01 0.154E+00 0.401E-01 0.150E+00 0.270E-02 0.169E-03 0.251E-02 0.157E-03
      2       4    1021    1021       4       4 0.360E+00 0.143E+01 0.352E+00 0.140E+01 0.278E+00 0.174E-01 0.292E+00 0.182E-01
      2       4     127     127       4       4 0.334E-01 0.132E+00 0.279E-01 0.111E+00 0.454E-02 0.284E-03 0.434E-02 0.271E-03
      2       4    2053    2053       4       4 0.180E+01 0.721E+01 0.143E+01 0.571E+01 0.198E+01 0.124E+00 0.197E+01 0.123E+00
      2       4     257     257       4       4 0.228E+00 0.911E+00 0.247E+00 0.988E+00 0.182E-01 0.114E-02 0.176E-01 0.110E-02
      2       4      31      31       4       4 0.128E-01 0.508E-01 0.127E-01 0.507E-01 0.540E-03 0.337E-04 0.530E-03 0.331E-04
      2       4    4099    4099       4       4 0.506E+01 0.202E+02 0.341E+01 0.136E+02 0.945E+01 0.590E+00 0.929E+01 0.581E+00
      2       4     509     509       4       4 0.134E+00 0.535E+00 0.130E+00 0.517E+00 0.728E-01 0.455E-02 0.714E-01 0.446E-02
      2       4      67      67       4       4 0.188E-01 0.741E-01 0.157E-01 0.619E-01 0.173E-02 0.108E-03 0.172E-02 0.107E-03
      2       8    1021    1021       4       4 0.305E+00 0.121E+01 0.284E+00 0.113E+01 0.146E+00 0.912E-02 0.137E+00 0.856E-02
      2       8     127     127       4       4 0.475E-01 0.188E+00 0.491E-01 0.194E+00 0.391E-02 0.245E-03 0.371E-02 0.232E-03
      2       8    2053    2053       4       4 0.150E+01 0.596E+01 0.139E+01 0.553E+01 0.111E+01 0.696E-01 0.111E+01 0.694E-01
      2       8     257     257       4       4 0.325E+00 0.130E+01 0.356E+00 0.142E+01 0.173E-01 0.108E-02 0.169E-01 0.106E-02
      2       8      31      31       4       4 0.207E-01 0.822E-01 0.207E-01 0.824E-01 0.558E-03 0.349E-04 0.531E-03 0.332E-04
      2       8    4099    4099       4       4 0.432E+01 0.173E+02 0.438E+01 0.175E+02 0.429E+01 0.268E+00 0.409E+01 0.256E+00
      2       8     509     509       4       4 0.132E+00 0.524E+00 0.131E+00 0.521E+00 0.428E-01 0.268E-02 0.434E-01 0.272E-02
      2       8      67      67       4       4 0.179E-01 0.696E-01 0.163E-01 0.633E-01 0.194E-02 0.121E-03 0.202E-02 0.126E-03
      3       1    1021    1021       4       4 0.111E-02 0.396E-02 0.144E-03 0.178E-03 0.724E+00 0.452E-01 0.747E+00 0.467E-01
      3       1     127     127       4       4 0.823E-03 0.323E-02 0.208E-04 0.300E-04 0.675E-02 0.422E-03 0.688E-02 0.430E-03
      3       1    2053    2053       4       4 0.144E-02 0.439E-02 0.400E-03 0.413E-03 0.449E+01 0.280E+00 0.460E+01 0.288E+00
      3       1     257     257       4       4 0.755E-03 0.288E-02 0.407E-04 0.610E-04 0.422E-01 0.264E-02 0.434E-01 0.271E-02
      3       1      31      31       4       4 0.679E-03 0.270E-02 0.453E-05 0.811E-05 0.179E-03 0.112E-04 0.137E-03 0.858E-05
      3       1    4099    4099       4       4 0.202E-02 0.433E-02 0.116E-02 0.118E-02 0.337E+02 0.210E+01 0.342E+02 0.214E+01
      3       1     509     509       4       4 0.894E-03 0.328E-02 0.695E-04 0.911E-04 0.141E+00 0.882E-02 0.146E+00 0.916E-02
      3       1      67      67       4       4 0.820E-03 0.326E-02 0.578E-05 0.100E-04 0.412E-02 0.258E-03 0.405E-02 0.253E-03
      3      12    1021    1021       4       4 0.217E-02 0.789E-02 0.212E-03 0.236E-03 0.845E-01 0.528E-02 0.845E-01 0.528E-02
      3      12     127     127       4       4 0.426E-02 0.169E-01 0.437E-04 0.801E-04 0.114E-01 0.713E-03 0.174E-02 0.108E-03
      3      12    2053    2053       4       4 0.102E-02 0.249E-02 0.449E-03 0.465E-03 0.467E+00 0.292E-01 0.474E+00 0.296E-01
      3      12     257     257       4       4 0.440E-02 0.174E-01 0.703E-04 0.961E-04 0.589E-02 0.368E-03 0.545E-02 0.341E-03
      3      12      31      31       4       4 0.131E-02 0.520E-02 0.679E-05 0.906E-05 0.380E-03 0.238E-04 0.220E-03 0.138E-04
      3      12    4099    4099       4       4 0.192E-02 0.368E-02 0.126E-02 0.134E-02 0.344E+01 0.215E+00 0.349E+01 0.218E+00
      3      12     509     509       4       4 0.463E-02 0.181E-01 0.140E-03 0.158E-03 0.313E-01 0.195E-02 0.316E-01 0.198E-02
      3      12      67      67       4       4 0.327E-02 0.131E-01 0.900E-05 0.110E-04 0.883E-03 0.552E-04 0.742E-03 0.464E-04
      3      16    1021    1021       4       4 0.146E-02 0.506E-02 0.214E-03 0.248E-03 0.634E-01 0.396E-02 0.621E-01 0.388E-02
      3      16     127     127       4       4 0.327E-02 0.130E-01 0.245E-04 0.281E-04 0.149E-02 0.932E-04 0.126E-02 0.788E-04
      3      16    2053    2053       4       4 0.992E-03 0.287E-02 0.458E-03 0.602E-03 0.361E+00 0.226E-01 0.365E+00 0.228E-01
      3      16     257     257       4       4 0.281E-02 0.111E-01 0.582E-04 0.670E-04 0.545E-02 0.340E-03 0.513E-02 0.321E-03
      3      16      31      31       4       4 0.428E-02 0.171E-01 0.620E-05 0.882E-05 0.507E-03 0.317E-04 0.258E-03 0.161E-04
      3      16    4099    4099       4       4 0.226E-02 0.435E-02 0.153E-02 0.182E-02 0.263E+01 0.164E+00 0.265E+01 0.166E+00
      3      16     509     509       4       4 0.127E-02 0.471E-02 0.107E-03 0.130E-03 0.193E-01 0.121E-02 0.188E-01 0.118E-02
      3      16      67      67       4       4 0.416E-02 0.166E-01 0.769E-05 0.100E-04 0.106E-02 0.661E-04 0.937E-03 0.586E-04
      3       2    1021    1021       4       4 0.952E-03 0.312E-02 0.187E-03 0.199E-03 0.383E+00 0.239E-01 0.393E+00 0.245E-01
      3       2     127     127       4       4 0.287E-02 0.114E-01 0.228E-04 0.331E-04 0.384E-02 0.240E-03 0.391E-02 0.244E-03
      3       2    2053    2053       4       4 0.127E-02 0.366E-02 0.400E-03 0.422E-03 0.232E+01 0.145E+00 0.238E+01 0.148E+00
      3       2     257     257       4       4 0.147E-02 0.570E-02 0.512E-04 0.570E-04 0.225E-01 0.141E-02 0.233E-01 0.146E-02
      3       2      31      31       4       4 0.364E-02 0.145E-01 0.525E-05 0.882E-05 0.204E-03 0.127E-04 0.140E-03 0.878E-05
      3       2    4099    4099       4       4 0.207E-02 0.427E-02 0.120E-02 0.122E-02 0.174E+02 0.109E+01 0.177E+02 0.110E+01
      3       2     509     509       4       4 0.177E-02 0.675E-02 0.993E-04 0.106E-03 0.747E-01 0.467E-02 0.767E-01 0.479E-02
      3       2      67      67       4       4 0.311E-02 0.124E-01 0.626E-05 0.906E-05 0.236E-02 0.148E-03 0.230E-02 0.143E-03
      3      24    1021    1021       4       4 0.141E-02 0.509E-02 0.180E-03 0.218E-03 0.806E-01 0.504E-02 0.807E-01 0.504E-02
      3      24     127     127       4       4 0.407E-02 0.162E-01 0.407E-04 0.751E-04 0.157E-02 0.984E-04 0.121E-02 0.757E-04
      3      24    2053    2053       4       4 0.766E-03 0.197E-02 0.418E-03 0.454E-03 0.264E+00 0.165E-01 0.265E+00 0.165E-01
      3      24     257     257       4       4 0.385E-02 0.151E-01 0.925E-04 0.123E-03 0.661E-02 0.413E-03 0.534E-02 0.334E-03
      3      24      31      31       4       4 0.525E-02 0.209E-01 0.846E-05 0.129E-04 0.546E-03 0.341E-04 0.190E-03 0.119E-04
      3      24    4099    4099       4       4 0.272E-02 0.641E-02 0.131E-02 0.146E-02 0.202E+01 0.126E+00 0.196E+01 0.122E+00
      3      24     509     509       4       4 0.101E-02 0.349E-02 0.155E-03 0.176E-03 0.203E-01 0.127E-02 0.198E-01 0.124E-02
      3      24      67      67       4       4 0.472E-02 0.189E-01 0.936E-05 0.160E-04 0.228E-02 0.142E-03 0.852E-03 0.533E-04
      3       4    1021    1021       4       4 0.846E-03 0.287E-02 0.156E-03 0.193E-03 0.204E+00 0.127E-01 0.211E+00 0.132E-01
      3       4     127     127       4       4 0.476E-02 0.190E-01 0.255E-04 0.339E-04 0.366E-02 0.229E-03 0.375E-02 0.235E-03
      3       4    2053    2053       4       4 0.107E-02 0.313E-02 0.397E-03 0.414E-03 0.123E+01 0.767E-01 0.125E+01 0.782E-01
      3       4     257     257       4       4 0.328E-02 0.129E-01 0.615E-04 0.801E-04 0.126E-01 0.786E-03 0.129E-01 0.806E-03
      3       4      31      31       4       4 0.459E-02 0.183E-01 0.548E-05 0.906E-05 0.302E-03 0.189E-04 0.220E-03 0.138E-04
      3       4    4099    4099       4       4 0.200E-02 0.419E-02 0.119E-02 0.122E-02 0.906E+01 0.566E+00 0.921E+01 0.575E+00
      3       4     509     509       4       4 0.379E-02 0.149E-01 0.762E-04 0.949E-04 0.412E-01 0.257E-02 0.418E-01 0.261E-02
      3       4      67      67       4       4 0.543E-02 0.217E-01 0.846E-05 0.110E-04 0.172E-02 0.107E-03 0.164E-02 0.102E-03
      3       8    1021    1021       4       4 0.106E-02 0.347E-02 0.199E-03 0.223E-03 0.114E+00 0.711E-02 0.114E+00 0.715E-02
      3       8     127     127       4       4 0.607E-02 0.242E-01 0.282E-04 0.339E-04 0.156E-02 0.975E-04 0.143E-02 0.893E-04
      3       8    2053    2053       4       4 0.109E-02 0.282E-02 0.436E-03 0.448E-03 0.651E+00 0.407E-01 0.660E+00 0.412E-01
      3       8     257     257       4       4 0.554E-02 0.220E-01 0.507E-04 0.579E-04 0.109E-01 0.680E-03 0.107E-01 0.670E-03
      3       8      31      31       4       4 0.361E-02 0.144E-01 0.924E-05 0.119E-04 0.341E-03 0.213E-04 0.210E-03 0.131E-04
      3       8    4099    4099       4       4 0.199E-02 0.375E-02 0.131E-02 0.141E-02 0.481E+01 0.301E+00 0.487E+01 0.304E+00
      3       8     509     509       4       4 0.144E-02 0.544E-02 0.101E-03 0.112E-03 0.232E-01 0.145E-02 0.236E-01 0.148E-02
      3       8      67      67       4       4 0.535E-02 0.214E-01 0.110E-04 0.141E-04 0.124E-02 0.778E-04 0.114E-02 0.711E-04
