res2dc1=[      2       1       1    1024    1024       4       4 0.590E+00 0.594E+00 0.566E+00 0.568E+00 0.225E+00 0.141E-01 0.219E+00 0.137E-01
      2       1       1     128     128       4       4 0.112E+00 0.113E+00 0.963E-01 0.965E-01 0.168E-02 0.105E-03 0.164E-02 0.102E-03
      2       1       1    2048    2048       4       4 0.222E+01 0.225E+01 0.218E+01 0.219E+01 0.106E+01 0.663E-01 0.106E+01 0.662E-01
      2       1       1     256     256       4       4 0.145E+00 0.146E+00 0.129E+00 0.130E+00 0.869E-02 0.543E-03 0.866E-02 0.541E-03
      2       1       1      32      32       4       4 0.313E-01 0.318E-01 0.272E-01 0.274E-01 0.460E-04 0.288E-05 0.448E-04 0.280E-05
      2       1       1    4096    4096       4       4 0.726E+01 0.731E+01 0.720E+01 0.727E+01 0.504E+01 0.315E+00 0.509E+01 0.318E+00
      2       1       1     512     512       4       4 0.255E+00 0.256E+00 0.226E+00 0.232E+00 0.441E-01 0.275E-02 0.421E-01 0.263E-02
      2       1       1      64      64       4       4 0.604E-01 0.613E-01 0.522E-01 0.525E-01 0.307E-03 0.192E-04 0.298E-03 0.186E-04
      2       1      12    1024    1024       4       4 0.104E+01 0.105E+01 0.957E+00 0.972E+00 0.566E-01 0.354E-02 0.537E-01 0.335E-02
      2       1      12     128     128       4       4 0.145E+00 0.147E+00 0.128E+00 0.132E+00 0.136E-02 0.850E-04 0.130E-02 0.810E-04
      2       1      12    2048    2048       4       4 0.345E+01 0.348E+01 0.332E+01 0.334E+01 0.207E+00 0.129E-01 0.192E+00 0.120E-01
      2       1      12     256     256       4       4 0.203E+00 0.207E+00 0.182E+00 0.188E+00 0.425E-02 0.265E-03 0.366E-02 0.229E-03
      2       1      12      32      32       4       4 0.565E-01 0.583E-01 0.506E-01 0.531E-01 0.988E-03 0.618E-04 0.101E-02 0.632E-04
      2       1      12    4096    4096       4       4 0.118E+02 0.118E+02 0.117E+02 0.118E+02 0.938E+00 0.586E-01 0.933E+00 0.583E-01
      2       1      12     512     512       4       4 0.406E+00 0.413E+00 0.371E+00 0.385E+00 0.166E-01 0.104E-02 0.168E-01 0.105E-02
      2       1      12      64      64       4       4 0.919E-01 0.928E-01 0.827E-01 0.833E-01 0.109E-02 0.683E-04 0.114E-02 0.710E-04
      2       1      16    1024    1024       4       4 0.936E+00 0.950E+00 0.863E+00 0.877E+00 0.439E-01 0.274E-02 0.436E-01 0.273E-02
      2       1      16     128     128       4       4 0.143E+00 0.145E+00 0.124E+00 0.125E+00 0.145E-02 0.906E-04 0.140E-02 0.876E-04
      2       1      16    2048    2048       4       4 0.341E+01 0.341E+01 0.327E+01 0.330E+01 0.211E+00 0.132E-01 0.211E+00 0.132E-01
      2       1      16     256     256       4       4 0.207E+00 0.210E+00 0.185E+00 0.193E+00 0.383E-02 0.239E-03 0.335E-02 0.209E-03
      2       1      16      32      32       4       4 0.481E-01 0.499E-01 0.423E-01 0.425E-01 0.702E-03 0.439E-04 0.705E-03 0.441E-04
      2       1      16    4096    4096       4       4 0.112E+02 0.113E+02 0.110E+02 0.111E+02 0.957E+00 0.598E-01 0.978E+00 0.611E-01
      2       1      16     512     512       4       4 0.375E+00 0.383E+00 0.335E+00 0.344E+00 0.137E-01 0.858E-03 0.119E-01 0.743E-03
      2       1      16      64      64       4       4 0.839E-01 0.863E-01 0.723E-01 0.730E-01 0.762E-03 0.476E-04 0.759E-03 0.475E-04
      2       1       2    1024    1024       4       4 0.913E+00 0.103E+01 0.875E+00 0.965E+00 0.134E+00 0.838E-02 0.132E+00 0.826E-02
      2       1       2     128     128       4       4 0.127E+00 0.127E+00 0.109E+00 0.109E+00 0.119E-02 0.743E-04 0.131E-02 0.819E-04
      2       1       2    2048    2048       4       4 0.375E+01 0.390E+01 0.357E+01 0.384E+01 0.639E+00 0.399E-01 0.617E+00 0.385E-01
      2       1       2     256     256       4       4 0.183E+00 0.189E+00 0.164E+00 0.169E+00 0.570E-02 0.356E-03 0.550E-02 0.343E-03
      2       1       2      32      32       4       4 0.377E-01 0.382E-01 0.331E-01 0.338E-01 0.241E-03 0.151E-04 0.252E-03 0.158E-04
      2       1       2    4096    4096       4       4 0.117E+02 0.117E+02 0.116E+02 0.117E+02 0.291E+01 0.182E+00 0.289E+01 0.180E+00
      2       1       2     512     512       4       4 0.338E+00 0.339E+00 0.309E+00 0.315E+00 0.256E-01 0.160E-02 0.258E-01 0.161E-02
      2       1       2      64      64       4       4 0.677E-01 0.684E-01 0.583E-01 0.586E-01 0.387E-03 0.242E-04 0.411E-03 0.257E-04
      2       1      24    1024    1024       4       4 0.102E+01 0.104E+01 0.972E+00 0.991E+00 0.464E-01 0.290E-02 0.463E-01 0.290E-02
      2       1      24     128     128       4       4 0.172E+00 0.177E+00 0.166E+00 0.185E+00 0.277E-02 0.173E-03 0.276E-02 0.173E-03
      2       1      24    2048    2048       4       4 0.384E+01 0.409E+01 0.365E+01 0.383E+01 0.192E+00 0.120E-01 0.214E+00 0.134E-01
      2       1      24     256     256       4       4 0.247E+00 0.270E+00 0.208E+00 0.213E+00 0.522E-02 0.326E-03 0.500E-02 0.312E-03
      2       1      24      32      32       4       4 0.534E-01 0.544E-01 0.505E-01 0.556E-01 0.190E-02 0.118E-03 0.176E-02 0.110E-03
      2       1      24    4096    4096       4       4 0.120E+02 0.129E+02 0.117E+02 0.126E+02 0.964E+00 0.602E-01 0.925E+00 0.578E-01
      2       1      24     512     512       4       4 0.457E+00 0.484E+00 0.406E+00 0.418E+00 0.146E-01 0.910E-03 0.134E-01 0.836E-03
      2       1      24      64      64       4       4 0.171E+00 0.178E+00 0.154E+00 0.170E+00 0.266E-02 0.166E-03 0.247E-02 0.154E-03
      2       1       4    1024    1024       4       4 0.883E+00 0.892E+00 0.836E+00 0.846E+00 0.825E-01 0.516E-02 0.779E-01 0.487E-02
      2       1       4     128     128       4       4 0.126E+00 0.127E+00 0.109E+00 0.109E+00 0.119E-02 0.742E-04 0.116E-02 0.727E-04
      2       1       4    2048    2048       4       4 0.331E+01 0.335E+01 0.325E+01 0.331E+01 0.365E+00 0.228E-01 0.357E+00 0.223E-01
      2       1       4     256     256       4       4 0.178E+00 0.180E+00 0.157E+00 0.157E+00 0.467E-02 0.292E-03 0.404E-02 0.253E-03
      2       1       4      32      32       4       4 0.374E-01 0.379E-01 0.328E-01 0.334E-01 0.288E-03 0.180E-04 0.288E-03 0.180E-04
      2       1       4    4096    4096       4       4 0.118E+02 0.120E+02 0.117E+02 0.118E+02 0.167E+01 0.104E+00 0.164E+01 0.103E+00
      2       1       4     512     512       4       4 0.343E+00 0.344E+00 0.307E+00 0.314E+00 0.210E-01 0.131E-02 0.190E-01 0.119E-02
      2       1       4      64      64       4       4 0.683E-01 0.684E-01 0.596E-01 0.599E-01 0.514E-03 0.321E-04 0.511E-03 0.319E-04
      2       1       8    1024    1024       4       4 0.864E+00 0.877E+00 0.809E+00 0.824E+00 0.530E-01 0.331E-02 0.514E-01 0.321E-02
      2       1       8     128     128       4       4 0.129E+00 0.131E+00 0.109E+00 0.110E+00 0.100E-02 0.626E-04 0.110E-02 0.685E-04
      2       1       8    2048    2048       4       4 0.321E+01 0.331E+01 0.314E+01 0.318E+01 0.252E+00 0.158E-01 0.238E+00 0.148E-01
      2       1       8     256     256       4       4 0.179E+00 0.181E+00 0.157E+00 0.158E+00 0.509E-02 0.318E-03 0.428E-02 0.267E-03
      2       1       8      32      32       4       4 0.372E-01 0.374E-01 0.325E-01 0.329E-01 0.361E-03 0.226E-04 0.350E-03 0.218E-04
      2       1       8    4096    4096       4       4 0.111E+02 0.111E+02 0.109E+02 0.109E+02 0.111E+01 0.691E-01 0.112E+01 0.703E-01
      2       1       8     512     512       4       4 0.349E+00 0.353E+00 0.311E+00 0.314E+00 0.160E-01 0.100E-02 0.155E-01 0.968E-03
      2       1       8      64      64       4       4 0.685E-01 0.687E-01 0.596E-01 0.603E-01 0.628E-03 0.392E-04 0.627E-03 0.392E-04
      2      12       1    1024    1024       4       4 0.231E+00 0.234E+00 0.195E+00 0.195E+00 0.690E-01 0.431E-02 0.659E-01 0.412E-02
      2      12       1     128     128       4       4 0.782E-01 0.807E-01 0.662E-01 0.663E-01 0.120E-02 0.748E-04 0.999E-03 0.624E-04
      2      12       1    2048    2048       4       4 0.394E+00 0.400E+00 0.321E+00 0.323E+00 0.413E+00 0.258E-01 0.397E+00 0.248E-01
      2      12       1     256     256       4       4 0.116E+00 0.118E+00 0.952E-01 0.955E-01 0.336E-02 0.210E-03 0.314E-02 0.196E-03
      2      12       1      32      32       4       4 0.254E-01 0.282E-01 0.196E-01 0.197E-01 0.479E-03 0.299E-04 0.393E-03 0.246E-04
      2      12       1     512     512       4       4 0.164E+00 0.167E+00 0.136E+00 0.137E+00 0.168E-01 0.105E-02 0.150E-01 0.937E-03
      2      12       1      64      64       4       4 0.464E-01 0.484E-01 0.362E-01 0.366E-01 0.598E-03 0.374E-04 0.500E-03 0.312E-04
      2      12       2    1024    1024       4       4 0.274E+00 0.291E+00 0.214E+00 0.216E+00 0.180E+00 0.112E-01 0.174E+00 0.109E-01
      2      12       2     128     128       4       4 0.941E-01 0.968E-01 0.797E-01 0.801E-01 0.116E-01 0.723E-03 0.768E-02 0.480E-03
      2      12       2    2048    2048       4       4 0.512E+00 0.522E+00 0.382E+00 0.388E+00 0.750E+00 0.469E-01 0.742E+00 0.464E-01
      2      12       2     256     256       4       4 0.136E+00 0.139E+00 0.103E+00 0.106E+00 0.827E-02 0.517E-03 0.790E-02 0.494E-03
      2      12       2      32      32       4       4 0.304E-01 0.324E-01 0.228E-01 0.237E-01 0.169E-01 0.106E-02 0.175E-02 0.110E-03
      2      12       2     512     512       4       4 0.186E+00 0.189E+00 0.142E+00 0.143E+00 0.262E-01 0.164E-02 0.246E-01 0.154E-02
      2      12       2      64      64       4       4 0.559E-01 0.604E-01 0.403E-01 0.431E-01 0.360E-02 0.225E-03 0.256E-02 0.160E-03
      2      16       1    1024    1024       4       4 0.513E+00 0.517E+00 0.456E+00 0.457E+00 0.377E-01 0.236E-02 0.352E-01 0.220E-02
      2      16       1     128     128       4       4 0.138E+00 0.144E+00 0.112E+00 0.112E+00 0.806E-03 0.504E-04 0.754E-03 0.471E-04
      2      16       1    2048    2048       4       4 0.120E+01 0.121E+01 0.108E+01 0.108E+01 0.205E+00 0.128E-01 0.194E+00 0.121E-01
      2      16       1     256     256       4       4 0.197E+00 0.202E+00 0.160E+00 0.160E+00 0.201E-02 0.125E-03 0.198E-02 0.124E-03
      2      16       1      32      32       4       4 0.560E-01 0.607E-01 0.458E-01 0.482E-01 0.317E-03 0.198E-04 0.288E-03 0.180E-04
      2      16       1     512     512       4       4 0.364E+00 0.367E+00 0.307E+00 0.307E+00 0.781E-02 0.488E-03 0.767E-02 0.479E-03
      2      16       1      64      64       4       4 0.844E-01 0.905E-01 0.689E-01 0.703E-01 0.403E-03 0.252E-04 0.344E-03 0.215E-04
      2       2       1    1024    1024       4       4 0.860E+00 0.872E+00 0.795E+00 0.797E+00 0.174E+00 0.108E-01 0.170E+00 0.106E-01
      2       2       1     128     128       4       4 0.161E+00 0.164E+00 0.136E+00 0.137E+00 0.178E-02 0.111E-03 0.180E-02 0.113E-03
      2       2       1    2048    2048       4       4 0.299E+01 0.303E+01 0.283E+01 0.283E+01 0.897E+00 0.561E-01 0.858E+00 0.536E-01
      2       2       1     256     256       4       4 0.251E+00 0.257E+00 0.215E+00 0.215E+00 0.864E-02 0.540E-03 0.818E-02 0.511E-03
      2       2       1      32      32       4       4 0.568E-01 0.587E-01 0.472E-01 0.474E-01 0.134E-03 0.834E-05 0.111E-03 0.693E-05
      2       2       1    4096    4096       4       4 0.131E+02 0.132E+02 0.128E+02 0.128E+02 0.586E+01 0.366E+00 0.589E+01 0.368E+00
      2       2       1     512     512       4       4 0.384E+00 0.393E+00 0.342E+00 0.343E+00 0.356E-01 0.222E-02 0.342E-01 0.214E-02
      2       2       1      64      64       4       4 0.893E-01 0.935E-01 0.752E-01 0.754E-01 0.456E-03 0.285E-04 0.428E-03 0.268E-04
      2       2      12    1024    1024       4       4 0.154E+01 0.158E+01 0.147E+01 0.150E+01 0.237E+00 0.148E-01 0.230E+00 0.144E-01
      2       2      12     128     128       4       4 0.283E+00 0.288E+00 0.224E+00 0.228E+00 0.364E-02 0.228E-03 0.322E-02 0.202E-03
      2       2      12    2048    2048       4       4 0.495E+01 0.542E+01 0.487E+01 0.497E+01 0.962E+00 0.601E-01 0.100E+01 0.626E-01
      2       2      12     256     256       4       4 0.445E+00 0.472E+00 0.371E+00 0.375E+00 0.148E-01 0.925E-03 0.145E-01 0.904E-03
      2       2      12      32      32       4       4 0.106E+00 0.110E+00 0.910E-01 0.983E-01 0.151E-02 0.943E-04 0.139E-02 0.867E-04
      2       2      12    4096    4096       4       4 0.152E+02 0.155E+02 0.147E+02 0.148E+02 0.471E+01 0.295E+00 0.421E+01 0.263E+00
      2       2      12     512     512       4       4 0.638E+00 0.655E+00 0.593E+00 0.605E+00 0.492E-01 0.307E-02 0.460E-01 0.288E-02
      2       2      12      64      64       4       4 0.149E+00 0.152E+00 0.129E+00 0.132E+00 0.353E-02 0.221E-03 0.158E-02 0.990E-04
      2       2       2    1024    1024       4       4 0.123E+01 0.124E+01 0.116E+01 0.117E+01 0.155E+00 0.966E-02 0.150E+00 0.937E-02
      2       2       2     128     128       4       4 0.182E+00 0.188E+00 0.155E+00 0.162E+00 0.202E-02 0.126E-03 0.202E-02 0.126E-03
      2       2       2    2048    2048       4       4 0.335E+01 0.338E+01 0.320E+01 0.321E+01 0.636E+00 0.397E-01 0.598E+00 0.374E-01
      2       2       2     256     256       4       4 0.310E+00 0.317E+00 0.267E+00 0.277E+00 0.103E-01 0.645E-03 0.104E-01 0.648E-03
      2       2       2      32      32       4       4 0.687E-01 0.726E-01 0.567E-01 0.574E-01 0.592E-03 0.370E-04 0.560E-03 0.350E-04
      2       2       2    4096    4096       4       4 0.148E+02 0.151E+02 0.142E+02 0.142E+02 0.470E+01 0.294E+00 0.465E+01 0.291E+00
      2       2       2     512     512       4       4 0.484E+00 0.541E+00 0.444E+00 0.499E+00 0.427E-01 0.267E-02 0.424E-01 0.265E-02
      2       2       2      64      64       4       4 0.104E+00 0.108E+00 0.878E-01 0.890E-01 0.985E-03 0.615E-04 0.945E-03 0.591E-04
      2       2       4    1024    1024       4       4 0.126E+01 0.128E+01 0.121E+01 0.125E+01 0.204E+00 0.128E-01 0.200E+00 0.125E-01
      2       2       4     128     128       4       4 0.192E+00 0.195E+00 0.164E+00 0.167E+00 0.230E-02 0.144E-03 0.231E-02 0.145E-03
      2       2       4    2048    2048       4       4 0.448E+01 0.455E+01 0.440E+01 0.451E+01 0.926E+00 0.579E-01 0.909E+00 0.568E-01
      2       2       4     256     256       4       4 0.323E+00 0.334E+00 0.281E+00 0.285E+00 0.102E-01 0.636E-03 0.100E-01 0.626E-03
      2       2       4      32      32       4       4 0.722E-01 0.733E-01 0.598E-01 0.618E-01 0.694E-03 0.434E-04 0.626E-03 0.391E-04
      2       2       4    4096    4096       4       4 0.140E+02 0.146E+02 0.149E+02 0.156E+02 0.459E+01 0.287E+00 0.431E+01 0.269E+00
      2       2       4     512     512       4       4 0.540E+00 0.552E+00 0.484E+00 0.494E+00 0.566E-01 0.354E-02 0.562E-01 0.351E-02
      2       2       4      64      64       4       4 0.109E+00 0.111E+00 0.923E-01 0.929E-01 0.991E-03 0.619E-04 0.948E-03 0.592E-04
      2       2       8    1024    1024       4       4 0.129E+01 0.132E+01 0.123E+01 0.124E+01 0.207E+00 0.129E-01 0.206E+00 0.129E-01
      2       2       8     128     128       4       4 0.198E+00 0.203E+00 0.166E+00 0.170E+00 0.230E-02 0.144E-03 0.233E-02 0.146E-03
      2       2       8    2048    2048       4       4 0.450E+01 0.460E+01 0.447E+01 0.450E+01 0.962E+00 0.601E-01 0.951E+00 0.595E-01
      2       2       8     256     256       4       4 0.334E+00 0.341E+00 0.292E+00 0.297E+00 0.118E-01 0.740E-03 0.112E-01 0.703E-03
      2       2       8      32      32       4       4 0.715E-01 0.732E-01 0.604E-01 0.608E-01 0.885E-03 0.553E-04 0.811E-03 0.507E-04
      2       2       8    4096    4096       4       4 0.137E+02 0.141E+02 0.135E+02 0.140E+02 0.452E+01 0.282E+00 0.426E+01 0.266E+00
      2       2       8     512     512       4       4 0.552E+00 0.562E+00 0.497E+00 0.514E+00 0.502E-01 0.314E-02 0.481E-01 0.301E-02
      2       2       8      64      64       4       4 0.111E+00 0.113E+00 0.939E-01 0.945E-01 0.134E-02 0.840E-04 0.135E-02 0.843E-04
      2      24       1    1024    1024       4       4 0.224E+00 0.227E+00 0.192E+00 0.193E+00 0.465E-01 0.291E-02 0.432E-01 0.270E-02
      2      24       1     128     128       4       4 0.865E-01 0.933E-01 0.705E-01 0.753E-01 0.146E-02 0.910E-04 0.119E-02 0.747E-04
      2      24       1    2048    2048       4       4 0.372E+00 0.377E+00 0.314E+00 0.316E+00 0.301E+00 0.188E-01 0.294E+00 0.184E-01
      2      24       1     256     256       4       4 0.120E+00 0.129E+00 0.986E-01 0.102E+00 0.279E-02 0.174E-03 0.454E-02 0.283E-03
      2      24       1      32      32       4       4 0.284E-01 0.313E-01 0.224E-01 0.225E-01 0.784E-03 0.490E-04 0.578E-03 0.361E-04
      2      24       1     512     512       4       4 0.166E+00 0.169E+00 0.136E+00 0.136E+00 0.894E-02 0.559E-03 0.784E-02 0.490E-03
      2      24       1      64      64       4       4 0.484E-01 0.518E-01 0.400E-01 0.417E-01 0.103E-02 0.642E-04 0.818E-03 0.511E-04
      2       4       1    1024    1024       4       4 0.648E+00 0.660E+00 0.581E+00 0.586E+00 0.100E+00 0.627E-02 0.970E-01 0.606E-02
      2       4       1     128     128       4       4 0.167E+00 0.176E+00 0.139E+00 0.140E+00 0.113E-02 0.704E-04 0.111E-02 0.691E-04
      2       4       1    2048    2048       4       4 0.176E+01 0.179E+01 0.166E+01 0.170E+01 0.500E+00 0.313E-01 0.491E+00 0.307E-01
      2       4       1     256     256       4       4 0.233E+00 0.237E+00 0.199E+00 0.201E+00 0.513E-02 0.321E-03 0.475E-02 0.297E-03
      2       4       1      32      32       4       4 0.633E-01 0.684E-01 0.493E-01 0.502E-01 0.174E-03 0.109E-04 0.145E-03 0.906E-05
      2       4       1    4096    4096       4       4 0.603E+01 0.605E+01 0.576E+01 0.580E+01 0.235E+01 0.147E+00 0.226E+01 0.141E+00
      2       4       1     512     512       4       4 0.353E+00 0.360E+00 0.304E+00 0.307E+00 0.207E-01 0.130E-02 0.197E-01 0.123E-02
      2       4       1      64      64       4       4 0.932E-01 0.963E-01 0.788E-01 0.790E-01 0.340E-03 0.212E-04 0.331E-03 0.207E-04
      2       4       2    1024    1024       4       4 0.105E+01 0.107E+01 0.962E+00 0.980E+00 0.152E+00 0.950E-02 0.152E+00 0.953E-02
      2       4       2     128     128       4       4 0.198E+00 0.202E+00 0.164E+00 0.167E+00 0.189E-02 0.118E-03 0.185E-02 0.116E-03
      2       4       2    2048    2048       4       4 0.236E+01 0.266E+01 0.230E+01 0.272E+01 0.736E+00 0.460E-01 0.550E+00 0.344E-01
      2       4       2     256     256       4       4 0.275E+00 0.280E+00 0.233E+00 0.238E+00 0.626E-02 0.391E-03 0.569E-02 0.356E-03
      2       4       2      32      32       4       4 0.729E-01 0.745E-01 0.599E-01 0.608E-01 0.628E-03 0.392E-04 0.606E-03 0.379E-04
      2       4       2    4096    4096       4       4 0.927E+01 0.109E+02 0.900E+01 0.955E+01 0.292E+01 0.183E+00 0.285E+01 0.178E+00
      2       4       2     512     512       4       4 0.450E+00 0.480E+00 0.386E+00 0.430E+00 0.292E-01 0.183E-02 0.289E-01 0.181E-02
      2       4       2      64      64       4       4 0.113E+00 0.122E+00 0.943E-01 0.961E-01 0.868E-03 0.543E-04 0.859E-03 0.537E-04
      2       4       4    1024    1024       4       4 0.961E+00 0.988E+00 0.885E+00 0.918E+00 0.142E+00 0.890E-02 0.136E+00 0.849E-02
      2       4       4     128     128       4       4 0.201E+00 0.205E+00 0.166E+00 0.171E+00 0.194E-02 0.121E-03 0.188E-02 0.117E-03
      2       4       4    2048    2048       4       4 0.320E+01 0.327E+01 0.302E+01 0.312E+01 0.675E+00 0.422E-01 0.661E+00 0.413E-01
      2       4       4     256     256       4       4 0.280E+00 0.285E+00 0.238E+00 0.240E+00 0.826E-02 0.516E-03 0.620E-02 0.387E-03
      2       4       4      32      32       4       4 0.782E-01 0.790E-01 0.645E-01 0.656E-01 0.826E-03 0.516E-04 0.775E-03 0.484E-04
      2       4       4    4096    4096       4       4 0.800E+01 0.836E+01 0.836E+01 0.851E+01 0.265E+01 0.166E+00 0.255E+01 0.160E+00
      2       4       4     512     512       4       4 0.469E+00 0.476E+00 0.411E+00 0.414E+00 0.275E-01 0.172E-02 0.251E-01 0.157E-02
      2       4       4      64      64       4       4 0.113E+00 0.117E+00 0.960E-01 0.993E-01 0.979E-03 0.612E-04 0.934E-03 0.584E-04
      2       8       1    1024    1024       4       4 0.564E+00 0.571E+00 0.498E+00 0.499E+00 0.574E-01 0.359E-02 0.548E-01 0.342E-02
      2       8       1     128     128       4       4 0.166E+00 0.172E+00 0.140E+00 0.141E+00 0.825E-03 0.516E-04 0.802E-03 0.501E-04
      2       8       1    2048    2048       4       4 0.139E+01 0.143E+01 0.128E+01 0.128E+01 0.301E+00 0.188E-01 0.288E+00 0.180E-01
      2       8       1     256     256       4       4 0.251E+00 0.270E+00 0.209E+00 0.234E+00 0.340E-02 0.212E-03 0.330E-02 0.206E-03
      2       8       1      32      32       4       4 0.506E-01 0.543E-01 0.384E-01 0.392E-01 0.241E-03 0.150E-04 0.202E-03 0.126E-04
      2       8       1    4096    4096       4       4 0.483E+01 0.496E+01 0.456E+01 0.458E+01 0.148E+01 0.923E-01 0.145E+01 0.907E-01
      2       8       1     512     512       4       4 0.353E+00 0.360E+00 0.302E+00 0.308E+00 0.130E-01 0.815E-03 0.124E-01 0.772E-03
      2       8       1      64      64       4       4 0.771E-01 0.791E-01 0.650E-01 0.665E-01 0.390E-03 0.244E-04 0.344E-03 0.215E-04
      2       8       2    1024    1024       4       4 0.724E+00 0.749E+00 0.637E+00 0.641E+00 0.734E-01 0.459E-02 0.730E-01 0.456E-02
      2       8       2     128     128       4       4 0.198E+00 0.201E+00 0.160E+00 0.161E+00 0.183E-02 0.114E-03 0.183E-02 0.114E-03
      2       8       2    2048    2048       4       4 0.210E+01 0.211E+01 0.198E+01 0.203E+01 0.380E+00 0.237E-01 0.378E+00 0.236E-01
      2       8       2     256     256       4       4 0.288E+00 0.300E+00 0.232E+00 0.236E+00 0.490E-02 0.306E-03 0.471E-02 0.294E-03
      2       8       2      32      32       4       4 0.625E-01 0.659E-01 0.485E-01 0.494E-01 0.133E-02 0.834E-04 0.130E-02 0.811E-04
      2       8       2    4096    4096       4       4 0.512E+01 0.527E+01 0.503E+01 0.523E+01 0.130E+01 0.812E-01 0.128E+01 0.803E-01
      2       8       2     512     512       4       4 0.448E+00 0.503E+00 0.356E+00 0.365E+00 0.157E-01 0.980E-03 0.151E-01 0.941E-03
      2       8       2      64      64       4       4 0.897E-01 0.943E-01 0.688E-01 0.691E-01 0.124E-02 0.775E-04 0.118E-02 0.737E-04
      3       1       1    1024    1024       4       4 0.780E-03 0.290E-02 0.000E+00 0.000E+00 0.246E+00 0.154E-01 0.226E+00 0.141E-01
      3       1       1     128     128       4       4 0.824E-03 0.323E-02 0.000E+00 0.000E+00 0.244E-02 0.152E-03 0.226E-02 0.141E-03
      3       1       1    2048    2048       4       4 0.882E-03 0.312E-02 0.000E+00 0.000E+00 0.145E+01 0.906E-01 0.143E+01 0.893E-01
      3       1       1     256     256       4       4 0.754E-03 0.295E-02 0.000E+00 0.000E+00 0.100E-01 0.628E-03 0.966E-02 0.604E-03
      3       1       1      32      32       4       4 0.717E-03 0.282E-02 0.000E+00 0.000E+00 0.223E-03 0.139E-04 0.141E-03 0.884E-05
      3       1       1    4096    4096       4       4 0.114E-02 0.383E-02 0.000E+00 0.000E+00 0.645E+01 0.403E+00 0.620E+01 0.387E+00
      3       1       1     512     512       4       4 0.915E-03 0.347E-02 0.000E+00 0.000E+00 0.458E-01 0.286E-02 0.423E-01 0.264E-02
      3       1       1      64      64       4       4 0.809E-03 0.320E-02 0.000E+00 0.000E+00 0.607E-03 0.379E-04 0.476E-03 0.297E-04
      3       1      12    1024    1024       4       4 0.244E-02 0.947E-02 0.238E-06 0.954E-06 0.123E+00 0.766E-02 0.101E+00 0.634E-02
      3       1      12     128     128       4       4 0.347E-02 0.138E-01 0.000E+00 0.000E+00 0.181E-02 0.113E-03 0.150E-02 0.935E-04
      3       1      12    2048    2048       4       4 0.782E-03 0.264E-02 0.000E+00 0.000E+00 0.629E+00 0.393E-01 0.576E+00 0.360E-01
      3       1      12     256     256       4       4 0.405E-02 0.161E-01 0.238E-06 0.954E-06 0.586E-02 0.366E-03 0.507E-02 0.317E-03
      3       1      12      32      32       4       4 0.425E-02 0.169E-01 0.000E+00 0.000E+00 0.440E-03 0.275E-04 0.221E-03 0.138E-04
      3       1      12    4096    4096       4       4 0.889E-03 0.258E-02 0.000E+00 0.000E+00 0.264E+01 0.165E+00 0.244E+01 0.152E+00
      3       1      12     512     512       4       4 0.527E-02 0.208E-01 0.000E+00 0.000E+00 0.226E-01 0.141E-02 0.195E-01 0.122E-02
      3       1      12      64      64       4       4 0.407E-02 0.162E-01 0.000E+00 0.000E+00 0.744E-03 0.465E-04 0.551E-03 0.344E-04
      3       1      16    1024    1024       4       4 0.646E-03 0.231E-02 0.000E+00 0.000E+00 0.120E+00 0.751E-02 0.103E+00 0.646E-02
      3       1      16     128     128       4       4 0.422E-02 0.168E-01 0.000E+00 0.000E+00 0.195E-02 0.122E-03 0.152E-02 0.952E-04
      3       1      16    2048    2048       4       4 0.736E-03 0.241E-02 0.000E+00 0.000E+00 0.657E+00 0.411E-01 0.611E+00 0.382E-01
      3       1      16     256     256       4       4 0.178E-02 0.698E-02 0.000E+00 0.000E+00 0.620E-02 0.387E-03 0.497E-02 0.310E-03
      3       1      16      32      32       4       4 0.437E-02 0.174E-01 0.000E+00 0.000E+00 0.599E-03 0.375E-04 0.305E-03 0.190E-04
      3       1      16    4096    4096       4       4 0.853E-03 0.245E-02 0.000E+00 0.000E+00 0.283E+01 0.177E+00 0.257E+01 0.161E+00
      3       1      16     512     512       4       4 0.379E-02 0.149E-01 0.000E+00 0.000E+00 0.228E-01 0.143E-02 0.200E-01 0.125E-02
      3       1      16      64      64       4       4 0.395E-02 0.157E-01 0.000E+00 0.000E+00 0.843E-03 0.527E-04 0.588E-03 0.368E-04
      3       1       2    1024    1024       4       4 0.808E-03 0.298E-02 0.000E+00 0.000E+00 0.170E+00 0.106E-01 0.155E+00 0.969E-02
      3       1       2     128     128       4       4 0.239E-02 0.949E-02 0.000E+00 0.000E+00 0.216E-02 0.135E-03 0.192E-02 0.120E-03
      3       1       2    2048    2048       4       4 0.906E-03 0.317E-02 0.000E+00 0.000E+00 0.983E+00 0.614E-01 0.964E+00 0.602E-01
      3       1       2     256     256       4       4 0.855E-03 0.333E-02 0.000E+00 0.000E+00 0.754E-02 0.471E-03 0.697E-02 0.435E-03
      3       1       2      32      32       4       4 0.698E-03 0.275E-02 0.000E+00 0.000E+00 0.327E-03 0.204E-04 0.190E-03 0.119E-04
      3       1       2    4096    4096       4       4 0.100E-02 0.324E-02 0.000E+00 0.000E+00 0.462E+01 0.289E+00 0.438E+01 0.274E+00
      3       1       2     512     512       4       4 0.121E-02 0.463E-02 0.298E-06 0.119E-05 0.319E-01 0.200E-02 0.285E-01 0.178E-02
      3       1       2      64      64       4       4 0.352E-02 0.140E-01 0.000E+00 0.000E+00 0.646E-03 0.404E-04 0.504E-03 0.315E-04
      3       1      24    1024    1024       4       4 0.242E-02 0.937E-02 0.000E+00 0.000E+00 0.118E+00 0.739E-02 0.995E-01 0.622E-02
      3       1      24     128     128       4       4 0.495E-02 0.197E-01 0.000E+00 0.000E+00 0.257E-02 0.160E-03 0.165E-02 0.103E-03
      3       1      24    2048    2048       4       4 0.557E-03 0.174E-02 0.000E+00 0.000E+00 0.619E+00 0.387E-01 0.577E+00 0.360E-01
      3       1      24     256     256       4       4 0.946E-03 0.362E-02 0.000E+00 0.000E+00 0.637E-02 0.398E-03 0.535E-02 0.335E-03
      3       1      24      32      32       4       4 0.526E-02 0.210E-01 0.000E+00 0.000E+00 0.674E-03 0.422E-04 0.340E-03 0.212E-04
      3       1      24    4096    4096       4       4 0.690E-03 0.177E-02 0.000E+00 0.000E+00 0.256E+01 0.160E+00 0.232E+01 0.145E+00
      3       1      24     512     512       4       4 0.365E-02 0.144E-01 0.000E+00 0.000E+00 0.239E-01 0.149E-02 0.216E-01 0.135E-02
      3       1      24      64      64       4       4 0.435E-02 0.173E-01 0.000E+00 0.000E+00 0.174E-02 0.108E-03 0.660E-03 0.413E-04
      3       1       4    1024    1024       4       4 0.768E-03 0.281E-02 0.000E+00 0.000E+00 0.148E+00 0.925E-02 0.128E+00 0.803E-02
      3       1       4     128     128       4       4 0.353E-02 0.141E-01 0.000E+00 0.000E+00 0.208E-02 0.130E-03 0.183E-02 0.115E-03
      3       1       4    2048    2048       4       4 0.829E-03 0.284E-02 0.000E+00 0.000E+00 0.751E+00 0.469E-01 0.728E+00 0.455E-01
      3       1       4     256     256       4       4 0.420E-02 0.167E-01 0.000E+00 0.000E+00 0.721E-02 0.451E-03 0.647E-02 0.404E-03
      3       1       4      32      32       4       4 0.476E-02 0.190E-01 0.000E+00 0.000E+00 0.324E-03 0.203E-04 0.194E-03 0.121E-04
      3       1       4    4096    4096       4       4 0.943E-03 0.299E-02 0.000E+00 0.000E+00 0.332E+01 0.208E+00 0.309E+01 0.193E+00
      3       1       4     512     512       4       4 0.215E-02 0.836E-02 0.000E+00 0.000E+00 0.271E-01 0.169E-02 0.242E-01 0.151E-02
      3       1       4      64      64       4       4 0.407E-02 0.163E-01 0.000E+00 0.000E+00 0.676E-03 0.423E-04 0.506E-03 0.316E-04
      3       1       8    1024    1024       4       4 0.775E-03 0.283E-02 0.000E+00 0.000E+00 0.127E+00 0.792E-02 0.109E+00 0.683E-02
      3       1       8     128     128       4       4 0.373E-02 0.148E-01 0.000E+00 0.000E+00 0.703E-02 0.440E-03 0.161E-02 0.100E-03
      3       1       8    2048    2048       4       4 0.759E-03 0.257E-02 0.000E+00 0.000E+00 0.677E+00 0.423E-01 0.634E+00 0.396E-01
      3       1       8     256     256       4       4 0.510E-02 0.203E-01 0.000E+00 0.000E+00 0.619E-02 0.387E-03 0.567E-02 0.354E-03
      3       1       8      32      32       4       4 0.452E-02 0.180E-01 0.000E+00 0.000E+00 0.492E-03 0.308E-04 0.258E-03 0.162E-04
      3       1       8    4096    4096       4       4 0.913E-03 0.291E-02 0.000E+00 0.000E+00 0.291E+01 0.182E+00 0.264E+01 0.165E+00
      3       1       8     512     512       4       4 0.355E-02 0.140E-01 0.000E+00 0.000E+00 0.239E-01 0.149E-02 0.211E-01 0.132E-02
      3       1       8      64      64       4       4 0.412E-02 0.164E-01 0.000E+00 0.000E+00 0.677E-03 0.423E-04 0.512E-03 0.320E-04
      3      12       1    1024    1024       4       4 0.433E-01 0.166E+00 0.000E+00 0.000E+00 0.182E+00 0.114E-01 0.198E+00 0.124E-01
      3      12       1     128     128       4       4 0.181E-01 0.722E-01 0.238E-06 0.954E-06 0.454E-02 0.284E-03 0.269E-02 0.168E-03
      3      12       1    2048    2048       4       4 0.428E-01 0.146E+00 0.000E+00 0.000E+00 0.727E+00 0.454E-01 0.640E+00 0.400E-01
      3      12       1     256     256       4       4 0.203E-01 0.809E-01 0.000E+00 0.000E+00 0.106E-01 0.664E-03 0.719E-02 0.450E-03
      3      12       1      32      32       4       4 0.125E-01 0.500E-01 0.000E+00 0.000E+00 0.185E-02 0.116E-03 0.952E-03 0.595E-04
      3      12       1     512     512       4       4 0.117E-01 0.440E-01 0.000E+00 0.000E+00 0.402E-01 0.251E-02 0.288E-01 0.180E-02
      3      12       1      64      64       4       4 0.335E-01 0.134E+00 0.000E+00 0.000E+00 0.258E-02 0.161E-03 0.160E-02 0.100E-03
      3      12       2    1024    1024       4       4 0.172E-01 0.612E-01 0.000E+00 0.000E+00 0.155E+00 0.970E-02 0.126E+00 0.787E-02
      3      12       2     128     128       4       4 0.214E-01 0.855E-01 0.238E-06 0.954E-06 0.618E-02 0.386E-03 0.396E-02 0.248E-03
      3      12       2    2048    2048       4       4 0.171E-01 0.321E-01 0.000E+00 0.000E+00 0.730E+00 0.456E-01 0.667E+00 0.417E-01
      3      12       2     256     256       4       4 0.137E-01 0.540E-01 0.000E+00 0.000E+00 0.132E-01 0.825E-03 0.110E-01 0.686E-03
      3      12       2      32      32       4       4 0.162E-01 0.647E-01 0.000E+00 0.000E+00 0.210E-02 0.131E-03 0.122E-02 0.765E-04
      3      12       2     512     512       4       4 0.226E-01 0.874E-01 0.000E+00 0.000E+00 0.425E-01 0.266E-02 0.305E-01 0.191E-02
      3      12       2      64      64       4       4 0.167E-01 0.666E-01 0.000E+00 0.000E+00 0.279E-02 0.174E-03 0.179E-02 0.112E-03
      3      16       1    1024    1024       4       4 0.497E-01 0.189E+00 0.000E+00 0.000E+00 0.147E+00 0.922E-02 0.117E+00 0.733E-02
      3      16       1     128     128       4       4 0.255E-01 0.102E+00 0.000E+00 0.000E+00 0.527E-02 0.329E-03 0.307E-02 0.192E-03
      3      16       1    2048    2048       4       4 0.461E-01 0.158E+00 0.000E+00 0.000E+00 0.710E+00 0.444E-01 0.636E+00 0.398E-01
      3      16       1     256     256       4       4 0.158E-01 0.625E-01 0.000E+00 0.000E+00 0.122E-01 0.762E-03 0.772E-02 0.483E-03
      3      16       1      32      32       4       4 0.241E-01 0.962E-01 0.000E+00 0.000E+00 0.230E-02 0.143E-03 0.126E-02 0.788E-04
      3      16       1     512     512       4       4 0.153E-01 0.589E-01 0.000E+00 0.000E+00 0.416E-01 0.260E-02 0.281E-01 0.176E-02
      3      16       1      64      64       4       4 0.299E-01 0.119E+00 0.238E-06 0.954E-06 0.256E-02 0.160E-03 0.163E-02 0.102E-03
      3       2       1    1024    1024       4       4 0.580E-02 0.183E-01 0.238E-06 0.954E-06 0.276E+00 0.172E-01 0.229E+00 0.143E-01
      3       2       1     128     128       4       4 0.830E-02 0.331E-01 0.000E+00 0.000E+00 0.230E-01 0.144E-02 0.320E-02 0.200E-03
      3       2       1    2048    2048       4       4 0.912E-02 0.186E-01 0.000E+00 0.000E+00 0.150E+01 0.940E-01 0.133E+01 0.834E-01
      3       2       1     256     256       4       4 0.437E-02 0.173E-01 0.000E+00 0.000E+00 0.160E-01 0.998E-03 0.142E-01 0.890E-03
      3       2       1      32      32       4       4 0.831E-02 0.332E-01 0.000E+00 0.000E+00 0.618E-03 0.386E-04 0.404E-03 0.252E-04
      3       2       1    4096    4096       4       4 0.664E-02 0.177E-01 0.000E+00 0.000E+00 0.632E+01 0.395E+00 0.572E+01 0.358E+00
      3       2       1     512     512       4       4 0.532E-02 0.194E-01 0.000E+00 0.000E+00 0.685E-01 0.428E-02 0.564E-01 0.353E-02
      3       2       1      64      64       4       4 0.781E-02 0.311E-01 0.000E+00 0.000E+00 0.135E-02 0.841E-04 0.105E-02 0.655E-04
      3       2      12    1024    1024       4       4 0.614E-02 0.171E-01 0.000E+00 0.000E+00 0.214E+00 0.134E-01 0.169E+00 0.106E-01
      3       2      12     128     128       4       4 0.117E-01 0.468E-01 0.000E+00 0.000E+00 0.416E-02 0.260E-03 0.361E-02 0.226E-03
      3       2      12    2048    2048       4       4 0.125E-01 0.330E-01 0.000E+00 0.000E+00 0.107E+01 0.670E-01 0.856E+00 0.535E-01
      3       2      12     256     256       4       4 0.551E-02 0.218E-01 0.000E+00 0.000E+00 0.129E-01 0.806E-03 0.113E-01 0.708E-03
      3       2      12      32      32       4       4 0.607E-02 0.242E-01 0.000E+00 0.000E+00 0.114E-02 0.714E-04 0.751E-03 0.469E-04
      3       2      12    4096    4096       4       4 0.327E-02 0.119E-01 0.000E+00 0.000E+00 0.390E+01 0.244E+00 0.335E+01 0.209E+00
      3       2      12     512     512       4       4 0.105E-01 0.401E-01 0.000E+00 0.000E+00 0.483E-01 0.302E-02 0.387E-01 0.242E-02
      3       2      12      64      64       4       4 0.106E-01 0.421E-01 0.000E+00 0.000E+00 0.175E-02 0.109E-03 0.140E-02 0.877E-04
      3       2       2    1024    1024       4       4 0.470E-02 0.139E-01 0.000E+00 0.000E+00 0.216E+00 0.135E-01 0.177E+00 0.111E-01
      3       2       2     128     128       4       4 0.705E-02 0.281E-01 0.000E+00 0.000E+00 0.348E-02 0.218E-03 0.307E-02 0.192E-03
      3       2       2    2048    2048       4       4 0.949E-02 0.195E-01 0.000E+00 0.000E+00 0.120E+01 0.752E-01 0.104E+01 0.651E-01
      3       2       2     256     256       4       4 0.525E-02 0.208E-01 0.238E-06 0.954E-06 0.133E-01 0.830E-03 0.126E-01 0.789E-03
      3       2       2      32      32       4       4 0.653E-02 0.260E-01 0.000E+00 0.000E+00 0.841E-03 0.526E-04 0.636E-03 0.398E-04
      3       2       2    4096    4096       4       4 0.320E-02 0.115E-01 0.000E+00 0.000E+00 0.490E+01 0.306E+00 0.432E+01 0.270E+00
      3       2       2     512     512       4       4 0.510E-02 0.191E-01 0.238E-06 0.954E-06 0.500E-01 0.313E-02 0.410E-01 0.256E-02
      3       2       2      64      64       4       4 0.597E-02 0.238E-01 0.000E+00 0.000E+00 0.162E-02 0.101E-03 0.140E-02 0.878E-04
      3       2       4    1024    1024       4       4 0.529E-02 0.159E-01 0.000E+00 0.000E+00 0.214E+00 0.134E-01 0.177E+00 0.111E-01
      3       2       4     128     128       4       4 0.899E-02 0.359E-01 0.000E+00 0.000E+00 0.417E-02 0.261E-03 0.365E-02 0.228E-03
      3       2       4    2048    2048       4       4 0.129E-01 0.317E-01 0.000E+00 0.000E+00 0.105E+01 0.656E-01 0.901E+00 0.563E-01
      3       2       4     256     256       4       4 0.662E-02 0.263E-01 0.000E+00 0.000E+00 0.127E-01 0.795E-03 0.115E-01 0.719E-03
      3       2       4      32      32       4       4 0.961E-02 0.384E-01 0.000E+00 0.000E+00 0.108E-02 0.674E-04 0.782E-03 0.489E-04
      3       2       4    4096    4096       4       4 0.663E-02 0.249E-01 0.000E+00 0.000E+00 0.419E+01 0.262E+00 0.362E+01 0.226E+00
      3       2       4     512     512       4       4 0.581E-02 0.216E-01 0.000E+00 0.000E+00 0.483E-01 0.302E-02 0.428E-01 0.268E-02
      3       2       4      64      64       4       4 0.614E-02 0.245E-01 0.000E+00 0.000E+00 0.143E-02 0.897E-04 0.117E-02 0.730E-04
      3       2       8    1024    1024       4       4 0.534E-02 0.158E-01 0.000E+00 0.000E+00 0.224E+00 0.140E-01 0.181E+00 0.113E-01
      3       2       8     128     128       4       4 0.672E-02 0.268E-01 0.000E+00 0.000E+00 0.382E-02 0.239E-03 0.325E-02 0.203E-03
      3       2       8    2048    2048       4       4 0.836E-02 0.198E-01 0.000E+00 0.000E+00 0.104E+01 0.647E-01 0.875E+00 0.547E-01
      3       2       8     256     256       4       4 0.406E-02 0.159E-01 0.000E+00 0.000E+00 0.131E-01 0.817E-03 0.116E-01 0.725E-03
      3       2       8      32      32       4       4 0.824E-02 0.329E-01 0.000E+00 0.000E+00 0.916E-03 0.572E-04 0.612E-03 0.383E-04
      3       2       8    4096    4096       4       4 0.431E-02 0.134E-01 0.000E+00 0.000E+00 0.397E+01 0.248E+00 0.348E+01 0.218E+00
      3       2       8     512     512       4       4 0.396E-02 0.144E-01 0.000E+00 0.000E+00 0.452E-01 0.282E-02 0.395E-01 0.247E-02
      3       2       8      64      64       4       4 0.614E-02 0.244E-01 0.000E+00 0.000E+00 0.175E-02 0.109E-03 0.139E-02 0.868E-04
      3      24       1    1024    1024       4       4 0.296E-01 0.108E+00 0.000E+00 0.000E+00 0.158E+00 0.991E-02 0.124E+00 0.773E-02
      3      24       1     128     128       4       4 0.317E-01 0.126E+00 0.238E-06 0.954E-06 0.229E-01 0.143E-02 0.812E-02 0.507E-03
      3      24       1    2048    2048       4       4 0.613E-01 0.202E+00 0.000E+00 0.000E+00 0.690E+00 0.431E-01 0.634E+00 0.396E-01
      3      24       1     256     256       4       4 0.263E-01 0.105E+00 0.000E+00 0.000E+00 0.159E-01 0.995E-03 0.874E-02 0.546E-03
      3      24       1      32      32       4       4 0.303E-01 0.121E+00 0.000E+00 0.000E+00 0.320E-02 0.200E-03 0.168E-02 0.105E-03
      3      24       1     512     512       4       4 0.562E-01 0.220E+00 0.000E+00 0.000E+00 0.456E-01 0.285E-02 0.312E-01 0.195E-02
      3      24       1      64      64       4       4 0.450E-01 0.180E+00 0.000E+00 0.000E+00 0.340E-02 0.212E-03 0.208E-02 0.130E-03
      3       4       1    1024    1024       4       4 0.116E-01 0.406E-01 0.000E+00 0.000E+00 0.188E+00 0.118E-01 0.151E+00 0.941E-02
      3       4       1     128     128       4       4 0.101E-01 0.403E-01 0.298E-06 0.119E-05 0.374E-02 0.234E-03 0.325E-02 0.203E-03
      3       4       1    2048    2048       4       4 0.174E-01 0.488E-01 0.000E+00 0.000E+00 0.990E+00 0.619E-01 0.823E+00 0.514E-01
      3       4       1     256     256       4       4 0.961E-02 0.382E-01 0.000E+00 0.000E+00 0.117E-01 0.730E-03 0.100E-01 0.628E-03
      3       4       1      32      32       4       4 0.107E-01 0.427E-01 0.000E+00 0.000E+00 0.795E-03 0.497E-04 0.662E-03 0.414E-04
      3       4       1    4096    4096       4       4 0.245E-01 0.959E-01 0.000E+00 0.000E+00 0.427E+01 0.267E+00 0.362E+01 0.226E+00
      3       4       1     512     512       4       4 0.144E-01 0.559E-01 0.000E+00 0.000E+00 0.423E-01 0.264E-02 0.349E-01 0.218E-02
      3       4       1      64      64       4       4 0.208E-01 0.833E-01 0.000E+00 0.000E+00 0.149E-02 0.932E-04 0.121E-02 0.758E-04
      3       4       2    1024    1024       4       4 0.824E-02 0.264E-01 0.000E+00 0.000E+00 0.171E+00 0.107E-01 0.135E+00 0.844E-02
      3       4       2     128     128       4       4 0.131E-01 0.520E-01 0.000E+00 0.000E+00 0.434E-02 0.272E-03 0.356E-02 0.223E-03
      3       4       2    2048    2048       4       4 0.125E-01 0.217E-01 0.000E+00 0.000E+00 0.998E+00 0.624E-01 0.863E+00 0.540E-01
      3       4       2     256     256       4       4 0.693E-02 0.275E-01 0.000E+00 0.000E+00 0.968E-02 0.605E-03 0.824E-02 0.515E-03
      3       4       2      32      32       4       4 0.172E-01 0.686E-01 0.000E+00 0.000E+00 0.860E-03 0.538E-04 0.651E-03 0.407E-04
      3       4       2    4096    4096       4       4 0.103E-01 0.325E-01 0.000E+00 0.000E+00 0.389E+01 0.243E+00 0.330E+01 0.206E+00
      3       4       2     512     512       4       4 0.105E-01 0.404E-01 0.000E+00 0.000E+00 0.414E-01 0.259E-02 0.382E-01 0.239E-02
      3       4       2      64      64       4       4 0.102E-01 0.408E-01 0.000E+00 0.000E+00 0.166E-02 0.104E-03 0.128E-02 0.797E-04
      3       4       4    1024    1024       4       4 0.655E-02 0.204E-01 0.000E+00 0.000E+00 0.188E+00 0.118E-01 0.161E+00 0.101E-01
      3       4       4     128     128       4       4 0.124E-01 0.493E-01 0.000E+00 0.000E+00 0.334E-02 0.208E-03 0.290E-02 0.181E-03
      3       4       4    2048    2048       4       4 0.101E-01 0.211E-01 0.000E+00 0.000E+00 0.912E+00 0.570E-01 0.757E+00 0.473E-01
      3       4       4     256     256       4       4 0.102E-01 0.405E-01 0.238E-06 0.954E-06 0.101E-01 0.630E-03 0.844E-02 0.527E-03
      3       4       4      32      32       4       4 0.131E-01 0.524E-01 0.000E+00 0.000E+00 0.106E-02 0.660E-04 0.912E-03 0.570E-04
      3       4       4    4096    4096       4       4 0.618E-02 0.234E-01 0.000E+00 0.000E+00 0.364E+01 0.227E+00 0.312E+01 0.195E+00
      3       4       4     512     512       4       4 0.117E-01 0.453E-01 0.000E+00 0.000E+00 0.387E-01 0.242E-02 0.288E-01 0.180E-02
      3       4       4      64      64       4       4 0.150E-01 0.599E-01 0.000E+00 0.000E+00 0.162E-02 0.101E-03 0.114E-02 0.711E-04
      3       8       1    1024    1024       4       4 0.101E-01 0.344E-01 0.238E-06 0.954E-06 0.173E+00 0.108E-01 0.132E+00 0.826E-02
      3       8       1     128     128       4       4 0.147E-01 0.586E-01 0.000E+00 0.000E+00 0.333E-02 0.208E-03 0.209E-02 0.130E-03
      3       8       1    2048    2048       4       4 0.347E-01 0.115E+00 0.000E+00 0.000E+00 0.837E+00 0.523E-01 0.670E+00 0.419E-01
      3       8       1     256     256       4       4 0.121E-01 0.482E-01 0.000E+00 0.000E+00 0.102E-01 0.640E-03 0.732E-02 0.458E-03
      3       8       1      32      32       4       4 0.853E-02 0.340E-01 0.000E+00 0.000E+00 0.159E-02 0.996E-04 0.799E-03 0.499E-04
      3       8       1    4096    4096       4       4 0.975E-02 0.354E-01 0.298E-06 0.119E-05 0.358E+01 0.224E+00 0.305E+01 0.191E+00
      3       8       1     512     512       4       4 0.704E-02 0.265E-01 0.000E+00 0.000E+00 0.409E-01 0.256E-02 0.320E-01 0.200E-02
      3       8       1      64      64       4       4 0.147E-01 0.587E-01 0.000E+00 0.000E+00 0.199E-02 0.124E-03 0.104E-02 0.653E-04
      3       8       2    1024    1024       4       4 0.913E-02 0.310E-01 0.000E+00 0.000E+00 0.167E+00 0.104E-01 0.135E+00 0.842E-02
      3       8       2     128     128       4       4 0.204E-01 0.815E-01 0.000E+00 0.000E+00 0.421E-02 0.263E-03 0.302E-02 0.189E-03
      3       8       2    2048    2048       4       4 0.214E-01 0.439E-01 0.238E-06 0.954E-06 0.838E+00 0.524E-01 0.701E+00 0.438E-01
      3       8       2     256     256       4       4 0.201E-01 0.801E-01 0.000E+00 0.000E+00 0.121E-01 0.754E-03 0.983E-02 0.615E-03
      3       8       2      32      32       4       4 0.158E-01 0.630E-01 0.000E+00 0.000E+00 0.158E-02 0.990E-04 0.998E-03 0.624E-04
      3       8       2    4096    4096       4       4 0.131E-01 0.519E-01 0.000E+00 0.000E+00 0.357E+01 0.223E+00 0.312E+01 0.195E+00
      3       8       2     512     512       4       4 0.233E-01 0.911E-01 0.000E+00 0.000E+00 0.400E-01 0.250E-02 0.278E-01 0.174E-02
      3       8       2      64      64       4       4 0.125E-01 0.498E-01 0.000E+00 0.000E+00 0.243E-02 0.152E-03 0.152E-02 0.947E-04];
