      2       1       1    1021       4       4 0.301E+00 0.302E+00 0.306E+00 0.312E+00 0.714E-03 0.446E-04 0.693E-03 0.433E-04
      2       1       1   16381       4       4 0.150E+01 0.151E+01 0.176E+01 0.177E+01 0.129E-01 0.808E-03 0.131E-01 0.816E-03
      2       1       1    2053       4       4 0.108E+01 0.108E+01 0.112E+01 0.112E+01 0.171E-02 0.107E-03 0.172E-02 0.108E-03
      2       1       1     257       4       4 0.643E-01 0.650E-01 0.626E-01 0.634E-01 0.201E-03 0.126E-04 0.191E-03 0.119E-04
      2       1       1    4099       4       4 0.149E+01 0.149E+01 0.151E+01 0.153E+01 0.419E-02 0.262E-03 0.416E-02 0.260E-03
      2       1       1     509       4       4 0.148E+00 0.149E+00 0.144E+00 0.150E+00 0.397E-03 0.248E-04 0.396E-03 0.247E-04
      2       1       1    8191       4       4 0.737E+00 0.738E+00 0.864E+00 0.870E+00 0.623E-02 0.390E-03 0.601E-02 0.376E-03
      2       1      12    1021       4       4 0.821E+00 0.857E+00 0.903E+00 0.947E+00 0.167E-02 0.104E-03 0.159E-02 0.995E-04
      2       1      12   16381       4       4 0.277E+01 0.280E+01 0.302E+01 0.305E+01 0.147E-01 0.916E-03 0.129E-01 0.807E-03
      2       1      12    2053       4       4 0.290E+01 0.293E+01 0.306E+01 0.311E+01 0.400E-02 0.250E-03 0.276E-02 0.172E-03
      2       1      12     257       4       4 0.183E+00 0.184E+00 0.192E+00 0.198E+00 0.759E-03 0.475E-04 0.699E-03 0.437E-04
      2       1      12    4099       4       4 0.332E+01 0.337E+01 0.346E+01 0.352E+01 0.103E-01 0.641E-03 0.515E-02 0.322E-03
      2       1      12     509       4       4 0.350E+00 0.363E+00 0.383E+00 0.398E+00 0.105E-02 0.659E-04 0.993E-03 0.620E-04
      2       1      12    8191       4       4 0.173E+01 0.179E+01 0.178E+01 0.186E+01 0.941E-02 0.588E-03 0.770E-02 0.481E-03
      2       1      16    1021       4       4 0.892E+00 0.900E+00 0.993E+00 0.101E+01 0.178E-02 0.112E-03 0.167E-02 0.104E-03
      2       1      16   16381       4       4 0.305E+01 0.307E+01 0.309E+01 0.324E+01 0.138E-01 0.865E-03 0.138E-01 0.862E-03
      2       1      16    2053       4       4 0.321E+01 0.325E+01 0.336E+01 0.339E+01 0.837E-02 0.523E-03 0.409E-02 0.255E-03
      2       1      16     257       4       4 0.144E+00 0.145E+00 0.148E+00 0.150E+00 0.665E-03 0.415E-04 0.642E-03 0.401E-04
      2       1      16    4099       4       4 0.367E+01 0.374E+01 0.381E+01 0.388E+01 0.568E-02 0.355E-03 0.530E-02 0.331E-03
      2       1      16     509       4       4 0.324E+00 0.333E+00 0.356E+00 0.371E+00 0.181E-02 0.113E-03 0.107E-02 0.669E-04
      2       1      16    8191       4       4 0.182E+01 0.183E+01 0.198E+01 0.200E+01 0.832E-02 0.520E-03 0.825E-02 0.516E-03
      2       1       2    1021       4       4 0.423E+00 0.424E+00 0.447E+00 0.449E+00 0.107E-02 0.671E-04 0.108E-02 0.675E-04
      2       1       2   16381       4       4 0.206E+01 0.209E+01 0.226E+01 0.232E+01 0.128E-01 0.798E-03 0.126E-01 0.789E-03
      2       1       2    2053       4       4 0.171E+01 0.171E+01 0.176E+01 0.176E+01 0.190E-02 0.119E-03 0.196E-02 0.122E-03
      2       1       2     257       4       4 0.979E-01 0.988E-01 0.992E-01 0.995E-01 0.312E-03 0.195E-04 0.369E-03 0.231E-04
      2       1       2    4099       4       4 0.230E+01 0.230E+01 0.235E+01 0.237E+01 0.396E-02 0.248E-03 0.385E-02 0.241E-03
      2       1       2     509       4       4 0.206E+00 0.208E+00 0.214E+00 0.215E+00 0.675E-03 0.422E-04 0.682E-03 0.426E-04
      2       1       2    8191       4       4 0.105E+01 0.109E+01 0.116E+01 0.122E+01 0.667E-02 0.417E-03 0.677E-02 0.423E-03
      2       1      24    1021       4       4 0.110E+01 0.112E+01 0.122E+01 0.125E+01 0.758E-02 0.474E-03 0.198E-02 0.124E-03
      2       1      24   16381       4       4 0.362E+01 0.368E+01 0.371E+01 0.382E+01 0.153E-01 0.955E-03 0.149E-01 0.933E-03
      2       1      24    2053       4       4 0.373E+01 0.380E+01 0.386E+01 0.397E+01 0.114E-01 0.714E-03 0.517E-02 0.323E-03
      2       1      24     257       4       4 0.193E+00 0.209E+00 0.202E+00 0.209E+00 0.815E-03 0.509E-04 0.767E-03 0.480E-04
      2       1      24    4099       4       4 0.432E+01 0.436E+01 0.443E+01 0.458E+01 0.171E-01 0.107E-02 0.752E-02 0.470E-03
      2       1      24     509       4       4 0.417E+00 0.440E+00 0.445E+00 0.464E+00 0.335E-02 0.210E-03 0.141E-02 0.878E-04
      2       1      24    8191       4       4 0.220E+01 0.229E+01 0.231E+01 0.242E+01 0.143E-01 0.893E-03 0.965E-02 0.603E-03
      2       1       4    1021       4       4 0.553E+00 0.554E+00 0.607E+00 0.610E+00 0.143E-02 0.895E-04 0.158E-02 0.989E-04
      2       1       4   16381       4       4 0.226E+01 0.228E+01 0.242E+01 0.247E+01 0.130E-01 0.812E-03 0.134E-01 0.837E-03
      2       1       4    2053       4       4 0.204E+01 0.207E+01 0.214E+01 0.215E+01 0.277E-02 0.173E-03 0.272E-02 0.170E-03
      2       1       4     257       4       4 0.123E+00 0.130E+00 0.125E+00 0.136E+00 0.399E-03 0.250E-04 0.403E-03 0.252E-04
      2       1       4    4099       4       4 0.259E+01 0.260E+01 0.268E+01 0.273E+01 0.441E-02 0.276E-03 0.423E-02 0.264E-03
      2       1       4     509       4       4 0.244E+00 0.246E+00 0.261E+00 0.263E+00 0.277E-02 0.173E-03 0.810E-03 0.506E-04
      2       1       4    8191       4       4 0.121E+01 0.122E+01 0.133E+01 0.136E+01 0.709E-02 0.443E-03 0.728E-02 0.455E-03
      2       1       8    1021       4       4 0.737E+00 0.751E+00 0.811E+00 0.829E+00 0.153E-02 0.955E-04 0.152E-02 0.951E-04
      2       1       8   16381       4       4 0.252E+01 0.254E+01 0.262E+01 0.274E+01 0.140E-01 0.874E-03 0.133E-01 0.831E-03
      2       1       8    2053       4       4 0.249E+01 0.250E+01 0.262E+01 0.266E+01 0.294E-02 0.184E-03 0.309E-02 0.193E-03
      2       1       8     257       4       4 0.128E+00 0.133E+00 0.130E+00 0.137E+00 0.480E-03 0.300E-04 0.464E-03 0.290E-04
      2       1       8    4099       4       4 0.299E+01 0.301E+01 0.308E+01 0.311E+01 0.502E-02 0.314E-03 0.505E-02 0.316E-03
      2       1       8     509       4       4 0.277E+00 0.288E+00 0.299E+00 0.313E+00 0.887E-03 0.554E-04 0.897E-03 0.561E-04
      2       1       8    8191       4       4 0.146E+01 0.149E+01 0.162E+01 0.164E+01 0.725E-02 0.453E-03 0.718E-02 0.449E-03
      3       1       1    1021       4       4 0.783E-03 0.291E-02 0.808E-04 0.980E-04 0.427E-03 0.267E-04 0.385E-03 0.241E-04
      3       1       1 1048573       4       4 0.142E+00 0.145E+00 0.139E+00 0.143E+00 0.124E+01 0.775E-01 0.125E+01 0.780E-01
      3       1       1  131071       4       4 0.147E-01 0.188E-01 0.132E-01 0.134E-01 0.109E+00 0.678E-02 0.109E+00 0.681E-02
      3       1       1   16381       4       4 0.258E-02 0.522E-02 0.154E-02 0.192E-02 0.105E-01 0.656E-03 0.104E-01 0.650E-03
      3       1       1    2053       4       4 0.969E-03 0.324E-02 0.193E-03 0.224E-03 0.128E-02 0.803E-04 0.126E-02 0.787E-04
      3       1       1     257       4       4 0.553E-03 0.216E-02 0.194E-04 0.310E-04 0.113E-03 0.708E-05 0.887E-04 0.554E-05
      3       1       1  262147       4       4 0.450E-01 0.515E-01 0.440E-01 0.465E-01 0.510E+00 0.319E-01 0.502E+00 0.314E-01
      3       1       1   32771       4       4 0.658E-02 0.986E-02 0.568E-02 0.681E-02 0.455E-01 0.284E-02 0.448E-01 0.280E-02
      3       1       1    4099       4       4 0.124E-02 0.306E-02 0.829E-03 0.986E-03 0.456E-02 0.285E-03 0.421E-02 0.263E-03
      3       1       1     509       4       4 0.660E-03 0.255E-02 0.373E-04 0.701E-04 0.193E-03 0.121E-04 0.159E-03 0.991E-05
      3       1       1  524287       4       4 0.632E-01 0.697E-01 0.597E-01 0.613E-01 0.534E+00 0.334E-01 0.529E+00 0.330E-01
      3       1       1   65537       4       4 0.103E-01 0.142E-01 0.968E-02 0.106E-01 0.106E+00 0.665E-02 0.106E+00 0.665E-02
      3       1       1    8191       4       4 0.161E-02 0.428E-02 0.840E-03 0.963E-03 0.490E-02 0.306E-03 0.487E-02 0.304E-03
      3       1      12    1021       4       4 0.736E-02 0.292E-01 0.848E-04 0.115E-03 0.437E-03 0.273E-04 0.411E-03 0.257E-04
      3       1      12 1048573       4       4 0.147E+00 0.152E+00 0.141E+00 0.144E+00 0.128E+01 0.798E-01 0.127E+01 0.796E-01
      3       1      12  131071       4       4 0.183E-01 0.336E-01 0.135E-01 0.143E-01 0.114E+00 0.713E-02 0.115E+00 0.716E-02
      3       1      12   16381       4       4 0.737E-02 0.240E-01 0.178E-02 0.218E-02 0.118E-01 0.737E-03 0.117E-01 0.733E-03
      3       1      12    2053       4       4 0.461E-02 0.178E-01 0.206E-03 0.215E-03 0.132E-02 0.825E-04 0.125E-02 0.779E-04
      3       1      12     257       4       4 0.442E-02 0.176E-01 0.212E-04 0.322E-04 0.142E-03 0.887E-05 0.102E-03 0.635E-05
      3       1      12  262147       4       4 0.473E-01 0.583E-01 0.449E-01 0.472E-01 0.529E+00 0.331E-01 0.524E+00 0.328E-01
      3       1      12   32771       4       4 0.109E-01 0.270E-01 0.548E-02 0.662E-02 0.481E-01 0.300E-02 0.472E-01 0.295E-02
      3       1      12    4099       4       4 0.504E-02 0.183E-01 0.645E-03 0.714E-03 0.466E-02 0.291E-03 0.464E-02 0.290E-03
      3       1      12     509       4       4 0.347E-02 0.138E-01 0.387E-04 0.682E-04 0.200E-03 0.125E-04 0.159E-03 0.995E-05
      3       1      12  524287       4       4 0.651E-01 0.726E-01 0.613E-01 0.623E-01 0.554E+00 0.347E-01 0.552E+00 0.345E-01
      3       1      12   65537       4       4 0.163E-01 0.378E-01 0.102E-01 0.111E-01 0.113E+00 0.708E-02 0.114E+00 0.711E-02
      3       1      12    8191       4       4 0.516E-02 0.181E-01 0.884E-03 0.970E-03 0.506E-02 0.316E-03 0.494E-02 0.309E-03
      3       1      16    1021       4       4 0.462E-02 0.182E-01 0.120E-03 0.172E-03 0.601E-03 0.375E-04 0.551E-03 0.344E-04
      3       1      16 1048573       4       4 0.149E+00 0.163E+00 0.142E+00 0.143E+00 0.128E+01 0.798E-01 0.127E+01 0.796E-01
      3       1      16  131071       4       4 0.169E-01 0.287E-01 0.133E-01 0.142E-01 0.113E+00 0.704E-02 0.113E+00 0.707E-02
      3       1      16   16381       4       4 0.609E-02 0.191E-01 0.170E-02 0.187E-02 0.109E-01 0.684E-03 0.107E-01 0.670E-03
      3       1      16    2053       4       4 0.453E-02 0.175E-01 0.215E-03 0.234E-03 0.127E-02 0.794E-04 0.126E-02 0.789E-04
      3       1      16     257       4       4 0.436E-02 0.174E-01 0.262E-04 0.348E-04 0.135E-03 0.845E-05 0.115E-03 0.720E-05
      3       1      16  262147       4       4 0.480E-01 0.610E-01 0.449E-01 0.471E-01 0.529E+00 0.331E-01 0.525E+00 0.328E-01
      3       1      16   32771       4       4 0.102E-01 0.234E-01 0.607E-02 0.683E-02 0.482E-01 0.301E-02 0.474E-01 0.297E-02
      3       1      16    4099       4       4 0.502E-02 0.183E-01 0.686E-03 0.789E-03 0.479E-02 0.299E-03 0.472E-02 0.295E-03
      3       1      16     509       4       4 0.435E-02 0.173E-01 0.360E-04 0.560E-04 0.187E-03 0.117E-04 0.180E-03 0.113E-04
      3       1      16  524287       4       4 0.637E-01 0.687E-01 0.608E-01 0.616E-01 0.553E+00 0.346E-01 0.553E+00 0.346E-01
      3       1      16   65537       4       4 0.132E-01 0.263E-01 0.989E-02 0.109E-01 0.111E+00 0.697E-02 0.112E+00 0.699E-02
      3       1      16    8191       4       4 0.500E-02 0.174E-01 0.982E-03 0.100E-02 0.495E-02 0.310E-03 0.479E-02 0.299E-03
      3       1       2    1021       4       4 0.333E-02 0.131E-01 0.815E-04 0.128E-03 0.401E-03 0.250E-04 0.401E-03 0.251E-04
      3       1       2 1048573       4       4 0.143E+00 0.150E+00 0.139E+00 0.142E+00 0.124E+01 0.774E-01 0.125E+01 0.779E-01
      3       1       2  131071       4       4 0.146E-01 0.198E-01 0.131E-01 0.136E-01 0.109E+00 0.682E-02 0.109E+00 0.682E-02
      3       1       2   16381       4       4 0.540E-02 0.166E-01 0.165E-02 0.185E-02 0.102E-01 0.641E-03 0.107E-01 0.666E-03
      3       1       2    2053       4       4 0.330E-02 0.126E-01 0.216E-03 0.256E-03 0.128E-02 0.799E-04 0.122E-02 0.763E-04
      3       1       2     257       4       4 0.543E-03 0.212E-02 0.205E-04 0.310E-04 0.115E-03 0.720E-05 0.949E-04 0.593E-05
      3       1       2  262147       4       4 0.448E-01 0.517E-01 0.439E-01 0.464E-01 0.508E+00 0.318E-01 0.500E+00 0.313E-01
      3       1       2   32771       4       4 0.834E-02 0.167E-01 0.579E-02 0.657E-02 0.462E-01 0.289E-02 0.448E-01 0.280E-02
      3       1       2    4099       4       4 0.360E-02 0.125E-01 0.682E-03 0.771E-03 0.463E-02 0.289E-03 0.465E-02 0.290E-03
      3       1       2     509       4       4 0.337E-02 0.134E-01 0.417E-04 0.679E-04 0.198E-03 0.124E-04 0.159E-03 0.992E-05
      3       1       2  524287       4       4 0.633E-01 0.705E-01 0.597E-01 0.612E-01 0.531E+00 0.332E-01 0.529E+00 0.330E-01
      3       1       2   65537       4       4 0.113E-01 0.189E-01 0.970E-02 0.107E-01 0.107E+00 0.669E-02 0.107E+00 0.667E-02
      3       1       2    8191       4       4 0.359E-02 0.121E-01 0.834E-03 0.911E-03 0.488E-02 0.305E-03 0.492E-02 0.307E-03
      3       1      24    1021       4       4 0.437E-02 0.172E-01 0.125E-03 0.210E-03 0.602E-03 0.376E-04 0.551E-03 0.344E-04
      3       1      24 1048573       4       4 0.145E+00 0.149E+00 0.142E+00 0.143E+00 0.128E+01 0.799E-01 0.127E+01 0.797E-01
      3       1      24  131071       4       4 0.182E-01 0.335E-01 0.134E-01 0.143E-01 0.114E+00 0.712E-02 0.115E+00 0.717E-02
      3       1      24   16381       4       4 0.978E-02 0.319E-01 0.218E-02 0.236E-02 0.136E-01 0.849E-03 0.133E-01 0.829E-03
      3       1      24    2053       4       4 0.445E-02 0.169E-01 0.284E-03 0.311E-03 0.177E-02 0.111E-03 0.170E-02 0.106E-03
      3       1      24     257       4       4 0.307E-02 0.122E-01 0.308E-04 0.670E-04 0.155E-03 0.967E-05 0.108E-03 0.672E-05
      3       1      24  262147       4       4 0.555E-01 0.756E-01 0.483E-01 0.491E-01 0.528E+00 0.330E-01 0.524E+00 0.328E-01
      3       1      24   32771       4       4 0.998E-02 0.232E-01 0.555E-02 0.671E-02 0.480E-01 0.300E-02 0.474E-01 0.297E-02
      3       1      24    4099       4       4 0.503E-02 0.182E-01 0.677E-03 0.775E-03 0.467E-02 0.292E-03 0.461E-02 0.288E-03
      3       1      24     509       4       4 0.428E-02 0.170E-01 0.398E-04 0.670E-04 0.198E-03 0.124E-04 0.171E-03 0.107E-04
      3       1      24  524287       4       4 0.659E-01 0.773E-01 0.609E-01 0.623E-01 0.555E+00 0.347E-01 0.554E+00 0.346E-01
      3       1      24   65537       4       4 0.144E-01 0.304E-01 0.997E-02 0.110E-01 0.114E+00 0.710E-02 0.114E+00 0.711E-02
      3       1      24    8191       4       4 0.529E-02 0.186E-01 0.890E-03 0.935E-03 0.506E-02 0.316E-03 0.495E-02 0.309E-03
      3       1       4    1021       4       4 0.728E-02 0.289E-01 0.748E-04 0.102E-03 0.385E-03 0.241E-04 0.354E-03 0.221E-04
      3       1       4 1048573       4       4 0.144E+00 0.148E+00 0.141E+00 0.143E+00 0.125E+01 0.779E-01 0.125E+01 0.782E-01
      3       1       4  131071       4       4 0.180E-01 0.332E-01 0.132E-01 0.140E-01 0.111E+00 0.692E-02 0.111E+00 0.694E-02
      3       1       4   16381       4       4 0.587E-02 0.181E-01 0.162E-02 0.177E-02 0.108E-01 0.673E-03 0.108E-01 0.678E-03
      3       1       4    2053       4       4 0.753E-02 0.295E-01 0.184E-03 0.192E-03 0.124E-02 0.774E-04 0.127E-02 0.793E-04
      3       1       4     257       4       4 0.655E-02 0.262E-01 0.197E-04 0.300E-04 0.117E-03 0.729E-05 0.930E-04 0.581E-05
      3       1       4  262147       4       4 0.469E-01 0.587E-01 0.444E-01 0.472E-01 0.514E+00 0.321E-01 0.507E+00 0.317E-01
      3       1       4   32771       4       4 0.935E-02 0.213E-01 0.589E-02 0.660E-02 0.470E-01 0.294E-02 0.457E-01 0.286E-02
      3       1       4    4099       4       4 0.515E-02 0.189E-01 0.705E-03 0.817E-03 0.478E-02 0.299E-03 0.473E-02 0.296E-03
      3       1       4     509       4       4 0.465E-02 0.185E-01 0.350E-04 0.591E-04 0.175E-03 0.109E-04 0.149E-03 0.934E-05
      3       1       4  524287       4       4 0.635E-01 0.709E-01 0.600E-01 0.624E-01 0.541E+00 0.338E-01 0.537E+00 0.336E-01
      3       1       4   65537       4       4 0.127E-01 0.240E-01 0.984E-02 0.107E-01 0.108E+00 0.675E-02 0.109E+00 0.682E-02
      3       1       4    8191       4       4 0.422E-02 0.142E-01 0.915E-03 0.960E-03 0.478E-02 0.299E-03 0.463E-02 0.289E-03
      3       1       8    1021       4       4 0.468E-02 0.184E-01 0.991E-04 0.108E-03 0.595E-03 0.372E-04 0.560E-03 0.350E-04
      3       1       8 1048573       4       4 0.145E+00 0.149E+00 0.142E+00 0.144E+00 0.127E+01 0.791E-01 0.126E+01 0.790E-01
      3       1       8  131071       4       4 0.207E-01 0.430E-01 0.135E-01 0.143E-01 0.114E+00 0.711E-02 0.113E+00 0.706E-02
      3       1       8   16381       4       4 0.809E-02 0.271E-01 0.169E-02 0.193E-02 0.110E-01 0.687E-03 0.109E-01 0.684E-03
      3       1       8    2053       4       4 0.668E-02 0.259E-01 0.261E-03 0.280E-03 0.170E-02 0.106E-03 0.162E-02 0.102E-03
      3       1       8     257       4       4 0.640E-02 0.255E-01 0.218E-04 0.341E-04 0.127E-03 0.791E-05 0.992E-04 0.620E-05
      3       1       8  262147       4       4 0.508E-01 0.732E-01 0.448E-01 0.476E-01 0.523E+00 0.327E-01 0.518E+00 0.324E-01
      3       1       8   32771       4       4 0.965E-02 0.226E-01 0.544E-02 0.631E-02 0.465E-01 0.291E-02 0.457E-01 0.286E-02
      3       1       8    4099       4       4 0.728E-02 0.266E-01 0.924E-03 0.122E-02 0.541E-02 0.338E-03 0.529E-02 0.331E-03
      3       1       8     509       4       4 0.555E-02 0.221E-01 0.350E-04 0.560E-04 0.191E-03 0.119E-04 0.159E-03 0.994E-05
      3       1       8  524287       4       4 0.684E-01 0.863E-01 0.612E-01 0.627E-01 0.548E+00 0.342E-01 0.546E+00 0.341E-01
      3       1       8   65537       4       4 0.154E-01 0.345E-01 0.101E-01 0.109E-01 0.111E+00 0.695E-02 0.112E+00 0.699E-02
      3       1       8    8191       4       4 0.729E-02 0.265E-01 0.925E-03 0.101E-02 0.490E-02 0.306E-03 0.484E-02 0.302E-03
