      2       1       1    1021       4       4 0.502E-01 0.201E+00 0.825E-04 0.120E-03 0.432E-03 0.270E-04 0.389E-03 0.243E-04
      2       1       1   16381       4       4 0.435E+00 0.173E+01 0.137E-02 0.154E-02 0.166E-01 0.103E-02 0.167E-01 0.104E-02
      2       1       1    2053       4       4 0.257E+00 0.103E+01 0.195E-03 0.221E-03 0.124E-02 0.776E-04 0.116E-02 0.727E-04
      2       1       1     257       4       4 0.586E-01 0.234E+00 0.183E-01 0.730E-01 0.171E-03 0.107E-04 0.118E-03 0.741E-05
      2       1       1    4099       4       4 0.455E+00 0.182E+01 0.412E-03 0.470E-03 0.338E-02 0.211E-03 0.348E-02 0.218E-03
      2       1       1     509       4       4 0.362E-01 0.145E+00 0.584E-04 0.782E-04 0.179E-03 0.112E-04 0.184E-03 0.115E-04
      2       1       1    8191       4       4 0.243E+00 0.970E+00 0.585E-03 0.657E-03 0.561E-02 0.351E-03 0.523E-02 0.327E-03
      2       1      12    1021       4       4 0.986E-01 0.394E+00 0.106E-03 0.123E-03 0.103E-02 0.641E-04 0.102E-02 0.635E-04
      2       1      12   16381       4       4 0.361E+00 0.143E+01 0.164E-02 0.172E-02 0.108E-01 0.674E-03 0.967E-02 0.604E-03
      2       1      12    2053       4       4 0.436E+00 0.174E+01 0.493E-03 0.502E-03 0.492E-02 0.307E-03 0.296E-02 0.185E-03
      2       1      12     257       4       4 0.122E+00 0.486E+00 0.128E+00 0.510E+00 0.756E-03 0.472E-04 0.739E-03 0.462E-04
      2       1      12    4099       4       4 0.679E+00 0.271E+01 0.841E-03 0.854E-03 0.618E-02 0.387E-03 0.508E-02 0.317E-03
      2       1      12     509       4       4 0.760E-01 0.303E+00 0.767E-04 0.939E-04 0.776E-03 0.485E-04 0.763E-03 0.477E-04
      2       1      12    8191       4       4 0.278E+00 0.111E+01 0.873E-03 0.884E-03 0.545E-02 0.340E-03 0.530E-02 0.331E-03
      2       1      16    1021       4       4 0.973E-01 0.389E+00 0.117E-03 0.133E-03 0.123E-02 0.766E-04 0.124E-02 0.773E-04
      2       1      16   16381       4       4 0.349E+00 0.139E+01 0.160E-02 0.160E-02 0.971E-02 0.607E-03 0.757E-02 0.473E-03
      2       1      16    2053       4       4 0.486E+00 0.194E+01 0.800E-03 0.863E-03 0.497E-02 0.311E-03 0.362E-02 0.226E-03
      2       1      16     257       4       4 0.138E+00 0.552E+00 0.143E+00 0.571E+00 0.284E-02 0.178E-03 0.920E-03 0.575E-04
      2       1      16    4099       4       4 0.673E+00 0.269E+01 0.853E-03 0.865E-03 0.560E-02 0.350E-03 0.448E-02 0.280E-03
      2       1      16     509       4       4 0.703E-01 0.281E+00 0.884E-04 0.107E-03 0.937E-03 0.586E-04 0.934E-03 0.584E-04
      2       1      16    8191       4       4 0.256E+00 0.101E+01 0.913E-03 0.975E-03 0.626E-02 0.391E-03 0.618E-02 0.386E-03
      2       1       2    1021       4       4 0.565E-01 0.226E+00 0.915E-04 0.103E-03 0.722E-03 0.451E-04 0.725E-03 0.453E-04
      2       1       2   16381       4       4 0.413E+00 0.164E+01 0.135E-02 0.154E-02 0.112E-01 0.700E-03 0.104E-01 0.652E-03
      2       1       2    2053       4       4 0.265E+00 0.106E+01 0.265E-03 0.313E-03 0.170E-02 0.106E-03 0.173E-02 0.108E-03
      2       1       2     257       4       4 0.690E-01 0.276E+00 0.213E-01 0.846E-01 0.493E-03 0.308E-04 0.462E-03 0.289E-04
      2       1       2    4099       4       4 0.458E+00 0.183E+01 0.473E-03 0.537E-03 0.276E-02 0.173E-03 0.269E-02 0.168E-03
      2       1       2     509       4       4 0.435E-01 0.174E+00 0.540E-04 0.670E-04 0.405E-03 0.253E-04 0.459E-03 0.287E-04
      2       1       2    8191       4       4 0.238E+00 0.948E+00 0.693E-03 0.813E-03 0.604E-02 0.378E-03 0.604E-02 0.378E-03
      2       1      24    1021       4       4 0.118E+00 0.473E+00 0.160E-03 0.169E-03 0.167E-02 0.104E-03 0.160E-02 0.998E-04
      2       1      24   16381       4       4 0.448E+00 0.178E+01 0.262E-02 0.287E-02 0.127E-01 0.791E-03 0.128E-01 0.801E-03
      2       1      24    2053       4       4 0.573E+00 0.229E+01 0.979E-03 0.107E-02 0.716E-02 0.448E-03 0.449E-02 0.281E-03
      2       1      24     257       4       4 0.158E+00 0.625E+00 0.184E+00 0.736E+00 0.164E-02 0.102E-03 0.958E-03 0.599E-04
      2       1      24    4099       4       4 0.889E+00 0.355E+01 0.914E-03 0.926E-03 0.797E-02 0.498E-03 0.608E-02 0.380E-03
      2       1      24     509       4       4 0.826E-01 0.330E+00 0.885E-04 0.101E-03 0.951E-03 0.594E-04 0.928E-03 0.580E-04
      2       1      24    8191       4       4 0.308E+00 0.123E+01 0.152E-02 0.165E-02 0.117E-01 0.734E-03 0.993E-02 0.621E-03
      2       1       4    1021       4       4 0.715E-01 0.286E+00 0.963E-04 0.116E-03 0.113E-02 0.704E-04 0.108E-02 0.674E-04
      2       1       4   16381       4       4 0.381E+00 0.152E+01 0.119E-02 0.122E-02 0.878E-02 0.548E-03 0.823E-02 0.515E-03
      2       1       4    2053       4       4 0.308E+00 0.123E+01 0.391E-03 0.435E-03 0.191E-02 0.119E-03 0.186E-02 0.116E-03
      2       1       4     257       4       4 0.930E-01 0.371E+00 0.960E-01 0.384E+00 0.706E-03 0.441E-04 0.723E-03 0.452E-04
      2       1       4    4099       4       4 0.502E+00 0.201E+01 0.540E-03 0.583E-03 0.282E-02 0.176E-03 0.269E-02 0.168E-03
      2       1       4     509       4       4 0.538E-01 0.214E+00 0.647E-04 0.811E-04 0.690E-03 0.431E-04 0.625E-03 0.391E-04
      2       1       4    8191       4       4 0.224E+00 0.893E+00 0.756E-03 0.836E-03 0.452E-02 0.282E-03 0.423E-02 0.265E-03
      2       1       8    1021       4       4 0.876E-01 0.350E+00 0.108E-03 0.123E-03 0.109E-02 0.684E-04 0.106E-02 0.661E-04
      2       1       8   16381       4       4 0.388E+00 0.155E+01 0.129E-02 0.150E-02 0.102E-01 0.640E-03 0.100E-01 0.625E-03
      2       1       8    2053       4       4 0.375E+00 0.150E+01 0.505E-03 0.513E-03 0.293E-02 0.183E-03 0.289E-02 0.181E-03
      2       1       8     257       4       4 0.113E+00 0.450E+00 0.117E+00 0.469E+00 0.795E-03 0.497E-04 0.726E-03 0.454E-04
      2       1       8    4099       4       4 0.597E+00 0.238E+01 0.817E-03 0.969E-03 0.340E-02 0.212E-03 0.323E-02 0.202E-03
      2       1       8     509       4       4 0.698E-01 0.279E+00 0.780E-04 0.901E-04 0.771E-03 0.482E-04 0.797E-03 0.498E-04
      2       1       8    8191       4       4 0.236E+00 0.939E+00 0.819E-03 0.925E-03 0.488E-02 0.305E-03 0.473E-02 0.296E-03
      3       1       1    1021       4       4 0.760E-03 0.259E-02 0.164E-03 0.190E-03 0.395E-03 0.247E-04 0.404E-03 0.252E-04
      3       1       1 1048573       4       4 0.141E+00 0.144E+00 0.137E+00 0.140E+00 0.124E+01 0.778E-01 0.126E+01 0.785E-01
      3       1       1  131071       4       4 0.147E-01 0.175E-01 0.134E-01 0.137E-01 0.110E+00 0.687E-02 0.109E+00 0.683E-02
      3       1       1   16381       4       4 0.272E-02 0.533E-02 0.173E-02 0.198E-02 0.104E-01 0.650E-03 0.989E-02 0.618E-03
      3       1       1    2053       4       4 0.125E-02 0.373E-02 0.401E-03 0.461E-03 0.123E-02 0.772E-04 0.115E-02 0.722E-04
      3       1       1     257       4       4 0.763E-03 0.295E-02 0.338E-04 0.451E-04 0.109E-03 0.681E-05 0.842E-04 0.526E-05
      3       1       1  262147       4       4 0.446E-01 0.508E-01 0.437E-01 0.459E-01 0.512E+00 0.320E-01 0.505E+00 0.316E-01
      3       1       1   32771       4       4 0.640E-02 0.980E-02 0.529E-02 0.632E-02 0.452E-01 0.282E-02 0.441E-01 0.276E-02
      3       1       1    4099       4       4 0.153E-02 0.397E-02 0.673E-03 0.749E-03 0.449E-02 0.280E-03 0.423E-02 0.264E-03
      3       1       1     509       4       4 0.739E-03 0.278E-02 0.610E-04 0.770E-04 0.178E-03 0.111E-04 0.160E-03 0.100E-04
      3       1       1  524287       4       4 0.620E-01 0.678E-01 0.588E-01 0.605E-01 0.538E+00 0.336E-01 0.536E+00 0.335E-01
      3       1       1   65537       4       4 0.105E-01 0.142E-01 0.101E-01 0.108E-01 0.106E+00 0.661E-02 0.105E+00 0.653E-02
      3       1       1    8191       4       4 0.162E-02 0.389E-02 0.964E-03 0.103E-02 0.468E-02 0.292E-03 0.445E-02 0.278E-03
      3       1      12    1021       4       4 0.456E-02 0.179E-01 0.143E-03 0.170E-03 0.365E-03 0.228E-04 0.349E-03 0.218E-04
      3       1      12 1048573       4       4 0.144E+00 0.145E+00 0.139E+00 0.142E+00 0.129E+01 0.804E-01 0.129E+01 0.805E-01
      3       1      12  131071       4       4 0.175E-01 0.292E-01 0.138E-01 0.144E-01 0.113E+00 0.707E-02 0.113E+00 0.706E-02
      3       1      12   16381       4       4 0.829E-02 0.269E-01 0.210E-02 0.248E-02 0.121E-01 0.755E-03 0.119E-01 0.743E-03
      3       1      12    2053       4       4 0.686E-02 0.261E-01 0.403E-03 0.421E-03 0.127E-02 0.792E-04 0.120E-02 0.751E-04
      3       1      12     257       4       4 0.746E-02 0.297E-01 0.381E-04 0.508E-04 0.119E-03 0.744E-05 0.101E-03 0.633E-05
      3       1      12  262147       4       4 0.521E-01 0.771E-01 0.452E-01 0.475E-01 0.533E+00 0.333E-01 0.528E+00 0.330E-01
      3       1      12   32771       4       4 0.995E-02 0.236E-01 0.529E-02 0.624E-02 0.471E-01 0.294E-02 0.461E-01 0.288E-02
      3       1      12    4099       4       4 0.703E-02 0.264E-01 0.672E-03 0.729E-03 0.466E-02 0.291E-03 0.463E-02 0.290E-03
      3       1      12     509       4       4 0.740E-02 0.294E-01 0.643E-04 0.870E-04 0.172E-03 0.108E-04 0.156E-03 0.975E-05
      3       1      12  524287       4       4 0.670E-01 0.812E-01 0.608E-01 0.613E-01 0.557E+00 0.348E-01 0.556E+00 0.348E-01
      3       1      12   65537       4       4 0.156E-01 0.352E-01 0.101E-01 0.109E-01 0.111E+00 0.694E-02 0.111E+00 0.691E-02
      3       1      12    8191       4       4 0.824E-02 0.303E-01 0.947E-03 0.976E-03 0.500E-02 0.313E-03 0.484E-02 0.303E-03
      3       1      16    1021       4       4 0.447E-02 0.175E-01 0.165E-03 0.202E-03 0.424E-03 0.265E-04 0.400E-03 0.250E-04
      3       1      16 1048573       4       4 0.145E+00 0.147E+00 0.141E+00 0.143E+00 0.129E+01 0.804E-01 0.129E+01 0.805E-01
      3       1      16  131071       4       4 0.173E-01 0.292E-01 0.137E-01 0.140E-01 0.112E+00 0.703E-02 0.112E+00 0.702E-02
      3       1      16   16381       4       4 0.695E-02 0.221E-01 0.181E-02 0.189E-02 0.107E-01 0.672E-03 0.105E-01 0.658E-03
      3       1      16    2053       4       4 0.478E-02 0.178E-01 0.392E-03 0.426E-03 0.124E-02 0.776E-04 0.121E-02 0.758E-04
      3       1      16     257       4       4 0.636E-02 0.253E-01 0.453E-04 0.751E-04 0.140E-03 0.873E-05 0.108E-03 0.674E-05
      3       1      16  262147       4       4 0.476E-01 0.577E-01 0.455E-01 0.479E-01 0.531E+00 0.332E-01 0.526E+00 0.329E-01
      3       1      16   32771       4       4 0.998E-02 0.239E-01 0.525E-02 0.608E-02 0.467E-01 0.292E-02 0.457E-01 0.286E-02
      3       1      16    4099       4       4 0.498E-02 0.181E-01 0.728E-03 0.805E-03 0.460E-02 0.288E-03 0.466E-02 0.292E-03
      3       1      16     509       4       4 0.418E-02 0.165E-01 0.688E-04 0.920E-04 0.178E-03 0.111E-04 0.171E-03 0.107E-04
      3       1      16  524287       4       4 0.648E-01 0.726E-01 0.609E-01 0.623E-01 0.558E+00 0.349E-01 0.560E+00 0.350E-01
      3       1      16   65537       4       4 0.142E-01 0.294E-01 0.999E-02 0.110E-01 0.113E+00 0.707E-02 0.112E+00 0.702E-02
      3       1      16    8191       4       4 0.824E-02 0.302E-01 0.105E-02 0.108E-02 0.498E-02 0.311E-03 0.485E-02 0.303E-03
      3       1       2    1021       4       4 0.351E-02 0.137E-01 0.146E-03 0.166E-03 0.376E-03 0.235E-04 0.402E-03 0.251E-04
      3       1       2 1048573       4       4 0.145E+00 0.150E+00 0.140E+00 0.142E+00 0.124E+01 0.778E-01 0.126E+01 0.786E-01
      3       1       2  131071       4       4 0.145E-01 0.185E-01 0.136E-01 0.142E-01 0.109E+00 0.684E-02 0.109E+00 0.679E-02
      3       1       2   16381       4       4 0.544E-02 0.161E-01 0.171E-02 0.194E-02 0.105E-01 0.659E-03 0.101E-01 0.632E-03
      3       1       2    2053       4       4 0.358E-02 0.130E-01 0.387E-03 0.462E-03 0.127E-02 0.791E-04 0.119E-02 0.746E-04
      3       1       2     257       4       4 0.330E-02 0.131E-01 0.425E-04 0.532E-04 0.124E-03 0.778E-05 0.112E-03 0.699E-05
      3       1       2  262147       4       4 0.458E-01 0.544E-01 0.439E-01 0.464E-01 0.514E+00 0.321E-01 0.506E+00 0.316E-01
      3       1       2   32771       4       4 0.873E-02 0.189E-01 0.532E-02 0.651E-02 0.457E-01 0.285E-02 0.444E-01 0.278E-02
      3       1       2    4099       4       4 0.372E-02 0.130E-01 0.689E-03 0.769E-03 0.453E-02 0.283E-03 0.446E-02 0.279E-03
      3       1       2     509       4       4 0.320E-02 0.126E-01 0.658E-04 0.951E-04 0.177E-03 0.111E-04 0.147E-03 0.921E-05
      3       1       2  524287       4       4 0.626E-01 0.688E-01 0.593E-01 0.608E-01 0.538E+00 0.336E-01 0.537E+00 0.336E-01
      3       1       2   65537       4       4 0.107E-01 0.164E-01 0.995E-02 0.108E-01 0.107E+00 0.668E-02 0.105E+00 0.658E-02
      3       1       2    8191       4       4 0.376E-02 0.126E-01 0.974E-03 0.105E-02 0.481E-02 0.301E-03 0.459E-02 0.287E-03
      3       1      24    1021       4       4 0.422E-02 0.165E-01 0.170E-03 0.236E-03 0.428E-03 0.267E-04 0.396E-03 0.248E-04
      3       1      24 1048573       4       4 0.147E+00 0.159E+00 0.140E+00 0.142E+00 0.129E+01 0.804E-01 0.129E+01 0.805E-01
      3       1      24  131071       4       4 0.185E-01 0.334E-01 0.138E-01 0.144E-01 0.113E+00 0.707E-02 0.113E+00 0.706E-02
      3       1      24   16381       4       4 0.668E-02 0.191E-01 0.243E-02 0.252E-02 0.139E-01 0.869E-03 0.137E-01 0.854E-03
      3       1      24    2053       4       4 0.462E-02 0.171E-01 0.404E-03 0.428E-03 0.129E-02 0.806E-04 0.125E-02 0.781E-04
      3       1      24     257       4       4 0.409E-02 0.162E-01 0.398E-04 0.532E-04 0.128E-03 0.802E-05 0.105E-03 0.656E-05
      3       1      24  262147       4       4 0.519E-01 0.632E-01 0.477E-01 0.485E-01 0.531E+00 0.332E-01 0.526E+00 0.329E-01
      3       1      24   32771       4       4 0.110E-01 0.272E-01 0.561E-02 0.644E-02 0.479E-01 0.300E-02 0.469E-01 0.293E-02
      3       1      24    4099       4       4 0.587E-02 0.215E-01 0.779E-03 0.866E-03 0.475E-02 0.297E-03 0.459E-02 0.287E-03
      3       1      24     509       4       4 0.413E-02 0.163E-01 0.671E-04 0.911E-04 0.180E-03 0.112E-04 0.165E-03 0.103E-04
      3       1      24  524287       4       4 0.674E-01 0.838E-01 0.607E-01 0.620E-01 0.555E+00 0.347E-01 0.557E+00 0.348E-01
      3       1      24   65537       4       4 0.143E-01 0.301E-01 0.976E-02 0.109E-01 0.113E+00 0.705E-02 0.112E+00 0.701E-02
      3       1      24    8191       4       4 0.546E-02 0.182E-01 0.124E-02 0.125E-02 0.628E-02 0.392E-03 0.612E-02 0.382E-03
      3       1       4    1021       4       4 0.473E-02 0.185E-01 0.154E-03 0.171E-03 0.391E-03 0.245E-04 0.390E-03 0.244E-04
      3       1       4 1048573       4       4 0.145E+00 0.151E+00 0.141E+00 0.144E+00 0.127E+01 0.791E-01 0.128E+01 0.798E-01
      3       1       4  131071       4       4 0.154E-01 0.212E-01 0.136E-01 0.145E-01 0.110E+00 0.688E-02 0.110E+00 0.688E-02
      3       1       4   16381       4       4 0.607E-02 0.187E-01 0.177E-02 0.188E-02 0.106E-01 0.665E-03 0.103E-01 0.642E-03
      3       1       4    2053       4       4 0.472E-02 0.176E-01 0.383E-03 0.455E-03 0.126E-02 0.791E-04 0.120E-02 0.751E-04
      3       1       4     257       4       4 0.437E-02 0.174E-01 0.355E-04 0.470E-04 0.109E-03 0.679E-05 0.904E-04 0.565E-05
      3       1       4  262147       4       4 0.457E-01 0.535E-01 0.444E-01 0.468E-01 0.520E+00 0.325E-01 0.514E+00 0.321E-01
      3       1       4   32771       4       4 0.940E-02 0.214E-01 0.548E-02 0.644E-02 0.467E-01 0.292E-02 0.451E-01 0.282E-02
      3       1       4    4099       4       4 0.487E-02 0.177E-01 0.755E-03 0.844E-03 0.468E-02 0.293E-03 0.465E-02 0.290E-03
      3       1       4     509       4       4 0.446E-02 0.177E-01 0.595E-04 0.820E-04 0.162E-03 0.101E-04 0.142E-03 0.888E-05
      3       1       4  524287       4       4 0.660E-01 0.814E-01 0.597E-01 0.611E-01 0.544E+00 0.340E-01 0.542E+00 0.339E-01
      3       1       4   65537       4       4 0.122E-01 0.221E-01 0.982E-02 0.108E-01 0.109E+00 0.679E-02 0.107E+00 0.670E-02
      3       1       4    8191       4       4 0.530E-02 0.185E-01 0.939E-03 0.101E-02 0.471E-02 0.295E-03 0.454E-02 0.284E-03
      3       1       8    1021       4       4 0.552E-02 0.217E-01 0.135E-03 0.168E-03 0.385E-03 0.241E-04 0.367E-03 0.229E-04
      3       1       8 1048573       4       4 0.149E+00 0.162E+00 0.143E+00 0.145E+00 0.128E+01 0.802E-01 0.129E+01 0.806E-01
      3       1       8  131071       4       4 0.199E-01 0.395E-01 0.147E-01 0.182E-01 0.117E+00 0.729E-02 0.115E+00 0.718E-02
      3       1       8   16381       4       4 0.944E-02 0.316E-01 0.193E-02 0.225E-02 0.121E-01 0.757E-03 0.117E-01 0.730E-03
      3       1       8    2053       4       4 0.674E-02 0.256E-01 0.397E-03 0.434E-03 0.122E-02 0.765E-04 0.124E-02 0.773E-04
      3       1       8     257       4       4 0.637E-02 0.254E-01 0.380E-04 0.510E-04 0.118E-03 0.741E-05 0.980E-04 0.612E-05
      3       1       8  262147       4       4 0.526E-01 0.793E-01 0.451E-01 0.476E-01 0.527E+00 0.330E-01 0.523E+00 0.327E-01
      3       1       8   32771       4       4 0.120E-01 0.314E-01 0.563E-02 0.639E-02 0.473E-01 0.296E-02 0.461E-01 0.288E-02
      3       1       8    4099       4       4 0.504E-02 0.183E-01 0.651E-03 0.729E-03 0.455E-02 0.284E-03 0.448E-02 0.280E-03
      3       1       8     509       4       4 0.839E-02 0.334E-01 0.682E-04 0.851E-04 0.178E-03 0.111E-04 0.188E-03 0.118E-04
      3       1       8  524287       4       4 0.645E-01 0.728E-01 0.604E-01 0.619E-01 0.552E+00 0.345E-01 0.553E+00 0.345E-01
      3       1       8   65537       4       4 0.131E-01 0.255E-01 0.970E-02 0.107E-01 0.111E+00 0.693E-02 0.110E+00 0.685E-02
      3       1       8    8191       4       4 0.627E-02 0.224E-01 0.952E-03 0.994E-03 0.484E-02 0.303E-03 0.474E-02 0.296E-03
