res2dctp3=[      2       1    1021    1021       4       4 0.339E+00 0.136E+01 0.311E+00 0.124E+01 0.777E+00 0.486E-01 0.789E+00 0.493E-01
      2       1     127     127       4       4 0.309E-01 0.123E+00 0.273E-01 0.109E+00 0.102E-01 0.637E-03 0.102E-01 0.639E-03
      2       1    2053    2053       4       4 0.210E+01 0.840E+01 0.180E+01 0.720E+01 0.515E+01 0.322E+00 0.506E+01 0.316E+00
      2       1     257     257       4       4 0.108E+00 0.432E+00 0.114E+00 0.455E+00 0.508E-01 0.318E-02 0.507E-01 0.317E-02
      2       1      31      31       4       4 0.115E-01 0.460E-01 0.113E-01 0.450E-01 0.457E-03 0.285E-04 0.473E-03 0.296E-04
      2       1    4099    4099       4       4 0.239E+01 0.956E+01 0.172E+01 0.689E+01 0.227E+02 0.142E+01 0.228E+02 0.142E+01
      2       1     509     509       4       4 0.110E+00 0.441E+00 0.974E-01 0.389E+00 0.175E+00 0.109E-01 0.175E+00 0.110E-01
      2       1      67      67       4       4 0.870E-02 0.346E-01 0.770E-02 0.306E-01 0.357E-02 0.223E-03 0.351E-02 0.219E-03
      2      12    1021    1021       4       4 0.365E+00 0.145E+01 0.341E+00 0.135E+01 0.133E+00 0.834E-02 0.134E+00 0.836E-02
      2      12     127     127       4       4 0.484E-01 0.190E+00 0.505E-01 0.199E+00 0.525E-02 0.328E-03 0.508E-02 0.318E-03
      2      12    2053    2053       4       4 0.135E+01 0.537E+01 0.124E+01 0.495E+01 0.651E+00 0.407E-01 0.591E+00 0.370E-01
      2      12     257     257       4       4 0.380E+00 0.152E+01 0.451E+00 0.180E+01 0.181E-01 0.113E-02 0.175E-01 0.109E-02
      2      12      31      31       4       4 0.237E-01 0.937E-01 0.233E-01 0.922E-01 0.950E-03 0.594E-04 0.906E-03 0.566E-04
      2      12    4099    4099       4       4 0.440E+01 0.175E+02 0.435E+01 0.174E+02 0.355E+01 0.222E+00 0.342E+01 0.214E+00
      2      12     509     509       4       4 0.174E+00 0.690E+00 0.184E+00 0.732E+00 0.393E-01 0.246E-02 0.381E-01 0.238E-02
      2      12      67      67       4       4 0.317E-01 0.124E+00 0.302E-01 0.118E+00 0.232E-02 0.145E-03 0.223E-02 0.139E-03
      2      16    1021    1021       4       4 0.363E+00 0.144E+01 0.344E+00 0.136E+01 0.125E+00 0.784E-02 0.125E+00 0.782E-02
      2      16     127     127       4       4 0.664E-01 0.261E+00 0.646E-01 0.254E+00 0.411E-02 0.257E-03 0.404E-02 0.252E-03
      2      16    2053    2053       4       4 0.145E+01 0.579E+01 0.142E+01 0.564E+01 0.818E+00 0.512E-01 0.782E+00 0.489E-01
      2      16     257     257       4       4 0.471E+00 0.188E+01 0.506E+00 0.202E+01 0.127E-01 0.792E-03 0.123E-01 0.770E-03
      2      16      31      31       4       4 0.326E-01 0.130E+00 0.321E-01 0.128E+00 0.120E-02 0.751E-04 0.114E-02 0.712E-04
      2      16    4099    4099       4       4 0.438E+01 0.175E+02 0.419E+01 0.167E+02 0.377E+01 0.236E+00 0.294E+01 0.183E+00
      2      16     509     509       4       4 0.154E+00 0.610E+00 0.166E+00 0.658E+00 0.298E-01 0.186E-02 0.301E-01 0.188E-02
      2      16      67      67       4       4 0.384E-01 0.147E+00 0.353E-01 0.135E+00 0.293E-02 0.183E-03 0.268E-02 0.168E-03
      2       2    1021    1021       4       4 0.514E+00 0.205E+01 0.455E+00 0.182E+01 0.504E+00 0.315E-01 0.505E+00 0.316E-01
      2       2     127     127       4       4 0.347E-01 0.138E+00 0.140E-01 0.555E-01 0.565E-02 0.353E-03 0.582E-02 0.364E-03
      2       2    2053    2053       4       4 0.279E+01 0.112E+02 0.228E+01 0.910E+01 0.309E+01 0.193E+00 0.307E+01 0.192E+00
      2       2     257     257       4       4 0.170E+00 0.678E+00 0.175E+00 0.700E+00 0.313E-01 0.196E-02 0.313E-01 0.196E-02
      2       2      31      31       4       4 0.131E-01 0.522E-01 0.128E-01 0.512E-01 0.463E-03 0.289E-04 0.463E-03 0.289E-04
      2       2    4099    4099       4       4 0.510E+01 0.204E+02 0.358E+01 0.143E+02 0.151E+02 0.945E+00 0.151E+02 0.943E+00
      2       2     509     509       4       4 0.160E+00 0.639E+00 0.145E+00 0.579E+00 0.117E+00 0.734E-02 0.118E+00 0.740E-02
      2       2      67      67       4       4 0.115E-01 0.453E-01 0.903E-02 0.356E-01 0.261E-02 0.163E-03 0.258E-02 0.161E-03
      2      24    1021    1021       4       4 0.433E+00 0.169E+01 0.414E+00 0.161E+01 0.106E+00 0.663E-02 0.888E-01 0.555E-02
      2      24     127     127       4       4 0.948E-01 0.365E+00 0.922E-01 0.355E+00 0.469E-02 0.293E-03 0.447E-02 0.279E-03
      2      24    2053    2053       4       4 0.160E+01 0.633E+01 0.148E+01 0.587E+01 0.546E+00 0.341E-01 0.570E+00 0.356E-01
      2      24     257     257       4       4 0.594E+00 0.236E+01 0.658E+00 0.262E+01 0.157E-01 0.981E-03 0.151E-01 0.946E-03
      2      24      31      31       4       4 0.400E-01 0.158E+00 0.400E-01 0.159E+00 0.154E-02 0.965E-04 0.156E-02 0.975E-04
      2      24    4099    4099       4       4 0.451E+01 0.180E+02 0.434E+01 0.173E+02 0.251E+01 0.157E+00 0.199E+01 0.124E+00
      2      24     509     509       4       4 0.228E+00 0.902E+00 0.224E+00 0.887E+00 0.329E-01 0.206E-02 0.319E-01 0.199E-02
      2      24      67      67       4       4 0.503E-01 0.189E+00 0.509E-01 0.192E+00 0.418E-02 0.261E-03 0.404E-02 0.253E-03
      2       4    1021    1021       4       4 0.361E+00 0.144E+01 0.340E+00 0.135E+01 0.287E+00 0.179E-01 0.270E+00 0.169E-01
      2       4     127     127       4       4 0.338E-01 0.134E+00 0.295E-01 0.117E+00 0.369E-02 0.231E-03 0.438E-02 0.274E-03
      2       4    2053    2053       4       4 0.180E+01 0.721E+01 0.182E+01 0.726E+01 0.201E+01 0.126E+00 0.202E+01 0.126E+00
      2       4     257     257       4       4 0.232E+00 0.928E+00 0.245E+00 0.977E+00 0.172E-01 0.108E-02 0.163E-01 0.102E-02
      2       4      31      31       4       4 0.128E-01 0.511E-01 0.128E-01 0.512E-01 0.522E-03 0.326E-04 0.496E-03 0.310E-04
      2       4    4099    4099       4       4 0.506E+01 0.202E+02 0.332E+01 0.133E+02 0.942E+01 0.589E+00 0.926E+01 0.579E+00
      2       4     509     509       4       4 0.138E+00 0.548E+00 0.144E+00 0.574E+00 0.640E-01 0.400E-02 0.657E-01 0.411E-02
      2       4      67      67       4       4 0.189E-01 0.745E-01 0.175E-01 0.690E-01 0.183E-02 0.115E-03 0.176E-02 0.110E-03
      2       8    1021    1021       4       4 0.323E+00 0.128E+01 0.295E+00 0.117E+01 0.146E+00 0.911E-02 0.144E+00 0.901E-02
      2       8     127     127       4       4 0.514E-01 0.203E+00 0.480E-01 0.190E+00 0.405E-02 0.253E-03 0.399E-02 0.250E-03
      2       8    2053    2053       4       4 0.152E+01 0.607E+01 0.141E+01 0.564E+01 0.919E+00 0.575E-01 0.108E+01 0.675E-01
      2       8     257     257       4       4 0.332E+00 0.133E+01 0.369E+00 0.147E+01 0.180E-01 0.113E-02 0.177E-01 0.111E-02
      2       8      31      31       4       4 0.233E-01 0.926E-01 0.231E-01 0.919E-01 0.788E-03 0.492E-04 0.769E-03 0.481E-04
      2       8    4099    4099       4       4 0.460E+01 0.184E+02 0.448E+01 0.179E+02 0.436E+01 0.273E+00 0.415E+01 0.260E+00
      2       8     509     509       4       4 0.132E+00 0.522E+00 0.122E+00 0.484E+00 0.496E-01 0.310E-02 0.420E-01 0.262E-02
      2       8      67      67       4       4 0.183E-01 0.713E-01 0.166E-01 0.644E-01 0.206E-02 0.129E-03 0.199E-02 0.124E-03
      3       1    1021    1021       4       4 0.996E-03 0.350E-02 0.147E-03 0.181E-03 0.726E+00 0.454E-01 0.748E+00 0.468E-01
      3       1     127     127       4       4 0.859E-03 0.337E-02 0.216E-04 0.331E-04 0.664E-02 0.415E-03 0.702E-02 0.439E-03
      3       1    2053    2053       4       4 0.129E-02 0.376E-02 0.395E-03 0.398E-03 0.450E+01 0.281E+00 0.460E+01 0.288E+00
      3       1     257     257       4       4 0.854E-03 0.329E-02 0.440E-04 0.730E-04 0.430E-01 0.269E-02 0.444E-01 0.278E-02
      3       1      31      31       4       4 0.939E-03 0.374E-02 0.429E-05 0.787E-05 0.173E-03 0.108E-04 0.137E-03 0.855E-05
      3       1    4099    4099       4       4 0.222E-02 0.512E-02 0.117E-02 0.119E-02 0.337E+02 0.210E+01 0.341E+02 0.213E+01
      3       1     509     509       4       4 0.863E-03 0.315E-02 0.694E-04 0.908E-04 0.141E+00 0.881E-02 0.147E+00 0.918E-02
      3       1      67      67       4       4 0.932E-03 0.369E-02 0.596E-05 0.978E-05 0.410E-02 0.257E-03 0.405E-02 0.253E-03
      3      12    1021    1021       4       4 0.144E-02 0.520E-02 0.169E-03 0.203E-03 0.833E-01 0.521E-02 0.834E-01 0.521E-02
      3      12     127     127       4       4 0.264E-02 0.104E-01 0.455E-04 0.780E-04 0.187E-02 0.117E-03 0.172E-02 0.107E-03
      3      12    2053    2053       4       4 0.907E-03 0.257E-02 0.407E-03 0.436E-03 0.467E+00 0.292E-01 0.478E+00 0.299E-01
      3      12     257     257       4       4 0.199E-02 0.775E-02 0.663E-04 0.961E-04 0.581E-02 0.363E-03 0.560E-02 0.350E-03
      3      12      31      31       4       4 0.434E-02 0.173E-01 0.656E-05 0.906E-05 0.435E-03 0.272E-04 0.257E-03 0.160E-04
      3      12    4099    4099       4       4 0.197E-02 0.364E-02 0.126E-02 0.139E-02 0.344E+01 0.215E+00 0.349E+01 0.218E+00
      3      12     509     509       4       4 0.285E-02 0.110E-01 0.108E-03 0.121E-03 0.175E-01 0.109E-02 0.173E-01 0.108E-02
      3      12      67      67       4       4 0.414E-02 0.165E-01 0.751E-05 0.110E-04 0.956E-03 0.597E-04 0.891E-03 0.557E-04
      3      16    1021    1021       4       4 0.129E-02 0.436E-02 0.231E-03 0.270E-03 0.616E-01 0.385E-02 0.603E-01 0.377E-02
      3      16     127     127       4       4 0.240E-02 0.953E-02 0.257E-04 0.298E-04 0.151E-02 0.944E-04 0.129E-02 0.809E-04
      3      16    2053    2053       4       4 0.856E-03 0.233E-02 0.418E-03 0.453E-03 0.364E+00 0.227E-01 0.366E+00 0.229E-01
      3      16     257     257       4       4 0.836E-03 0.314E-02 0.635E-04 0.770E-04 0.808E-02 0.505E-03 0.783E-02 0.489E-03
      3      16      31      31       4       4 0.409E-02 0.163E-01 0.525E-05 0.811E-05 0.302E-02 0.189E-03 0.264E-03 0.165E-04
      3      16    4099    4099       4       4 0.223E-02 0.431E-02 0.151E-02 0.182E-02 0.262E+01 0.164E+00 0.266E+01 0.166E+00
      3      16     509     509       4       4 0.153E-02 0.579E-02 0.845E-04 0.109E-03 0.140E-01 0.877E-03 0.135E-01 0.845E-03
      3      16      67      67       4       4 0.428E-02 0.171E-01 0.775E-05 0.100E-04 0.109E-02 0.682E-04 0.159E-02 0.991E-04
      3       2    1021    1021       4       4 0.973E-03 0.318E-02 0.190E-03 0.201E-03 0.381E+00 0.238E-01 0.391E+00 0.244E-01
      3       2     127     127       4       4 0.246E-02 0.974E-02 0.248E-04 0.300E-04 0.397E-02 0.248E-03 0.402E-02 0.251E-03
      3       2    2053    2053       4       4 0.119E-02 0.331E-02 0.407E-03 0.421E-03 0.239E+01 0.149E+00 0.244E+01 0.153E+00
      3       2     257     257       4       4 0.158E-02 0.616E-02 0.505E-04 0.570E-04 0.226E-01 0.141E-02 0.231E-01 0.144E-02
      3       2      31      31       4       4 0.366E-02 0.146E-01 0.602E-05 0.906E-05 0.208E-03 0.130E-04 0.136E-03 0.848E-05
      3       2    4099    4099       4       4 0.209E-02 0.436E-02 0.120E-02 0.123E-02 0.173E+02 0.108E+01 0.176E+02 0.110E+01
      3       2     509     509       4       4 0.120E-02 0.448E-02 0.992E-04 0.108E-03 0.750E-01 0.469E-02 0.766E-01 0.479E-02
      3       2      67      67       4       4 0.346E-02 0.138E-01 0.703E-05 0.906E-05 0.233E-02 0.146E-03 0.229E-02 0.143E-03
      3      24    1021    1021       4       4 0.105E-02 0.363E-02 0.190E-03 0.279E-03 0.576E-01 0.360E-02 0.562E-01 0.351E-02
      3      24     127     127       4       4 0.404E-02 0.160E-01 0.294E-04 0.339E-04 0.168E-02 0.105E-03 0.126E-02 0.786E-04
      3      24    2053    2053       4       4 0.779E-03 0.203E-02 0.417E-03 0.449E-03 0.492E+00 0.308E-01 0.500E+00 0.312E-01
      3      24     257     257       4       4 0.335E-02 0.131E-01 0.780E-04 0.120E-03 0.600E-02 0.375E-03 0.543E-02 0.340E-03
      3      24      31      31       4       4 0.436E-02 0.174E-01 0.578E-05 0.906E-05 0.704E-02 0.440E-03 0.225E-03 0.140E-04
      3      24    4099    4099       4       4 0.187E-02 0.338E-02 0.127E-02 0.132E-02 0.193E+01 0.121E+00 0.196E+01 0.123E+00
      3      24     509     509       4       4 0.288E-02 0.111E-01 0.122E-03 0.149E-03 0.204E-01 0.127E-02 0.196E-01 0.123E-02
      3      24      67      67       4       4 0.298E-02 0.119E-01 0.942E-05 0.119E-04 0.118E-02 0.735E-04 0.811E-03 0.507E-04
      3       4    1021    1021       4       4 0.913E-03 0.294E-02 0.199E-03 0.216E-03 0.200E+00 0.125E-01 0.206E+00 0.129E-01
      3       4     127     127       4       4 0.985E-02 0.393E-01 0.250E-04 0.310E-04 0.315E-02 0.197E-03 0.298E-02 0.186E-03
      3       4    2053    2053       4       4 0.105E-02 0.306E-02 0.396E-03 0.415E-03 0.120E+01 0.752E-01 0.123E+01 0.767E-01
      3       4     257     257       4       4 0.118E-02 0.455E-02 0.495E-04 0.610E-04 0.127E-01 0.792E-03 0.131E-01 0.816E-03
      3       4      31      31       4       4 0.363E-02 0.145E-01 0.525E-05 0.811E-05 0.316E-03 0.197E-04 0.197E-03 0.123E-04
      3       4    4099    4099       4       4 0.218E-02 0.491E-02 0.128E-02 0.160E-02 0.907E+01 0.567E+00 0.923E+01 0.577E+00
      3       4     509     509       4       4 0.935E-03 0.337E-02 0.103E-03 0.111E-03 0.419E-01 0.262E-02 0.428E-01 0.268E-02
      3       4      67      67       4       4 0.543E-02 0.217E-01 0.697E-05 0.100E-04 0.177E-02 0.111E-03 0.164E-02 0.102E-03
      3       8    1021    1021       4       4 0.293E-02 0.110E-01 0.209E-03 0.229E-03 0.111E+00 0.693E-02 0.111E+00 0.696E-02
      3       8     127     127       4       4 0.493E-02 0.196E-01 0.270E-04 0.331E-04 0.147E-02 0.921E-04 0.136E-02 0.853E-04
      3       8    2053    2053       4       4 0.111E-02 0.286E-02 0.446E-03 0.476E-03 0.649E+00 0.406E-01 0.657E+00 0.411E-01
      3       8     257     257       4       4 0.386E-02 0.153E-01 0.567E-04 0.648E-04 0.796E-02 0.498E-03 0.787E-02 0.492E-03
      3       8      31      31       4       4 0.351E-02 0.140E-01 0.602E-05 0.906E-05 0.316E-03 0.198E-04 0.222E-03 0.139E-04
      3       8    4099    4099       4       4 0.199E-02 0.391E-02 0.123E-02 0.125E-02 0.488E+01 0.305E+00 0.496E+01 0.310E+00
      3       8     509     509       4       4 0.473E-02 0.186E-01 0.845E-04 0.999E-04 0.241E-01 0.151E-02 0.233E-01 0.146E-02
      3       8      67      67       4       4 0.721E-02 0.288E-01 0.858E-05 0.110E-04 0.124E-02 0.774E-04 0.113E-02 0.708E-04
];