      2       1       1    1024    1024       4       4 0.593E+00 0.596E+00 0.567E+00 0.578E+00 0.229E+00 0.143E-01 0.233E+00 0.145E-01
      2       1       1     128     128       4       4 0.112E+00 0.113E+00 0.959E-01 0.962E-01 0.170E-02 0.106E-03 0.163E-02 0.102E-03
      2       1       1    2048    2048       4       4 0.222E+01 0.223E+01 0.216E+01 0.218E+01 0.106E+01 0.662E-01 0.106E+01 0.659E-01
      2       1       1     256     256       4       4 0.147E+00 0.148E+00 0.130E+00 0.131E+00 0.873E-02 0.546E-03 0.869E-02 0.543E-03
      2       1       1      32      32       4       4 0.315E-01 0.321E-01 0.273E-01 0.277E-01 0.455E-04 0.285E-05 0.443E-04 0.277E-05
      2       1       1    4096    4096       4       4 0.734E+01 0.741E+01 0.723E+01 0.728E+01 0.503E+01 0.315E+00 0.506E+01 0.316E+00
      2       1       1     512     512       4       4 0.255E+00 0.256E+00 0.231E+00 0.234E+00 0.439E-01 0.274E-02 0.424E-01 0.265E-02
      2       1       1      64      64       4       4 0.603E-01 0.611E-01 0.521E-01 0.524E-01 0.308E-03 0.193E-04 0.297E-03 0.186E-04
      2       1      12    1024    1024       4       4 0.101E+01 0.102E+01 0.963E+00 0.973E+00 0.566E-01 0.354E-02 0.552E-01 0.345E-02
      2       1      12     128     128       4       4 0.147E+00 0.152E+00 0.127E+00 0.128E+00 0.142E-02 0.884E-04 0.128E-02 0.799E-04
      2       1      12    2048    2048       4       4 0.349E+01 0.354E+01 0.342E+01 0.344E+01 0.209E+00 0.130E-01 0.205E+00 0.128E-01
      2       1      12     256     256       4       4 0.208E+00 0.212E+00 0.187E+00 0.190E+00 0.423E-02 0.264E-03 0.364E-02 0.227E-03
      2       1      12      32      32       4       4 0.548E-01 0.551E-01 0.490E-01 0.494E-01 0.930E-03 0.581E-04 0.900E-03 0.563E-04
      2       1      12    4096    4096       4       4 0.117E+02 0.118E+02 0.116E+02 0.118E+02 0.912E+00 0.570E-01 0.925E+00 0.578E-01
      2       1      12     512     512       4       4 0.411E+00 0.420E+00 0.370E+00 0.384E+00 0.143E-01 0.891E-03 0.146E-01 0.912E-03
      2       1      12      64      64       4       4 0.939E-01 0.963E-01 0.826E-01 0.832E-01 0.115E-02 0.721E-04 0.116E-02 0.726E-04
      2       1      16    1024    1024       4       4 0.944E+00 0.967E+00 0.878E+00 0.906E+00 0.431E-01 0.269E-02 0.424E-01 0.265E-02
      2       1      16     128     128       4       4 0.144E+00 0.147E+00 0.125E+00 0.126E+00 0.151E-02 0.943E-04 0.147E-02 0.919E-04
      2       1      16    2048    2048       4       4 0.341E+01 0.343E+01 0.331E+01 0.340E+01 0.218E+00 0.136E-01 0.223E+00 0.139E-01
      2       1      16     256     256       4       4 0.209E+00 0.211E+00 0.189E+00 0.195E+00 0.413E-02 0.258E-03 0.403E-02 0.252E-03
      2       1      16      32      32       4       4 0.481E-01 0.484E-01 0.424E-01 0.430E-01 0.782E-03 0.489E-04 0.772E-03 0.482E-04
      2       1      16    4096    4096       4       4 0.110E+02 0.111E+02 0.109E+02 0.109E+02 0.974E+00 0.608E-01 0.996E+00 0.623E-01
      2       1      16     512     512       4       4 0.405E+00 0.411E+00 0.350E+00 0.351E+00 0.148E-01 0.923E-03 0.131E-01 0.816E-03
      2       1      16      64      64       4       4 0.836E-01 0.850E-01 0.738E-01 0.763E-01 0.954E-03 0.596E-04 0.980E-03 0.613E-04
      2       1       2    1024    1024       4       4 0.942E+00 0.100E+01 0.883E+00 0.962E+00 0.137E+00 0.854E-02 0.131E+00 0.818E-02
      2       1       2     128     128       4       4 0.126E+00 0.126E+00 0.108E+00 0.108E+00 0.120E-02 0.750E-04 0.129E-02 0.804E-04
      2       1       2    2048    2048       4       4 0.338E+01 0.339E+01 0.355E+01 0.374E+01 0.641E+00 0.401E-01 0.620E+00 0.387E-01
      2       1       2     256     256       4       4 0.182E+00 0.183E+00 0.163E+00 0.164E+00 0.557E-02 0.348E-03 0.523E-02 0.327E-03
      2       1       2      32      32       4       4 0.379E-01 0.384E-01 0.331E-01 0.340E-01 0.242E-03 0.151E-04 0.244E-03 0.152E-04
      2       1       2    4096    4096       4       4 0.117E+02 0.118E+02 0.117E+02 0.117E+02 0.291E+01 0.182E+00 0.287E+01 0.180E+00
      2       1       2     512     512       4       4 0.338E+00 0.339E+00 0.312E+00 0.320E+00 0.257E-01 0.160E-02 0.264E-01 0.165E-02
      2       1       2      64      64       4       4 0.676E-01 0.682E-01 0.583E-01 0.589E-01 0.381E-03 0.238E-04 0.408E-03 0.255E-04
      2       1      24    1024    1024       4       4 0.104E+01 0.106E+01 0.997E+00 0.101E+01 0.437E-01 0.273E-02 0.446E-01 0.278E-02
      2       1      24     128     128       4       4 0.170E+00 0.176E+00 0.146E+00 0.147E+00 0.206E-02 0.129E-03 0.212E-02 0.133E-03
      2       1      24    2048    2048       4       4 0.362E+01 0.365E+01 0.350E+01 0.357E+01 0.214E+00 0.134E-01 0.205E+00 0.128E-01
      2       1      24     256     256       4       4 0.239E+00 0.256E+00 0.208E+00 0.223E+00 0.393E-02 0.246E-03 0.409E-02 0.256E-03
      2       1      24      32      32       4       4 0.524E-01 0.533E-01 0.473E-01 0.480E-01 0.176E-02 0.110E-03 0.166E-02 0.104E-03
      2       1      24    4096    4096       4       4 0.116E+02 0.116E+02 0.115E+02 0.117E+02 0.972E+00 0.608E-01 0.951E+00 0.594E-01
      2       1      24     512     512       4       4 0.461E+00 0.469E+00 0.410E+00 0.416E+00 0.151E-01 0.946E-03 0.144E-01 0.903E-03
      2       1      24      64      64       4       4 0.173E+00 0.185E+00 0.150E+00 0.165E+00 0.718E-02 0.449E-03 0.255E-02 0.160E-03
      2       1       4    1024    1024       4       4 0.851E+00 0.887E+00 0.806E+00 0.827E+00 0.816E-01 0.510E-02 0.816E-01 0.510E-02
      2       1       4     128     128       4       4 0.126E+00 0.127E+00 0.109E+00 0.110E+00 0.117E-02 0.734E-04 0.120E-02 0.748E-04
      2       1       4    2048    2048       4       4 0.338E+01 0.362E+01 0.326E+01 0.329E+01 0.359E+00 0.224E-01 0.344E+00 0.215E-01
      2       1       4     256     256       4       4 0.180E+00 0.183E+00 0.161E+00 0.161E+00 0.474E-02 0.296E-03 0.396E-02 0.247E-03
      2       1       4      32      32       4       4 0.376E-01 0.380E-01 0.328E-01 0.329E-01 0.266E-03 0.166E-04 0.246E-03 0.153E-04
      2       1       4    4096    4096       4       4 0.123E+02 0.134E+02 0.129E+02 0.134E+02 0.159E+01 0.997E-01 0.164E+01 0.102E+00
      2       1       4     512     512       4       4 0.349E+00 0.367E+00 0.319E+00 0.336E+00 0.166E-01 0.104E-02 0.173E-01 0.108E-02
      2       1       4      64      64       4       4 0.685E-01 0.688E-01 0.595E-01 0.598E-01 0.528E-03 0.330E-04 0.520E-03 0.325E-04
      2       1       8    1024    1024       4       4 0.833E+00 0.882E+00 0.779E+00 0.821E+00 0.568E-01 0.355E-02 0.549E-01 0.343E-02
      2       1       8     128     128       4       4 0.125E+00 0.126E+00 0.108E+00 0.109E+00 0.999E-03 0.625E-04 0.101E-02 0.633E-04
      2       1       8    2048    2048       4       4 0.328E+01 0.334E+01 0.324E+01 0.328E+01 0.273E+00 0.171E-01 0.253E+00 0.158E-01
      2       1       8     256     256       4       4 0.184E+00 0.187E+00 0.160E+00 0.162E+00 0.467E-02 0.292E-03 0.381E-02 0.238E-03
      2       1       8      32      32       4       4 0.377E-01 0.382E-01 0.333E-01 0.337E-01 0.467E-03 0.292E-04 0.458E-03 0.287E-04
      2       1       8    4096    4096       4       4 0.111E+02 0.111E+02 0.109E+02 0.110E+02 0.115E+01 0.716E-01 0.115E+01 0.721E-01
      2       1       8     512     512       4       4 0.348E+00 0.352E+00 0.316E+00 0.319E+00 0.123E-01 0.771E-03 0.118E-01 0.736E-03
      2       1       8      64      64       4       4 0.675E-01 0.682E-01 0.598E-01 0.617E-01 0.623E-03 0.390E-04 0.607E-03 0.379E-04
      2      12       1    1024    1024       4       4 0.231E+00 0.234E+00 0.196E+00 0.196E+00 0.694E-01 0.434E-02 0.664E-01 0.415E-02
      2      12       1     128     128       4       4 0.796E-01 0.839E-01 0.668E-01 0.672E-01 0.116E-02 0.725E-04 0.101E-02 0.633E-04
      2      12       1    2048    2048       4       4 0.394E+00 0.398E+00 0.321E+00 0.323E+00 0.421E+00 0.263E-01 0.399E+00 0.250E-01
      2      12       1     256     256       4       4 0.117E+00 0.121E+00 0.951E-01 0.953E-01 0.340E-02 0.212E-03 0.314E-02 0.196E-03
      2      12       1      32      32       4       4 0.255E-01 0.292E-01 0.203E-01 0.217E-01 0.458E-03 0.286E-04 0.392E-03 0.245E-04
      2      12       1     512     512       4       4 0.164E+00 0.166E+00 0.136E+00 0.137E+00 0.165E-01 0.103E-02 0.149E-01 0.934E-03
      2      12       1      64      64       4       4 0.462E-01 0.488E-01 0.360E-01 0.361E-01 0.609E-03 0.381E-04 0.526E-03 0.329E-04
      2      12       2    1024    1024       4       4 0.260E+00 0.265E+00 0.208E+00 0.210E+00 0.138E+00 0.860E-02 0.132E+00 0.827E-02
      2      12       2     128     128       4       4 0.918E-01 0.958E-01 0.763E-01 0.795E-01 0.392E-02 0.245E-03 0.377E-02 0.236E-03
      2      12       2    2048    2048       4       4 0.512E+00 0.517E+00 0.380E+00 0.384E+00 0.738E+00 0.461E-01 0.733E+00 0.458E-01
      2      12       2     256     256       4       4 0.137E+00 0.141E+00 0.997E-01 0.999E-01 0.851E-02 0.532E-03 0.917E-02 0.573E-03
      2      12       2      32      32       4       4 0.318E-01 0.376E-01 0.221E-01 0.237E-01 0.556E-02 0.348E-03 0.219E-02 0.137E-03
      2      12       2     512     512       4       4 0.188E+00 0.197E+00 0.145E+00 0.146E+00 0.278E-01 0.174E-02 0.256E-01 0.160E-02
      2      12       2      64      64       4       4 0.566E-01 0.613E-01 0.388E-01 0.413E-01 0.277E-02 0.173E-03 0.256E-02 0.160E-03
      2      16       1    1024    1024       4       4 0.513E+00 0.517E+00 0.456E+00 0.457E+00 0.374E-01 0.234E-02 0.347E-01 0.217E-02
      2      16       1     128     128       4       4 0.139E+00 0.144E+00 0.113E+00 0.116E+00 0.807E-03 0.504E-04 0.750E-03 0.469E-04
      2      16       1    2048    2048       4       4 0.121E+01 0.122E+01 0.108E+01 0.108E+01 0.207E+00 0.129E-01 0.196E+00 0.123E-01
      2      16       1     256     256       4       4 0.210E+00 0.219E+00 0.175E+00 0.183E+00 0.263E-02 0.164E-03 0.259E-02 0.162E-03
      2      16       1      32      32       4       4 0.563E-01 0.630E-01 0.453E-01 0.470E-01 0.274E-03 0.171E-04 0.279E-03 0.174E-04
      2      16       1     512     512       4       4 0.389E+00 0.453E+00 0.329E+00 0.389E+00 0.872E-02 0.545E-03 0.870E-02 0.544E-03
      2      16       1      64      64       4       4 0.841E-01 0.855E-01 0.691E-01 0.700E-01 0.394E-03 0.246E-04 0.359E-03 0.224E-04
      2       2       1    1024    1024       4       4 0.862E+00 0.876E+00 0.805E+00 0.828E+00 0.175E+00 0.109E-01 0.173E+00 0.108E-01
      2       2       1     128     128       4       4 0.164E+00 0.166E+00 0.139E+00 0.142E+00 0.174E-02 0.109E-03 0.178E-02 0.111E-03
      2       2       1    2048    2048       4       4 0.301E+01 0.303E+01 0.285E+01 0.289E+01 0.896E+00 0.560E-01 0.867E+00 0.542E-01
      2       2       1     256     256       4       4 0.252E+00 0.258E+00 0.216E+00 0.219E+00 0.833E-02 0.521E-03 0.834E-02 0.521E-03
      2       2       1      32      32       4       4 0.576E-01 0.597E-01 0.477E-01 0.481E-01 0.149E-03 0.933E-05 0.139E-03 0.866E-05
      2       2       1    4096    4096       4       4 0.131E+02 0.132E+02 0.127E+02 0.127E+02 0.586E+01 0.366E+00 0.591E+01 0.370E+00
      2       2       1     512     512       4       4 0.384E+00 0.390E+00 0.343E+00 0.343E+00 0.365E-01 0.228E-02 0.344E-01 0.215E-02
      2       2       1      64      64       4       4 0.890E-01 0.931E-01 0.748E-01 0.753E-01 0.465E-03 0.290E-04 0.430E-03 0.269E-04
      2       2      12    1024    1024       4       4 0.154E+01 0.162E+01 0.144E+01 0.149E+01 0.229E+00 0.143E-01 0.224E+00 0.140E-01
      2       2      12     128     128       4       4 0.291E+00 0.300E+00 0.233E+00 0.236E+00 0.481E-02 0.301E-03 0.346E-02 0.216E-03
      2       2      12    2048    2048       4       4 0.487E+01 0.496E+01 0.474E+01 0.495E+01 0.104E+01 0.648E-01 0.102E+01 0.638E-01
      2       2      12     256     256       4       4 0.444E+00 0.459E+00 0.371E+00 0.381E+00 0.140E-01 0.873E-03 0.136E-01 0.847E-03
      2       2      12      32      32       4       4 0.947E-01 0.965E-01 0.804E-01 0.817E-01 0.113E-02 0.707E-04 0.970E-03 0.606E-04
      2       2      12    4096    4096       4       4 0.153E+02 0.155E+02 0.149E+02 0.150E+02 0.463E+01 0.289E+00 0.425E+01 0.266E+00
      2       2      12     512     512       4       4 0.663E+00 0.684E+00 0.621E+00 0.627E+00 0.637E-01 0.398E-02 0.616E-01 0.385E-02
      2       2      12      64      64       4       4 0.172E+00 0.176E+00 0.143E+00 0.150E+00 0.228E-02 0.142E-03 0.203E-02 0.127E-03
      2       2       2    1024    1024       4       4 0.123E+01 0.126E+01 0.116E+01 0.117E+01 0.151E+00 0.941E-02 0.145E+00 0.909E-02
      2       2       2     128     128       4       4 0.185E+00 0.190E+00 0.153E+00 0.159E+00 0.224E-02 0.140E-03 0.214E-02 0.134E-03
      2       2       2    2048    2048       4       4 0.423E+01 0.432E+01 0.410E+01 0.412E+01 0.728E+00 0.455E-01 0.701E+00 0.438E-01
      2       2       2     256     256       4       4 0.302E+00 0.314E+00 0.260E+00 0.264E+00 0.110E-01 0.688E-03 0.114E-01 0.713E-03
      2       2       2      32      32       4       4 0.676E-01 0.707E-01 0.559E-01 0.575E-01 0.510E-03 0.319E-04 0.482E-03 0.301E-04
      2       2       2    4096    4096       4       4 0.143E+02 0.145E+02 0.163E+02 0.173E+02 0.480E+01 0.300E+00 0.492E+01 0.307E+00
      2       2       2     512     512       4       4 0.482E+00 0.494E+00 0.439E+00 0.455E+00 0.470E-01 0.294E-02 0.470E-01 0.294E-02
      2       2       2      64      64       4       4 0.101E+00 0.105E+00 0.850E-01 0.856E-01 0.744E-03 0.465E-04 0.737E-03 0.461E-04
      2       2       4    1024    1024       4       4 0.127E+01 0.131E+01 0.120E+01 0.121E+01 0.236E+00 0.147E-01 0.233E+00 0.146E-01
      2       2       4     128     128       4       4 0.199E+00 0.204E+00 0.166E+00 0.170E+00 0.232E-02 0.145E-03 0.235E-02 0.147E-03
      2       2       4    2048    2048       4       4 0.456E+01 0.469E+01 0.448E+01 0.457E+01 0.984E+00 0.615E-01 0.978E+00 0.611E-01
      2       2       4     256     256       4       4 0.325E+00 0.331E+00 0.276E+00 0.281E+00 0.111E-01 0.696E-03 0.109E-01 0.682E-03
      2       2       4      32      32       4       4 0.724E-01 0.746E-01 0.604E-01 0.611E-01 0.759E-03 0.474E-04 0.719E-03 0.450E-04
      2       2       4    4096    4096       4       4 0.154E+02 0.163E+02 0.143E+02 0.144E+02 0.439E+01 0.274E+00 0.419E+01 0.262E+00
      2       2       4     512     512       4       4 0.500E+00 0.537E+00 0.454E+00 0.487E+00 0.454E-01 0.284E-02 0.456E-01 0.285E-02
      2       2       4      64      64       4       4 0.110E+00 0.113E+00 0.919E-01 0.923E-01 0.114E-02 0.716E-04 0.113E-02 0.705E-04
      2       2       8    1024    1024       4       4 0.126E+01 0.129E+01 0.119E+01 0.124E+01 0.195E+00 0.122E-01 0.194E+00 0.121E-01
      2       2       8     128     128       4       4 0.196E+00 0.199E+00 0.165E+00 0.169E+00 0.226E-02 0.141E-03 0.231E-02 0.145E-03
      2       2       8    2048    2048       4       4 0.435E+01 0.443E+01 0.418E+01 0.431E+01 0.101E+01 0.630E-01 0.101E+01 0.631E-01
      2       2       8     256     256       4       4 0.331E+00 0.352E+00 0.285E+00 0.307E+00 0.107E-01 0.669E-03 0.106E-01 0.665E-03
      2       2       8      32      32       4       4 0.724E-01 0.734E-01 0.613E-01 0.615E-01 0.103E-02 0.641E-04 0.946E-03 0.591E-04
      2       2       8    4096    4096       4       4 0.140E+02 0.143E+02 0.140E+02 0.141E+02 0.450E+01 0.281E+00 0.426E+01 0.266E+00
      2       2       8     512     512       4       4 0.549E+00 0.561E+00 0.496E+00 0.508E+00 0.475E-01 0.297E-02 0.453E-01 0.283E-02
      2       2       8      64      64       4       4 0.108E+00 0.110E+00 0.920E-01 0.923E-01 0.107E-02 0.670E-04 0.998E-03 0.624E-04
      2      24       1    1024    1024       4       4 0.224E+00 0.227E+00 0.193E+00 0.193E+00 0.457E-01 0.286E-02 0.430E-01 0.269E-02
      2      24       1     128     128       4       4 0.881E-01 0.935E-01 0.712E-01 0.757E-01 0.141E-02 0.883E-04 0.117E-02 0.730E-04
      2      24       1    2048    2048       4       4 0.372E+00 0.375E+00 0.315E+00 0.316E+00 0.300E+00 0.188E-01 0.288E+00 0.180E-01
      2      24       1     256     256       4       4 0.118E+00 0.129E+00 0.992E-01 0.108E+00 0.299E-02 0.187E-03 0.258E-02 0.161E-03
      2      24       1      32      32       4       4 0.281E-01 0.309E-01 0.214E-01 0.221E-01 0.722E-03 0.452E-04 0.567E-03 0.354E-04
      2      24       1     512     512       4       4 0.166E+00 0.169E+00 0.136E+00 0.136E+00 0.895E-02 0.559E-03 0.779E-02 0.487E-03
      2      24       1      64      64       4       4 0.489E-01 0.520E-01 0.417E-01 0.418E-01 0.110E-02 0.690E-04 0.897E-03 0.560E-04
      2       4       1    1024    1024       4       4 0.647E+00 0.657E+00 0.581E+00 0.583E+00 0.997E-01 0.623E-02 0.957E-01 0.598E-02
      2       4       1     128     128       4       4 0.168E+00 0.172E+00 0.143E+00 0.147E+00 0.109E-02 0.679E-04 0.106E-02 0.664E-04
      2       4       1    2048    2048       4       4 0.174E+01 0.178E+01 0.161E+01 0.161E+01 0.480E+00 0.300E-01 0.460E+00 0.288E-01
      2       4       1     256     256       4       4 0.237E+00 0.256E+00 0.200E+00 0.200E+00 0.528E-02 0.330E-03 0.490E-02 0.306E-03
      2       4       1      32      32       4       4 0.612E-01 0.639E-01 0.491E-01 0.493E-01 0.185E-03 0.115E-04 0.142E-03 0.885E-05
      2       4       1    4096    4096       4       4 0.602E+01 0.612E+01 0.575E+01 0.578E+01 0.233E+01 0.146E+00 0.225E+01 0.141E+00
      2       4       1     512     512       4       4 0.353E+00 0.358E+00 0.305E+00 0.306E+00 0.211E-01 0.132E-02 0.198E-01 0.124E-02
      2       4       1      64      64       4       4 0.942E-01 0.968E-01 0.797E-01 0.810E-01 0.344E-03 0.215E-04 0.358E-03 0.224E-04
      2       4       2    1024    1024       4       4 0.930E+00 0.103E+01 0.855E+00 0.958E+00 0.159E+00 0.996E-02 0.154E+00 0.964E-02
      2       4       2     128     128       4       4 0.197E+00 0.204E+00 0.164E+00 0.165E+00 0.218E-02 0.136E-03 0.212E-02 0.132E-03
      2       4       2    2048    2048       4       4 0.245E+01 0.302E+01 0.238E+01 0.302E+01 0.678E+00 0.424E-01 0.677E+00 0.423E-01
      2       4       2     256     256       4       4 0.275E+00 0.281E+00 0.229E+00 0.240E+00 0.556E-02 0.348E-03 0.536E-02 0.335E-03
      2       4       2      32      32       4       4 0.766E-01 0.882E-01 0.597E-01 0.603E-01 0.695E-03 0.435E-04 0.645E-03 0.403E-04
      2       4       2    4096    4096       4       4 0.729E+01 0.772E+01 0.729E+01 0.755E+01 0.268E+01 0.168E+00 0.279E+01 0.174E+00
      2       4       2     512     512       4       4 0.475E+00 0.496E+00 0.414E+00 0.429E+00 0.292E-01 0.183E-02 0.285E-01 0.178E-02
      2       4       2      64      64       4       4 0.112E+00 0.117E+00 0.938E-01 0.951E-01 0.945E-03 0.591E-04 0.894E-03 0.559E-04
      2       4       4    1024    1024       4       4 0.982E+00 0.991E+00 0.900E+00 0.920E+00 0.150E+00 0.938E-02 0.147E+00 0.918E-02
      2       4       4     128     128       4       4 0.194E+00 0.195E+00 0.165E+00 0.168E+00 0.190E-02 0.119E-03 0.194E-02 0.121E-03
      2       4       4    2048    2048       4       4 0.282E+01 0.283E+01 0.270E+01 0.272E+01 0.632E+00 0.395E-01 0.634E+00 0.396E-01
      2       4       4     256     256       4       4 0.282E+00 0.284E+00 0.239E+00 0.243E+00 0.612E-02 0.383E-03 0.582E-02 0.364E-03
      2       4       4      32      32       4       4 0.787E-01 0.814E-01 0.650E-01 0.662E-01 0.898E-03 0.561E-04 0.855E-03 0.534E-04
      2       4       4    4096    4096       4       4 0.840E+01 0.859E+01 0.817E+01 0.867E+01 0.260E+01 0.162E+00 0.248E+01 0.155E+00
      2       4       4     512     512       4       4 0.464E+00 0.473E+00 0.404E+00 0.412E+00 0.311E-01 0.194E-02 0.311E-01 0.194E-02
      2       4       4      64      64       4       4 0.114E+00 0.116E+00 0.965E-01 0.971E-01 0.107E-02 0.667E-04 0.107E-02 0.666E-04
      2       8       1    1024    1024       4       4 0.564E+00 0.569E+00 0.499E+00 0.500E+00 0.565E-01 0.353E-02 0.545E-01 0.340E-02
      2       8       1     128     128       4       4 0.168E+00 0.177E+00 0.145E+00 0.157E+00 0.913E-03 0.570E-04 0.867E-03 0.542E-04
      2       8       1    2048    2048       4       4 0.138E+01 0.139E+01 0.129E+01 0.130E+01 0.305E+00 0.191E-01 0.292E+00 0.183E-01
      2       8       1     256     256       4       4 0.252E+00 0.269E+00 0.210E+00 0.229E+00 0.372E-02 0.233E-03 0.336E-02 0.210E-03
      2       8       1      32      32       4       4 0.508E-01 0.529E-01 0.392E-01 0.406E-01 0.240E-03 0.150E-04 0.220E-03 0.137E-04
      2       8       1    4096    4096       4       4 0.480E+01 0.483E+01 0.461E+01 0.475E+01 0.147E+01 0.920E-01 0.144E+01 0.901E-01
      2       8       1     512     512       4       4 0.350E+00 0.360E+00 0.298E+00 0.300E+00 0.130E-01 0.814E-03 0.123E-01 0.769E-03
      2       8       1      64      64       4       4 0.758E-01 0.789E-01 0.608E-01 0.616E-01 0.373E-03 0.233E-04 0.340E-03 0.212E-04
      2       8       2    1024    1024       4       4 0.705E+00 0.747E+00 0.636E+00 0.662E+00 0.651E-01 0.407E-02 0.656E-01 0.410E-02
      2       8       2     128     128       4       4 0.197E+00 0.201E+00 0.160E+00 0.162E+00 0.177E-02 0.111E-03 0.178E-02 0.111E-03
      2       8       2    2048    2048       4       4 0.192E+01 0.197E+01 0.180E+01 0.185E+01 0.353E+00 0.221E-01 0.346E+00 0.216E-01
      2       8       2     256     256       4       4 0.283E+00 0.285E+00 0.232E+00 0.235E+00 0.465E-02 0.291E-03 0.454E-02 0.284E-03
      2       8       2      32      32       4       4 0.636E-01 0.667E-01 0.488E-01 0.495E-01 0.137E-02 0.855E-04 0.132E-02 0.823E-04
      2       8       2    4096    4096       4       4 0.548E+01 0.555E+01 0.543E+01 0.563E+01 0.143E+01 0.892E-01 0.140E+01 0.875E-01
      2       8       2     512     512       4       4 0.418E+00 0.435E+00 0.353E+00 0.359E+00 0.157E-01 0.980E-03 0.149E-01 0.932E-03
      2       8       2      64      64       4       4 0.925E-01 0.103E+00 0.696E-01 0.718E-01 0.126E-02 0.786E-04 0.121E-02 0.756E-04
      3       1       1    1024    1024       4       4 0.997E-03 0.376E-02 0.000E+00 0.000E+00 0.245E+00 0.153E-01 0.224E+00 0.140E-01
      3       1       1     128     128       4       4 0.755E-03 0.296E-02 0.000E+00 0.000E+00 0.242E-02 0.151E-03 0.229E-02 0.143E-03
      3       1       1    2048    2048       4       4 0.972E-03 0.348E-02 0.000E+00 0.000E+00 0.146E+01 0.915E-01 0.145E+01 0.906E-01
      3       1       1     256     256       4       4 0.750E-03 0.291E-02 0.000E+00 0.000E+00 0.100E-01 0.627E-03 0.960E-02 0.600E-03
      3       1       1      32      32       4       4 0.714E-03 0.281E-02 0.000E+00 0.000E+00 0.223E-03 0.139E-04 0.141E-03 0.882E-05
      3       1       1    4096    4096       4       4 0.924E-03 0.300E-02 0.000E+00 0.000E+00 0.658E+01 0.411E+00 0.632E+01 0.395E+00
      3       1       1     512     512       4       4 0.974E-03 0.370E-02 0.000E+00 0.000E+00 0.453E-01 0.283E-02 0.423E-01 0.264E-02
      3       1       1      64      64       4       4 0.831E-03 0.328E-02 0.000E+00 0.000E+00 0.650E-03 0.406E-04 0.479E-03 0.299E-04
      3       1      12    1024    1024       4       4 0.190E-02 0.733E-02 0.000E+00 0.000E+00 0.121E+00 0.758E-02 0.101E+00 0.632E-02
      3       1      12     128     128       4       4 0.354E-02 0.141E-01 0.000E+00 0.000E+00 0.183E-02 0.115E-03 0.154E-02 0.963E-04
      3       1      12    2048    2048       4       4 0.764E-03 0.253E-02 0.000E+00 0.000E+00 0.642E+00 0.401E-01 0.587E+00 0.367E-01
      3       1      12     256     256       4       4 0.214E-02 0.843E-02 0.238E-06 0.954E-06 0.577E-02 0.361E-03 0.488E-02 0.305E-03
      3       1      12      32      32       4       4 0.447E-02 0.178E-01 0.000E+00 0.000E+00 0.522E-03 0.326E-04 0.285E-03 0.178E-04
      3       1      12    4096    4096       4       4 0.786E-03 0.231E-02 0.000E+00 0.000E+00 0.265E+01 0.166E+00 0.241E+01 0.150E+00
      3       1      12     512     512       4       4 0.326E-02 0.128E-01 0.000E+00 0.000E+00 0.219E-01 0.137E-02 0.190E-01 0.119E-02
      3       1      12      64      64       4       4 0.408E-02 0.163E-01 0.000E+00 0.000E+00 0.782E-03 0.489E-04 0.564E-03 0.353E-04
      3       1      16    1024    1024       4       4 0.795E-03 0.290E-02 0.000E+00 0.000E+00 0.120E+00 0.750E-02 0.106E+00 0.661E-02
      3       1      16     128     128       4       4 0.248E-02 0.982E-02 0.000E+00 0.000E+00 0.185E-02 0.116E-03 0.148E-02 0.925E-04
      3       1      16    2048    2048       4       4 0.721E-03 0.240E-02 0.000E+00 0.000E+00 0.654E+00 0.409E-01 0.602E+00 0.376E-01
      3       1      16     256     256       4       4 0.379E-02 0.151E-01 0.000E+00 0.000E+00 0.586E-02 0.366E-03 0.489E-02 0.306E-03
      3       1      16      32      32       4       4 0.452E-02 0.180E-01 0.000E+00 0.000E+00 0.123E-02 0.771E-04 0.335E-03 0.209E-04
      3       1      16    4096    4096       4       4 0.855E-03 0.246E-02 0.000E+00 0.000E+00 0.282E+01 0.176E+00 0.256E+01 0.160E+00
      3       1      16     512     512       4       4 0.332E-02 0.130E-01 0.000E+00 0.000E+00 0.231E-01 0.144E-02 0.199E-01 0.125E-02
      3       1      16      64      64       4       4 0.399E-02 0.159E-01 0.000E+00 0.000E+00 0.857E-03 0.536E-04 0.554E-03 0.346E-04
      3       1       2    1024    1024       4       4 0.808E-03 0.297E-02 0.000E+00 0.000E+00 0.184E+00 0.115E-01 0.171E+00 0.107E-01
      3       1       2     128     128       4       4 0.241E-02 0.960E-02 0.000E+00 0.000E+00 0.210E-02 0.131E-03 0.194E-02 0.121E-03
      3       1       2    2048    2048       4       4 0.899E-03 0.313E-02 0.000E+00 0.000E+00 0.102E+01 0.640E-01 0.101E+01 0.630E-01
      3       1       2     256     256       4       4 0.968E-03 0.378E-02 0.000E+00 0.000E+00 0.751E-02 0.469E-03 0.694E-02 0.434E-03
      3       1       2      32      32       4       4 0.716E-03 0.281E-02 0.000E+00 0.000E+00 0.336E-03 0.210E-04 0.195E-03 0.122E-04
      3       1       2    4096    4096       4       4 0.100E-02 0.330E-02 0.000E+00 0.000E+00 0.457E+01 0.286E+00 0.434E+01 0.271E+00
      3       1       2     512     512       4       4 0.157E-02 0.609E-02 0.000E+00 0.000E+00 0.321E-01 0.201E-02 0.285E-01 0.178E-02
      3       1       2      64      64       4       4 0.347E-02 0.138E-01 0.298E-06 0.119E-05 0.662E-03 0.414E-04 0.484E-03 0.302E-04
      3       1      24    1024    1024       4       4 0.253E-02 0.981E-02 0.000E+00 0.000E+00 0.122E+00 0.764E-02 0.105E+00 0.658E-02
      3       1      24     128     128       4       4 0.586E-02 0.233E-01 0.000E+00 0.000E+00 0.214E-02 0.134E-03 0.160E-02 0.100E-03
      3       1      24    2048    2048       4       4 0.552E-03 0.170E-02 0.000E+00 0.000E+00 0.590E+00 0.369E-01 0.539E+00 0.337E-01
      3       1      24     256     256       4       4 0.269E-02 0.106E-01 0.000E+00 0.000E+00 0.666E-02 0.416E-03 0.520E-02 0.325E-03
      3       1      24      32      32       4       4 0.405E-02 0.161E-01 0.000E+00 0.000E+00 0.153E-02 0.958E-04 0.331E-03 0.207E-04
      3       1      24    4096    4096       4       4 0.133E-02 0.434E-02 0.000E+00 0.000E+00 0.254E+01 0.159E+00 0.231E+01 0.145E+00
      3       1      24     512     512       4       4 0.131E-02 0.494E-02 0.000E+00 0.000E+00 0.290E-01 0.181E-02 0.204E-01 0.128E-02
      3       1      24      64      64       4       4 0.407E-02 0.162E-01 0.298E-06 0.119E-05 0.101E-02 0.633E-04 0.651E-03 0.407E-04
      3       1       4    1024    1024       4       4 0.778E-03 0.285E-02 0.000E+00 0.000E+00 0.155E+00 0.972E-02 0.135E+00 0.844E-02
      3       1       4     128     128       4       4 0.457E-02 0.182E-01 0.000E+00 0.000E+00 0.198E-02 0.124E-03 0.177E-02 0.111E-03
      3       1       4    2048    2048       4       4 0.867E-03 0.298E-02 0.000E+00 0.000E+00 0.761E+00 0.476E-01 0.740E+00 0.463E-01
      3       1       4     256     256       4       4 0.219E-02 0.865E-02 0.000E+00 0.000E+00 0.613E-02 0.383E-03 0.538E-02 0.336E-03
      3       1       4      32      32       4       4 0.821E-02 0.328E-01 0.000E+00 0.000E+00 0.332E-03 0.208E-04 0.201E-03 0.125E-04
      3       1       4    4096    4096       4       4 0.918E-03 0.294E-02 0.000E+00 0.000E+00 0.337E+01 0.210E+00 0.309E+01 0.193E+00
      3       1       4     512     512       4       4 0.248E-02 0.971E-02 0.000E+00 0.000E+00 0.269E-01 0.168E-02 0.236E-01 0.148E-02
      3       1       4      64      64       4       4 0.508E-02 0.203E-01 0.000E+00 0.000E+00 0.712E-03 0.445E-04 0.505E-03 0.316E-04
      3       1       8    1024    1024       4       4 0.662E-03 0.238E-02 0.000E+00 0.000E+00 0.129E+00 0.806E-02 0.108E+00 0.673E-02
      3       1       8     128     128       4       4 0.445E-02 0.177E-01 0.000E+00 0.000E+00 0.181E-02 0.113E-03 0.154E-02 0.965E-04
      3       1       8    2048    2048       4       4 0.760E-03 0.255E-02 0.000E+00 0.000E+00 0.682E+00 0.426E-01 0.626E+00 0.392E-01
      3       1       8     256     256       4       4 0.322E-02 0.128E-01 0.000E+00 0.000E+00 0.566E-02 0.354E-03 0.494E-02 0.309E-03
      3       1       8      32      32       4       4 0.625E-02 0.250E-01 0.238E-06 0.954E-06 0.429E-03 0.268E-04 0.214E-03 0.134E-04
      3       1       8    4096    4096       4       4 0.856E-03 0.265E-02 0.000E+00 0.000E+00 0.284E+01 0.178E+00 0.260E+01 0.163E+00
      3       1       8     512     512       4       4 0.477E-02 0.188E-01 0.000E+00 0.000E+00 0.248E-01 0.155E-02 0.215E-01 0.135E-02
      3       1       8      64      64       4       4 0.538E-02 0.215E-01 0.000E+00 0.000E+00 0.104E-01 0.652E-03 0.569E-03 0.356E-04
      3      12       1    1024    1024       4       4 0.130E-01 0.455E-01 0.238E-06 0.954E-06 0.154E+00 0.964E-02 0.126E+00 0.789E-02
      3      12       1     128     128       4       4 0.184E-01 0.732E-01 0.000E+00 0.000E+00 0.432E-02 0.270E-03 0.278E-02 0.174E-03
      3      12       1    2048    2048       4       4 0.420E-01 0.143E+00 0.000E+00 0.000E+00 0.723E+00 0.452E-01 0.643E+00 0.402E-01
      3      12       1     256     256       4       4 0.252E-01 0.100E+00 0.000E+00 0.000E+00 0.109E-01 0.681E-03 0.747E-02 0.467E-03
      3      12       1      32      32       4       4 0.161E-01 0.640E-01 0.238E-06 0.954E-06 0.196E-02 0.123E-03 0.108E-02 0.677E-04
      3      12       1     512     512       4       4 0.123E-01 0.469E-01 0.000E+00 0.000E+00 0.413E-01 0.258E-02 0.284E-01 0.177E-02
      3      12       1      64      64       4       4 0.201E-01 0.803E-01 0.000E+00 0.000E+00 0.193E-02 0.121E-03 0.142E-02 0.884E-04
      3      12       2    1024    1024       4       4 0.201E-01 0.721E-01 0.000E+00 0.000E+00 0.163E+00 0.102E-01 0.134E+00 0.835E-02
      3      12       2     128     128       4       4 0.270E-01 0.108E+00 0.000E+00 0.000E+00 0.553E-02 0.346E-03 0.385E-02 0.241E-03
      3      12       2    2048    2048       4       4 0.411E-01 0.142E+00 0.000E+00 0.000E+00 0.739E+00 0.462E-01 0.661E+00 0.413E-01
      3      12       2     256     256       4       4 0.124E-01 0.489E-01 0.298E-06 0.119E-05 0.127E-01 0.797E-03 0.931E-02 0.582E-03
      3      12       2      32      32       4       4 0.219E-01 0.875E-01 0.000E+00 0.000E+00 0.209E-02 0.130E-03 0.113E-02 0.708E-04
      3      12       2     512     512       4       4 0.339E-01 0.133E+00 0.238E-06 0.954E-06 0.413E-01 0.258E-02 0.296E-01 0.185E-02
      3      12       2      64      64       4       4 0.191E-01 0.761E-01 0.000E+00 0.000E+00 0.272E-02 0.170E-03 0.162E-02 0.101E-03
      3      16       1    1024    1024       4       4 0.372E-01 0.142E+00 0.000E+00 0.000E+00 0.165E+00 0.103E-01 0.128E+00 0.800E-02
      3      16       1     128     128       4       4 0.249E-01 0.993E-01 0.000E+00 0.000E+00 0.474E-02 0.296E-03 0.292E-02 0.183E-03
      3      16       1    2048    2048       4       4 0.335E-01 0.107E+00 0.000E+00 0.000E+00 0.711E+00 0.445E-01 0.621E+00 0.388E-01
      3      16       1     256     256       4       4 0.273E-01 0.109E+00 0.000E+00 0.000E+00 0.118E-01 0.737E-03 0.775E-02 0.484E-03
      3      16       1      32      32       4       4 0.388E-01 0.155E+00 0.000E+00 0.000E+00 0.212E-02 0.132E-03 0.142E-02 0.890E-04
      3      16       1     512     512       4       4 0.234E-01 0.914E-01 0.000E+00 0.000E+00 0.400E-01 0.250E-02 0.282E-01 0.176E-02
      3      16       1      64      64       4       4 0.265E-01 0.106E+00 0.000E+00 0.000E+00 0.244E-02 0.153E-03 0.155E-02 0.967E-04
      3       2       1    1024    1024       4       4 0.585E-02 0.186E-01 0.000E+00 0.000E+00 0.269E+00 0.168E-01 0.217E+00 0.135E-01
      3       2       1     128     128       4       4 0.443E-02 0.176E-01 0.000E+00 0.000E+00 0.685E-02 0.428E-03 0.317E-02 0.198E-03
      3       2       1    2048    2048       4       4 0.891E-02 0.181E-01 0.000E+00 0.000E+00 0.147E+01 0.919E-01 0.132E+01 0.822E-01
      3       2       1     256     256       4       4 0.396E-02 0.157E-01 0.000E+00 0.000E+00 0.126E-01 0.785E-03 0.107E-01 0.672E-03
      3       2       1      32      32       4       4 0.736E-02 0.294E-01 0.000E+00 0.000E+00 0.722E-03 0.451E-04 0.501E-03 0.313E-04
      3       2       1    4096    4096       4       4 0.606E-02 0.180E-01 0.000E+00 0.000E+00 0.605E+01 0.378E+00 0.538E+01 0.336E+00
      3       2       1     512     512       4       4 0.433E-02 0.155E-01 0.000E+00 0.000E+00 0.647E-01 0.404E-02 0.533E-01 0.333E-02
      3       2       1      64      64       4       4 0.452E-02 0.180E-01 0.000E+00 0.000E+00 0.135E-02 0.842E-04 0.102E-02 0.639E-04
      3       2      12    1024    1024       4       4 0.616E-02 0.167E-01 0.000E+00 0.000E+00 0.230E+00 0.144E-01 0.184E+00 0.115E-01
      3       2      12     128     128       4       4 0.726E-02 0.289E-01 0.000E+00 0.000E+00 0.431E-02 0.270E-03 0.372E-02 0.232E-03
      3       2      12    2048    2048       4       4 0.859E-02 0.198E-01 0.238E-06 0.954E-06 0.106E+01 0.663E-01 0.886E+00 0.554E-01
      3       2      12     256     256       4       4 0.521E-02 0.207E-01 0.000E+00 0.000E+00 0.129E-01 0.805E-03 0.115E-01 0.719E-03
      3       2      12      32      32       4       4 0.604E-02 0.241E-01 0.000E+00 0.000E+00 0.111E-02 0.691E-04 0.783E-03 0.490E-04
      3       2      12    4096    4096       4       4 0.580E-02 0.224E-01 0.000E+00 0.000E+00 0.387E+01 0.242E+00 0.338E+01 0.211E+00
      3       2      12     512     512       4       4 0.454E-02 0.168E-01 0.000E+00 0.000E+00 0.479E-01 0.299E-02 0.423E-01 0.265E-02
      3       2      12      64      64       4       4 0.646E-02 0.258E-01 0.000E+00 0.000E+00 0.199E-02 0.124E-03 0.151E-02 0.945E-04
      3       2       2    1024    1024       4       4 0.434E-02 0.120E-01 0.000E+00 0.000E+00 0.237E+00 0.148E-01 0.196E+00 0.123E-01
      3       2       2     128     128       4       4 0.560E-02 0.223E-01 0.000E+00 0.000E+00 0.433E-02 0.271E-03 0.399E-02 0.249E-03
      3       2       2    2048    2048       4       4 0.760E-02 0.170E-01 0.000E+00 0.000E+00 0.117E+01 0.729E-01 0.101E+01 0.633E-01
      3       2       2     256     256       4       4 0.417E-02 0.166E-01 0.000E+00 0.000E+00 0.118E-01 0.735E-03 0.106E-01 0.665E-03
      3       2       2      32      32       4       4 0.547E-02 0.218E-01 0.000E+00 0.000E+00 0.104E-02 0.652E-04 0.820E-03 0.513E-04
      3       2       2    4096    4096       4       4 0.531E-02 0.148E-01 0.000E+00 0.000E+00 0.442E+01 0.276E+00 0.385E+01 0.240E+00
      3       2       2     512     512       4       4 0.890E-02 0.343E-01 0.000E+00 0.000E+00 0.531E-01 0.332E-02 0.479E-01 0.299E-02
      3       2       2      64      64       4       4 0.995E-02 0.398E-01 0.000E+00 0.000E+00 0.164E-02 0.103E-03 0.124E-02 0.772E-04
      3       2       4    1024    1024       4       4 0.582E-02 0.172E-01 0.238E-06 0.954E-06 0.216E+00 0.135E-01 0.175E+00 0.110E-01
      3       2       4     128     128       4       4 0.816E-02 0.325E-01 0.000E+00 0.000E+00 0.398E-02 0.249E-03 0.346E-02 0.216E-03
      3       2       4    2048    2048       4       4 0.109E-01 0.217E-01 0.000E+00 0.000E+00 0.104E+01 0.650E-01 0.864E+00 0.540E-01
      3       2       4     256     256       4       4 0.605E-02 0.240E-01 0.000E+00 0.000E+00 0.114E-01 0.710E-03 0.102E-01 0.635E-03
      3       2       4      32      32       4       4 0.850E-02 0.339E-01 0.000E+00 0.000E+00 0.924E-03 0.577E-04 0.665E-03 0.415E-04
      3       2       4    4096    4096       4       4 0.116E-01 0.361E-01 0.000E+00 0.000E+00 0.425E+01 0.265E+00 0.372E+01 0.232E+00
      3       2       4     512     512       4       4 0.749E-02 0.286E-01 0.238E-06 0.954E-06 0.441E-01 0.276E-02 0.364E-01 0.228E-02
      3       2       4      64      64       4       4 0.568E-02 0.226E-01 0.000E+00 0.000E+00 0.171E-02 0.107E-03 0.139E-02 0.871E-04
      3       2       8    1024    1024       4       4 0.828E-02 0.270E-01 0.000E+00 0.000E+00 0.219E+00 0.137E-01 0.173E+00 0.108E-01
      3       2       8     128     128       4       4 0.676E-02 0.268E-01 0.000E+00 0.000E+00 0.387E-02 0.242E-03 0.340E-02 0.212E-03
      3       2       8    2048    2048       4       4 0.867E-02 0.231E-01 0.000E+00 0.000E+00 0.103E+01 0.647E-01 0.874E+00 0.546E-01
      3       2       8     256     256       4       4 0.586E-02 0.231E-01 0.000E+00 0.000E+00 0.127E-01 0.796E-03 0.116E-01 0.722E-03
      3       2       8      32      32       4       4 0.984E-02 0.393E-01 0.000E+00 0.000E+00 0.107E-02 0.666E-04 0.741E-03 0.463E-04
      3       2       8    4096    4096       4       4 0.527E-02 0.147E-01 0.000E+00 0.000E+00 0.408E+01 0.255E+00 0.358E+01 0.224E+00
      3       2       8     512     512       4       4 0.577E-02 0.213E-01 0.000E+00 0.000E+00 0.435E-01 0.272E-02 0.352E-01 0.220E-02
      3       2       8      64      64       4       4 0.799E-02 0.319E-01 0.238E-06 0.954E-06 0.164E-02 0.102E-03 0.128E-02 0.799E-04
      3      24       1    1024    1024       4       4 0.358E-01 0.133E+00 0.000E+00 0.000E+00 0.166E+00 0.104E-01 0.129E+00 0.808E-02
      3      24       1     128     128       4       4 0.274E-01 0.109E+00 0.238E-06 0.954E-06 0.712E-02 0.445E-03 0.375E-02 0.234E-03
      3      24       1    2048    2048       4       4 0.537E-01 0.189E+00 0.000E+00 0.000E+00 0.738E+00 0.462E-01 0.698E+00 0.436E-01
      3      24       1     256     256       4       4 0.239E-01 0.953E-01 0.000E+00 0.000E+00 0.155E-01 0.966E-03 0.829E-02 0.518E-03
      3      24       1      32      32       4       4 0.229E-01 0.912E-01 0.000E+00 0.000E+00 0.330E-02 0.206E-03 0.162E-02 0.102E-03
      3      24       1     512     512       4       4 0.561E-01 0.221E+00 0.000E+00 0.000E+00 0.434E-01 0.271E-02 0.299E-01 0.187E-02
      3      24       1      64      64       4       4 0.317E-01 0.126E+00 0.000E+00 0.000E+00 0.346E-02 0.216E-03 0.214E-02 0.134E-03
      3       4       1    1024    1024       4       4 0.117E-01 0.413E-01 0.000E+00 0.000E+00 0.189E+00 0.118E-01 0.152E+00 0.949E-02
      3       4       1     128     128       4       4 0.958E-02 0.381E-01 0.000E+00 0.000E+00 0.394E-02 0.246E-03 0.356E-02 0.223E-03
      3       4       1    2048    2048       4       4 0.140E-01 0.354E-01 0.000E+00 0.000E+00 0.979E+00 0.612E-01 0.802E+00 0.501E-01
      3       4       1     256     256       4       4 0.124E-01 0.494E-01 0.000E+00 0.000E+00 0.497E-01 0.311E-02 0.330E-01 0.206E-02
      3       4       1      32      32       4       4 0.931E-02 0.372E-01 0.000E+00 0.000E+00 0.165E-01 0.103E-02 0.326E-01 0.204E-02
      3       4       1    4096    4096       4       4 0.149E-01 0.396E-01 0.000E+00 0.000E+00 0.456E+01 0.285E+00 0.386E+01 0.241E+00
      3       4       1     512     512       4       4 0.146E-01 0.568E-01 0.000E+00 0.000E+00 0.424E-01 0.265E-02 0.352E-01 0.220E-02
      3       4       1      64      64       4       4 0.130E-01 0.518E-01 0.000E+00 0.000E+00 0.610E-01 0.381E-02 0.611E-01 0.382E-02
      3       4       2    1024    1024       4       4 0.139E-01 0.496E-01 0.238E-06 0.954E-06 0.193E+00 0.120E-01 0.162E+00 0.101E-01
      3       4       2     128     128       4       4 0.178E-01 0.710E-01 0.000E+00 0.000E+00 0.157E-01 0.979E-03 0.338E-02 0.211E-03
      3       4       2    2048    2048       4       4 0.102E-01 0.208E-01 0.000E+00 0.000E+00 0.100E+01 0.626E-01 0.865E+00 0.540E-01
      3       4       2     256     256       4       4 0.729E-02 0.290E-01 0.000E+00 0.000E+00 0.108E-01 0.674E-03 0.881E-02 0.551E-03
      3       4       2      32      32       4       4 0.713E-02 0.285E-01 0.000E+00 0.000E+00 0.743E-03 0.464E-04 0.665E-03 0.415E-04
      3       4       2    4096    4096       4       4 0.131E-01 0.463E-01 0.000E+00 0.000E+00 0.384E+01 0.240E+00 0.321E+01 0.201E+00
      3       4       2     512     512       4       4 0.125E-01 0.484E-01 0.000E+00 0.000E+00 0.420E-01 0.262E-02 0.365E-01 0.228E-02
      3       4       2      64      64       4       4 0.173E-01 0.693E-01 0.000E+00 0.000E+00 0.153E-02 0.954E-04 0.119E-02 0.746E-04
      3       4       4    1024    1024       4       4 0.629E-02 0.194E-01 0.000E+00 0.000E+00 0.180E+00 0.112E-01 0.150E+00 0.936E-02
      3       4       4     128     128       4       4 0.107E-01 0.429E-01 0.000E+00 0.000E+00 0.324E-02 0.203E-03 0.275E-02 0.172E-03
      3       4       4    2048    2048       4       4 0.164E-01 0.411E-01 0.000E+00 0.000E+00 0.870E+00 0.544E-01 0.706E+00 0.441E-01
      3       4       4     256     256       4       4 0.124E-01 0.493E-01 0.238E-06 0.954E-06 0.972E-02 0.607E-03 0.803E-02 0.502E-03
      3       4       4      32      32       4       4 0.115E-01 0.460E-01 0.000E+00 0.000E+00 0.109E-02 0.682E-04 0.904E-03 0.565E-04
      3       4       4    4096    4096       4       4 0.207E-01 0.766E-01 0.000E+00 0.000E+00 0.363E+01 0.227E+00 0.298E+01 0.186E+00
      3       4       4     512     512       4       4 0.120E-01 0.465E-01 0.000E+00 0.000E+00 0.422E-01 0.263E-02 0.353E-01 0.220E-02
      3       4       4      64      64       4       4 0.124E-01 0.497E-01 0.000E+00 0.000E+00 0.165E-02 0.103E-03 0.132E-02 0.824E-04
      3       8       1    1024    1024       4       4 0.298E-01 0.114E+00 0.000E+00 0.000E+00 0.242E+00 0.151E-01 0.198E+00 0.124E-01
      3       8       1     128     128       4       4 0.300E-01 0.120E+00 0.000E+00 0.000E+00 0.441E-02 0.275E-03 0.341E-02 0.213E-03
      3       8       1    2048    2048       4       4 0.285E-01 0.900E-01 0.000E+00 0.000E+00 0.845E+00 0.528E-01 0.679E+00 0.424E-01
      3       8       1     256     256       4       4 0.106E-01 0.421E-01 0.000E+00 0.000E+00 0.109E-01 0.680E-03 0.774E-02 0.484E-03
      3       8       1      32      32       4       4 0.243E-01 0.972E-01 0.000E+00 0.000E+00 0.170E-02 0.106E-03 0.882E-03 0.551E-04
      3       8       1    4096    4096       4       4 0.957E-02 0.330E-01 0.000E+00 0.000E+00 0.350E+01 0.219E+00 0.292E+01 0.183E+00
      3       8       1     512     512       4       4 0.788E-02 0.291E-01 0.000E+00 0.000E+00 0.397E-01 0.248E-02 0.294E-01 0.184E-02
      3       8       1      64      64       4       4 0.251E-01 0.848E-01 0.000E+00 0.000E+00 0.231E-02 0.145E-03 0.146E-02 0.916E-04
      3       8       2    1024    1024       4       4 0.100E-01 0.314E-01 0.000E+00 0.000E+00 0.174E+00 0.109E-01 0.146E+00 0.914E-02
      3       8       2     128     128       4       4 0.222E-01 0.888E-01 0.000E+00 0.000E+00 0.440E-02 0.275E-03 0.309E-02 0.193E-03
      3       8       2    2048    2048       4       4 0.123E-01 0.282E-01 0.000E+00 0.000E+00 0.829E+00 0.518E-01 0.668E+00 0.417E-01
      3       8       2     256     256       4       4 0.808E-02 0.321E-01 0.000E+00 0.000E+00 0.118E-01 0.740E-03 0.865E-02 0.541E-03
      3       8       2      32      32       4       4 0.154E-01 0.614E-01 0.000E+00 0.000E+00 0.171E-02 0.107E-03 0.941E-03 0.588E-04
      3       8       2    4096    4096       4       4 0.147E-01 0.576E-01 0.238E-06 0.954E-06 0.362E+01 0.227E+00 0.312E+01 0.195E+00
      3       8       2     512     512       4       4 0.103E-01 0.393E-01 0.000E+00 0.000E+00 0.390E-01 0.244E-02 0.292E-01 0.182E-02
      3       8       2      64      64       4       4 0.198E-01 0.789E-01 0.000E+00 0.000E+00 0.270E-02 0.169E-03 0.156E-02 0.975E-04
