res2dct2=[      2       1    1024    1024       4       4 0.149E+00 0.597E+00 0.142E+00 0.570E+00 0.236E+00 0.147E-01 0.220E+00 0.137E-01
      2       1     128     128       4       4 0.281E-01 0.112E+00 0.241E-01 0.964E-01 0.166E-02 0.104E-03 0.162E-02 0.101E-03
      2       1    2048    2048       4       4 0.559E+00 0.223E+01 0.545E+00 0.218E+01 0.107E+01 0.672E-01 0.106E+01 0.664E-01
      2       1     256     256       4       4 0.371E-01 0.148E+00 0.325E-01 0.130E+00 0.872E-02 0.545E-03 0.870E-02 0.544E-03
      2       1      32      32       4       4 0.798E-02 0.319E-01 0.676E-02 0.270E-01 0.486E-04 0.304E-05 0.460E-04 0.288E-05
      2       1    4096    4096       4       4 0.184E+01 0.737E+01 0.182E+01 0.727E+01 0.494E+01 0.309E+00 0.499E+01 0.312E+00
      2       1     512     512       4       4 0.648E-01 0.259E+00 0.569E-01 0.227E+00 0.460E-01 0.288E-02 0.429E-01 0.268E-02
      2       1      64      64       4       4 0.152E-01 0.608E-01 0.131E-01 0.523E-01 0.301E-03 0.188E-04 0.302E-03 0.189E-04
      2      12    1024    1024       4       4 0.267E+00 0.106E+01 0.246E+00 0.976E+00 0.590E-01 0.369E-02 0.622E-01 0.389E-02
      2      12     128     128       4       4 0.368E-01 0.146E+00 0.316E-01 0.126E+00 0.134E-02 0.836E-04 0.138E-02 0.860E-04
      2      12    2048    2048       4       4 0.888E+00 0.355E+01 0.851E+00 0.340E+01 0.205E+00 0.128E-01 0.202E+00 0.126E-01
      2      12     256     256       4       4 0.544E-01 0.216E+00 0.473E-01 0.188E+00 0.454E-02 0.284E-03 0.385E-02 0.240E-03
      2      12      32      32       4       4 0.141E-01 0.556E-01 0.125E-01 0.488E-01 0.109E-02 0.683E-04 0.104E-02 0.648E-04
      2      12    4096    4096       4       4 0.301E+01 0.120E+02 0.297E+01 0.119E+02 0.931E+00 0.582E-01 0.922E+00 0.576E-01
      2      12     512     512       4       4 0.104E+00 0.411E+00 0.950E-01 0.377E+00 0.127E-01 0.793E-03 0.165E-01 0.103E-02
      2      12      64      64       4       4 0.233E-01 0.914E-01 0.205E-01 0.806E-01 0.119E-02 0.746E-04 0.115E-02 0.718E-04
      2      16    1024    1024       4       4 0.225E+00 0.896E+00 0.202E+00 0.806E+00 0.404E-01 0.253E-02 0.458E-01 0.286E-02
      2      16     128     128       4       4 0.363E-01 0.144E+00 0.311E-01 0.123E+00 0.150E-02 0.939E-04 0.153E-02 0.957E-04
      2      16    2048    2048       4       4 0.876E+00 0.350E+01 0.852E+00 0.340E+01 0.225E+00 0.141E-01 0.233E+00 0.146E-01
      2      16     256     256       4       4 0.520E-01 0.206E+00 0.469E-01 0.185E+00 0.369E-02 0.231E-03 0.331E-02 0.207E-03
      2      16      32      32       4       4 0.119E-01 0.470E-01 0.106E-01 0.416E-01 0.103E-02 0.642E-04 0.960E-03 0.600E-04
      2      16    4096    4096       4       4 0.283E+01 0.113E+02 0.280E+01 0.112E+02 0.914E+00 0.571E-01 0.912E+00 0.570E-01
      2      16     512     512       4       4 0.950E-01 0.376E+00 0.841E-01 0.332E+00 0.149E-01 0.934E-03 0.141E-01 0.884E-03
      2      16      64      64       4       4 0.208E-01 0.827E-01 0.180E-01 0.713E-01 0.870E-03 0.544E-04 0.808E-03 0.505E-04
      2       2    1024    1024       4       4 0.248E+00 0.992E+00 0.242E+00 0.968E+00 0.146E+00 0.913E-02 0.132E+00 0.823E-02
      2       2     128     128       4       4 0.322E-01 0.129E+00 0.280E-01 0.112E+00 0.192E-02 0.120E-03 0.177E-02 0.111E-03
      2       2    2048    2048       4       4 0.854E+00 0.341E+01 0.841E+00 0.336E+01 0.647E+00 0.404E-01 0.648E+00 0.405E-01
      2       2     256     256       4       4 0.464E-01 0.185E+00 0.419E-01 0.167E+00 0.556E-02 0.347E-03 0.546E-02 0.341E-03
      2       2      32      32       4       4 0.955E-02 0.381E-01 0.833E-02 0.332E-01 0.390E-03 0.244E-04 0.429E-03 0.268E-04
      2       2    4096    4096       4       4 0.296E+01 0.118E+02 0.295E+01 0.118E+02 0.264E+01 0.165E+00 0.266E+01 0.166E+00
      2       2     512     512       4       4 0.992E-01 0.396E+00 0.900E-01 0.360E+00 0.352E-01 0.220E-02 0.321E-01 0.201E-02
      2       2      64      64       4       4 0.171E-01 0.682E-01 0.147E-01 0.586E-01 0.756E-03 0.472E-04 0.710E-03 0.444E-04
      2      24    1024    1024       4       4 0.256E+00 0.102E+01 0.242E+00 0.960E+00 0.481E-01 0.301E-02 0.451E-01 0.282E-02
      2      24     128     128       4       4 0.425E-01 0.166E+00 0.394E-01 0.154E+00 0.380E-02 0.238E-03 0.295E-02 0.185E-03
      2      24    2048    2048       4       4 0.101E+01 0.404E+01 0.859E+00 0.342E+01 0.181E+00 0.113E-01 0.223E+00 0.139E-01
      2      24     256     256       4       4 0.629E-01 0.247E+00 0.573E-01 0.225E+00 0.575E-02 0.360E-03 0.579E-02 0.362E-03
      2      24      32      32       4       4 0.137E-01 0.529E-01 0.135E-01 0.526E-01 0.368E-02 0.230E-03 0.172E-02 0.108E-03
      2      24    4096    4096       4       4 0.292E+01 0.117E+02 0.288E+01 0.115E+02 0.949E+00 0.593E-01 0.942E+00 0.589E-01
      2      24     512     512       4       4 0.107E+00 0.420E+00 0.102E+00 0.403E+00 0.149E-01 0.934E-03 0.140E-01 0.877E-03
      2      24      64      64       4       4 0.359E-01 0.141E+00 0.319E-01 0.125E+00 0.210E-02 0.131E-03 0.216E-02 0.135E-03
      2       4    1024    1024       4       4 0.226E+00 0.903E+00 0.218E+00 0.870E+00 0.866E-01 0.541E-02 0.772E-01 0.483E-02
      2       4     128     128       4       4 0.311E-01 0.124E+00 0.271E-01 0.108E+00 0.126E-02 0.790E-04 0.114E-02 0.715E-04
      2       4    2048    2048       4       4 0.833E+00 0.333E+01 0.822E+00 0.329E+01 0.361E+00 0.226E-01 0.362E+00 0.226E-01
      2       4     256     256       4       4 0.456E-01 0.182E+00 0.400E-01 0.159E+00 0.709E-02 0.443E-03 0.598E-02 0.374E-03
      2       4      32      32       4       4 0.936E-02 0.373E-01 0.805E-02 0.321E-01 0.382E-03 0.239E-04 0.410E-03 0.256E-04
      2       4    4096    4096       4       4 0.298E+01 0.119E+02 0.296E+01 0.119E+02 0.161E+01 0.101E+00 0.160E+01 0.998E-01
      2       4     512     512       4       4 0.905E-01 0.361E+00 0.821E-01 0.327E+00 0.185E-01 0.116E-02 0.167E-01 0.105E-02
      2       4      64      64       4       4 0.171E-01 0.682E-01 0.149E-01 0.594E-01 0.576E-03 0.360E-04 0.607E-03 0.380E-04
      2       8    1024    1024       4       4 0.214E+00 0.854E+00 0.202E+00 0.808E+00 0.660E-01 0.412E-02 0.624E-01 0.390E-02
      2       8     128     128       4       4 0.307E-01 0.122E+00 0.272E-01 0.108E+00 0.112E-02 0.699E-04 0.102E-02 0.640E-04
      2       8    2048    2048       4       4 0.834E+00 0.334E+01 0.797E+00 0.319E+01 0.244E+00 0.153E-01 0.244E+00 0.152E-01
      2       8     256     256       4       4 0.465E-01 0.184E+00 0.411E-01 0.163E+00 0.542E-02 0.339E-03 0.505E-02 0.316E-03
      2       8      32      32       4       4 0.958E-02 0.380E-01 0.827E-02 0.329E-01 0.540E-03 0.337E-04 0.501E-03 0.313E-04
      2       8    4096    4096       4       4 0.277E+01 0.111E+02 0.276E+01 0.110E+02 0.104E+01 0.653E-01 0.104E+01 0.649E-01
      2       8     512     512       4       4 0.910E-01 0.362E+00 0.807E-01 0.321E+00 0.155E-01 0.967E-03 0.221E-01 0.138E-02
      2       8      64      64       4       4 0.174E-01 0.689E-01 0.149E-01 0.594E-01 0.712E-03 0.445E-04 0.682E-03 0.426E-04
      3       1    1024    1024       4       4 0.101E-02 0.385E-02 0.405E-04 0.520E-04 0.248E+00 0.155E-01 0.237E+00 0.148E-01
      3       1     128     128       4       4 0.800E-03 0.317E-02 0.852E-05 0.169E-04 0.143E-02 0.895E-04 0.145E-02 0.906E-04
      3       1    2048    2048       4       4 0.950E-03 0.346E-02 0.866E-04 0.106E-03 0.213E+01 0.133E+00 0.211E+01 0.132E+00
      3       1     256     256       4       4 0.870E-03 0.343E-02 0.145E-04 0.260E-04 0.772E-02 0.482E-03 0.787E-02 0.492E-03
      3       1      32      32       4       4 0.695E-03 0.276E-02 0.304E-05 0.620E-05 0.734E-04 0.459E-05 0.622E-04 0.389E-05
      3       1    4096    4096       4       4 0.104E-02 0.384E-02 0.933E-04 0.120E-03 0.522E+01 0.326E+00 0.522E+01 0.326E+00
      3       1     512     512       4       4 0.903E-03 0.345E-02 0.248E-04 0.370E-04 0.406E-01 0.254E-02 0.427E-01 0.267E-02
      3       1      64      64       4       4 0.821E-03 0.327E-02 0.322E-05 0.691E-05 0.319E-03 0.200E-04 0.282E-03 0.176E-04
      3      12    1024    1024       4       4 0.659E-03 0.240E-02 0.522E-04 0.758E-04 0.497E-01 0.311E-02 0.444E-01 0.277E-02
      3      12     128     128       4       4 0.250E-02 0.995E-02 0.114E-04 0.179E-04 0.583E-03 0.364E-04 0.510E-03 0.319E-04
      3      12    2048    2048       4       4 0.629E-03 0.214E-02 0.978E-04 0.119E-03 0.270E+00 0.169E-01 0.268E+00 0.168E-01
      3      12     256     256       4       4 0.336E-02 0.134E-01 0.180E-04 0.291E-04 0.217E-02 0.136E-03 0.187E-02 0.117E-03
      3      12      32      32       4       4 0.425E-02 0.170E-01 0.441E-05 0.906E-05 0.324E-03 0.203E-04 0.201E-03 0.125E-04
      3      12    4096    4096       4       4 0.713E-03 0.242E-02 0.121E-03 0.127E-03 0.854E+00 0.534E-01 0.844E+00 0.527E-01
      3      12     512     512       4       4 0.101E-02 0.391E-02 0.305E-04 0.460E-04 0.708E-02 0.442E-03 0.662E-02 0.414E-03
      3      12      64      64       4       4 0.419E-02 0.167E-01 0.656E-05 0.141E-04 0.444E-03 0.277E-04 0.401E-03 0.250E-04
      3      16    1024    1024       4       4 0.516E-03 0.183E-02 0.476E-04 0.610E-04 0.335E-01 0.210E-02 0.274E-01 0.172E-02
      3      16     128     128       4       4 0.439E-02 0.175E-01 0.104E-04 0.169E-04 0.603E-03 0.377E-04 0.506E-03 0.316E-04
      3      16    2048    2048       4       4 0.559E-03 0.186E-02 0.101E-03 0.122E-03 0.281E+00 0.175E-01 0.290E+00 0.181E-01
      3      16     256     256       4       4 0.310E-02 0.123E-01 0.221E-04 0.391E-04 0.226E-02 0.141E-03 0.151E-02 0.945E-04
      3      16      32      32       4       4 0.338E-02 0.135E-01 0.340E-05 0.691E-05 0.388E-03 0.242E-04 0.218E-03 0.136E-04
      3      16    4096    4096       4       4 0.663E-03 0.230E-02 0.122E-03 0.193E-03 0.101E+01 0.633E-01 0.959E+00 0.599E-01
      3      16     512     512       4       4 0.679E-03 0.256E-02 0.373E-04 0.489E-04 0.781E-02 0.488E-03 0.651E-02 0.407E-03
      3      16      64      64       4       4 0.424E-02 0.169E-01 0.376E-05 0.787E-05 0.551E-03 0.345E-04 0.418E-03 0.261E-04
      3       2    1024    1024       4       4 0.893E-03 0.336E-02 0.433E-04 0.560E-04 0.129E+00 0.809E-02 0.124E+00 0.777E-02
      3       2     128     128       4       4 0.252E-02 0.101E-01 0.930E-05 0.160E-04 0.115E-02 0.722E-04 0.121E-02 0.755E-04
      3       2    2048    2048       4       4 0.836E-03 0.301E-02 0.860E-04 0.105E-03 0.118E+01 0.736E-01 0.116E+01 0.724E-01
      3       2     256     256       4       4 0.862E-03 0.339E-02 0.144E-04 0.229E-04 0.477E-02 0.298E-03 0.484E-02 0.302E-03
      3       2      32      32       4       4 0.358E-02 0.143E-01 0.352E-05 0.691E-05 0.148E-03 0.927E-05 0.109E-03 0.681E-05
      3       2    4096    4096       4       4 0.859E-03 0.301E-02 0.116E-03 0.119E-03 0.315E+01 0.197E+00 0.315E+01 0.197E+00
      3       2     512     512       4       4 0.126E-02 0.491E-02 0.275E-04 0.348E-04 0.341E-01 0.213E-02 0.321E-01 0.201E-02
      3       2      64      64       4       4 0.337E-02 0.135E-01 0.328E-05 0.691E-05 0.323E-03 0.202E-04 0.278E-03 0.174E-04
      3      24    1024    1024       4       4 0.127E-02 0.478E-02 0.600E-04 0.949E-04 0.315E-01 0.197E-02 0.253E-01 0.158E-02
      3      24     128     128       4       4 0.368E-02 0.147E-01 0.147E-04 0.229E-04 0.843E-03 0.527E-04 0.542E-03 0.339E-04
      3      24    2048    2048       4       4 0.500E-03 0.159E-02 0.125E-03 0.140E-03 0.236E+00 0.147E-01 0.230E+00 0.144E-01
      3      24     256     256       4       4 0.186E-02 0.735E-02 0.170E-04 0.260E-04 0.206E-02 0.129E-03 0.139E-02 0.868E-04
      3      24      32      32       4       4 0.512E-02 0.205E-01 0.346E-05 0.691E-05 0.547E-03 0.342E-04 0.255E-03 0.159E-04
      3      24    4096    4096       4       4 0.137E-02 0.509E-02 0.114E-03 0.135E-03 0.699E+00 0.437E-01 0.692E+00 0.432E-01
      3      24     512     512       4       4 0.881E-03 0.337E-02 0.295E-04 0.370E-04 0.711E-02 0.445E-03 0.577E-02 0.360E-03
      3      24      64      64       4       4 0.382E-02 0.153E-01 0.393E-05 0.691E-05 0.573E-03 0.358E-04 0.335E-03 0.209E-04
      3       4    1024    1024       4       4 0.733E-03 0.271E-02 0.442E-04 0.589E-04 0.773E-01 0.483E-02 0.754E-01 0.471E-02
      3       4     128     128       4       4 0.531E-02 0.212E-01 0.942E-05 0.160E-04 0.107E-02 0.666E-04 0.115E-02 0.720E-04
      3       4    2048    2048       4       4 0.781E-03 0.274E-02 0.114E-03 0.124E-03 0.648E+00 0.405E-01 0.653E+00 0.408E-01
      3       4     256     256       4       4 0.317E-02 0.126E-01 0.160E-04 0.272E-04 0.495E-02 0.309E-03 0.482E-02 0.301E-03
      3       4      32      32       4       4 0.572E-02 0.229E-01 0.376E-05 0.691E-05 0.248E-03 0.155E-04 0.199E-03 0.124E-04
      3       4    4096    4096       4       4 0.770E-03 0.274E-02 0.968E-04 0.123E-03 0.179E+01 0.112E+00 0.177E+01 0.111E+00
      3       4     512     512       4       4 0.104E-02 0.403E-02 0.293E-04 0.470E-04 0.186E-01 0.116E-02 0.177E-01 0.111E-02
      3       4      64      64       4       4 0.846E-02 0.338E-01 0.370E-05 0.691E-05 0.486E-03 0.304E-04 0.422E-03 0.264E-04
      3       8    1024    1024       4       4 0.662E-03 0.243E-02 0.460E-04 0.579E-04 0.491E-01 0.307E-02 0.431E-01 0.270E-02
      3       8     128     128       4       4 0.415E-02 0.166E-01 0.132E-04 0.200E-04 0.763E-03 0.477E-04 0.706E-03 0.441E-04
      3       8    2048    2048       4       4 0.714E-03 0.250E-02 0.907E-04 0.113E-03 0.435E+00 0.272E-01 0.448E+00 0.280E-01
      3       8     256     256       4       4 0.551E-02 0.220E-01 0.157E-04 0.222E-04 0.437E-02 0.273E-03 0.288E-02 0.180E-03
      3       8      32      32       4       4 0.753E-02 0.301E-01 0.453E-05 0.906E-05 0.248E-03 0.155E-04 0.203E-03 0.127E-04
      3       8    4096    4096       4       4 0.719E-03 0.254E-02 0.979E-04 0.122E-03 0.117E+01 0.734E-01 0.115E+01 0.720E-01
      3       8     512     512       4       4 0.147E-02 0.572E-02 0.345E-04 0.529E-04 0.107E-01 0.668E-03 0.105E-01 0.657E-03
      3       8      64      64       4       4 0.727E-02 0.291E-01 0.471E-05 0.110E-04 0.407E-03 0.254E-04 0.355E-03 0.222E-04
];