      2       1       1    1021    1021       4       4 0.489E+01 0.491E+01 0.592E+01 0.594E+01 0.142E+01 0.886E-01 0.143E+01 0.893E-01
      2       1       1     127     127       4       4 0.184E-01 0.187E-01 0.272E-01 0.275E-01 0.113E-01 0.705E-03 0.108E-01 0.677E-03
      2       1       1    2053    2053       4       4 0.193E+02 0.194E+02 0.233E+02 0.233E+02 0.631E+01 0.394E+00 0.621E+01 0.388E+00
      2       1       1     257     257       4       4 0.313E+00 0.314E+00 0.362E+00 0.364E+00 0.726E-01 0.454E-02 0.729E-01 0.456E-02
      2       1       1      31      31       4       4 0.231E-02 0.265E-02 0.265E-02 0.267E-02 0.289E-03 0.181E-04 0.299E-03 0.187E-04
      2       1       1    4099    4099       4       4 0.201E+02 0.201E+02 0.214E+02 0.214E+02 0.311E+02 0.195E+01 0.310E+02 0.194E+01
      2       1       1     509     509       4       4 0.142E+01 0.144E+01 0.171E+01 0.173E+01 0.376E+00 0.235E-01 0.377E+00 0.236E-01
      2       1       1      67      67       4       4 0.427E-02 0.463E-02 0.551E-02 0.555E-02 0.207E-02 0.129E-03 0.154E-02 0.965E-04
      2       1      12    1021    1021       4       4 0.251E+01 0.256E+01 0.291E+01 0.296E+01 0.211E+00 0.132E-01 0.216E+00 0.135E-01
      2       1      12     127     127       4       4 0.246E-01 0.280E-01 0.362E-01 0.388E-01 0.618E-02 0.386E-03 0.475E-02 0.297E-03
      2       1      12    2053    2053       4       4 0.706E+01 0.722E+01 0.779E+01 0.793E+01 0.101E+01 0.633E-01 0.941E+00 0.588E-01
      2       1      12     257     257       4       4 0.532E+00 0.546E+00 0.572E+00 0.594E+00 0.128E-01 0.800E-03 0.119E-01 0.745E-03
      2       1      12      31      31       4       4 0.148E-01 0.163E-01 0.187E-01 0.191E-01 0.322E-02 0.201E-03 0.827E-03 0.517E-04
      2       1      12    4099    4099       4       4 0.228E+02 0.230E+02 0.265E+02 0.274E+02 0.383E+01 0.239E+00 0.363E+01 0.227E+00
      2       1      12     509     509       4       4 0.113E+01 0.115E+01 0.123E+01 0.125E+01 0.574E-01 0.359E-02 0.549E-01 0.343E-02
      2       1      12      67      67       4       4 0.107E-01 0.125E-01 0.154E-01 0.168E-01 0.287E-02 0.180E-03 0.126E-02 0.786E-04
      2       1      16    1021    1021       4       4 0.242E+01 0.247E+01 0.280E+01 0.282E+01 0.161E+00 0.101E-01 0.163E+00 0.102E-01
      2       1      16     127     127       4       4 0.195E-01 0.225E-01 0.282E-01 0.302E-01 0.683E-02 0.427E-03 0.373E-02 0.233E-03
      2       1      16    2053    2053       4       4 0.775E+01 0.787E+01 0.921E+01 0.930E+01 0.729E+00 0.456E-01 0.103E+01 0.641E-01
      2       1      16     257     257       4       4 0.578E+00 0.589E+00 0.608E+00 0.616E+00 0.122E-01 0.764E-03 0.112E-01 0.701E-03
      2       1      16      31      31       4       4 0.939E-02 0.110E-01 0.127E-01 0.130E-01 0.548E-02 0.342E-03 0.787E-03 0.492E-04
      2       1      16    4099    4099       4       4 0.227E+02 0.231E+02 0.260E+02 0.268E+02 0.379E+01 0.237E+00 0.301E+01 0.188E+00
      2       1      16     509     509       4       4 0.915E+00 0.921E+00 0.101E+01 0.103E+01 0.439E-01 0.274E-02 0.437E-01 0.273E-02
      2       1      16      67      67       4       4 0.229E-01 0.250E-01 0.273E-01 0.275E-01 0.124E-01 0.774E-03 0.169E-02 0.106E-03
      2       1       2    1021    1021       4       4 0.481E+01 0.482E+01 0.609E+01 0.613E+01 0.832E+00 0.520E-01 0.804E+00 0.503E-01
      2       1       2     127     127       4       4 0.370E-01 0.389E-01 0.514E-01 0.547E-01 0.702E-02 0.439E-03 0.655E-02 0.410E-03
      2       1       2    2053    2053       4       4 0.207E+02 0.208E+02 0.258E+02 0.259E+02 0.364E+01 0.227E+00 0.351E+01 0.219E+00
      2       1       2     257     257       4       4 0.379E+00 0.380E+00 0.432E+00 0.435E+00 0.405E-01 0.253E-02 0.415E-01 0.259E-02
      2       1       2      31      31       4       4 0.822E-02 0.839E-02 0.982E-02 0.103E-01 0.356E-03 0.223E-04 0.384E-03 0.240E-04
      2       1       2    4099    4099       4       4 0.344E+02 0.348E+02 0.404E+02 0.414E+02 0.174E+02 0.109E+01 0.170E+02 0.106E+01
      2       1       2     509     509       4       4 0.154E+01 0.154E+01 0.187E+01 0.188E+01 0.213E+00 0.133E-01 0.208E+00 0.130E-01
      2       1       2      67      67       4       4 0.110E-01 0.117E-01 0.145E-01 0.160E-01 0.164E-02 0.102E-03 0.148E-02 0.924E-04
      2       1      24    1021    1021       4       4 0.283E+01 0.286E+01 0.329E+01 0.336E+01 0.170E+00 0.106E-01 0.186E+00 0.116E-01
      2       1      24     127     127       4       4 0.321E-01 0.343E-01 0.475E-01 0.500E-01 0.145E-01 0.905E-03 0.781E-02 0.488E-03
      2       1      24    2053    2053       4       4 0.768E+01 0.776E+01 0.852E+01 0.857E+01 0.550E+00 0.344E-01 0.517E+00 0.323E-01
      2       1      24     257     257       4       4 0.724E+00 0.738E+00 0.773E+00 0.778E+00 0.216E-01 0.135E-02 0.113E-01 0.704E-03
      2       1      24      31      31       4       4 0.130E-01 0.145E-01 0.171E-01 0.178E-01 0.139E-02 0.868E-04 0.139E-02 0.867E-04
      2       1      24    4099    4099       4       4 0.203E+02 0.208E+02 0.261E+02 0.263E+02 0.271E+01 0.170E+00 0.242E+01 0.151E+00
      2       1      24     509     509       4       4 0.118E+01 0.122E+01 0.131E+01 0.133E+01 0.504E-01 0.315E-02 0.503E-01 0.314E-02
      2       1      24      67      67       4       4 0.239E-01 0.295E-01 0.325E-01 0.369E-01 0.609E-02 0.381E-03 0.203E-02 0.127E-03
      2       1       4    1021    1021       4       4 0.312E+01 0.314E+01 0.363E+01 0.366E+01 0.504E+00 0.315E-01 0.444E+00 0.278E-01
      2       1       4     127     127       4       4 0.255E-01 0.265E-01 0.355E-01 0.370E-01 0.514E-02 0.321E-03 0.471E-02 0.294E-03
      2       1       4    2053    2053       4       4 0.132E+02 0.134E+02 0.154E+02 0.157E+02 0.214E+01 0.134E+00 0.200E+01 0.125E+00
      2       1       4     257     257       4       4 0.433E+00 0.437E+00 0.479E+00 0.488E+00 0.263E-01 0.165E-02 0.279E-01 0.174E-02
      2       1       4      31      31       4       4 0.742E-02 0.761E-02 0.890E-02 0.903E-02 0.337E-03 0.211E-04 0.337E-03 0.210E-04
      2       1       4    4099    4099       4       4 0.363E+02 0.370E+02 0.446E+02 0.449E+02 0.967E+01 0.605E+00 0.892E+01 0.557E+00
      2       1       4     509     509       4       4 0.106E+01 0.108E+01 0.127E+01 0.128E+01 0.125E+00 0.780E-02 0.123E+00 0.771E-02
      2       1       4      67      67       4       4 0.133E-01 0.138E-01 0.184E-01 0.187E-01 0.112E-02 0.703E-04 0.121E-02 0.757E-04
      2       1       8    1021    1021       4       4 0.229E+01 0.238E+01 0.254E+01 0.257E+01 0.286E+00 0.179E-01 0.274E+00 0.171E-01
      2       1       8     127     127       4       4 0.211E-01 0.218E-01 0.315E-01 0.333E-01 0.597E-02 0.373E-03 0.416E-02 0.260E-03
      2       1       8    2053    2053       4       4 0.104E+02 0.105E+02 0.123E+02 0.124E+02 0.130E+01 0.814E-01 0.125E+01 0.783E-01
      2       1       8     257     257       4       4 0.468E+00 0.477E+00 0.489E+00 0.512E+00 0.188E-01 0.118E-02 0.212E-01 0.132E-02
      2       1       8      31      31       4       4 0.849E-02 0.895E-02 0.116E-01 0.119E-01 0.983E-03 0.615E-04 0.465E-03 0.290E-04
      2       1       8    4099    4099       4       4 0.274E+02 0.277E+02 0.323E+02 0.326E+02 0.537E+01 0.335E+00 0.489E+01 0.305E+00
      2       1       8     509     509       4       4 0.852E+00 0.866E+00 0.950E+00 0.971E+00 0.770E-01 0.481E-02 0.788E-01 0.492E-02
      2       1       8      67      67       4       4 0.119E-01 0.126E-01 0.175E-01 0.176E-01 0.145E-02 0.908E-04 0.108E-02 0.674E-04
      2      16       1    1021    1021       4       4 0.446E+00 0.448E+00 0.501E+00 0.504E+00 0.127E+00 0.796E-02 0.127E+00 0.792E-02
      2      16       1     127     127       4       4 0.500E-02 0.738E-02 0.346E-02 0.353E-02 0.315E-02 0.197E-03 0.249E-02 0.156E-03
      2      16       1    2053    2053       4       4 0.139E+01 0.139E+01 0.158E+01 0.158E+01 0.528E+00 0.330E-01 0.527E+00 0.330E-01
      2      16       1     257     257       4       4 0.752E-01 0.787E-01 0.706E-01 0.714E-01 0.782E-02 0.489E-03 0.770E-02 0.481E-03
      2      16       1      31      31       4       4 0.354E-02 0.570E-02 0.152E-02 0.155E-02 0.120E-02 0.750E-04 0.623E-03 0.389E-04
      2      16       1    4099    4099       4       4 0.233E+01 0.233E+01 0.251E+01 0.251E+01 0.320E+01 0.200E+00 0.315E+01 0.197E+00
      2      16       1     509     509       4       4 0.183E+00 0.186E+00 0.170E+00 0.174E+00 0.356E-01 0.222E-02 0.340E-01 0.212E-02
      2      16       1      67      67       4       4 0.407E-02 0.640E-02 0.169E-02 0.185E-02 0.937E-03 0.586E-04 0.819E-03 0.512E-04
      2       2       1    1021    1021       4       4 0.915E+00 0.923E+00 0.139E+01 0.143E+01 0.829E+00 0.518E-01 0.828E+00 0.517E-01
      2       2       1     127     127       4       4 0.943E-02 0.136E-01 0.112E-01 0.116E-01 0.770E-02 0.481E-03 0.765E-02 0.478E-03
      2       2       1    2053    2053       4       4 0.351E+01 0.353E+01 0.552E+01 0.555E+01 0.350E+01 0.219E+00 0.348E+01 0.217E+00
      2       2       1     257     257       4       4 0.893E-01 0.915E-01 0.926E-01 0.929E-01 0.435E-01 0.272E-02 0.432E-01 0.270E-02
      2       2       1      31      31       4       4 0.272E-02 0.464E-02 0.111E-02 0.112E-02 0.243E-03 0.152E-04 0.223E-03 0.139E-04
      2       2       1    4099    4099       4       4 0.542E+01 0.544E+01 0.606E+01 0.618E+01 0.197E+02 0.123E+01 0.196E+02 0.123E+01
      2       2       1     509     509       4       4 0.326E+00 0.328E+00 0.428E+00 0.453E+00 0.212E+00 0.133E-01 0.213E+00 0.133E-01
      2       2       1      67      67       4       4 0.325E-02 0.500E-02 0.233E-02 0.241E-02 0.135E-02 0.844E-04 0.114E-02 0.715E-04
      2       2      12    1021    1021       4       4 0.982E+00 0.100E+01 0.123E+01 0.126E+01 0.113E+01 0.705E-01 0.114E+01 0.714E-01
      2       2      12     127     127       4       4 0.151E-01 0.167E-01 0.154E-01 0.161E-01 0.777E-02 0.485E-03 0.751E-02 0.469E-03
      2       2      12    2053    2053       4       4 0.351E+01 0.371E+01 0.401E+01 0.407E+01 0.305E+01 0.190E+00 0.301E+01 0.188E+00
      2       2      12     257     257       4       4 0.225E+00 0.235E+00 0.221E+00 0.228E+00 0.347E-01 0.217E-02 0.237E-01 0.148E-02
      2       2      12      31      31       4       4 0.815E-02 0.986E-02 0.625E-02 0.672E-02 0.101E-01 0.631E-03 0.246E-02 0.154E-03
      2       2      12    4099    4099       4       4 0.849E+01 0.869E+01 0.909E+01 0.925E+01 0.112E+02 0.699E+00 0.106E+02 0.663E+00
      2       2      12     509     509       4       4 0.565E+00 0.599E+00 0.670E+00 0.687E+00 0.127E+00 0.796E-02 0.120E+00 0.751E-02
      2       2      12      67      67       4       4 0.112E-01 0.136E-01 0.114E-01 0.133E-01 0.983E-02 0.615E-03 0.386E-02 0.241E-03
      2       2       2    1021    1021       4       4 0.108E+01 0.109E+01 0.167E+01 0.170E+01 0.636E+00 0.398E-01 0.632E+00 0.395E-01
      2       2       2     127     127       4       4 0.126E-01 0.155E-01 0.172E-01 0.179E-01 0.608E-02 0.380E-03 0.613E-02 0.383E-03
      2       2       2    2053    2053       4       4 0.442E+01 0.443E+01 0.725E+01 0.729E+01 0.239E+01 0.149E+00 0.240E+01 0.150E+00
      2       2       2     257     257       4       4 0.111E+00 0.114E+00 0.125E+00 0.127E+00 0.293E-01 0.183E-02 0.292E-01 0.183E-02
      2       2       2      31      31       4       4 0.539E-02 0.736E-02 0.297E-02 0.354E-02 0.867E-03 0.542E-04 0.812E-03 0.508E-04
      2       2       2    4099    4099       4       4 0.984E+01 0.999E+01 0.126E+02 0.127E+02 0.149E+02 0.930E+00 0.161E+02 0.100E+01
      2       2       2     509     509       4       4 0.496E+00 0.500E+00 0.707E+00 0.710E+00 0.147E+00 0.919E-02 0.148E+00 0.925E-02
      2       2       2      67      67       4       4 0.762E-02 0.926E-02 0.772E-02 0.782E-02 0.136E-02 0.850E-04 0.127E-02 0.795E-04
      2       2       4    1021    1021       4       4 0.800E+00 0.812E+00 0.112E+01 0.116E+01 0.720E+00 0.450E-01 0.729E+00 0.455E-01
      2       2       4     127     127       4       4 0.101E-01 0.121E-01 0.126E-01 0.130E-01 0.591E-02 0.369E-03 0.584E-02 0.365E-03
      2       2       4    2053    2053       4       4 0.403E+01 0.407E+01 0.576E+01 0.579E+01 0.223E+01 0.139E+00 0.229E+01 0.143E+00
      2       2       4     257     257       4       4 0.171E+00 0.172E+00 0.188E+00 0.194E+00 0.251E-01 0.157E-02 0.245E-01 0.153E-02
      2       2       4      31      31       4       4 0.550E-02 0.687E-02 0.375E-02 0.383E-02 0.111E-02 0.693E-04 0.102E-02 0.634E-04
      2       2       4    4099    4099       4       4 0.104E+02 0.111E+02 0.129E+02 0.130E+02 0.132E+02 0.826E+00 0.145E+02 0.906E+00
      2       2       4     509     509       4       4 0.457E+00 0.465E+00 0.578E+00 0.599E+00 0.132E+00 0.824E-02 0.131E+00 0.819E-02
      2       2       4      67      67       4       4 0.888E-02 0.109E-01 0.863E-02 0.960E-02 0.253E-02 0.158E-03 0.231E-02 0.145E-03
      2       2       8    1021    1021       4       4 0.896E+00 0.920E+00 0.108E+01 0.110E+01 0.942E+00 0.589E-01 0.949E+00 0.593E-01
      2       2       8     127     127       4       4 0.928E-02 0.117E-01 0.103E-01 0.120E-01 0.921E-02 0.576E-03 0.529E-02 0.330E-03
      2       2       8    2053    2053       4       4 0.320E+01 0.323E+01 0.373E+01 0.377E+01 0.266E+01 0.166E+00 0.266E+01 0.166E+00
      2       2       8     257     257       4       4 0.197E+00 0.198E+00 0.213E+00 0.220E+00 0.227E-01 0.142E-02 0.232E-01 0.145E-02
      2       2       8      31      31       4       4 0.542E-02 0.680E-02 0.404E-02 0.411E-02 0.191E-02 0.119E-03 0.182E-02 0.114E-03
      2       2       8    4099    4099       4       4 0.838E+01 0.849E+01 0.984E+01 0.991E+01 0.113E+02 0.707E+00 0.124E+02 0.775E+00
      2       2       8     509     509       4       4 0.480E+00 0.491E+00 0.567E+00 0.589E+00 0.114E+00 0.712E-02 0.111E+00 0.693E-02
      2       2       8      67      67       4       4 0.121E-01 0.145E-01 0.110E-01 0.132E-01 0.309E-02 0.193E-03 0.293E-02 0.183E-03
      2       4       1    1021    1021       4       4 0.613E+00 0.619E+00 0.815E+00 0.818E+00 0.435E+00 0.272E-01 0.438E+00 0.274E-01
      2       4       1     127     127       4       4 0.620E-02 0.928E-02 0.669E-02 0.698E-02 0.466E-02 0.291E-03 0.450E-02 0.281E-03
      2       4       1    2053    2053       4       4 0.233E+01 0.235E+01 0.335E+01 0.338E+01 0.184E+01 0.115E+00 0.184E+01 0.115E+00
      2       4       1     257     257       4       4 0.812E-01 0.840E-01 0.760E-01 0.779E-01 0.232E-01 0.145E-02 0.227E-01 0.142E-02
      2       4       1      31      31       4       4 0.331E-02 0.507E-02 0.122E-02 0.131E-02 0.839E-03 0.525E-04 0.299E-03 0.187E-04
      2       4       1    4099    4099       4       4 0.425E+01 0.427E+01 0.523E+01 0.527E+01 0.973E+01 0.608E+00 0.963E+01 0.602E+00
      2       4       1     509     509       4       4 0.215E+00 0.218E+00 0.225E+00 0.229E+00 0.112E+00 0.697E-02 0.111E+00 0.695E-02
      2       4       1      67      67       4       4 0.366E-02 0.536E-02 0.223E-02 0.236E-02 0.922E-03 0.576E-04 0.866E-03 0.542E-04
      2       4       2    1021    1021       4       4 0.763E+00 0.799E+00 0.101E+01 0.103E+01 0.520E+00 0.325E-01 0.432E+00 0.270E-01
      2       4       2     127     127       4       4 0.996E-02 0.117E-01 0.121E-01 0.128E-01 0.492E-02 0.308E-03 0.446E-02 0.279E-03
      2       4       2    2053    2053       4       4 0.274E+01 0.275E+01 0.402E+01 0.403E+01 0.217E+01 0.136E+00 0.230E+01 0.144E+00
      2       4       2     257     257       4       4 0.104E+00 0.107E+00 0.107E+00 0.110E+00 0.169E-01 0.106E-02 0.163E-01 0.102E-02
      2       4       2      31      31       4       4 0.506E-02 0.698E-02 0.212E-02 0.221E-02 0.112E-02 0.699E-04 0.999E-03 0.625E-04
      2       4       2    4099    4099       4       4 0.617E+01 0.624E+01 0.743E+01 0.748E+01 0.923E+01 0.577E+00 0.914E+01 0.571E+00
      2       4       2     509     509       4       4 0.275E+00 0.279E+00 0.273E+00 0.282E+00 0.989E-01 0.618E-02 0.974E-01 0.609E-02
      2       4       2      67      67       4       4 0.685E-02 0.820E-02 0.485E-02 0.543E-02 0.162E-02 0.101E-03 0.146E-02 0.910E-04
      2       4       4    1021    1021       4       4 0.827E+00 0.838E+00 0.993E+00 0.100E+01 0.606E+00 0.379E-01 0.567E+00 0.354E-01
      2       4       4     127     127       4       4 0.852E-02 0.107E-01 0.865E-02 0.102E-01 0.900E-02 0.562E-03 0.615E-02 0.385E-03
      2       4       4    2053    2053       4       4 0.304E+01 0.307E+01 0.386E+01 0.392E+01 0.177E+01 0.111E+00 0.181E+01 0.113E+00
      2       4       4     257     257       4       4 0.149E+00 0.156E+00 0.155E+00 0.158E+00 0.199E-01 0.125E-02 0.183E-01 0.114E-02
      2       4       4      31      31       4       4 0.485E-02 0.700E-02 0.233E-02 0.251E-02 0.415E-02 0.259E-03 0.187E-02 0.117E-03
      2       4       4    4099    4099       4       4 0.618E+01 0.628E+01 0.668E+01 0.711E+01 0.653E+01 0.408E+00 0.614E+01 0.384E+00
      2       4       4     509     509       4       4 0.329E+00 0.335E+00 0.346E+00 0.349E+00 0.803E-01 0.502E-02 0.801E-01 0.500E-02
      2       4       4      67      67       4       4 0.744E-02 0.917E-02 0.502E-02 0.514E-02 0.818E-02 0.511E-03 0.287E-02 0.180E-03
      2       8       1    1021    1021       4       4 0.433E+00 0.440E+00 0.474E+00 0.476E+00 0.233E+00 0.146E-01 0.234E+00 0.146E-01
      2       8       1     127     127       4       4 0.453E-02 0.619E-02 0.404E-02 0.411E-02 0.260E-02 0.162E-03 0.253E-02 0.158E-03
      2       8       1    2053    2053       4       4 0.177E+01 0.178E+01 0.228E+01 0.229E+01 0.994E+00 0.621E-01 0.985E+00 0.616E-01
      2       8       1     257     257       4       4 0.773E-01 0.815E-01 0.680E-01 0.689E-01 0.139E-01 0.868E-03 0.131E-01 0.819E-03
      2       8       1      31      31       4       4 0.317E-02 0.483E-02 0.126E-02 0.140E-02 0.406E-03 0.254E-04 0.319E-03 0.200E-04
      2       8       1    4099    4099       4       4 0.293E+01 0.294E+01 0.344E+01 0.344E+01 0.543E+01 0.340E+00 0.537E+01 0.335E+00
      2       8       1     509     509       4       4 0.203E+00 0.210E+00 0.205E+00 0.221E+00 0.604E-01 0.377E-02 0.594E-01 0.371E-02
      2       8       1      67      67       4       4 0.353E-02 0.536E-02 0.160E-02 0.163E-02 0.706E-03 0.441E-04 0.594E-03 0.371E-04
      2       8       2    1021    1021       4       4 0.524E+00 0.526E+00 0.603E+00 0.611E+00 0.275E+00 0.172E-01 0.269E+00 0.168E-01
      2       8       2     127     127       4       4 0.128E-01 0.282E-01 0.116E-01 0.247E-01 0.496E-02 0.310E-03 0.423E-02 0.264E-03
      2       8       2    2053    2053       4       4 0.249E+01 0.252E+01 0.322E+01 0.324E+01 0.118E+01 0.739E-01 0.132E+01 0.828E-01
      2       8       2     257     257       4       4 0.892E-01 0.915E-01 0.800E-01 0.805E-01 0.117E-01 0.734E-03 0.112E-01 0.699E-03
      2       8       2      31      31       4       4 0.579E-02 0.695E-02 0.242E-02 0.252E-02 0.210E-02 0.132E-03 0.200E-02 0.125E-03
      2       8       2    4099    4099       4       4 0.410E+01 0.412E+01 0.469E+01 0.504E+01 0.475E+01 0.297E+00 0.494E+01 0.309E+00
      2       8       2     509     509       4       4 0.235E+00 0.236E+00 0.222E+00 0.225E+00 0.548E-01 0.343E-02 0.529E-01 0.330E-02
      2       8       2      67      67       4       4 0.770E-02 0.910E-02 0.477E-02 0.519E-02 0.233E-02 0.145E-03 0.219E-02 0.137E-03
      3       1       1    1021    1021       4       4 0.102E-02 0.355E-02 0.000E+00 0.000E+00 0.677E+00 0.423E-01 0.134E+01 0.838E-01
      3       1       1     127     127       4       4 0.900E-03 0.352E-02 0.000E+00 0.000E+00 0.660E-02 0.412E-03 0.129E-01 0.805E-03
      3       1       1    2053    2053       4       4 0.123E-02 0.345E-02 0.238E-06 0.954E-06 0.485E+01 0.303E+00 0.985E+01 0.616E+00
      3       1       1     257     257       4       4 0.804E-03 0.308E-02 0.238E-06 0.954E-06 0.404E-01 0.253E-02 0.807E-01 0.504E-02
      3       1       1      31      31       4       4 0.804E-03 0.318E-02 0.000E+00 0.000E+00 0.402E-03 0.251E-04 0.704E-03 0.440E-04
      3       1       1    4099    4099       4       4 0.214E-02 0.458E-02 0.000E+00 0.000E+00 0.426E+02 0.266E+01 0.857E+02 0.535E+01
      3       1       1     509     509       4       4 0.102E-02 0.382E-02 0.000E+00 0.000E+00 0.138E+00 0.865E-02 0.277E+00 0.173E-01
      3       1       1      67      67       4       4 0.841E-03 0.332E-02 0.000E+00 0.000E+00 0.327E-02 0.204E-03 0.649E-02 0.406E-03
      3       1      12    1021    1021       4       4 0.536E-02 0.208E-01 0.000E+00 0.000E+00 0.249E+00 0.156E-01 0.466E+00 0.291E-01
      3       1      12     127     127       4       4 0.711E-02 0.283E-01 0.298E-06 0.119E-05 0.344E-02 0.215E-03 0.634E-02 0.396E-03
      3       1      12    2053    2053       4       4 0.107E-02 0.261E-02 0.000E+00 0.000E+00 0.120E+01 0.752E-01 0.241E+01 0.151E+00
      3       1      12     257     257       4       4 0.197E-02 0.765E-02 0.238E-06 0.954E-06 0.150E-01 0.939E-03 0.291E-01 0.182E-02
      3       1      12      31      31       4       4 0.424E-02 0.169E-01 0.000E+00 0.000E+00 0.600E-03 0.375E-04 0.948E-03 0.593E-04
      3       1      12    4099    4099       4       4 0.207E-02 0.379E-02 0.000E+00 0.000E+00 0.821E+01 0.513E+00 0.165E+02 0.103E+01
      3       1      12     509     509       4       4 0.276E-02 0.107E-01 0.000E+00 0.000E+00 0.547E-01 0.342E-02 0.107E+00 0.668E-02
      3       1      12      67      67       4       4 0.415E-02 0.166E-01 0.238E-06 0.954E-06 0.139E-02 0.866E-04 0.257E-02 0.161E-03
      3       1      16    1021    1021       4       4 0.973E-03 0.325E-02 0.000E+00 0.000E+00 0.223E+00 0.139E-01 0.424E+00 0.265E-01
      3       1      16     127     127       4       4 0.397E-02 0.158E-01 0.000E+00 0.000E+00 0.379E-02 0.237E-03 0.692E-02 0.432E-03
      3       1      16    2053    2053       4       4 0.103E-02 0.241E-02 0.000E+00 0.000E+00 0.113E+01 0.706E-01 0.226E+01 0.141E+00
      3       1      16     257     257       4       4 0.381E-02 0.150E-01 0.000E+00 0.000E+00 0.151E-01 0.946E-03 0.288E-01 0.180E-02
      3       1      16      31      31       4       4 0.440E-02 0.176E-01 0.298E-06 0.119E-05 0.624E-03 0.390E-04 0.103E-02 0.645E-04
      3       1      16    4099    4099       4       4 0.223E-02 0.445E-02 0.000E+00 0.000E+00 0.713E+01 0.446E+00 0.143E+02 0.892E+00
      3       1      16     509     509       4       4 0.335E-02 0.130E-01 0.000E+00 0.000E+00 0.582E-01 0.364E-02 0.114E+00 0.712E-02
      3       1      16      67      67       4       4 0.387E-02 0.154E-01 0.238E-06 0.954E-06 0.279E-02 0.174E-03 0.410E-02 0.256E-03
      3       1       2    1021    1021       4       4 0.195E-02 0.725E-02 0.000E+00 0.000E+00 0.460E+00 0.288E-01 0.899E+00 0.562E-01
      3       1       2     127     127       4       4 0.312E-02 0.124E-01 0.238E-06 0.954E-06 0.445E-02 0.278E-03 0.848E-02 0.530E-03
      3       1       2    2053    2053       4       4 0.126E-02 0.354E-02 0.477E-06 0.954E-06 0.285E+01 0.178E+00 0.576E+01 0.360E+00
      3       1       2     257     257       4       4 0.792E-03 0.301E-02 0.000E+00 0.000E+00 0.278E-01 0.174E-02 0.559E-01 0.349E-02
      3       1       2      31      31       4       4 0.721E-03 0.284E-02 0.238E-06 0.954E-06 0.428E-03 0.268E-04 0.710E-03 0.444E-04
      3       1       2    4099    4099       4       4 0.209E-02 0.450E-02 0.000E+00 0.000E+00 0.240E+02 0.150E+01 0.482E+02 0.301E+01
      3       1       2     509     509       4       4 0.174E-02 0.667E-02 0.238E-06 0.954E-06 0.901E-01 0.563E-02 0.179E+00 0.112E-01
      3       1       2      67      67       4       4 0.667E-03 0.262E-02 0.000E+00 0.000E+00 0.213E-02 0.133E-03 0.407E-02 0.255E-03
      3       1      24    1021    1021       4       4 0.160E-02 0.575E-02 0.000E+00 0.000E+00 0.243E+00 0.152E-01 0.456E+00 0.285E-01
      3       1      24     127     127       4       4 0.357E-02 0.141E-01 0.000E+00 0.000E+00 0.477E-02 0.298E-03 0.855E-02 0.534E-03
      3       1      24    2053    2053       4       4 0.123E-02 0.268E-02 0.238E-06 0.954E-06 0.132E+01 0.824E-01 0.263E+01 0.165E+00
      3       1      24     257     257       4       4 0.634E-02 0.251E-01 0.536E-06 0.119E-05 0.162E-01 0.101E-02 0.309E-01 0.193E-02
      3       1      24      31      31       4       4 0.390E-02 0.155E-01 0.000E+00 0.000E+00 0.767E-03 0.480E-04 0.123E-02 0.771E-04
      3       1      24    4099    4099       4       4 0.198E-02 0.328E-02 0.000E+00 0.000E+00 0.648E+01 0.405E+00 0.130E+02 0.810E+00
      3       1      24     509     509       4       4 0.120E-02 0.440E-02 0.238E-06 0.954E-06 0.527E-01 0.329E-02 0.102E+00 0.640E-02
      3       1      24      67      67       4       4 0.617E-02 0.246E-01 0.000E+00 0.000E+00 0.217E-02 0.136E-03 0.384E-02 0.240E-03
      3       1       4    1021    1021       4       4 0.351E-02 0.134E-01 0.238E-06 0.954E-06 0.332E+00 0.207E-01 0.635E+00 0.397E-01
      3       1       4     127     127       4       4 0.486E-02 0.194E-01 0.000E+00 0.000E+00 0.387E-02 0.242E-03 0.730E-02 0.456E-03
      3       1       4    2053    2053       4       4 0.120E-02 0.327E-02 0.000E+00 0.000E+00 0.183E+01 0.115E+00 0.370E+01 0.231E+00
      3       1       4     257     257       4       4 0.362E-02 0.143E-01 0.000E+00 0.000E+00 0.206E-01 0.129E-02 0.400E-01 0.250E-02
      3       1       4      31      31       4       4 0.523E-02 0.209E-01 0.000E+00 0.000E+00 0.422E-03 0.264E-04 0.715E-03 0.447E-04
      3       1       4    4099    4099       4       4 0.208E-02 0.428E-02 0.000E+00 0.000E+00 0.144E+02 0.899E+00 0.289E+02 0.181E+01
      3       1       4     509     509       4       4 0.122E-02 0.456E-02 0.000E+00 0.000E+00 0.701E-01 0.438E-02 0.139E+00 0.869E-02
      3       1       4      67      67       4       4 0.514E-02 0.205E-01 0.238E-06 0.954E-06 0.167E-02 0.105E-03 0.315E-02 0.197E-03
      3       1       8    1021    1021       4       4 0.124E-02 0.433E-02 0.238E-06 0.954E-06 0.263E+00 0.165E-01 0.513E+00 0.321E-01
      3       1       8     127     127       4       4 0.414E-02 0.164E-01 0.000E+00 0.000E+00 0.833E-02 0.520E-03 0.108E-01 0.675E-03
      3       1       8    2053    2053       4       4 0.114E-02 0.297E-02 0.000E+00 0.000E+00 0.139E+01 0.866E-01 0.278E+01 0.174E+00
      3       1       8     257     257       4       4 0.630E-02 0.250E-01 0.238E-06 0.954E-06 0.192E-01 0.120E-02 0.376E-01 0.235E-02
      3       1       8      31      31       4       4 0.357E-02 0.143E-01 0.000E+00 0.000E+00 0.100E-01 0.627E-03 0.104E-01 0.647E-03
      3       1       8    4099    4099       4       4 0.214E-02 0.416E-02 0.238E-06 0.954E-06 0.975E+01 0.609E+00 0.196E+02 0.122E+01
      3       1       8     509     509       4       4 0.239E-02 0.923E-02 0.000E+00 0.000E+00 0.554E-01 0.346E-02 0.108E+00 0.678E-02
      3       1       8      67      67       4       4 0.419E-02 0.167E-01 0.000E+00 0.000E+00 0.135E-02 0.843E-04 0.250E-02 0.156E-03
      3      16       1    1021    1021       4       4 0.173E-01 0.683E-01 0.125E-05 0.191E-05 0.912E-01 0.570E-02 0.180E+00 0.112E-01
      3      16       1     127     127       4       4 0.205E-01 0.819E-01 0.775E-06 0.119E-05 0.304E-02 0.190E-03 0.494E-02 0.309E-03
      3      16       1    2053    2053       4       4 0.252E-01 0.992E-01 0.173E-05 0.215E-05 0.440E+00 0.275E-01 0.873E+00 0.546E-01
      3      16       1     257     257       4       4 0.325E-01 0.130E+00 0.131E-05 0.215E-05 0.820E-02 0.513E-03 0.153E-01 0.957E-03
      3      16       1      31      31       4       4 0.133E-01 0.532E-01 0.834E-06 0.119E-05 0.176E-02 0.110E-03 0.257E-02 0.160E-03
      3      16       1    4099    4099       4       4 0.226E-01 0.860E-01 0.179E-05 0.215E-05 0.264E+01 0.165E+00 0.530E+01 0.331E+00
      3      16       1     509     509       4       4 0.249E-01 0.992E-01 0.119E-05 0.191E-05 0.297E-01 0.186E-02 0.579E-01 0.362E-02
      3      16       1      67      67       4       4 0.127E-01 0.507E-01 0.179E-05 0.620E-05 0.219E-02 0.137E-03 0.330E-02 0.206E-03
      3       2       1    1021    1021       4       4 0.484E-02 0.188E-01 0.477E-06 0.954E-06 0.408E+00 0.255E-01 0.807E+00 0.504E-01
      3       2       1     127     127       4       4 0.628E-02 0.250E-01 0.477E-06 0.954E-06 0.460E-02 0.287E-03 0.864E-02 0.540E-03
      3       2       1    2053    2053       4       4 0.868E-02 0.336E-01 0.260E-02 0.104E-01 0.238E+01 0.149E+00 0.482E+01 0.301E+00
      3       2       1     257     257       4       4 0.560E-02 0.222E-01 0.477E-06 0.954E-06 0.256E-01 0.160E-02 0.525E-01 0.328E-02
      3       2       1      31      31       4       4 0.371E-02 0.148E-01 0.775E-06 0.119E-05 0.373E-03 0.233E-04 0.648E-03 0.405E-04
      3       2       1    4099    4099       4       4 0.596E-02 0.197E-01 0.477E-06 0.191E-05 0.169E+02 0.106E+01 0.339E+02 0.212E+01
      3       2       1     509     509       4       4 0.459E-02 0.180E-01 0.477E-06 0.954E-06 0.994E-01 0.621E-02 0.194E+00 0.121E-01
      3       2       1      67      67       4       4 0.394E-02 0.157E-01 0.301E-02 0.120E-01 0.204E-02 0.128E-03 0.396E-02 0.247E-03
      3       2      12    1021    1021       4       4 0.436E-02 0.168E-01 0.775E-06 0.119E-05 0.186E+00 0.116E-01 0.357E+00 0.223E-01
      3       2      12     127     127       4       4 0.640E-02 0.255E-01 0.101E-05 0.119E-05 0.301E-02 0.188E-03 0.544E-02 0.340E-03
      3       2      12    2053    2053       4       4 0.434E-02 0.158E-01 0.477E-06 0.954E-06 0.105E+01 0.653E-01 0.209E+01 0.131E+00
      3       2      12     257     257       4       4 0.636E-02 0.252E-01 0.477E-06 0.954E-06 0.121E-01 0.757E-03 0.231E-01 0.144E-02
      3       2      12      31      31       4       4 0.611E-02 0.244E-01 0.536E-06 0.119E-05 0.554E-03 0.346E-04 0.970E-03 0.606E-04
      3       2      12    4099    4099       4       4 0.572E-02 0.183E-01 0.477E-06 0.954E-06 0.444E+01 0.277E+00 0.881E+01 0.551E+00
      3       2      12     509     509       4       4 0.796E-02 0.314E-01 0.715E-06 0.954E-06 0.552E-01 0.345E-02 0.109E+00 0.679E-02
      3       2      12      67      67       4       4 0.807E-02 0.322E-01 0.238E-06 0.954E-06 0.133E-02 0.828E-04 0.238E-02 0.149E-03
      3       2       2    1021    1021       4       4 0.457E-02 0.177E-01 0.715E-06 0.954E-06 0.299E+00 0.187E-01 0.592E+00 0.370E-01
      3       2       2     127     127       4       4 0.781E-02 0.311E-01 0.715E-06 0.954E-06 0.384E-02 0.240E-03 0.688E-02 0.430E-03
      3       2       2    2053    2053       4       4 0.495E-02 0.187E-01 0.834E-06 0.119E-05 0.155E+01 0.970E-01 0.313E+01 0.196E+00
      3       2       2     257     257       4       4 0.697E-02 0.277E-01 0.477E-06 0.954E-06 0.188E-01 0.117E-02 0.376E-01 0.235E-02
      3       2       2      31      31       4       4 0.900E-02 0.359E-01 0.477E-06 0.954E-06 0.866E-03 0.541E-04 0.148E-02 0.925E-04
      3       2       2    4099    4099       4       4 0.531E-02 0.172E-01 0.715E-06 0.954E-06 0.995E+01 0.622E+00 0.200E+02 0.125E+01
      3       2       2     509     509       4       4 0.538E-02 0.212E-01 0.715E-06 0.954E-06 0.715E-01 0.447E-02 0.143E+00 0.891E-02
      3       2       2      67      67       4       4 0.120E-01 0.478E-01 0.477E-06 0.954E-06 0.192E-02 0.120E-03 0.368E-02 0.230E-03
      3       2       4    1021    1021       4       4 0.671E-02 0.262E-01 0.298E-06 0.119E-05 0.224E+00 0.140E-01 0.435E+00 0.272E-01
      3       2       4     127     127       4       4 0.726E-02 0.289E-01 0.226E-05 0.691E-05 0.372E-02 0.232E-03 0.671E-02 0.419E-03
      3       2       4    2053    2053       4       4 0.478E-02 0.176E-01 0.477E-06 0.954E-06 0.116E+01 0.722E-01 0.232E+01 0.145E+00
      3       2       4     257     257       4       4 0.669E-02 0.266E-01 0.775E-06 0.119E-05 0.134E-01 0.839E-03 0.263E-01 0.164E-02
      3       2       4      31      31       4       4 0.743E-02 0.297E-01 0.238E-06 0.954E-06 0.643E-03 0.402E-04 0.111E-02 0.693E-04
      3       2       4    4099    4099       4       4 0.463E-02 0.142E-01 0.715E-06 0.954E-06 0.636E+01 0.398E+00 0.128E+02 0.799E+00
      3       2       4     509     509       4       4 0.765E-02 0.302E-01 0.477E-06 0.954E-06 0.511E-01 0.319E-02 0.100E+00 0.627E-02
      3       2       4      67      67       4       4 0.881E-02 0.352E-01 0.477E-06 0.954E-06 0.184E-02 0.115E-03 0.355E-02 0.222E-03
      3       2       8    1021    1021       4       4 0.445E-02 0.171E-01 0.238E-06 0.954E-06 0.177E+00 0.111E-01 0.343E+00 0.214E-01
      3       2       8     127     127       4       4 0.945E-02 0.377E-01 0.715E-06 0.954E-06 0.265E-02 0.166E-03 0.491E-02 0.307E-03
      3       2       8    2053    2053       4       4 0.300E-02 0.108E-01 0.000E+00 0.000E+00 0.888E+00 0.555E-01 0.178E+01 0.111E+00
      3       2       8     257     257       4       4 0.714E-02 0.284E-01 0.954E-06 0.191E-05 0.142E-01 0.890E-03 0.279E-01 0.174E-02
      3       2       8      31      31       4       4 0.735E-02 0.293E-01 0.715E-06 0.954E-06 0.777E-03 0.486E-04 0.141E-02 0.884E-04
      3       2       8    4099    4099       4       4 0.575E-02 0.184E-01 0.298E-06 0.119E-05 0.447E+01 0.279E+00 0.895E+01 0.559E+00
      3       2       8     509     509       4       4 0.449E-02 0.176E-01 0.238E-06 0.954E-06 0.415E-01 0.259E-02 0.803E-01 0.502E-02
      3       2       8      67      67       4       4 0.103E-01 0.410E-01 0.536E-06 0.119E-05 0.152E-02 0.951E-04 0.281E-02 0.176E-03
      3       4       1    1021    1021       4       4 0.852E-02 0.335E-01 0.101E-05 0.119E-05 0.243E+00 0.152E-01 0.478E+00 0.299E-01
      3       4       1     127     127       4       4 0.987E-02 0.394E-01 0.101E-05 0.119E-05 0.410E-02 0.256E-03 0.812E-02 0.507E-03
      3       4       1    2053    2053       4       4 0.145E-01 0.567E-01 0.125E-05 0.215E-05 0.134E+01 0.837E-01 0.272E+01 0.170E+00
      3       4       1     257     257       4       4 0.124E-01 0.496E-01 0.226E-05 0.596E-05 0.166E-01 0.104E-02 0.333E-01 0.208E-02
      3       4       1      31      31       4       4 0.107E-01 0.427E-01 0.201E-02 0.802E-02 0.516E-03 0.322E-04 0.904E-03 0.565E-04
      3       4       1    4099    4099       4       4 0.121E-01 0.442E-01 0.954E-06 0.954E-06 0.882E+01 0.551E+00 0.177E+02 0.111E+01
      3       4       1     509     509       4       4 0.100E-01 0.397E-01 0.715E-06 0.954E-06 0.582E-01 0.364E-02 0.117E+00 0.730E-02
      3       4       1      67      67       4       4 0.100E-01 0.401E-01 0.400E-02 0.160E-01 0.149E-02 0.934E-04 0.288E-02 0.180E-03
      3       4       2    1021    1021       4       4 0.825E-02 0.323E-01 0.536E-06 0.119E-05 0.173E+00 0.108E-01 0.342E+00 0.214E-01
      3       4       2     127     127       4       4 0.159E-01 0.634E-01 0.536E-06 0.119E-05 0.333E-02 0.208E-03 0.635E-02 0.397E-03
      3       4       2    2053    2053       4       4 0.904E-02 0.349E-01 0.400E-02 0.160E-01 0.974E+00 0.609E-01 0.193E+01 0.121E+00
      3       4       2     257     257       4       4 0.123E-01 0.490E-01 0.400E-02 0.160E-01 0.422E-01 0.264E-02 0.557E-01 0.348E-02
      3       4       2      31      31       4       4 0.176E-01 0.704E-01 0.477E-06 0.954E-06 0.592E-03 0.370E-04 0.103E-02 0.644E-04
      3       4       2    4099    4099       4       4 0.139E-01 0.513E-01 0.678E-02 0.271E-01 0.556E+01 0.348E+00 0.112E+02 0.698E+00
      3       4       2     509     509       4       4 0.926E-02 0.367E-01 0.000E+00 0.000E+00 0.385E-01 0.241E-02 0.762E-01 0.476E-02
      3       4       2      67      67       4       4 0.162E-01 0.648E-01 0.834E-06 0.119E-05 0.112E-02 0.700E-04 0.207E-02 0.129E-03
      3       4       4    1021    1021       4       4 0.971E-02 0.382E-01 0.238E-06 0.954E-06 0.132E+00 0.824E-02 0.257E+00 0.161E-01
      3       4       4     127     127       4       4 0.156E-01 0.622E-01 0.238E-06 0.954E-06 0.225E-02 0.141E-03 0.420E-02 0.263E-03
      3       4       4    2053    2053       4       4 0.594E-02 0.225E-01 0.715E-06 0.954E-06 0.678E+00 0.424E-01 0.137E+01 0.855E-01
      3       4       4     257     257       4       4 0.126E-01 0.501E-01 0.153E-02 0.610E-02 0.106E-01 0.660E-03 0.206E-01 0.129E-02
      3       4       4      31      31       4       4 0.186E-01 0.745E-01 0.101E-05 0.119E-05 0.684E-03 0.427E-04 0.120E-02 0.752E-04
      3       4       4    4099    4099       4       4 0.613E-02 0.200E-01 0.101E-05 0.119E-05 0.377E+01 0.236E+00 0.755E+01 0.472E+00
      3       4       4     509     509       4       4 0.135E-01 0.535E-01 0.477E-06 0.954E-06 0.283E-01 0.177E-02 0.558E-01 0.349E-02
      3       4       4      67      67       4       4 0.178E-01 0.712E-01 0.238E-06 0.954E-06 0.108E-02 0.672E-04 0.198E-02 0.123E-03
      3       8       1    1021    1021       4       4 0.853E-02 0.334E-01 0.715E-06 0.954E-06 0.143E+00 0.894E-02 0.290E+00 0.181E-01
      3       8       1     127     127       4       4 0.242E-01 0.967E-01 0.356E-02 0.142E-01 0.324E-02 0.203E-03 0.561E-02 0.351E-03
      3       8       1    2053    2053       4       4 0.208E-01 0.818E-01 0.125E-05 0.191E-05 0.797E+00 0.498E-01 0.161E+01 0.101E+00
      3       8       1     257     257       4       4 0.499E-02 0.197E-01 0.715E-06 0.954E-06 0.110E-01 0.689E-03 0.206E-01 0.129E-02
      3       8       1      31      31       4       4 0.217E-01 0.868E-01 0.954E-06 0.191E-05 0.149E-02 0.930E-04 0.219E-02 0.137E-03
      3       8       1    4099    4099       4       4 0.101E-01 0.366E-01 0.101E-05 0.119E-05 0.469E+01 0.293E+00 0.942E+01 0.589E+00
      3       8       1     509     509       4       4 0.199E-01 0.793E-01 0.101E-05 0.119E-05 0.313E-01 0.196E-02 0.621E-01 0.388E-02
      3       8       1      67      67       4       4 0.193E-01 0.770E-01 0.125E-05 0.191E-05 0.207E-02 0.129E-03 0.328E-02 0.205E-03
      3       8       2    1021    1021       4       4 0.852E-02 0.334E-01 0.119E-05 0.191E-05 0.983E-01 0.615E-02 0.191E+00 0.119E-01
      3       8       2     127     127       4       4 0.198E-01 0.791E-01 0.155E-05 0.215E-05 0.284E-02 0.177E-03 0.492E-02 0.308E-03
      3       8       2    2053    2053       4       4 0.149E-01 0.581E-01 0.119E-05 0.191E-05 0.516E+00 0.322E-01 0.103E+01 0.641E-01
      3       8       2     257     257       4       4 0.206E-01 0.819E-01 0.119E-05 0.191E-05 0.969E-02 0.606E-03 0.181E-01 0.113E-02
      3       8       2      31      31       4       4 0.132E-01 0.528E-01 0.715E-06 0.954E-06 0.141E-02 0.884E-04 0.199E-02 0.124E-03
      3       8       2    4099    4099       4       4 0.111E-01 0.401E-01 0.149E-05 0.215E-05 0.298E+01 0.186E+00 0.597E+01 0.373E+00
      3       8       2     509     509       4       4 0.240E-01 0.956E-01 0.775E-06 0.119E-05 0.223E-01 0.139E-02 0.427E-01 0.267E-02
      3       8       2      67      67       4       4 0.148E-01 0.592E-01 0.477E-06 0.954E-06 0.187E-02 0.117E-03 0.278E-02 0.173E-03
