      2       1       1    1024       4       4 0.629E-01 0.631E-01 0.566E-01 0.567E-01 0.100E-03 0.626E-05 0.103E-03 0.647E-05
      2       1       1   16384       4       4 0.189E+00 0.190E+00 0.187E+00 0.188E+00 0.177E-02 0.111E-03 0.222E-02 0.139E-03
      2       1       1    2048       4       4 0.808E-01 0.814E-01 0.742E-01 0.745E-01 0.193E-03 0.121E-04 0.194E-03 0.121E-04
      2       1       1     256       4       4 0.271E-01 0.275E-01 0.243E-01 0.245E-01 0.241E-04 0.151E-05 0.341E-04 0.213E-05
      2       1       1    4096       4       4 0.104E+00 0.104E+00 0.970E-01 0.973E-01 0.402E-03 0.252E-04 0.485E-03 0.303E-04
      2       1       1     512       4       4 0.464E-01 0.466E-01 0.403E-01 0.407E-01 0.579E-04 0.362E-05 0.806E-04 0.504E-05
      2       1       1    8192       4       4 0.136E+00 0.136E+00 0.131E+00 0.131E+00 0.813E-03 0.508E-04 0.100E-02 0.628E-04
      2       1      12    1024       4       4 0.131E+00 0.134E+00 0.119E+00 0.123E+00 0.541E-03 0.338E-04 0.920E-03 0.575E-04
      2       1      12   16384       4       4 0.299E+00 0.305E+00 0.302E+00 0.322E+00 0.157E-02 0.979E-04 0.199E-02 0.124E-03
      2       1      12    2048       4       4 0.172E+00 0.175E+00 0.163E+00 0.167E+00 0.587E-03 0.367E-04 0.108E-02 0.676E-04
      2       1      12     256       4       4 0.553E-01 0.566E-01 0.510E-01 0.549E-01 0.350E-03 0.219E-04 0.590E-03 0.369E-04
      2       1      12    4096       4       4 0.201E+00 0.204E+00 0.196E+00 0.203E+00 0.904E-03 0.565E-04 0.137E-02 0.855E-04
      2       1      12     512       4       4 0.949E-01 0.972E-01 0.870E-01 0.903E-01 0.534E-03 0.333E-04 0.803E-03 0.502E-04
      2       1      12    8192       4       4 0.243E+00 0.250E+00 0.240E+00 0.255E+00 0.121E-02 0.755E-04 0.160E-02 0.999E-04
      2       1      16    1024       4       4 0.124E+00 0.127E+00 0.119E+00 0.123E+00 0.721E-03 0.451E-04 0.112E-02 0.702E-04
      2       1      16   16384       4       4 0.277E+00 0.290E+00 0.273E+00 0.294E+00 0.937E-02 0.586E-03 0.194E-02 0.121E-03
      2       1      16    2048       4       4 0.158E+00 0.162E+00 0.152E+00 0.161E+00 0.713E-03 0.446E-04 0.110E-02 0.687E-04
      2       1      16     256       4       4 0.472E-01 0.486E-01 0.459E-01 0.464E-01 0.318E-03 0.199E-04 0.685E-03 0.428E-04
      2       1      16    4096       4       4 0.186E+00 0.193E+00 0.177E+00 0.179E+00 0.747E-03 0.467E-04 0.112E-02 0.701E-04
      2       1      16     512       4       4 0.815E-01 0.833E-01 0.780E-01 0.783E-01 0.454E-03 0.284E-04 0.830E-03 0.519E-04
      2       1      16    8192       4       4 0.236E+00 0.242E+00 0.237E+00 0.242E+00 0.131E-02 0.816E-04 0.176E-02 0.110E-03
      2       1       2    1024       4       4 0.881E-01 0.885E-01 0.796E-01 0.797E-01 0.438E-03 0.274E-04 0.656E-03 0.410E-04
      2       1       2   16384       4       4 0.259E+00 0.261E+00 0.259E+00 0.261E+00 0.133E-02 0.828E-04 0.190E-02 0.119E-03
      2       1       2    2048       4       4 0.109E+00 0.109E+00 0.995E-01 0.997E-01 0.266E-03 0.166E-04 0.439E-03 0.274E-04
      2       1       2     256       4       4 0.391E-01 0.398E-01 0.345E-01 0.350E-01 0.236E-03 0.148E-04 0.317E-03 0.198E-04
      2       1       2    4096       4       4 0.138E+00 0.138E+00 0.129E+00 0.129E+00 0.436E-03 0.273E-04 0.623E-03 0.389E-04
      2       1       2     512       4       4 0.628E-01 0.636E-01 0.534E-01 0.536E-01 0.176E-03 0.110E-04 0.255E-03 0.159E-04
      2       1       2    8192       4       4 0.180E+00 0.181E+00 0.173E+00 0.173E+00 0.749E-03 0.468E-04 0.981E-03 0.613E-04
      2       1      24    1024       4       4 0.142E+00 0.147E+00 0.139E+00 0.158E+00 0.765E-03 0.478E-04 0.131E-02 0.820E-04
      2       1      24   16384       4       4 0.341E+00 0.355E+00 0.349E+00 0.367E+00 0.732E-02 0.457E-03 0.248E-02 0.155E-03
      2       1      24    2048       4       4 0.219E+00 0.230E+00 0.206E+00 0.211E+00 0.103E-02 0.647E-04 0.175E-02 0.110E-03
      2       1      24     256       4       4 0.515E-01 0.530E-01 0.476E-01 0.478E-01 0.553E-03 0.346E-04 0.101E-02 0.629E-04
      2       1      24    4096       4       4 0.236E+00 0.245E+00 0.225E+00 0.243E+00 0.101E-02 0.631E-04 0.161E-02 0.101E-03
      2       1      24     512       4       4 0.103E+00 0.118E+00 0.957E-01 0.101E+00 0.726E-03 0.454E-04 0.134E-02 0.837E-04
      2       1      24    8192       4       4 0.316E+00 0.329E+00 0.295E+00 0.308E+00 0.641E-02 0.401E-03 0.252E-02 0.158E-03
      2       1       4    1024       4       4 0.986E-01 0.992E-01 0.885E-01 0.887E-01 0.483E-03 0.302E-04 0.672E-03 0.420E-04
      2       1       4   16384       4       4 0.250E+00 0.251E+00 0.254E+00 0.257E+00 0.156E-02 0.973E-04 0.196E-02 0.123E-03
      2       1       4    2048       4       4 0.117E+00 0.118E+00 0.109E+00 0.110E+00 0.508E-03 0.318E-04 0.863E-03 0.539E-04
      2       1       4     256       4       4 0.452E-01 0.459E-01 0.416E-01 0.429E-01 0.278E-03 0.174E-04 0.385E-03 0.241E-04
      2       1       4    4096       4       4 0.146E+00 0.147E+00 0.140E+00 0.141E+00 0.621E-03 0.388E-04 0.101E-02 0.634E-04
      2       1       4     512       4       4 0.749E-01 0.783E-01 0.672E-01 0.690E-01 0.314E-03 0.196E-04 0.452E-03 0.283E-04
      2       1       4    8192       4       4 0.184E+00 0.184E+00 0.179E+00 0.180E+00 0.103E-02 0.642E-04 0.127E-02 0.791E-04
      2       1       8    1024       4       4 0.109E+00 0.112E+00 0.102E+00 0.107E+00 0.485E-03 0.303E-04 0.672E-03 0.420E-04
      2       1       8   16384       4       4 0.258E+00 0.260E+00 0.269E+00 0.280E+00 0.138E-02 0.859E-04 0.196E-02 0.123E-03
      2       1       8    2048       4       4 0.140E+00 0.142E+00 0.136E+00 0.141E+00 0.611E-03 0.382E-04 0.993E-03 0.621E-04
      2       1       8     256       4       4 0.455E-01 0.468E-01 0.421E-01 0.425E-01 0.297E-03 0.186E-04 0.458E-03 0.286E-04
      2       1       8    4096       4       4 0.163E+00 0.166E+00 0.156E+00 0.160E+00 0.833E-03 0.520E-04 0.113E-02 0.708E-04
      2       1       8     512       4       4 0.786E-01 0.829E-01 0.707E-01 0.724E-01 0.383E-03 0.240E-04 0.628E-03 0.393E-04
      2       1       8    8192       4       4 0.195E+00 0.196E+00 0.191E+00 0.196E+00 0.104E-02 0.653E-04 0.120E-02 0.752E-04
      3       1       1    1024       4       4 0.723E-03 0.287E-02 0.140E-04 0.420E-04 0.551E-04 0.344E-05 0.658E-04 0.411E-05
      3       1       1 1048576       4       4 0.771E-02 0.971E-02 0.656E-02 0.720E-02 0.107E+00 0.670E-02 0.107E+00 0.667E-02
      3       1       1  131072       4       4 0.193E-02 0.438E-02 0.119E-02 0.147E-02 0.103E-01 0.645E-03 0.101E-01 0.629E-03
      3       1       1   16384       4       4 0.839E-03 0.280E-02 0.189E-03 0.215E-03 0.101E-02 0.630E-04 0.999E-03 0.624E-04
      3       1       1    2048       4       4 0.750E-03 0.294E-02 0.185E-04 0.319E-04 0.115E-03 0.720E-05 0.113E-03 0.706E-05
      3       1       1     256       4       4 0.744E-03 0.296E-02 0.304E-05 0.691E-05 0.238E-04 0.149E-05 0.138E-04 0.864E-06
      3       1       1  262144       4       4 0.309E-02 0.497E-02 0.244E-02 0.283E-02 0.227E-01 0.142E-02 0.205E-01 0.128E-02
      3       1       1   32768       4       4 0.109E-02 0.338E-02 0.394E-03 0.449E-03 0.229E-02 0.143E-03 0.212E-02 0.133E-03
      3       1       1    4096       4       4 0.787E-03 0.305E-02 0.370E-04 0.682E-04 0.221E-03 0.138E-04 0.198E-03 0.124E-04
      3       1       1     512       4       4 0.755E-03 0.300E-02 0.417E-05 0.691E-05 0.670E-04 0.419E-05 0.241E-04 0.151E-05
      3       1       1  524288       4       4 0.421E-02 0.619E-02 0.325E-02 0.361E-02 0.506E-01 0.316E-02 0.513E-01 0.321E-02
      3       1       1   65536       4       4 0.154E-02 0.402E-02 0.728E-03 0.834E-03 0.483E-02 0.302E-03 0.464E-02 0.290E-03
      3       1       1    8192       4       4 0.825E-03 0.309E-02 0.107E-03 0.187E-03 0.426E-03 0.266E-04 0.394E-03 0.246E-04
      3       1      12    1024       4       4 0.447E-02 0.179E-01 0.626E-05 0.119E-04 0.618E-04 0.386E-05 0.396E-04 0.247E-05
      3       1      12 1048576       4       4 0.493E-02 0.128E-01 0.243E-02 0.284E-02 0.375E-01 0.234E-02 0.371E-01 0.232E-02
      3       1      12  131072       4       4 0.393E-02 0.147E-01 0.333E-03 0.347E-03 0.479E-02 0.299E-03 0.417E-02 0.260E-03
      3       1      12   16384       4       4 0.464E-02 0.183E-01 0.924E-04 0.106E-03 0.108E-02 0.676E-04 0.946E-03 0.591E-04
      3       1      12    2048       4       4 0.404E-02 0.161E-01 0.193E-04 0.310E-04 0.123E-03 0.767E-05 0.942E-04 0.589E-05
      3       1      12     256       4       4 0.418E-02 0.167E-01 0.322E-05 0.691E-05 0.231E-04 0.145E-05 0.191E-04 0.119E-05
      3       1      12  262144       4       4 0.152E-02 0.422E-02 0.617E-03 0.655E-03 0.970E-02 0.606E-03 0.120E-01 0.751E-03
      3       1      12   32768       4       4 0.431E-02 0.169E-01 0.119E-03 0.124E-03 0.150E-02 0.938E-04 0.157E-02 0.980E-04
      3       1      12    4096       4       4 0.428E-02 0.170E-01 0.365E-04 0.570E-04 0.215E-03 0.134E-04 0.196E-03 0.122E-04
      3       1      12     512       4       4 0.558E-02 0.223E-01 0.644E-05 0.119E-04 0.455E-04 0.285E-05 0.334E-04 0.209E-05
      3       1      12  524288       4       4 0.556E-02 0.186E-01 0.127E-02 0.147E-02 0.178E-01 0.112E-02 0.199E-01 0.124E-02
      3       1      12   65536       4       4 0.415E-02 0.160E-01 0.194E-03 0.209E-03 0.285E-02 0.178E-03 0.248E-02 0.155E-03
      3       1      12    8192       4       4 0.646E-02 0.256E-01 0.103E-03 0.126E-03 0.433E-03 0.271E-04 0.416E-03 0.260E-04
      3       1      16    1024       4       4 0.399E-02 0.159E-01 0.727E-05 0.141E-04 0.491E-04 0.307E-05 0.587E-04 0.367E-05
      3       1      16 1048576       4       4 0.297E-02 0.561E-02 0.209E-02 0.240E-02 0.249E-01 0.155E-02 0.183E-01 0.114E-02
      3       1      16  131072       4       4 0.786E-02 0.304E-01 0.327E-03 0.379E-03 0.412E-02 0.257E-03 0.397E-02 0.248E-03
      3       1      16   16384       4       4 0.432E-02 0.171E-01 0.772E-04 0.820E-04 0.879E-03 0.549E-04 0.507E-03 0.317E-04
      3       1      16    2048       4       4 0.396E-02 0.158E-01 0.192E-04 0.310E-04 0.107E-03 0.669E-05 0.849E-04 0.530E-05
      3       1      16     256       4       4 0.437E-02 0.175E-01 0.334E-05 0.715E-05 0.257E-04 0.161E-05 0.169E-04 0.106E-05
      3       1      16  262144       4       4 0.287E-02 0.969E-02 0.618E-03 0.667E-03 0.702E-02 0.439E-03 0.548E-02 0.342E-03
      3       1      16   32768       4       4 0.417E-02 0.164E-01 0.129E-03 0.175E-03 0.135E-02 0.847E-04 0.108E-02 0.674E-04
      3       1      16    4096       4       4 0.428E-02 0.170E-01 0.400E-04 0.739E-04 0.246E-03 0.153E-04 0.191E-03 0.120E-04
      3       1      16     512       4       4 0.434E-02 0.174E-01 0.435E-05 0.811E-05 0.341E-04 0.213E-05 0.265E-04 0.165E-05
      3       1      16  524288       4       4 0.305E-02 0.932E-02 0.928E-03 0.933E-03 0.137E-01 0.855E-03 0.136E-01 0.848E-03
      3       1      16   65536       4       4 0.419E-02 0.162E-01 0.198E-03 0.216E-03 0.210E-02 0.132E-03 0.149E-02 0.928E-04
      3       1      16    8192       4       4 0.436E-02 0.172E-01 0.101E-03 0.131E-03 0.430E-03 0.269E-04 0.391E-03 0.244E-04
      3       1       2    1024       4       4 0.554E-03 0.220E-02 0.679E-05 0.150E-04 0.465E-04 0.291E-05 0.381E-04 0.238E-05
      3       1       2 1048576       4       4 0.138E-01 0.182E-01 0.122E-01 0.123E-01 0.980E-01 0.613E-02 0.977E-01 0.611E-02
      3       1       2  131072       4       4 0.226E-02 0.467E-02 0.160E-02 0.176E-02 0.122E-01 0.762E-03 0.142E-01 0.889E-03
      3       1       2   16384       4       4 0.858E-03 0.284E-02 0.262E-03 0.309E-03 0.167E-02 0.104E-03 0.149E-02 0.934E-04
      3       1       2    2048       4       4 0.308E-02 0.122E-01 0.240E-04 0.391E-04 0.119E-03 0.747E-05 0.794E-04 0.496E-05
      3       1       2     256       4       4 0.317E-02 0.127E-01 0.745E-05 0.241E-04 0.262E-04 0.164E-05 0.353E-04 0.221E-05
      3       1       2  262144       4       4 0.401E-02 0.684E-02 0.308E-02 0.315E-02 0.223E-01 0.139E-02 0.228E-01 0.142E-02
      3       1       2   32768       4       4 0.269E-02 0.953E-02 0.414E-03 0.491E-03 0.290E-02 0.181E-03 0.275E-02 0.172E-03
      3       1       2    4096       4       4 0.728E-03 0.280E-02 0.432E-04 0.889E-04 0.256E-03 0.160E-04 0.209E-03 0.130E-04
      3       1       2     512       4       4 0.314E-02 0.125E-01 0.900E-05 0.279E-04 0.477E-04 0.298E-05 0.436E-04 0.273E-05
      3       1       2  524288       4       4 0.719E-02 0.108E-01 0.629E-02 0.641E-02 0.625E-01 0.391E-02 0.887E-01 0.554E-02
      3       1       2   65536       4       4 0.231E-02 0.688E-02 0.864E-03 0.929E-03 0.567E-02 0.354E-03 0.542E-02 0.339E-03
      3       1       2    8192       4       4 0.295E-02 0.116E-01 0.954E-04 0.130E-03 0.410E-03 0.256E-04 0.370E-03 0.231E-04
      3       1      24    1024       4       4 0.420E-02 0.168E-01 0.691E-05 0.148E-04 0.522E-04 0.326E-05 0.412E-04 0.258E-05
      3       1      24 1048576       4       4 0.544E-02 0.161E-01 0.176E-02 0.181E-02 0.285E-01 0.178E-02 0.229E-01 0.143E-02
      3       1      24  131072       4       4 0.765E-02 0.296E-01 0.334E-03 0.375E-03 0.368E-02 0.230E-03 0.307E-02 0.192E-03
      3       1      24   16384       4       4 0.404E-02 0.160E-01 0.787E-04 0.116E-03 0.997E-03 0.623E-04 0.847E-03 0.529E-04
      3       1      24    2048       4       4 0.423E-02 0.169E-01 0.225E-04 0.451E-04 0.109E-03 0.681E-05 0.901E-04 0.563E-05
      3       1      24     256       4       4 0.405E-02 0.162E-01 0.328E-05 0.715E-05 0.281E-04 0.176E-05 0.200E-04 0.125E-05
      3       1      24  262144       4       4 0.340E-02 0.120E-01 0.534E-03 0.551E-03 0.801E-02 0.501E-03 0.539E-02 0.337E-03
      3       1      24   32768       4       4 0.419E-02 0.165E-01 0.169E-03 0.204E-03 0.138E-02 0.862E-04 0.123E-02 0.771E-04
      3       1      24    4096       4       4 0.325E-02 0.129E-01 0.402E-04 0.730E-04 0.217E-03 0.136E-04 0.201E-03 0.126E-04
      3       1      24     512       4       4 0.402E-02 0.161E-01 0.477E-05 0.110E-04 0.355E-04 0.222E-05 0.281E-04 0.176E-05
      3       1      24  524288       4       4 0.257E-02 0.750E-02 0.987E-03 0.103E-02 0.144E-01 0.897E-03 0.129E-01 0.806E-03
      3       1      24   65536       4       4 0.403E-02 0.156E-01 0.215E-03 0.268E-03 0.213E-02 0.133E-03 0.208E-02 0.130E-03
      3       1      24    8192       4       4 0.421E-02 0.166E-01 0.105E-03 0.120E-03 0.473E-03 0.296E-04 0.428E-03 0.267E-04
      3       1       4    1024       4       4 0.460E-02 0.184E-01 0.578E-05 0.122E-04 0.467E-04 0.292E-05 0.319E-04 0.200E-05
      3       1       4 1048576       4       4 0.704E-02 0.901E-02 0.640E-02 0.651E-02 0.570E-01 0.356E-02 0.516E-01 0.322E-02
      3       1       4  131072       4       4 0.628E-02 0.225E-01 0.848E-03 0.995E-03 0.912E-02 0.570E-03 0.125E-01 0.781E-03
      3       1       4   16384       4       4 0.372E-02 0.145E-01 0.180E-03 0.224E-03 0.121E-02 0.756E-04 0.103E-02 0.645E-04
      3       1       4    2048       4       4 0.459E-02 0.183E-01 0.224E-04 0.489E-04 0.103E-03 0.642E-05 0.753E-04 0.471E-05
      3       1       4     256       4       4 0.437E-02 0.175E-01 0.274E-05 0.596E-05 0.234E-04 0.146E-05 0.148E-04 0.924E-06
      3       1       4  262144       4       4 0.405E-02 0.115E-01 0.155E-02 0.173E-02 0.138E-01 0.860E-03 0.130E-01 0.810E-03
      3       1       4   32768       4       4 0.357E-02 0.136E-01 0.250E-03 0.292E-03 0.290E-02 0.182E-03 0.325E-02 0.203E-03
      3       1       4    4096       4       4 0.457E-02 0.182E-01 0.336E-04 0.572E-04 0.193E-03 0.121E-04 0.171E-03 0.107E-04
      3       1       4     512       4       4 0.727E-02 0.291E-01 0.501E-05 0.110E-04 0.312E-04 0.195E-05 0.238E-04 0.149E-05
      3       1       4  524288       4       4 0.627E-02 0.153E-01 0.343E-02 0.397E-02 0.367E-01 0.229E-02 0.477E-01 0.298E-02
      3       1       4   65536       4       4 0.271E-02 0.958E-02 0.430E-03 0.463E-03 0.370E-02 0.231E-03 0.334E-02 0.209E-03
      3       1       4    8192       4       4 0.822E-02 0.326E-01 0.954E-04 0.105E-03 0.412E-03 0.258E-04 0.386E-03 0.241E-04
      3       1       8    1024       4       4 0.638E-02 0.255E-01 0.626E-05 0.119E-04 0.591E-04 0.370E-05 0.420E-04 0.262E-05
      3       1       8 1048576       4       4 0.756E-02 0.201E-01 0.332E-02 0.336E-02 0.355E-01 0.222E-02 0.287E-01 0.180E-02
      3       1       8  131072       4       4 0.495E-02 0.185E-01 0.481E-03 0.592E-03 0.571E-02 0.357E-03 0.673E-02 0.421E-03
      3       1       8   16384       4       4 0.441E-02 0.174E-01 0.945E-04 0.112E-03 0.878E-03 0.549E-04 0.609E-03 0.381E-04
      3       1       8    2048       4       4 0.242E-02 0.961E-02 0.219E-04 0.319E-04 0.101E-03 0.632E-05 0.823E-04 0.514E-05
      3       1       8     256       4       4 0.641E-02 0.256E-01 0.268E-05 0.596E-05 0.265E-04 0.165E-05 0.143E-04 0.894E-06
      3       1       8  262144       4       4 0.521E-02 0.181E-01 0.922E-03 0.107E-02 0.897E-02 0.561E-03 0.760E-02 0.475E-03
      3       1       8   32768       4       4 0.534E-02 0.209E-01 0.167E-03 0.180E-03 0.229E-02 0.143E-03 0.217E-02 0.136E-03
      3       1       8    4096       4       4 0.656E-02 0.261E-01 0.338E-04 0.539E-04 0.195E-03 0.122E-04 0.178E-03 0.111E-04
      3       1       8     512       4       4 0.719E-02 0.288E-01 0.393E-05 0.787E-05 0.341E-04 0.213E-05 0.243E-04 0.152E-05
      3       1       8  524288       4       4 0.479E-02 0.140E-01 0.172E-02 0.178E-02 0.189E-01 0.118E-02 0.241E-01 0.151E-02
      3       1       8   65536       4       4 0.965E-02 0.376E-01 0.308E-03 0.352E-03 0.301E-02 0.188E-03 0.237E-02 0.148E-03
      3       1       8    8192       4       4 0.448E-02 0.176E-01 0.134E-03 0.170E-03 0.554E-03 0.346E-04 0.492E-03 0.307E-04
