      2       1       1    1021       4       4 0.187E+00 0.188E+00 0.108E-03 0.113E-03 0.390E-03 0.244E-04 0.372E-03 0.233E-04
      2       1       1   16381       4       4 0.156E+01 0.156E+01 0.126E-02 0.136E-02 0.139E-01 0.871E-03 0.135E-01 0.846E-03
      2       1       1    2053       4       4 0.952E+00 0.954E+00 0.227E-03 0.247E-03 0.110E-02 0.685E-04 0.102E-02 0.637E-04
      2       1       1     257       4       4 0.217E+00 0.217E+00 0.674E-01 0.678E-01 0.103E-03 0.645E-05 0.994E-04 0.621E-05
      2       1       1    4099       4       4 0.168E+01 0.169E+01 0.388E-03 0.413E-03 0.245E-02 0.153E-03 0.233E-02 0.146E-03
      2       1       1     509       4       4 0.134E+00 0.135E+00 0.818E-04 0.832E-04 0.175E-03 0.109E-04 0.165E-03 0.103E-04
      2       1       1    8191       4       4 0.880E+00 0.890E+00 0.537E-03 0.566E-03 0.499E-02 0.312E-03 0.482E-02 0.301E-03
      2       1      12    1021       4       4 0.436E+00 0.468E+00 0.172E-03 0.184E-03 0.121E-02 0.756E-04 0.111E-02 0.694E-04
      2       1      12   16381       4       4 0.153E+01 0.160E+01 0.174E-02 0.187E-02 0.126E-01 0.787E-03 0.105E-01 0.659E-03
      2       1      12    2053       4       4 0.169E+01 0.177E+01 0.513E-03 0.532E-03 0.469E-02 0.293E-03 0.275E-02 0.172E-03
      2       1      12     257       4       4 0.550E+00 0.578E+00 0.576E+00 0.610E+00 0.266E-02 0.166E-03 0.788E-03 0.492E-04
      2       1      12    4099       4       4 0.263E+01 0.270E+01 0.968E-03 0.108E-02 0.810E-02 0.506E-03 0.431E-02 0.270E-03
      2       1      12     509       4       4 0.339E+00 0.345E+00 0.134E-03 0.149E-03 0.948E-03 0.592E-04 0.924E-03 0.578E-04
      2       1      12    8191       4       4 0.106E+01 0.110E+01 0.106E-02 0.119E-02 0.895E-02 0.559E-03 0.708E-02 0.443E-03
      2       1      16    1021       4       4 0.379E+00 0.388E+00 0.172E-03 0.186E-03 0.124E-02 0.775E-04 0.116E-02 0.727E-04
      2       1      16   16381       4       4 0.147E+01 0.158E+01 0.163E-02 0.167E-02 0.111E-01 0.695E-03 0.113E-01 0.709E-03
      2       1      16    2053       4       4 0.190E+01 0.192E+01 0.681E-03 0.817E-03 0.545E-02 0.340E-03 0.354E-02 0.221E-03
      2       1      16     257       4       4 0.614E+00 0.642E+00 0.649E+00 0.683E+00 0.913E-03 0.571E-04 0.932E-03 0.583E-04
      2       1      16    4099       4       4 0.278E+01 0.289E+01 0.967E-03 0.112E-02 0.143E-01 0.891E-03 0.452E-02 0.282E-03
      2       1      16     509       4       4 0.279E+00 0.285E+00 0.127E-03 0.132E-03 0.841E-03 0.525E-04 0.820E-03 0.512E-04
      2       1      16    8191       4       4 0.110E+01 0.120E+01 0.100E-02 0.119E-02 0.850E-02 0.531E-03 0.652E-02 0.407E-03
      2       1       2    1021       4       4 0.225E+00 0.233E+00 0.143E-03 0.194E-03 0.110E-02 0.691E-04 0.109E-02 0.679E-04
      2       1       2   16381       4       4 0.145E+01 0.147E+01 0.116E-02 0.121E-02 0.897E-02 0.561E-03 0.860E-02 0.537E-03
      2       1       2    2053       4       4 0.100E+01 0.103E+01 0.289E-03 0.297E-03 0.145E-02 0.905E-04 0.135E-02 0.842E-04
      2       1       2     257       4       4 0.261E+00 0.263E+00 0.275E+00 0.276E+00 0.457E-03 0.286E-04 0.454E-03 0.284E-04
      2       1       2    4099       4       4 0.171E+01 0.173E+01 0.447E-03 0.482E-03 0.287E-02 0.179E-03 0.268E-02 0.168E-03
      2       1       2     509       4       4 0.168E+00 0.180E+00 0.885E-04 0.105E-03 0.457E-03 0.286E-04 0.463E-03 0.289E-04
      2       1       2    8191       4       4 0.878E+00 0.883E+00 0.618E-03 0.631E-03 0.484E-02 0.302E-03 0.485E-02 0.303E-03
      2       1      24    1021       4       4 0.552E+00 0.587E+00 0.220E-03 0.284E-03 0.769E-02 0.481E-03 0.219E-02 0.137E-03
      2       1      24   16381       4       4 0.183E+01 0.185E+01 0.209E-02 0.218E-02 0.153E-01 0.957E-03 0.129E-01 0.804E-03
      2       1      24    2053       4       4 0.215E+01 0.232E+01 0.621E-03 0.677E-03 0.946E-02 0.591E-03 0.433E-02 0.271E-03
      2       1      24     257       4       4 0.733E+00 0.770E+00 0.759E+00 0.774E+00 0.904E-02 0.565E-03 0.102E-02 0.637E-04
      2       1      24    4099       4       4 0.344E+01 0.349E+01 0.108E-02 0.126E-02 0.116E-01 0.726E-03 0.625E-02 0.391E-03
      2       1      24     509       4       4 0.389E+00 0.425E+00 0.137E-03 0.143E-03 0.306E-02 0.191E-03 0.112E-02 0.701E-04
      2       1      24    8191       4       4 0.137E+01 0.146E+01 0.136E-02 0.145E-02 0.159E-01 0.995E-03 0.871E-02 0.545E-03
      2       1       4    1021       4       4 0.267E+00 0.277E+00 0.121E-03 0.127E-03 0.834E-03 0.521E-04 0.783E-03 0.489E-04
      2       1       4   16381       4       4 0.141E+01 0.144E+01 0.119E-02 0.128E-02 0.915E-02 0.572E-03 0.926E-02 0.579E-03
      2       1       4    2053       4       4 0.119E+01 0.121E+01 0.406E-03 0.449E-03 0.208E-02 0.130E-03 0.200E-02 0.125E-03
      2       1       4     257       4       4 0.350E+00 0.363E+00 0.382E+00 0.403E+00 0.733E-03 0.458E-04 0.697E-03 0.435E-04
      2       1       4    4099       4       4 0.192E+01 0.193E+01 0.586E-03 0.624E-03 0.323E-02 0.202E-03 0.308E-02 0.192E-03
      2       1       4     509       4       4 0.194E+00 0.196E+00 0.901E-04 0.911E-04 0.439E-03 0.274E-04 0.419E-03 0.262E-04
      2       1       4    8191       4       4 0.871E+00 0.909E+00 0.724E-03 0.760E-03 0.471E-02 0.295E-03 0.458E-02 0.286E-03
      2       1       8    1021       4       4 0.335E+00 0.373E+00 0.148E-03 0.176E-03 0.284E-02 0.177E-03 0.875E-03 0.547E-04
      2       1       8   16381       4       4 0.149E+01 0.158E+01 0.137E-02 0.141E-02 0.981E-02 0.613E-03 0.945E-02 0.591E-03
      2       1       8    2053       4       4 0.141E+01 0.145E+01 0.474E-03 0.536E-03 0.255E-02 0.160E-03 0.238E-02 0.149E-03
      2       1       8     257       4       4 0.464E+00 0.502E+00 0.496E+00 0.531E+00 0.792E-03 0.495E-04 0.807E-03 0.504E-04
      2       1       8    4099       4       4 0.225E+01 0.228E+01 0.703E-03 0.727E-03 0.366E-02 0.229E-03 0.347E-02 0.217E-03
      2       1       8     509       4       4 0.245E+00 0.266E+00 0.112E-03 0.118E-03 0.632E-03 0.395E-04 0.621E-03 0.388E-04
      2       1       8    8191       4       4 0.960E+00 0.100E+01 0.815E-03 0.870E-03 0.458E-02 0.286E-03 0.445E-02 0.278E-03
      2      16       1    1021       4       4 0.197E+00 0.201E+00 0.356E-03 0.403E-03 0.464E-03 0.290E-04 0.441E-03 0.275E-04
      2      16       1   16381       4       4 0.177E+01 0.178E+01 0.187E-02 0.195E-02 0.153E-01 0.955E-03 0.150E-01 0.940E-03
      2      16       1    2053       4       4 0.101E+01 0.101E+01 0.500E-03 0.579E-03 0.127E-02 0.797E-04 0.118E-02 0.735E-04
      2      16       1     257       4       4 0.226E+00 0.232E+00 0.696E-01 0.698E-01 0.137E-03 0.857E-05 0.129E-03 0.809E-05
      2      16       1    4099       4       4 0.184E+01 0.184E+01 0.744E-03 0.809E-03 0.289E-02 0.181E-03 0.272E-02 0.170E-03
      2      16       1     509       4       4 0.141E+00 0.148E+00 0.328E-03 0.379E-03 0.215E-03 0.134E-04 0.206E-03 0.129E-04
      2      16       1    8191       4       4 0.987E+00 0.990E+00 0.962E-03 0.107E-02 0.585E-02 0.366E-03 0.559E-02 0.349E-03
      2       2       1    1021       4       4 0.188E+00 0.192E+00 0.236E-03 0.275E-03 0.410E-03 0.256E-04 0.377E-03 0.235E-04
      2       2       1   16381       4       4 0.157E+01 0.158E+01 0.149E-02 0.156E-02 0.126E-01 0.786E-03 0.122E-01 0.762E-03
      2       2       1    2053       4       4 0.958E+00 0.961E+00 0.386E-03 0.451E-03 0.118E-02 0.734E-04 0.106E-02 0.664E-04
      2       2       1     257       4       4 0.220E+00 0.226E+00 0.681E-01 0.684E-01 0.109E-03 0.682E-05 0.104E-03 0.651E-05
      2       2       1    4099       4       4 0.169E+01 0.170E+01 0.594E-03 0.643E-03 0.250E-02 0.156E-03 0.232E-02 0.145E-03
      2       2       1     509       4       4 0.137E+00 0.141E+00 0.214E-03 0.250E-03 0.195E-03 0.122E-04 0.174E-03 0.108E-04
      2       2       1    8191       4       4 0.889E+00 0.896E+00 0.760E-03 0.820E-03 0.509E-02 0.318E-03 0.479E-02 0.299E-03
      2       2      12    1021       4       4 0.406E+00 0.413E+00 0.292E-03 0.349E-03 0.297E-02 0.185E-03 0.107E-02 0.667E-04
      2       2      12   16381       4       4 0.155E+01 0.166E+01 0.214E-02 0.222E-02 0.157E-01 0.982E-03 0.111E-01 0.695E-03
      2       2      12    2053       4       4 0.175E+01 0.178E+01 0.731E-03 0.862E-03 0.504E-02 0.315E-03 0.315E-02 0.197E-03
      2       2      12     257       4       4 0.544E+00 0.564E+00 0.560E+00 0.592E+00 0.111E-01 0.697E-03 0.843E-03 0.527E-04
      2       2      12    4099       4       4 0.266E+01 0.268E+01 0.113E-02 0.125E-02 0.941E-02 0.588E-03 0.500E-02 0.313E-03
      2       2      12     509       4       4 0.347E+00 0.367E+00 0.279E-03 0.307E-03 0.988E-03 0.618E-04 0.972E-03 0.607E-04
      2       2      12    8191       4       4 0.114E+01 0.118E+01 0.127E-02 0.150E-02 0.129E-01 0.807E-03 0.768E-02 0.480E-03
      2       2       2    1021       4       4 0.227E+00 0.236E+00 0.274E-03 0.321E-03 0.880E-03 0.550E-04 0.843E-03 0.527E-04
      2       2       2   16381       4       4 0.154E+01 0.157E+01 0.143E-02 0.154E-02 0.101E-01 0.630E-03 0.999E-02 0.624E-03
      2       2       2    2053       4       4 0.101E+01 0.102E+01 0.426E-03 0.490E-03 0.154E-02 0.961E-04 0.147E-02 0.921E-04
      2       2       2     257       4       4 0.268E+00 0.287E+00 0.180E+00 0.276E+00 0.536E-03 0.335E-04 0.536E-03 0.335E-04
      2       2       2    4099       4       4 0.171E+01 0.172E+01 0.621E-03 0.690E-03 0.250E-02 0.157E-03 0.244E-02 0.153E-03
      2       2       2     509       4       4 0.170E+00 0.182E+00 0.205E-03 0.244E-03 0.452E-03 0.282E-04 0.462E-03 0.289E-04
      2       2       2    8191       4       4 0.889E+00 0.895E+00 0.836E-03 0.885E-03 0.512E-02 0.320E-03 0.510E-02 0.318E-03
      2       2       4    1021       4       4 0.278E+00 0.286E+00 0.258E-03 0.304E-03 0.910E-03 0.569E-04 0.900E-03 0.563E-04
      2       2       4   16381       4       4 0.145E+01 0.150E+01 0.158E-02 0.163E-02 0.105E-01 0.654E-03 0.104E-01 0.651E-03
      2       2       4    2053       4       4 0.120E+01 0.122E+01 0.576E-03 0.629E-03 0.213E-02 0.133E-03 0.198E-02 0.124E-03
      2       2       4     257       4       4 0.336E+00 0.351E+00 0.168E+00 0.380E+00 0.593E-03 0.371E-04 0.592E-03 0.370E-04
      2       2       4    4099       4       4 0.193E+01 0.198E+01 0.752E-03 0.891E-03 0.314E-02 0.196E-03 0.289E-02 0.181E-03
      2       2       4     509       4       4 0.219E+00 0.230E+00 0.234E-03 0.299E-03 0.702E-03 0.439E-04 0.653E-03 0.408E-04
      2       2       4    8191       4       4 0.934E+00 0.970E+00 0.973E-03 0.102E-02 0.532E-02 0.333E-03 0.525E-02 0.328E-03
      2       2       8    1021       4       4 0.334E+00 0.365E+00 0.274E-03 0.324E-03 0.923E-03 0.577E-04 0.880E-03 0.550E-04
      2       2       8   16381       4       4 0.144E+01 0.152E+01 0.169E-02 0.184E-02 0.100E-01 0.626E-03 0.103E-01 0.644E-03
      2       2       8    2053       4       4 0.139E+01 0.142E+01 0.656E-03 0.809E-03 0.256E-02 0.160E-03 0.243E-02 0.152E-03
      2       2       8     257       4       4 0.455E+00 0.481E+00 0.488E+00 0.517E+00 0.795E-03 0.497E-04 0.753E-03 0.471E-04
      2       2       8    4099       4       4 0.224E+01 0.232E+01 0.909E-03 0.110E-02 0.356E-02 0.223E-03 0.348E-02 0.218E-03
      2       2       8     509       4       4 0.274E+00 0.281E+00 0.256E-03 0.303E-03 0.848E-03 0.530E-04 0.833E-03 0.521E-04
      2       2       8    8191       4       4 0.102E+01 0.104E+01 0.112E-02 0.120E-02 0.542E-02 0.339E-03 0.531E-02 0.332E-03
      2       4       1    1021       4       4 0.191E+00 0.198E+00 0.264E-03 0.310E-03 0.407E-03 0.254E-04 0.391E-03 0.244E-04
      2       4       1   16381       4       4 0.161E+01 0.162E+01 0.161E-02 0.171E-02 0.151E-01 0.947E-03 0.149E-01 0.932E-03
      2       4       1    2053       4       4 0.966E+00 0.970E+00 0.400E-03 0.439E-03 0.119E-02 0.744E-04 0.106E-02 0.664E-04
      2       4       1     257       4       4 0.221E+00 0.227E+00 0.680E-01 0.696E-01 0.114E-03 0.711E-05 0.120E-03 0.751E-05
      2       4       1    4099       4       4 0.171E+01 0.171E+01 0.628E-03 0.675E-03 0.254E-02 0.159E-03 0.238E-02 0.149E-03
      2       4       1     509       4       4 0.137E+00 0.139E+00 0.240E-03 0.284E-03 0.184E-03 0.115E-04 0.178E-03 0.111E-04
      2       4       1    8191       4       4 0.906E+00 0.914E+00 0.760E-03 0.836E-03 0.524E-02 0.327E-03 0.496E-02 0.310E-03
      2       4       2    1021       4       4 0.231E+00 0.240E+00 0.308E-03 0.396E-03 0.100E-02 0.626E-04 0.957E-03 0.598E-04
      2       4       2   16381       4       4 0.152E+01 0.154E+01 0.151E-02 0.161E-02 0.914E-02 0.571E-03 0.868E-02 0.542E-03
      2       4       2    2053       4       4 0.103E+01 0.104E+01 0.484E-03 0.534E-03 0.162E-02 0.101E-03 0.153E-02 0.959E-04
      2       4       2     257       4       4 0.274E+00 0.295E+00 0.285E+00 0.303E+00 0.574E-03 0.359E-04 0.575E-03 0.360E-04
      2       4       2    4099       4       4 0.176E+01 0.177E+01 0.678E-03 0.717E-03 0.295E-02 0.184E-03 0.282E-02 0.176E-03
      2       4       2     509       4       4 0.172E+00 0.183E+00 0.246E-03 0.285E-03 0.481E-03 0.301E-04 0.462E-03 0.289E-04
      2       4       2    8191       4       4 0.880E+00 0.907E+00 0.847E-03 0.902E-03 0.494E-02 0.309E-03 0.477E-02 0.298E-03
      2       4       4    1021       4       4 0.298E+00 0.314E+00 0.294E-03 0.343E-03 0.101E-02 0.629E-04 0.967E-03 0.604E-04
      2       4       4   16381       4       4 0.146E+01 0.148E+01 0.160E-02 0.171E-02 0.101E-01 0.629E-03 0.101E-01 0.629E-03
      2       4       4    2053       4       4 0.119E+01 0.122E+01 0.583E-03 0.645E-03 0.205E-02 0.128E-03 0.199E-02 0.124E-03
      2       4       4     257       4       4 0.367E+00 0.376E+00 0.382E+00 0.393E+00 0.781E-03 0.488E-04 0.758E-03 0.474E-04
      2       4       4    4099       4       4 0.191E+01 0.192E+01 0.768E-03 0.835E-03 0.321E-02 0.200E-03 0.295E-02 0.185E-03
      2       4       4     509       4       4 0.223E+00 0.228E+00 0.258E-03 0.293E-03 0.632E-03 0.395E-04 0.615E-03 0.385E-04
      2       4       4    8191       4       4 0.921E+00 0.939E+00 0.998E-03 0.109E-02 0.489E-02 0.306E-03 0.479E-02 0.299E-03
      2       8       1    1021       4       4 0.195E+00 0.196E+00 0.320E-03 0.370E-03 0.455E-03 0.284E-04 0.450E-03 0.281E-04
      2       8       1   16381       4       4 0.170E+01 0.172E+01 0.161E-02 0.172E-02 0.129E-01 0.805E-03 0.125E-01 0.782E-03
      2       8       1    2053       4       4 0.996E+00 0.101E+01 0.449E-03 0.532E-03 0.122E-02 0.763E-04 0.115E-02 0.717E-04
      2       8       1     257       4       4 0.223E+00 0.225E+00 0.692E-01 0.699E-01 0.119E-03 0.747E-05 0.116E-03 0.724E-05
      2       8       1    4099       4       4 0.178E+01 0.178E+01 0.682E-03 0.766E-03 0.277E-02 0.173E-03 0.259E-02 0.162E-03
      2       8       1     509       4       4 0.139E+00 0.140E+00 0.269E-03 0.312E-03 0.194E-03 0.121E-04 0.200E-03 0.125E-04
      2       8       1    8191       4       4 0.935E+00 0.964E+00 0.831E-03 0.872E-03 0.551E-02 0.345E-03 0.514E-02 0.321E-03
      2       8       2    1021       4       4 0.229E+00 0.245E+00 0.327E-03 0.382E-03 0.901E-03 0.563E-04 0.891E-03 0.557E-04
      2       8       2   16381       4       4 0.161E+01 0.167E+01 0.161E-02 0.191E-02 0.109E-01 0.679E-03 0.108E-01 0.673E-03
      2       8       2    2053       4       4 0.102E+01 0.103E+01 0.506E-03 0.551E-03 0.170E-02 0.106E-03 0.160E-02 0.997E-04
      2       8       2     257       4       4 0.271E+00 0.273E+00 0.234E+00 0.285E+00 0.517E-03 0.323E-04 0.504E-03 0.315E-04
      2       8       2    4099       4       4 0.182E+01 0.184E+01 0.702E-03 0.791E-03 0.270E-02 0.169E-03 0.268E-02 0.168E-03
      2       8       2     509       4       4 0.175E+00 0.187E+00 0.271E-03 0.311E-03 0.495E-03 0.309E-04 0.483E-03 0.302E-04
      2       8       2    8191       4       4 0.958E+00 0.963E+00 0.942E-03 0.101E-02 0.548E-02 0.342E-03 0.544E-02 0.340E-03
