      2       1       1    1021       4       4 0.187E+00 0.188E+00 0.106E-03 0.108E-03 0.384E-03 0.240E-04 0.368E-03 0.230E-04
      2       1       1   16381       4       4 0.156E+01 0.156E+01 0.117E-02 0.129E-02 0.124E-01 0.778E-03 0.119E-01 0.745E-03
      2       1       1    2053       4       4 0.953E+00 0.955E+00 0.211E-03 0.219E-03 0.108E-02 0.676E-04 0.101E-02 0.629E-04
      2       1       1     257       4       4 0.217E+00 0.218E+00 0.672E-01 0.674E-01 0.104E-03 0.648E-05 0.989E-04 0.618E-05
      2       1       1    4099       4       4 0.168E+01 0.169E+01 0.372E-03 0.386E-03 0.246E-02 0.153E-03 0.232E-02 0.145E-03
      2       1       1     509       4       4 0.135E+00 0.135E+00 0.826E-04 0.930E-04 0.175E-03 0.110E-04 0.166E-03 0.104E-04
      2       1       1    8191       4       4 0.878E+00 0.880E+00 0.481E-03 0.496E-03 0.482E-02 0.301E-03 0.475E-02 0.297E-03
      2       1      12    1021       4       4 0.444E+00 0.469E+00 0.160E-03 0.170E-03 0.120E-02 0.748E-04 0.116E-02 0.728E-04
      2       1      12   16381       4       4 0.151E+01 0.159E+01 0.161E-02 0.176E-02 0.114E-01 0.713E-03 0.112E-01 0.703E-03
      2       1      12    2053       4       4 0.173E+01 0.180E+01 0.539E-03 0.653E-03 0.489E-02 0.306E-03 0.292E-02 0.183E-03
      2       1      12     257       4       4 0.546E+00 0.573E+00 0.579E+00 0.589E+00 0.798E-03 0.499E-04 0.778E-03 0.486E-04
      2       1      12    4099       4       4 0.259E+01 0.269E+01 0.850E-03 0.961E-03 0.878E-02 0.549E-03 0.437E-02 0.273E-03
      2       1      12     509       4       4 0.324E+00 0.345E+00 0.132E-03 0.140E-03 0.856E-03 0.535E-04 0.839E-03 0.525E-04
      2       1      12    8191       4       4 0.109E+01 0.114E+01 0.995E-03 0.101E-02 0.733E-02 0.458E-03 0.742E-02 0.464E-03
      2       1      16    1021       4       4 0.395E+00 0.423E+00 0.154E-03 0.168E-03 0.118E-02 0.737E-04 0.117E-02 0.731E-04
      2       1      16   16381       4       4 0.150E+01 0.163E+01 0.168E-02 0.175E-02 0.145E-01 0.906E-03 0.923E-02 0.577E-03
      2       1      16    2053       4       4 0.185E+01 0.189E+01 0.580E-03 0.751E-03 0.547E-02 0.342E-03 0.328E-02 0.205E-03
      2       1      16     257       4       4 0.599E+00 0.632E+00 0.655E+00 0.685E+00 0.443E-02 0.277E-03 0.978E-03 0.612E-04
      2       1      16    4099       4       4 0.279E+01 0.286E+01 0.963E-03 0.102E-02 0.671E-02 0.419E-03 0.490E-02 0.306E-03
      2       1      16     509       4       4 0.280E+00 0.284E+00 0.127E-03 0.140E-03 0.873E-03 0.546E-04 0.841E-03 0.526E-04
      2       1      16    8191       4       4 0.108E+01 0.117E+01 0.110E-02 0.123E-02 0.783E-02 0.489E-03 0.624E-02 0.390E-03
      2       1       2    1021       4       4 0.219E+00 0.233E+00 0.116E-03 0.142E-03 0.764E-03 0.478E-04 0.748E-03 0.468E-04
      2       1       2   16381       4       4 0.146E+01 0.150E+01 0.111E-02 0.112E-02 0.927E-02 0.579E-03 0.826E-02 0.516E-03
      2       1       2    2053       4       4 0.990E+00 0.993E+00 0.293E-03 0.311E-03 0.147E-02 0.917E-04 0.137E-02 0.859E-04
      2       1       2     257       4       4 0.261E+00 0.262E+00 0.226E+00 0.275E+00 0.458E-03 0.286E-04 0.440E-03 0.275E-04
      2       1       2    4099       4       4 0.170E+01 0.171E+01 0.429E-03 0.474E-03 0.312E-02 0.195E-03 0.305E-02 0.191E-03
      2       1       2     509       4       4 0.168E+00 0.180E+00 0.807E-04 0.839E-04 0.419E-03 0.262E-04 0.414E-03 0.259E-04
      2       1       2    8191       4       4 0.889E+00 0.902E+00 0.600E-03 0.613E-03 0.494E-02 0.309E-03 0.475E-02 0.297E-03
      2       1      24    1021       4       4 0.589E+00 0.602E+00 0.200E-03 0.254E-03 0.595E-02 0.372E-03 0.247E-02 0.154E-03
      2       1      24   16381       4       4 0.178E+01 0.182E+01 0.200E-02 0.213E-02 0.167E-01 0.105E-02 0.126E-01 0.785E-03
      2       1      24    2053       4       4 0.231E+01 0.233E+01 0.630E-03 0.668E-03 0.128E-01 0.799E-03 0.446E-02 0.279E-03
      2       1      24     257       4       4 0.715E+00 0.758E+00 0.749E+00 0.770E+00 0.101E-02 0.634E-04 0.980E-03 0.612E-04
      2       1      24    4099       4       4 0.336E+01 0.347E+01 0.109E-02 0.119E-02 0.125E-01 0.781E-03 0.637E-02 0.398E-03
      2       1      24     509       4       4 0.415E+00 0.435E+00 0.141E-03 0.199E-03 0.243E-02 0.152E-03 0.122E-02 0.762E-04
      2       1      24    8191       4       4 0.140E+01 0.147E+01 0.139E-02 0.156E-02 0.165E-01 0.103E-02 0.952E-02 0.595E-03
      2       1       4    1021       4       4 0.254E+00 0.259E+00 0.125E-03 0.152E-03 0.753E-03 0.471E-04 0.700E-03 0.438E-04
      2       1       4   16381       4       4 0.142E+01 0.146E+01 0.121E-02 0.124E-02 0.892E-02 0.557E-03 0.840E-02 0.525E-03
      2       1       4    2053       4       4 0.121E+01 0.123E+01 0.399E-03 0.436E-03 0.221E-02 0.138E-03 0.196E-02 0.122E-03
      2       1       4     257       4       4 0.350E+00 0.364E+00 0.372E+00 0.402E+00 0.669E-03 0.418E-04 0.693E-03 0.433E-04
      2       1       4    4099       4       4 0.192E+01 0.196E+01 0.572E-03 0.620E-03 0.307E-02 0.192E-03 0.290E-02 0.181E-03
      2       1       4     509       4       4 0.209E+00 0.217E+00 0.916E-04 0.939E-04 0.559E-03 0.349E-04 0.553E-03 0.346E-04
      2       1       4    8191       4       4 0.843E+00 0.849E+00 0.670E-03 0.698E-03 0.430E-02 0.269E-03 0.424E-02 0.265E-03
      2       1       8    1021       4       4 0.325E+00 0.335E+00 0.140E-03 0.162E-03 0.906E-03 0.567E-04 0.856E-03 0.535E-04
      2       1       8   16381       4       4 0.145E+01 0.150E+01 0.139E-02 0.144E-02 0.943E-02 0.589E-03 0.900E-02 0.562E-03
      2       1       8    2053       4       4 0.144E+01 0.147E+01 0.413E-03 0.425E-03 0.255E-02 0.160E-03 0.245E-02 0.153E-03
      2       1       8     257       4       4 0.468E+00 0.490E+00 0.501E+00 0.524E+00 0.846E-03 0.529E-04 0.794E-03 0.496E-04
      2       1       8    4099       4       4 0.229E+01 0.232E+01 0.740E-03 0.856E-03 0.378E-02 0.236E-03 0.362E-02 0.226E-03
      2       1       8     509       4       4 0.249E+00 0.278E+00 0.105E-03 0.107E-03 0.639E-03 0.400E-04 0.628E-03 0.393E-04
      2       1       8    8191       4       4 0.989E+00 0.104E+01 0.871E-03 0.903E-03 0.526E-02 0.329E-03 0.488E-02 0.305E-03
      2      16       1    1021       4       4 0.198E+00 0.199E+00 0.359E-03 0.407E-03 0.455E-03 0.284E-04 0.442E-03 0.276E-04
      2      16       1   16381       4       4 0.177E+01 0.178E+01 0.186E-02 0.209E-02 0.165E-01 0.103E-02 0.163E-01 0.102E-02
      2      16       1    2053       4       4 0.102E+01 0.104E+01 0.504E-03 0.585E-03 0.137E-02 0.859E-04 0.127E-02 0.794E-04
      2      16       1     257       4       4 0.226E+00 0.227E+00 0.698E-01 0.700E-01 0.127E-03 0.791E-05 0.120E-03 0.750E-05
      2      16       1    4099       4       4 0.183E+01 0.184E+01 0.712E-03 0.807E-03 0.294E-02 0.184E-03 0.277E-02 0.173E-03
      2      16       1     509       4       4 0.139E+00 0.141E+00 0.327E-03 0.388E-03 0.210E-03 0.131E-04 0.205E-03 0.128E-04
      2      16       1    8191       4       4 0.997E+00 0.100E+01 0.908E-03 0.103E-02 0.573E-02 0.358E-03 0.556E-02 0.347E-03
      2       2       1    1021       4       4 0.191E+00 0.194E+00 0.254E-03 0.306E-03 0.395E-03 0.247E-04 0.391E-03 0.244E-04
      2       2       1   16381       4       4 0.157E+01 0.158E+01 0.142E-02 0.154E-02 0.126E-01 0.788E-03 0.121E-01 0.754E-03
      2       2       1    2053       4       4 0.964E+00 0.976E+00 0.361E-03 0.415E-03 0.110E-02 0.689E-04 0.101E-02 0.632E-04
      2       2       1     257       4       4 0.219E+00 0.222E+00 0.682E-01 0.685E-01 0.118E-03 0.741E-05 0.106E-03 0.660E-05
      2       2       1    4099       4       4 0.169E+01 0.170E+01 0.554E-03 0.592E-03 0.259E-02 0.162E-03 0.251E-02 0.157E-03
      2       2       1     509       4       4 0.137E+00 0.142E+00 0.218E-03 0.271E-03 0.180E-03 0.113E-04 0.171E-03 0.107E-04
      2       2       1    8191       4       4 0.884E+00 0.886E+00 0.706E-03 0.761E-03 0.488E-02 0.305E-03 0.478E-02 0.299E-03
      2       2      12    1021       4       4 0.475E+00 0.499E+00 0.324E-03 0.399E-03 0.139E-02 0.868E-04 0.141E-02 0.882E-04
      2       2      12   16381       4       4 0.155E+01 0.164E+01 0.212E-02 0.221E-02 0.134E-01 0.834E-03 0.110E-01 0.689E-03
      2       2      12    2053       4       4 0.171E+01 0.180E+01 0.680E-03 0.752E-03 0.936E-02 0.585E-03 0.308E-02 0.193E-03
      2       2      12     257       4       4 0.554E+00 0.599E+00 0.566E+00 0.579E+00 0.315E-02 0.197E-03 0.792E-03 0.495E-04
      2       2      12    4099       4       4 0.269E+01 0.277E+01 0.113E-02 0.133E-02 0.106E-01 0.661E-03 0.496E-02 0.310E-03
      2       2      12     509       4       4 0.353E+00 0.377E+00 0.266E-03 0.318E-03 0.955E-03 0.597E-04 0.923E-03 0.577E-04
      2       2      12    8191       4       4 0.114E+01 0.119E+01 0.124E-02 0.132E-02 0.158E-01 0.987E-03 0.903E-02 0.564E-03
      2       2       2    1021       4       4 0.232E+00 0.253E+00 0.270E-03 0.340E-03 0.920E-03 0.575E-04 0.913E-03 0.571E-04
      2       2       2   16381       4       4 0.155E+01 0.157E+01 0.144E-02 0.148E-02 0.104E-01 0.653E-03 0.101E-01 0.632E-03
      2       2       2    2053       4       4 0.101E+01 0.103E+01 0.455E-03 0.561E-03 0.156E-02 0.978E-04 0.145E-02 0.906E-04
      2       2       2     257       4       4 0.269E+00 0.288E+00 0.233E+00 0.298E+00 0.531E-03 0.332E-04 0.530E-03 0.331E-04
      2       2       2    4099       4       4 0.171E+01 0.171E+01 0.601E-03 0.678E-03 0.266E-02 0.166E-03 0.262E-02 0.164E-03
      2       2       2     509       4       4 0.175E+00 0.189E+00 0.214E-03 0.254E-03 0.471E-03 0.295E-04 0.466E-03 0.291E-04
      2       2       2    8191       4       4 0.893E+00 0.903E+00 0.819E-03 0.884E-03 0.501E-02 0.313E-03 0.488E-02 0.305E-03
      2       2       4    1021       4       4 0.274E+00 0.286E+00 0.265E-03 0.316E-03 0.122E-02 0.764E-04 0.121E-02 0.757E-04
      2       2       4   16381       4       4 0.144E+01 0.148E+01 0.156E-02 0.159E-02 0.947E-02 0.592E-03 0.902E-02 0.564E-03
      2       2       4    2053       4       4 0.123E+01 0.126E+01 0.599E-03 0.655E-03 0.215E-02 0.134E-03 0.202E-02 0.126E-03
      2       2       4     257       4       4 0.352E+00 0.366E+00 0.371E+00 0.381E+00 0.706E-03 0.441E-04 0.706E-03 0.441E-04
      2       2       4    4099       4       4 0.193E+01 0.198E+01 0.761E-03 0.833E-03 0.325E-02 0.203E-03 0.307E-02 0.192E-03
      2       2       4     509       4       4 0.218E+00 0.223E+00 0.237E-03 0.274E-03 0.674E-03 0.422E-04 0.656E-03 0.410E-04
      2       2       4    8191       4       4 0.933E+00 0.943E+00 0.941E-03 0.998E-03 0.507E-02 0.317E-03 0.507E-02 0.317E-03
      2       2       8    1021       4       4 0.369E+00 0.382E+00 0.295E-03 0.375E-03 0.147E-02 0.919E-04 0.142E-02 0.886E-04
      2       2       8   16381       4       4 0.144E+01 0.149E+01 0.167E-02 0.175E-02 0.983E-02 0.614E-03 0.955E-02 0.597E-03
      2       2       8    2053       4       4 0.143E+01 0.149E+01 0.604E-03 0.758E-03 0.270E-02 0.169E-03 0.256E-02 0.160E-03
      2       2       8     257       4       4 0.456E+00 0.502E+00 0.476E+00 0.524E+00 0.818E-03 0.511E-04 0.769E-03 0.480E-04
      2       2       8    4099       4       4 0.224E+01 0.233E+01 0.908E-03 0.952E-03 0.347E-02 0.217E-03 0.323E-02 0.202E-03
      2       2       8     509       4       4 0.248E+00 0.260E+00 0.235E-03 0.284E-03 0.633E-03 0.396E-04 0.627E-03 0.392E-04
      2       2       8    8191       4       4 0.967E+00 0.102E+01 0.112E-02 0.124E-02 0.488E-02 0.305E-03 0.456E-02 0.285E-03
      2       4       1    1021       4       4 0.193E+00 0.197E+00 0.263E-03 0.313E-03 0.427E-03 0.267E-04 0.406E-03 0.254E-04
      2       4       1   16381       4       4 0.162E+01 0.163E+01 0.146E-02 0.152E-02 0.120E-01 0.751E-03 0.115E-01 0.722E-03
      2       4       1    2053       4       4 0.965E+00 0.971E+00 0.407E-03 0.468E-03 0.115E-02 0.717E-04 0.107E-02 0.666E-04
      2       4       1     257       4       4 0.220E+00 0.221E+00 0.680E-01 0.682E-01 0.108E-03 0.675E-05 0.108E-03 0.674E-05
      2       4       1    4099       4       4 0.173E+01 0.175E+01 0.581E-03 0.657E-03 0.253E-02 0.158E-03 0.240E-02 0.150E-03
      2       4       1     509       4       4 0.137E+00 0.141E+00 0.235E-03 0.278E-03 0.183E-03 0.114E-04 0.180E-03 0.112E-04
      2       4       1    8191       4       4 0.906E+00 0.914E+00 0.731E-03 0.781E-03 0.497E-02 0.311E-03 0.488E-02 0.305E-03
      2       4       2    1021       4       4 0.227E+00 0.247E+00 0.310E-03 0.397E-03 0.821E-03 0.513E-04 0.826E-03 0.516E-04
      2       4       2   16381       4       4 0.157E+01 0.160E+01 0.145E-02 0.160E-02 0.105E-01 0.654E-03 0.103E-01 0.642E-03
      2       4       2    2053       4       4 0.103E+01 0.103E+01 0.478E-03 0.524E-03 0.163E-02 0.102E-03 0.155E-02 0.966E-04
      2       4       2     257       4       4 0.270E+00 0.274E+00 0.182E+00 0.283E+00 0.508E-03 0.317E-04 0.474E-03 0.296E-04
      2       4       2    4099       4       4 0.177E+01 0.177E+01 0.650E-03 0.707E-03 0.288E-02 0.180E-03 0.281E-02 0.176E-03
      2       4       2     509       4       4 0.172E+00 0.185E+00 0.248E-03 0.296E-03 0.490E-03 0.307E-04 0.477E-03 0.298E-04
      2       4       2    8191       4       4 0.856E+00 0.859E+00 0.788E-03 0.842E-03 0.457E-02 0.286E-03 0.433E-02 0.271E-03
      2       4       4    1021       4       4 0.291E+00 0.305E+00 0.296E-03 0.334E-03 0.970E-03 0.606E-04 0.941E-03 0.588E-04
      2       4       4   16381       4       4 0.149E+01 0.153E+01 0.163E-02 0.175E-02 0.965E-02 0.603E-03 0.915E-02 0.572E-03
      2       4       4    2053       4       4 0.118E+01 0.120E+01 0.617E-03 0.688E-03 0.205E-02 0.128E-03 0.188E-02 0.118E-03
      2       4       4     257       4       4 0.364E+00 0.380E+00 0.373E+00 0.386E+00 0.786E-03 0.491E-04 0.745E-03 0.465E-04
      2       4       4    4099       4       4 0.197E+01 0.199E+01 0.779E-03 0.861E-03 0.326E-02 0.204E-03 0.309E-02 0.193E-03
      2       4       4     509       4       4 0.221E+00 0.227E+00 0.248E-03 0.288E-03 0.681E-03 0.426E-04 0.676E-03 0.422E-04
      2       4       4    8191       4       4 0.938E+00 0.974E+00 0.103E-02 0.112E-02 0.491E-02 0.307E-03 0.473E-02 0.296E-03
      2       8       1    1021       4       4 0.192E+00 0.193E+00 0.305E-03 0.352E-03 0.427E-03 0.267E-04 0.408E-03 0.255E-04
      2       8       1   16381       4       4 0.169E+01 0.170E+01 0.155E-02 0.168E-02 0.134E-01 0.840E-03 0.130E-01 0.815E-03
      2       8       1    2053       4       4 0.990E+00 0.100E+01 0.411E-03 0.454E-03 0.116E-02 0.722E-04 0.111E-02 0.695E-04
      2       8       1     257       4       4 0.226E+00 0.230E+00 0.703E-01 0.715E-01 0.135E-03 0.842E-05 0.117E-03 0.729E-05
      2       8       1    4099       4       4 0.177E+01 0.177E+01 0.645E-03 0.721E-03 0.287E-02 0.179E-03 0.275E-02 0.172E-03
      2       8       1     509       4       4 0.138E+00 0.141E+00 0.273E-03 0.333E-03 0.198E-03 0.124E-04 0.197E-03 0.123E-04
      2       8       1    8191       4       4 0.982E+00 0.112E+01 0.857E-03 0.926E-03 0.558E-02 0.349E-03 0.533E-02 0.333E-03
      2       8       2    1021       4       4 0.235E+00 0.249E+00 0.341E-03 0.416E-03 0.896E-03 0.560E-04 0.890E-03 0.556E-04
      2       8       2   16381       4       4 0.171E+01 0.173E+01 0.157E-02 0.165E-02 0.112E-01 0.699E-03 0.110E-01 0.687E-03
      2       8       2    2053       4       4 0.104E+01 0.104E+01 0.516E-03 0.561E-03 0.164E-02 0.103E-03 0.162E-02 0.101E-03
      2       8       2     257       4       4 0.271E+00 0.273E+00 0.232E+00 0.284E+00 0.504E-03 0.315E-04 0.506E-03 0.317E-04
      2       8       2    4099       4       4 0.183E+01 0.185E+01 0.723E-03 0.773E-03 0.306E-02 0.191E-03 0.299E-02 0.187E-03
      2       8       2     509       4       4 0.175E+00 0.186E+00 0.257E-03 0.300E-03 0.476E-03 0.298E-04 0.473E-03 0.296E-04
      2       8       2    8191       4       4 0.909E+00 0.940E+00 0.894E-03 0.953E-03 0.496E-02 0.310E-03 0.469E-02 0.293E-03
];
