res3dtp3=[            2       1     127     127     127       4 0.278E+00 0.111E+01 0.280E+00 0.112E+01 0.599E+00 0.150E+00 0.610E+00 0.152E+00
      2       1      17      17      17       4 0.128E-02 0.498E-02 0.124E-02 0.488E-02 0.222E-03 0.554E-04 0.231E-03 0.578E-04
      2       1     257     257     257       4 0.183E+01 0.730E+01 0.206E+01 0.824E+01 0.733E+01 0.183E+01 0.721E+01 0.180E+01
      2       1      31      31      31       4 0.308E-02 0.121E-01 0.308E-02 0.122E-01 0.212E-02 0.530E-03 0.214E-02 0.534E-03
      2       1     509     509     509       4 0.606E+01 0.242E+02 0.568E+01 0.227E+02 0.747E+02 0.187E+02 0.723E+02 0.181E+02
      2       1      67      67      67       4 0.247E-01 0.984E-01 0.243E-01 0.969E-01 0.425E-01 0.106E-01 0.422E-01 0.106E-01
      2       1       7       7       7       4 0.108E-02 0.421E-02 0.105E-02 0.412E-02 0.620E-05 0.155E-05 0.525E-05 0.131E-05
      2      12     127     127     127       4 0.261E+00 0.104E+01 0.276E+00 0.110E+01 0.900E-01 0.225E-01 0.837E-01 0.209E-01
      2      12      17      17      17       4 0.885E-02 0.336E-01 0.918E-02 0.352E-01 0.351E-03 0.877E-04 0.229E-03 0.573E-04
      2      12     257     257     257       4 0.193E+01 0.768E+01 0.186E+01 0.740E+01 0.115E+01 0.287E+00 0.104E+01 0.259E+00
      2      12      31      31      31       4 0.152E-01 0.588E-01 0.224E-01 0.878E-01 0.907E-03 0.227E-03 0.931E-03 0.233E-03
      2      12     509     509     509       4 0.770E+01 0.308E+02 0.729E+01 0.291E+02 0.811E+01 0.203E+01 0.818E+01 0.205E+01
      2      12      67      67      67       4 0.584E-01 0.232E+00 0.617E-01 0.245E+00 0.810E-02 0.203E-02 0.783E-02 0.196E-02
      2      12       7       7       7       4 0.634E-02 0.248E-01 0.655E-02 0.257E-01 0.160E-03 0.400E-04 0.163E-03 0.408E-04
      2      16     127     127     127       4 0.266E+00 0.106E+01 0.274E+00 0.109E+01 0.598E-01 0.150E-01 0.547E-01 0.137E-01
      2      16      17      17      17       4 0.100E-01 0.382E-01 0.101E-01 0.385E-01 0.379E-03 0.948E-04 0.289E-03 0.722E-04
      2      16     257     257     257       4 0.167E+01 0.667E+01 0.175E+01 0.696E+01 0.106E+01 0.264E+00 0.847E+00 0.212E+00
      2      16      31      31      31       4 0.153E-01 0.594E-01 0.174E-01 0.681E-01 0.772E-03 0.193E-03 0.666E-03 0.167E-03
      2      16     509     509     509       4 0.627E+01 0.250E+02 0.647E+01 0.258E+02 0.803E+01 0.201E+01 0.741E+01 0.185E+01
      2      16      67      67      67       4 0.527E-01 0.208E+00 0.605E-01 0.239E+00 0.854E-02 0.214E-02 0.860E-02 0.215E-02
      2      16       7       7       7       4 0.530E-02 0.198E-01 0.475E-02 0.176E-01 0.250E-03 0.625E-04 0.226E-03 0.564E-04
      2       2     127     127     127       4 0.497E+00 0.199E+01 0.448E+00 0.179E+01 0.348E+00 0.871E-01 0.352E+00 0.881E-01
      2       2      17      17      17       4 0.526E-02 0.207E-01 0.464E-02 0.184E-01 0.232E-03 0.581E-04 0.284E-03 0.710E-04
      2       2     257     257     257       4 0.407E+01 0.163E+02 0.424E+01 0.170E+02 0.394E+01 0.985E+00 0.390E+01 0.976E+00
      2       2      31      31      31       4 0.930E-02 0.368E-01 0.806E-02 0.319E-01 0.139E-02 0.349E-03 0.141E-02 0.352E-03
      2       2     509     509     509       4 0.792E+01 0.317E+02 0.738E+01 0.295E+02 0.396E+02 0.989E+01 0.376E+02 0.941E+01
      2       2      67      67      67       4 0.563E-01 0.224E+00 0.578E-01 0.231E+00 0.255E-01 0.636E-02 0.246E-01 0.614E-02
      2       2       7       7       7       4 0.275E-02 0.109E-01 0.254E-02 0.100E-01 0.818E-04 0.204E-04 0.441E-04 0.110E-04
      2      24     127     127     127       4 0.272E+00 0.108E+01 0.307E+00 0.122E+01 0.604E-01 0.151E-01 0.602E-01 0.150E-01
      2      24      17      17      17       4 0.131E-01 0.482E-01 0.139E-01 0.515E-01 0.986E-03 0.247E-03 0.521E-03 0.130E-03
      2      24     257     257     257       4 0.157E+01 0.624E+01 0.152E+01 0.605E+01 0.679E+00 0.170E+00 0.527E+00 0.132E+00
      2      24      31      31      31       4 0.185E-01 0.707E-01 0.205E-01 0.793E-01 0.122E-02 0.304E-03 0.110E-02 0.275E-03
      2      24     509     509     509       4 0.610E+01 0.243E+02 0.585E+01 0.234E+02 0.509E+01 0.127E+01 0.451E+01 0.113E+01
      2      24      67      67      67       4 0.626E-01 0.246E+00 0.110E+00 0.433E+00 0.652E-02 0.163E-02 0.659E-02 0.165E-02
      2      24       7       7       7       4 0.674E-02 0.242E-01 0.769E-02 0.280E-01 0.457E-03 0.114E-03 0.392E-03 0.980E-04
      2       4     127     127     127       4 0.387E+00 0.155E+01 0.374E+00 0.150E+01 0.183E+00 0.458E-01 0.198E+00 0.496E-01
      2       4      17      17      17       4 0.646E-02 0.253E-01 0.635E-02 0.250E-01 0.220E-03 0.550E-04 0.198E-03 0.495E-04
      2       4     257     257     257       4 0.355E+01 0.142E+02 0.345E+01 0.138E+02 0.212E+01 0.530E+00 0.207E+01 0.517E+00
      2       4      31      31      31       4 0.125E-01 0.496E-01 0.125E-01 0.495E-01 0.803E-03 0.201E-03 0.881E-03 0.220E-03
      2       4     509     509     509       4 0.848E+01 0.339E+02 0.829E+01 0.331E+02 0.211E+02 0.527E+01 0.207E+02 0.517E+01
      2       4      67      67      67       4 0.654E-01 0.261E+00 0.686E-01 0.274E+00 0.199E-01 0.498E-02 0.179E-01 0.448E-02
      2       4       7       7       7       4 0.352E-02 0.137E-01 0.338E-02 0.132E-01 0.870E-04 0.218E-04 0.839E-04 0.210E-04
      2       8     127     127     127       4 0.306E+00 0.122E+01 0.299E+00 0.120E+01 0.105E+00 0.261E-01 0.110E+00 0.276E-01
      2       8      17      17      17       4 0.909E-02 0.351E-01 0.999E-02 0.389E-01 0.302E-03 0.755E-04 0.228E-03 0.570E-04
      2       8     257     257     257       4 0.228E+01 0.911E+01 0.226E+01 0.903E+01 0.126E+01 0.316E+00 0.123E+01 0.307E+00
      2       8      31      31      31       4 0.968E-02 0.378E-01 0.129E-01 0.508E-01 0.126E-02 0.314E-03 0.123E-02 0.308E-03
      2       8     509     509     509       4 0.623E+01 0.249E+02 0.626E+01 0.250E+02 0.130E+02 0.325E+01 0.118E+02 0.296E+01
      2       8      67      67      67       4 0.393E-01 0.156E+00 0.481E-01 0.192E+00 0.114E-01 0.285E-02 0.115E-01 0.289E-02
      2       8       7       7       7       4 0.555E-02 0.216E-01 0.597E-02 0.234E-01 0.124E-03 0.310E-04 0.118E-03 0.295E-04
      3       1     127     127     127       4 0.101E-02 0.381E-02 0.492E-04 0.641E-04 0.226E+00 0.565E-01 0.252E+00 0.629E-01
      3       1      17      17      17       4 0.690E-03 0.274E-02 0.590E-05 0.882E-05 0.339E-03 0.848E-04 0.333E-03 0.833E-04
      3       1     257     257     257       4 0.877E-03 0.313E-02 0.102E-03 0.134E-03 0.306E+01 0.765E+00 0.330E+01 0.826E+00
      3       1      31      31      31       4 0.823E-03 0.327E-02 0.727E-05 0.110E-04 0.294E-02 0.735E-03 0.298E-02 0.746E-03
      3       1     509     509     509       4 0.103E-02 0.358E-02 0.159E-03 0.216E-03 0.207E+02 0.518E+01 0.227E+02 0.568E+01
      3       1      67      67      67       4 0.731E-03 0.289E-02 0.104E-04 0.169E-04 0.657E-01 0.164E-01 0.669E-01 0.167E-01
      3       1       7       7       7       4 0.735E-03 0.294E-02 0.143E-05 0.477E-05 0.339E-04 0.846E-05 0.715E-05 0.179E-05
      3      12     127     127     127       4 0.276E-02 0.107E-01 0.913E-04 0.133E-03 0.244E-01 0.611E-02 0.263E-01 0.657E-02
      3      12      17      17      17       4 0.439E-02 0.175E-01 0.983E-05 0.141E-04 0.380E-03 0.950E-04 0.215E-03 0.538E-04
      3      12     257     257     257       4 0.642E-03 0.212E-02 0.120E-03 0.146E-03 0.312E+00 0.781E-01 0.381E+00 0.953E-01
      3      12      31      31      31       4 0.436E-02 0.174E-01 0.882E-05 0.122E-04 0.846E-03 0.212E-03 0.841E-03 0.210E-03
      3      12     509     509     509       4 0.999E-03 0.343E-02 0.162E-03 0.212E-03 0.211E+01 0.528E+00 0.276E+01 0.690E+00
      3      12      67      67      67       4 0.357E-02 0.142E-01 0.140E-04 0.169E-04 0.757E-02 0.189E-02 0.811E-02 0.203E-02
      3      12       7       7       7       4 0.340E-02 0.136E-01 0.715E-06 0.286E-05 0.229E-04 0.572E-05 0.906E-05 0.226E-05
      3      16     127     127     127       4 0.229E-02 0.878E-02 0.883E-04 0.149E-03 0.181E-01 0.453E-02 0.195E-01 0.488E-02
      3      16      17      17      17       4 0.629E-02 0.251E-01 0.775E-05 0.100E-04 0.389E-03 0.972E-04 0.198E-03 0.495E-04
      3      16     257     257     257       4 0.713E-03 0.239E-02 0.134E-03 0.214E-03 0.247E+00 0.619E-01 0.315E+00 0.788E-01
      3      16      31      31      31       4 0.410E-02 0.164E-01 0.954E-05 0.119E-04 0.782E-03 0.196E-03 0.840E-03 0.210E-03
      3      16     509     509     509       4 0.103E-02 0.353E-02 0.166E-03 0.215E-03 0.169E+01 0.424E+00 0.229E+01 0.573E+00
      3      16      67      67      67       4 0.417E-02 0.166E-01 0.204E-04 0.360E-04 0.631E-02 0.158E-02 0.691E-02 0.173E-02
      3      16       7       7       7       4 0.417E-02 0.167E-01 0.125E-05 0.286E-05 0.219E-04 0.548E-05 0.906E-05 0.226E-05
      3       2     127     127     127       4 0.377E-02 0.148E-01 0.515E-04 0.629E-04 0.117E+00 0.293E-01 0.124E+00 0.310E-01
      3       2      17      17      17       4 0.357E-02 0.142E-01 0.662E-05 0.882E-05 0.296E-03 0.739E-04 0.228E-03 0.571E-04
      3       2     257     257     257       4 0.872E-03 0.309E-02 0.105E-03 0.140E-03 0.159E+01 0.398E+00 0.173E+01 0.433E+00
      3       2      31      31      31       4 0.333E-02 0.133E-01 0.799E-05 0.110E-04 0.166E-02 0.414E-03 0.164E-02 0.410E-03
      3       2     509     509     509       4 0.104E-02 0.360E-02 0.163E-03 0.214E-03 0.106E+02 0.264E+01 0.120E+02 0.300E+01
      3       2      67      67      67       4 0.985E-03 0.389E-02 0.126E-04 0.179E-04 0.342E-01 0.854E-02 0.361E-01 0.901E-02
      3       2       7       7       7       4 0.661E-03 0.264E-02 0.775E-06 0.215E-05 0.219E-04 0.548E-05 0.620E-05 0.155E-05
      3      24     127     127     127       4 0.145E-02 0.553E-02 0.582E-04 0.720E-04 0.250E-01 0.625E-02 0.267E-01 0.667E-02
      3      24      17      17      17       4 0.509E-02 0.203E-01 0.679E-05 0.110E-04 0.489E-03 0.122E-03 0.209E-03 0.523E-04
      3      24     257     257     257       4 0.573E-03 0.156E-02 0.186E-03 0.278E-03 0.163E+00 0.407E-01 0.229E+00 0.572E-01
      3      24      31      31      31       4 0.397E-02 0.159E-01 0.870E-05 0.119E-04 0.903E-03 0.226E-03 0.871E-03 0.218E-03
      3      24     509     509     509       4 0.108E-02 0.360E-02 0.215E-03 0.227E-03 0.118E+01 0.296E+00 0.174E+01 0.434E+00
      3      24      67      67      67       4 0.725E-03 0.278E-02 0.250E-04 0.360E-04 0.154E-01 0.386E-02 0.140E-01 0.351E-02
      3      24       7       7       7       4 0.389E-02 0.156E-01 0.101E-05 0.286E-05 0.272E-04 0.679E-05 0.103E-04 0.256E-05
      3       4     127     127     127       4 0.258E-02 0.100E-01 0.530E-04 0.660E-04 0.616E-01 0.154E-01 0.658E-01 0.165E-01
      3       4      17      17      17       4 0.546E-02 0.218E-01 0.751E-05 0.100E-04 0.335E-03 0.837E-04 0.245E-03 0.612E-04
      3       4     257     257     257       4 0.818E-03 0.287E-02 0.111E-03 0.140E-03 0.812E+00 0.203E+00 0.917E+00 0.229E+00
      3       4      31      31      31       4 0.739E-02 0.295E-01 0.978E-05 0.122E-04 0.138E-02 0.344E-03 0.128E-02 0.321E-03
      3       4     509     509     509       4 0.103E-02 0.357E-02 0.164E-03 0.215E-03 0.553E+01 0.138E+01 0.646E+01 0.162E+01
      3       4      67      67      67       4 0.627E-02 0.251E-01 0.141E-04 0.172E-04 0.195E-01 0.489E-02 0.197E-01 0.491E-02
      3       4       7       7       7       4 0.364E-02 0.145E-01 0.775E-06 0.215E-05 0.234E-04 0.584E-05 0.691E-05 0.173E-05
      3       8     127     127     127       4 0.912E-03 0.339E-02 0.553E-04 0.701E-04 0.336E-01 0.839E-02 0.350E-01 0.875E-02
      3       8      17      17      17       4 0.743E-02 0.297E-01 0.703E-05 0.906E-05 0.352E-03 0.880E-04 0.214E-03 0.535E-04
      3       8     257     257     257       4 0.735E-03 0.252E-02 0.128E-03 0.200E-03 0.435E+00 0.109E+00 0.515E+00 0.129E+00
      3       8      31      31      31       4 0.644E-02 0.257E-01 0.870E-05 0.119E-04 0.826E-03 0.206E-03 0.842E-03 0.211E-03
      3       8     509     509     509       4 0.117E-02 0.414E-02 0.163E-03 0.214E-03 0.292E+01 0.731E+00 0.362E+01 0.904E+00
      3       8      67      67      67       4 0.629E-02 0.251E-01 0.151E-04 0.191E-04 0.102E-01 0.256E-02 0.109E-01 0.273E-02
      3       8       7       7       7       4 0.428E-02 0.171E-01 0.125E-05 0.286E-05 0.219E-04 0.548E-05 0.811E-05 0.203E-05
      4       1     127     127     127       4 0.000E+00 0.000E+00 0.000E+00 0.000E+00 0.000E+00 0.000E+00 0.000E+00 0.000E+00
      4       1      17      17      17       4 0.000E+00 0.000E+00 0.000E+00 0.000E+00 0.000E+00 0.000E+00 0.000E+00 0.000E+00
      4       1     257     257     257       4 0.000E+00 0.000E+00 0.000E+00 0.000E+00 0.000E+00 0.000E+00 0.000E+00 0.000E+00
      4       1      31      31      31       4 0.000E+00 0.000E+00 0.000E+00 0.000E+00 0.000E+00 0.000E+00 0.000E+00 0.000E+00
      4       1     509     509     509       4 0.000E+00 0.000E+00 0.000E+00 0.000E+00 0.000E+00 0.000E+00 0.000E+00 0.000E+00
      4       1      67      67      67       4 0.000E+00 0.000E+00 0.000E+00 0.000E+00 0.000E+00 0.000E+00 0.000E+00 0.000E+00
      4       1       7       7       7       4 0.000E+00 0.000E+00 0.000E+00 0.000E+00 0.000E+00 0.000E+00 0.000E+00 0.000E+00
      4      12     127     127     127       4 0.000E+00 0.000E+00 0.000E+00 0.000E+00 0.000E+00 0.000E+00 0.000E+00 0.000E+00
      4      12      17      17      17       4 0.000E+00 0.000E+00 0.000E+00 0.000E+00 0.000E+00 0.000E+00 0.000E+00 0.000E+00
      4      12     257     257     257       4 0.000E+00 0.000E+00 0.000E+00 0.000E+00 0.000E+00 0.000E+00 0.000E+00 0.000E+00
      4      12      31      31      31       4 0.000E+00 0.000E+00 0.000E+00 0.000E+00 0.000E+00 0.000E+00 0.000E+00 0.000E+00
      4      12     509     509     509       4 0.000E+00 0.000E+00 0.000E+00 0.000E+00 0.000E+00 0.000E+00 0.000E+00 0.000E+00
      4      12      67      67      67       4 0.000E+00 0.000E+00 0.000E+00 0.000E+00 0.000E+00 0.000E+00 0.000E+00 0.000E+00
      4      12       7       7       7       4 0.000E+00 0.000E+00 0.000E+00 0.000E+00 0.000E+00 0.000E+00 0.000E+00 0.000E+00
      4      16     127     127     127       4 0.000E+00 0.000E+00 0.000E+00 0.000E+00 0.000E+00 0.000E+00 0.000E+00 0.000E+00
      4      16      17      17      17       4 0.000E+00 0.000E+00 0.000E+00 0.000E+00 0.000E+00 0.000E+00 0.000E+00 0.000E+00
      4      16     257     257     257       4 0.000E+00 0.000E+00 0.000E+00 0.000E+00 0.000E+00 0.000E+00 0.000E+00 0.000E+00
      4      16      31      31      31       4 0.000E+00 0.000E+00 0.000E+00 0.000E+00 0.000E+00 0.000E+00 0.000E+00 0.000E+00
      4      16     509     509     509       4 0.000E+00 0.000E+00 0.000E+00 0.000E+00 0.000E+00 0.000E+00 0.000E+00 0.000E+00
      4      16      67      67      67       4 0.000E+00 0.000E+00 0.000E+00 0.000E+00 0.000E+00 0.000E+00 0.000E+00 0.000E+00
      4      16       7       7       7       4 0.000E+00 0.000E+00 0.000E+00 0.000E+00 0.000E+00 0.000E+00 0.000E+00 0.000E+00
      4       2     127     127     127       4 0.000E+00 0.000E+00 0.000E+00 0.000E+00 0.000E+00 0.000E+00 0.000E+00 0.000E+00
      4       2      17      17      17       4 0.000E+00 0.000E+00 0.000E+00 0.000E+00 0.000E+00 0.000E+00 0.000E+00 0.000E+00
      4       2     257     257     257       4 0.000E+00 0.000E+00 0.000E+00 0.000E+00 0.000E+00 0.000E+00 0.000E+00 0.000E+00
      4       2      31      31      31       4 0.000E+00 0.000E+00 0.000E+00 0.000E+00 0.000E+00 0.000E+00 0.000E+00 0.000E+00
      4       2     509     509     509       4 0.000E+00 0.000E+00 0.000E+00 0.000E+00 0.000E+00 0.000E+00 0.000E+00 0.000E+00
      4       2      67      67      67       4 0.000E+00 0.000E+00 0.000E+00 0.000E+00 0.000E+00 0.000E+00 0.000E+00 0.000E+00
      4       2       7       7       7       4 0.000E+00 0.000E+00 0.000E+00 0.000E+00 0.000E+00 0.000E+00 0.000E+00 0.000E+00
      4      24     127     127     127       4 0.000E+00 0.000E+00 0.000E+00 0.000E+00 0.000E+00 0.000E+00 0.000E+00 0.000E+00
      4      24      17      17      17       4 0.000E+00 0.000E+00 0.000E+00 0.000E+00 0.000E+00 0.000E+00 0.000E+00 0.000E+00
      4      24     257     257     257       4 0.000E+00 0.000E+00 0.000E+00 0.000E+00 0.000E+00 0.000E+00 0.000E+00 0.000E+00
      4      24      31      31      31       4 0.000E+00 0.000E+00 0.000E+00 0.000E+00 0.000E+00 0.000E+00 0.000E+00 0.000E+00
      4      24     509     509     509       4 0.000E+00 0.000E+00 0.000E+00 0.000E+00 0.000E+00 0.000E+00 0.000E+00 0.000E+00
      4      24      67      67      67       4 0.000E+00 0.000E+00 0.000E+00 0.000E+00 0.000E+00 0.000E+00 0.000E+00 0.000E+00
      4      24       7       7       7       4 0.000E+00 0.000E+00 0.000E+00 0.000E+00 0.000E+00 0.000E+00 0.000E+00 0.000E+00
      4       4     127     127     127       4 0.000E+00 0.000E+00 0.000E+00 0.000E+00 0.000E+00 0.000E+00 0.000E+00 0.000E+00
      4       4      17      17      17       4 0.000E+00 0.000E+00 0.000E+00 0.000E+00 0.000E+00 0.000E+00 0.000E+00 0.000E+00
      4       4     257     257     257       4 0.000E+00 0.000E+00 0.000E+00 0.000E+00 0.000E+00 0.000E+00 0.000E+00 0.000E+00
      4       4      31      31      31       4 0.000E+00 0.000E+00 0.000E+00 0.000E+00 0.000E+00 0.000E+00 0.000E+00 0.000E+00
      4       4     509     509     509       4 0.000E+00 0.000E+00 0.000E+00 0.000E+00 0.000E+00 0.000E+00 0.000E+00 0.000E+00
      4       4      67      67      67       4 0.000E+00 0.000E+00 0.000E+00 0.000E+00 0.000E+00 0.000E+00 0.000E+00 0.000E+00
      4       4       7       7       7       4 0.000E+00 0.000E+00 0.000E+00 0.000E+00 0.000E+00 0.000E+00 0.000E+00 0.000E+00
      4       8     127     127     127       4 0.000E+00 0.000E+00 0.000E+00 0.000E+00 0.000E+00 0.000E+00 0.000E+00 0.000E+00
      4       8      17      17      17       4 0.000E+00 0.000E+00 0.000E+00 0.000E+00 0.000E+00 0.000E+00 0.000E+00 0.000E+00
      4       8     257     257     257       4 0.000E+00 0.000E+00 0.000E+00 0.000E+00 0.000E+00 0.000E+00 0.000E+00 0.000E+00
      4       8      31      31      31       4 0.000E+00 0.000E+00 0.000E+00 0.000E+00 0.000E+00 0.000E+00 0.000E+00 0.000E+00
      4       8     509     509     509       4 0.000E+00 0.000E+00 0.000E+00 0.000E+00 0.000E+00 0.000E+00 0.000E+00 0.000E+00
      4       8      67      67      67       4 0.000E+00 0.000E+00 0.000E+00 0.000E+00 0.000E+00 0.000E+00 0.000E+00 0.000E+00
      4       8       7       7       7       4 0.000E+00 0.000E+00 0.000E+00 0.000E+00 0.000E+00 0.000E+00 0.000E+00 0.000E+00];
