      2       1       1    1024    1024       4       4 0.589E+00 0.594E+00 0.562E+00 0.563E+00 0.225E+00 0.141E-01 0.228E+00 0.142E-01
      2       1       1     128     128       4       4 0.112E+00 0.113E+00 0.962E-01 0.967E-01 0.178E-02 0.111E-03 0.168E-02 0.105E-03
      2       1       1    2048    2048       4       4 0.221E+01 0.222E+01 0.217E+01 0.220E+01 0.106E+01 0.664E-01 0.106E+01 0.664E-01
      2       1       1     256     256       4       4 0.146E+00 0.148E+00 0.130E+00 0.130E+00 0.868E-02 0.543E-03 0.865E-02 0.540E-03
      2       1       1      32      32       4       4 0.315E-01 0.321E-01 0.272E-01 0.274E-01 0.505E-04 0.316E-05 0.424E-04 0.265E-05
      2       1       1    4096    4096       4       4 0.733E+01 0.737E+01 0.725E+01 0.735E+01 0.499E+01 0.312E+00 0.504E+01 0.315E+00
      2       1       1     512     512       4       4 0.256E+00 0.258E+00 0.228E+00 0.233E+00 0.439E-01 0.274E-02 0.427E-01 0.267E-02
      2       1       1      64      64       4       4 0.603E-01 0.611E-01 0.521E-01 0.523E-01 0.304E-03 0.190E-04 0.295E-03 0.185E-04
      2       1      12    1024    1024       4       4 0.103E+01 0.106E+01 0.950E+00 0.964E+00 0.550E-01 0.344E-02 0.547E-01 0.342E-02
      2       1      12     128     128       4       4 0.150E+00 0.151E+00 0.128E+00 0.128E+00 0.130E-02 0.810E-04 0.123E-02 0.768E-04
      2       1      12    2048    2048       4       4 0.345E+01 0.347E+01 0.343E+01 0.347E+01 0.210E+00 0.131E-01 0.194E+00 0.121E-01
      2       1      12     256     256       4       4 0.207E+00 0.211E+00 0.190E+00 0.193E+00 0.473E-02 0.296E-03 0.419E-02 0.262E-03
      2       1      12      32      32       4       4 0.549E-01 0.553E-01 0.498E-01 0.508E-01 0.889E-03 0.556E-04 0.855E-03 0.535E-04
      2       1      12    4096    4096       4       4 0.127E+02 0.134E+02 0.124E+02 0.132E+02 0.906E+00 0.566E-01 0.900E+00 0.563E-01
      2       1      12     512     512       4       4 0.405E+00 0.410E+00 0.367E+00 0.376E+00 0.153E-01 0.955E-03 0.166E-01 0.104E-02
      2       1      12      64      64       4       4 0.922E-01 0.936E-01 0.826E-01 0.834E-01 0.106E-02 0.663E-04 0.102E-02 0.639E-04
      2       1      16    1024    1024       4       4 0.925E+00 0.957E+00 0.868E+00 0.904E+00 0.464E-01 0.290E-02 0.450E-01 0.281E-02
      2       1      16     128     128       4       4 0.143E+00 0.149E+00 0.124E+00 0.130E+00 0.111E-02 0.691E-04 0.109E-02 0.679E-04
      2       1      16    2048    2048       4       4 0.347E+01 0.351E+01 0.334E+01 0.336E+01 0.204E+00 0.128E-01 0.214E+00 0.134E-01
      2       1      16     256     256       4       4 0.208E+00 0.213E+00 0.187E+00 0.193E+00 0.410E-02 0.256E-03 0.396E-02 0.247E-03
      2       1      16      32      32       4       4 0.479E-01 0.482E-01 0.425E-01 0.431E-01 0.768E-03 0.480E-04 0.767E-03 0.479E-04
      2       1      16    4096    4096       4       4 0.112E+02 0.113E+02 0.110E+02 0.111E+02 0.995E+00 0.622E-01 0.103E+01 0.641E-01
      2       1      16     512     512       4       4 0.379E+00 0.388E+00 0.338E+00 0.349E+00 0.151E-01 0.945E-03 0.131E-01 0.821E-03
      2       1      16      64      64       4       4 0.824E-01 0.839E-01 0.725E-01 0.731E-01 0.864E-03 0.540E-04 0.894E-03 0.558E-04
      2       1       2    1024    1024       4       4 0.987E+00 0.995E+00 0.969E+00 0.996E+00 0.138E+00 0.864E-02 0.134E+00 0.836E-02
      2       1       2     128     128       4       4 0.126E+00 0.127E+00 0.108E+00 0.109E+00 0.118E-02 0.741E-04 0.129E-02 0.804E-04
      2       1       2    2048    2048       4       4 0.370E+01 0.384E+01 0.352E+01 0.373E+01 0.640E+00 0.400E-01 0.607E+00 0.379E-01
      2       1       2     256     256       4       4 0.182E+00 0.182E+00 0.162E+00 0.163E+00 0.557E-02 0.348E-03 0.514E-02 0.321E-03
      2       1       2      32      32       4       4 0.376E-01 0.378E-01 0.331E-01 0.337E-01 0.244E-03 0.152E-04 0.247E-03 0.154E-04
      2       1       2    4096    4096       4       4 0.117E+02 0.118E+02 0.117E+02 0.117E+02 0.292E+01 0.182E+00 0.290E+01 0.181E+00
      2       1       2     512     512       4       4 0.339E+00 0.340E+00 0.308E+00 0.313E+00 0.258E-01 0.161E-02 0.260E-01 0.162E-02
      2       1       2      64      64       4       4 0.676E-01 0.686E-01 0.585E-01 0.588E-01 0.387E-03 0.242E-04 0.417E-03 0.260E-04
      2       1      24    1024    1024       4       4 0.103E+01 0.105E+01 0.974E+00 0.986E+00 0.485E-01 0.303E-02 0.433E-01 0.271E-02
      2       1      24     128     128       4       4 0.178E+00 0.185E+00 0.161E+00 0.174E+00 0.324E-02 0.202E-03 0.266E-02 0.166E-03
      2       1      24    2048    2048       4       4 0.380E+01 0.402E+01 0.368E+01 0.382E+01 0.187E+00 0.117E-01 0.210E+00 0.131E-01
      2       1      24     256     256       4       4 0.245E+00 0.254E+00 0.211E+00 0.215E+00 0.659E-02 0.412E-03 0.510E-02 0.319E-03
      2       1      24      32      32       4       4 0.573E-01 0.617E-01 0.532E-01 0.567E-01 0.192E-02 0.120E-03 0.199E-02 0.125E-03
      2       1      24    4096    4096       4       4 0.120E+02 0.132E+02 0.117E+02 0.127E+02 0.958E+00 0.599E-01 0.961E+00 0.601E-01
      2       1      24     512     512       4       4 0.462E+00 0.471E+00 0.404E+00 0.405E+00 0.135E-01 0.845E-03 0.131E-01 0.821E-03
      2       1      24      64      64       4       4 0.145E+00 0.147E+00 0.130E+00 0.139E+00 0.232E-02 0.145E-03 0.225E-02 0.140E-03
      2       1       4    1024    1024       4       4 0.877E+00 0.887E+00 0.839E+00 0.847E+00 0.807E-01 0.504E-02 0.766E-01 0.479E-02
      2       1       4     128     128       4       4 0.126E+00 0.126E+00 0.109E+00 0.109E+00 0.118E-02 0.739E-04 0.113E-02 0.705E-04
      2       1       4    2048    2048       4       4 0.329E+01 0.331E+01 0.328E+01 0.328E+01 0.365E+00 0.228E-01 0.344E+00 0.215E-01
      2       1       4     256     256       4       4 0.182E+00 0.184E+00 0.160E+00 0.162E+00 0.467E-02 0.292E-03 0.400E-02 0.250E-03
      2       1       4      32      32       4       4 0.375E-01 0.378E-01 0.329E-01 0.335E-01 0.358E-03 0.224E-04 0.361E-03 0.226E-04
      2       1       4    4096    4096       4       4 0.117E+02 0.118E+02 0.117E+02 0.118E+02 0.160E+01 0.999E-01 0.159E+01 0.997E-01
      2       1       4     512     512       4       4 0.343E+00 0.347E+00 0.309E+00 0.314E+00 0.198E-01 0.124E-02 0.183E-01 0.114E-02
      2       1       4      64      64       4       4 0.685E-01 0.693E-01 0.595E-01 0.599E-01 0.528E-03 0.330E-04 0.534E-03 0.334E-04
      2       1       8    1024    1024       4       4 0.828E+00 0.854E+00 0.790E+00 0.802E+00 0.648E-01 0.405E-02 0.643E-01 0.402E-02
      2       1       8     128     128       4       4 0.130E+00 0.131E+00 0.110E+00 0.111E+00 0.117E-02 0.731E-04 0.106E-02 0.663E-04
      2       1       8    2048    2048       4       4 0.322E+01 0.329E+01 0.313E+01 0.321E+01 0.249E+00 0.156E-01 0.233E+00 0.146E-01
      2       1       8     256     256       4       4 0.184E+00 0.188E+00 0.159E+00 0.163E+00 0.495E-02 0.309E-03 0.399E-02 0.249E-03
      2       1       8      32      32       4       4 0.383E-01 0.390E-01 0.328E-01 0.333E-01 0.420E-03 0.263E-04 0.404E-03 0.252E-04
      2       1       8    4096    4096       4       4 0.110E+02 0.111E+02 0.109E+02 0.109E+02 0.110E+01 0.686E-01 0.112E+01 0.698E-01
      2       1       8     512     512       4       4 0.348E+00 0.351E+00 0.310E+00 0.316E+00 0.162E-01 0.101E-02 0.156E-01 0.975E-03
      2       1       8      64      64       4       4 0.683E-01 0.702E-01 0.597E-01 0.607E-01 0.590E-03 0.369E-04 0.585E-03 0.366E-04
      2      12       1    1024    1024       4       4 0.232E+00 0.234E+00 0.195E+00 0.196E+00 0.695E-01 0.434E-02 0.664E-01 0.415E-02
      2      12       1     128     128       4       4 0.781E-01 0.801E-01 0.662E-01 0.663E-01 0.117E-02 0.731E-04 0.102E-02 0.637E-04
      2      12       1    2048    2048       4       4 0.394E+00 0.397E+00 0.321E+00 0.322E+00 0.418E+00 0.261E-01 0.400E+00 0.250E-01
      2      12       1     256     256       4       4 0.117E+00 0.121E+00 0.952E-01 0.953E-01 0.337E-02 0.211E-03 0.312E-02 0.195E-03
      2      12       1      32      32       4       4 0.256E-01 0.292E-01 0.202E-01 0.208E-01 0.504E-03 0.315E-04 0.454E-03 0.284E-04
      2      12       1     512     512       4       4 0.164E+00 0.167E+00 0.136E+00 0.137E+00 0.164E-01 0.103E-02 0.147E-01 0.920E-03
      2      12       1      64      64       4       4 0.504E-01 0.537E-01 0.399E-01 0.407E-01 0.629E-03 0.393E-04 0.517E-03 0.323E-04
      2      12       2    1024    1024       4       4 0.261E+00 0.268E+00 0.209E+00 0.213E+00 0.152E+00 0.949E-02 0.152E+00 0.947E-02
      2      12       2     128     128       4       4 0.920E-01 0.928E-01 0.787E-01 0.791E-01 0.802E-02 0.501E-03 0.957E-02 0.598E-03
      2      12       2    2048    2048       4       4 0.530E+00 0.545E+00 0.387E+00 0.393E+00 0.799E+00 0.499E-01 0.794E+00 0.496E-01
      2      12       2     256     256       4       4 0.133E+00 0.138E+00 0.104E+00 0.110E+00 0.803E-02 0.502E-03 0.770E-02 0.481E-03
      2      12       2      32      32       4       4 0.297E-01 0.312E-01 0.227E-01 0.232E-01 0.292E-02 0.182E-03 0.184E-02 0.115E-03
      2      12       2     512     512       4       4 0.188E+00 0.195E+00 0.143E+00 0.145E+00 0.289E-01 0.181E-02 0.271E-01 0.169E-02
      2      12       2      64      64       4       4 0.578E-01 0.592E-01 0.424E-01 0.429E-01 0.738E-02 0.461E-03 0.269E-02 0.168E-03
      2      16       1    1024    1024       4       4 0.513E+00 0.517E+00 0.456E+00 0.456E+00 0.371E-01 0.232E-02 0.352E-01 0.220E-02
      2      16       1     128     128       4       4 0.143E+00 0.150E+00 0.116E+00 0.127E+00 0.882E-03 0.551E-04 0.835E-03 0.522E-04
      2      16       1    2048    2048       4       4 0.120E+01 0.121E+01 0.108E+01 0.108E+01 0.204E+00 0.128E-01 0.194E+00 0.121E-01
      2      16       1     256     256       4       4 0.195E+00 0.198E+00 0.160E+00 0.161E+00 0.199E-02 0.124E-03 0.195E-02 0.122E-03
      2      16       1      32      32       4       4 0.555E-01 0.592E-01 0.460E-01 0.497E-01 0.329E-03 0.206E-04 0.268E-03 0.168E-04
      2      16       1     512     512       4       4 0.367E+00 0.370E+00 0.309E+00 0.309E+00 0.774E-02 0.484E-03 0.760E-02 0.475E-03
      2      16       1      64      64       4       4 0.833E-01 0.861E-01 0.689E-01 0.694E-01 0.431E-03 0.269E-04 0.390E-03 0.244E-04
      2       2       1    1024    1024       4       4 0.863E+00 0.877E+00 0.804E+00 0.824E+00 0.174E+00 0.109E-01 0.170E+00 0.106E-01
      2       2       1     128     128       4       4 0.160E+00 0.163E+00 0.136E+00 0.136E+00 0.176E-02 0.110E-03 0.174E-02 0.108E-03
      2       2       1    2048    2048       4       4 0.300E+01 0.305E+01 0.289E+01 0.292E+01 0.889E+00 0.556E-01 0.849E+00 0.531E-01
      2       2       1     256     256       4       4 0.251E+00 0.257E+00 0.216E+00 0.218E+00 0.823E-02 0.514E-03 0.810E-02 0.506E-03
      2       2       1      32      32       4       4 0.574E-01 0.603E-01 0.473E-01 0.474E-01 0.151E-03 0.946E-05 0.145E-03 0.907E-05
      2       2       1    4096    4096       4       4 0.132E+02 0.133E+02 0.128E+02 0.128E+02 0.596E+01 0.373E+00 0.595E+01 0.372E+00
      2       2       1     512     512       4       4 0.385E+00 0.390E+00 0.342E+00 0.343E+00 0.359E-01 0.225E-02 0.344E-01 0.215E-02
      2       2       1      64      64       4       4 0.892E-01 0.918E-01 0.755E-01 0.761E-01 0.443E-03 0.277E-04 0.407E-03 0.254E-04
      2       2      12    1024    1024       4       4 0.150E+01 0.152E+01 0.145E+01 0.146E+01 0.224E+00 0.140E-01 0.217E+00 0.136E-01
      2       2      12     128     128       4       4 0.270E+00 0.284E+00 0.221E+00 0.229E+00 0.571E-02 0.357E-03 0.321E-02 0.200E-03
      2       2      12    2048    2048       4       4 0.509E+01 0.544E+01 0.483E+01 0.525E+01 0.969E+00 0.606E-01 0.956E+00 0.597E-01
      2       2      12     256     256       4       4 0.441E+00 0.468E+00 0.374E+00 0.385E+00 0.134E-01 0.837E-03 0.130E-01 0.816E-03
      2       2      12      32      32       4       4 0.989E-01 0.108E+00 0.860E-01 0.972E-01 0.132E-02 0.822E-04 0.120E-02 0.748E-04
      2       2      12    4096    4096       4       4 0.149E+02 0.152E+02 0.148E+02 0.150E+02 0.455E+01 0.285E+00 0.400E+01 0.250E+00
      2       2      12     512     512       4       4 0.657E+00 0.674E+00 0.609E+00 0.622E+00 0.470E-01 0.294E-02 0.455E-01 0.285E-02
      2       2      12      64      64       4       4 0.155E+00 0.164E+00 0.135E+00 0.144E+00 0.291E-02 0.182E-03 0.169E-02 0.106E-03
      2       2       2    1024    1024       4       4 0.116E+01 0.122E+01 0.109E+01 0.116E+01 0.157E+00 0.983E-02 0.155E+00 0.966E-02
      2       2       2     128     128       4       4 0.187E+00 0.191E+00 0.156E+00 0.161E+00 0.208E-02 0.130E-03 0.207E-02 0.129E-03
      2       2       2    2048    2048       4       4 0.334E+01 0.338E+01 0.321E+01 0.323E+01 0.644E+00 0.403E-01 0.608E+00 0.380E-01
      2       2       2     256     256       4       4 0.311E+00 0.329E+00 0.272E+00 0.277E+00 0.964E-02 0.602E-03 0.937E-02 0.586E-03
      2       2       2      32      32       4       4 0.678E-01 0.692E-01 0.557E-01 0.576E-01 0.477E-03 0.298E-04 0.440E-03 0.275E-04
      2       2       2    4096    4096       4       4 0.150E+02 0.151E+02 0.144E+02 0.148E+02 0.461E+01 0.288E+00 0.455E+01 0.285E+00
      2       2       2     512     512       4       4 0.485E+00 0.501E+00 0.439E+00 0.443E+00 0.442E-01 0.276E-02 0.439E-01 0.275E-02
      2       2       2      64      64       4       4 0.103E+00 0.108E+00 0.871E-01 0.895E-01 0.974E-03 0.609E-04 0.902E-03 0.564E-04
      2       2       4    1024    1024       4       4 0.123E+01 0.130E+01 0.120E+01 0.127E+01 0.212E+00 0.133E-01 0.205E+00 0.128E-01
      2       2       4     128     128       4       4 0.193E+00 0.194E+00 0.166E+00 0.168E+00 0.240E-02 0.150E-03 0.237E-02 0.148E-03
      2       2       4    2048    2048       4       4 0.448E+01 0.458E+01 0.443E+01 0.444E+01 0.922E+00 0.577E-01 0.921E+00 0.575E-01
      2       2       4     256     256       4       4 0.320E+00 0.326E+00 0.273E+00 0.278E+00 0.935E-02 0.585E-03 0.955E-02 0.597E-03
      2       2       4      32      32       4       4 0.718E-01 0.726E-01 0.593E-01 0.602E-01 0.658E-03 0.411E-04 0.597E-03 0.373E-04
      2       2       4    4096    4096       4       4 0.138E+02 0.140E+02 0.155E+02 0.161E+02 0.444E+01 0.277E+00 0.423E+01 0.264E+00
      2       2       4     512     512       4       4 0.533E+00 0.549E+00 0.490E+00 0.499E+00 0.457E-01 0.286E-02 0.445E-01 0.278E-02
      2       2       4      64      64       4       4 0.108E+00 0.110E+00 0.923E-01 0.935E-01 0.114E-02 0.713E-04 0.113E-02 0.705E-04
      2       2       8    1024    1024       4       4 0.127E+01 0.130E+01 0.121E+01 0.123E+01 0.202E+00 0.126E-01 0.198E+00 0.124E-01
      2       2       8     128     128       4       4 0.193E+00 0.197E+00 0.162E+00 0.165E+00 0.212E-02 0.132E-03 0.203E-02 0.127E-03
      2       2       8    2048    2048       4       4 0.452E+01 0.461E+01 0.443E+01 0.450E+01 0.967E+00 0.604E-01 0.958E+00 0.599E-01
      2       2       8     256     256       4       4 0.332E+00 0.342E+00 0.288E+00 0.299E+00 0.108E-01 0.677E-03 0.106E-01 0.661E-03
      2       2       8      32      32       4       4 0.714E-01 0.739E-01 0.591E-01 0.594E-01 0.796E-03 0.497E-04 0.723E-03 0.452E-04
      2       2       8    4096    4096       4       4 0.134E+02 0.142E+02 0.134E+02 0.139E+02 0.446E+01 0.279E+00 0.425E+01 0.266E+00
      2       2       8     512     512       4       4 0.548E+00 0.561E+00 0.500E+00 0.511E+00 0.444E-01 0.278E-02 0.413E-01 0.258E-02
      2       2       8      64      64       4       4 0.111E+00 0.114E+00 0.926E-01 0.948E-01 0.111E-02 0.693E-04 0.107E-02 0.669E-04
      2      24       1    1024    1024       4       4 0.224E+00 0.227E+00 0.192E+00 0.193E+00 0.455E-01 0.285E-02 0.428E-01 0.267E-02
      2      24       1     128     128       4       4 0.852E-01 0.900E-01 0.682E-01 0.734E-01 0.131E-02 0.821E-04 0.106E-02 0.661E-04
      2      24       1    2048    2048       4       4 0.368E+00 0.373E+00 0.311E+00 0.311E+00 0.298E+00 0.186E-01 0.286E+00 0.179E-01
      2      24       1     256     256       4       4 0.120E+00 0.127E+00 0.989E-01 0.107E+00 0.321E-02 0.200E-03 0.242E-02 0.152E-03
      2      24       1      32      32       4       4 0.280E-01 0.308E-01 0.220E-01 0.221E-01 0.652E-03 0.407E-04 0.532E-03 0.333E-04
      2      24       1     512     512       4       4 0.165E+00 0.168E+00 0.135E+00 0.136E+00 0.884E-02 0.553E-03 0.775E-02 0.485E-03
      2      24       1      64      64       4       4 0.460E-01 0.511E-01 0.386E-01 0.413E-01 0.349E-02 0.218E-03 0.798E-03 0.499E-04
      2       4       1    1024    1024       4       4 0.646E+00 0.653E+00 0.587E+00 0.604E+00 0.100E+00 0.626E-02 0.982E-01 0.614E-02
      2       4       1     128     128       4       4 0.164E+00 0.167E+00 0.139E+00 0.140E+00 0.113E-02 0.708E-04 0.106E-02 0.664E-04
      2       4       1    2048    2048       4       4 0.175E+01 0.178E+01 0.165E+01 0.167E+01 0.487E+00 0.305E-01 0.479E+00 0.299E-01
      2       4       1     256     256       4       4 0.236E+00 0.249E+00 0.200E+00 0.203E+00 0.518E-02 0.324E-03 0.471E-02 0.295E-03
      2       4       1      32      32       4       4 0.609E-01 0.657E-01 0.492E-01 0.501E-01 0.173E-03 0.108E-04 0.153E-03 0.954E-05
      2       4       1    4096    4096       4       4 0.603E+01 0.605E+01 0.577E+01 0.581E+01 0.236E+01 0.147E+00 0.227E+01 0.142E+00
      2       4       1     512     512       4       4 0.353E+00 0.359E+00 0.304E+00 0.306E+00 0.205E-01 0.128E-02 0.194E-01 0.121E-02
      2       4       1      64      64       4       4 0.939E-01 0.101E+00 0.782E-01 0.787E-01 0.369E-03 0.231E-04 0.341E-03 0.213E-04
      2       4       2    1024    1024       4       4 0.920E+00 0.103E+01 0.857E+00 0.100E+01 0.150E+00 0.936E-02 0.147E+00 0.919E-02
      2       4       2     128     128       4       4 0.192E+00 0.195E+00 0.161E+00 0.166E+00 0.179E-02 0.112E-03 0.177E-02 0.110E-03
      2       4       2    2048    2048       4       4 0.319E+01 0.359E+01 0.328E+01 0.346E+01 0.635E+00 0.397E-01 0.639E+00 0.399E-01
      2       4       2     256     256       4       4 0.276E+00 0.285E+00 0.232E+00 0.244E+00 0.627E-02 0.392E-03 0.585E-02 0.365E-03
      2       4       2      32      32       4       4 0.725E-01 0.753E-01 0.592E-01 0.607E-01 0.620E-03 0.387E-04 0.593E-03 0.370E-04
      2       4       2    4096    4096       4       4 0.807E+01 0.846E+01 0.819E+01 0.930E+01 0.257E+01 0.161E+00 0.253E+01 0.158E+00
      2       4       2     512     512       4       4 0.475E+00 0.497E+00 0.415E+00 0.431E+00 0.298E-01 0.186E-02 0.293E-01 0.183E-02
      2       4       2      64      64       4       4 0.108E+00 0.109E+00 0.907E-01 0.908E-01 0.710E-03 0.444E-04 0.672E-03 0.420E-04
      2       4       4    1024    1024       4       4 0.961E+00 0.975E+00 0.898E+00 0.909E+00 0.141E+00 0.882E-02 0.135E+00 0.845E-02
      2       4       4     128     128       4       4 0.198E+00 0.205E+00 0.168E+00 0.170E+00 0.214E-02 0.134E-03 0.205E-02 0.128E-03
      2       4       4    2048    2048       4       4 0.279E+01 0.287E+01 0.273E+01 0.277E+01 0.624E+00 0.390E-01 0.623E+00 0.389E-01
      2       4       4     256     256       4       4 0.282E+00 0.287E+00 0.237E+00 0.244E+00 0.619E-02 0.387E-03 0.565E-02 0.353E-03
      2       4       4      32      32       4       4 0.785E-01 0.805E-01 0.640E-01 0.647E-01 0.783E-03 0.489E-04 0.744E-03 0.465E-04
      2       4       4    4096    4096       4       4 0.929E+01 0.957E+01 0.901E+01 0.924E+01 0.271E+01 0.169E+00 0.263E+01 0.164E+00
      2       4       4     512     512       4       4 0.468E+00 0.474E+00 0.409E+00 0.410E+00 0.287E-01 0.179E-02 0.285E-01 0.178E-02
      2       4       4      64      64       4       4 0.113E+00 0.116E+00 0.953E-01 0.964E-01 0.903E-03 0.564E-04 0.870E-03 0.544E-04
      2       8       1    1024    1024       4       4 0.564E+00 0.572E+00 0.500E+00 0.502E+00 0.570E-01 0.356E-02 0.548E-01 0.343E-02
      2       8       1     128     128       4       4 0.168E+00 0.171E+00 0.142E+00 0.143E+00 0.889E-03 0.556E-04 0.802E-03 0.501E-04
      2       8       1    2048    2048       4       4 0.138E+01 0.140E+01 0.128E+01 0.129E+01 0.303E+00 0.190E-01 0.292E+00 0.183E-01
      2       8       1     256     256       4       4 0.241E+00 0.246E+00 0.201E+00 0.203E+00 0.308E-02 0.193E-03 0.307E-02 0.192E-03
      2       8       1      32      32       4       4 0.514E-01 0.525E-01 0.398E-01 0.402E-01 0.279E-03 0.174E-04 0.214E-03 0.134E-04
      2       8       1    4096    4096       4       4 0.477E+01 0.485E+01 0.457E+01 0.458E+01 0.150E+01 0.941E-01 0.145E+01 0.907E-01
      2       8       1     512     512       4       4 0.350E+00 0.358E+00 0.299E+00 0.303E+00 0.134E-01 0.838E-03 0.129E-01 0.808E-03
      2       8       1      64      64       4       4 0.765E-01 0.783E-01 0.636E-01 0.649E-01 0.382E-03 0.239E-04 0.366E-03 0.229E-04
      2       8       2    1024    1024       4       4 0.709E+00 0.727E+00 0.621E+00 0.626E+00 0.648E-01 0.405E-02 0.617E-01 0.386E-02
      2       8       2     128     128       4       4 0.202E+00 0.210E+00 0.159E+00 0.160E+00 0.172E-02 0.108E-03 0.171E-02 0.107E-03
      2       8       2    2048    2048       4       4 0.174E+01 0.177E+01 0.165E+01 0.168E+01 0.350E+00 0.219E-01 0.347E+00 0.217E-01
      2       8       2     256     256       4       4 0.281E+00 0.283E+00 0.230E+00 0.232E+00 0.464E-02 0.290E-03 0.453E-02 0.283E-03
      2       8       2      32      32       4       4 0.640E-01 0.673E-01 0.483E-01 0.486E-01 0.135E-02 0.846E-04 0.132E-02 0.823E-04
      2       8       2    4096    4096       4       4 0.533E+01 0.545E+01 0.524E+01 0.537E+01 0.131E+01 0.821E-01 0.129E+01 0.809E-01
      2       8       2     512     512       4       4 0.410E+00 0.412E+00 0.345E+00 0.353E+00 0.147E-01 0.920E-03 0.138E-01 0.865E-03
      2       8       2      64      64       4       4 0.891E-01 0.919E-01 0.687E-01 0.688E-01 0.124E-02 0.774E-04 0.120E-02 0.747E-04
      3       1       1    1024    1024       4       4 0.886E-03 0.332E-02 0.000E+00 0.000E+00 0.246E+00 0.154E-01 0.227E+00 0.142E-01
      3       1       1     128     128       4       4 0.851E-03 0.334E-02 0.000E+00 0.000E+00 0.239E-02 0.149E-03 0.223E-02 0.139E-03
      3       1       1    2048    2048       4       4 0.862E-03 0.304E-02 0.000E+00 0.000E+00 0.149E+01 0.929E-01 0.147E+01 0.918E-01
      3       1       1     256     256       4       4 0.772E-03 0.300E-02 0.000E+00 0.000E+00 0.101E-01 0.632E-03 0.971E-02 0.607E-03
      3       1       1      32      32       4       4 0.735E-03 0.289E-02 0.000E+00 0.000E+00 0.222E-03 0.139E-04 0.141E-03 0.882E-05
      3       1       1    4096    4096       4       4 0.963E-03 0.315E-02 0.000E+00 0.000E+00 0.655E+01 0.409E+00 0.627E+01 0.392E+00
      3       1       1     512     512       4       4 0.892E-03 0.337E-02 0.000E+00 0.000E+00 0.460E-01 0.287E-02 0.425E-01 0.266E-02
      3       1       1      64      64       4       4 0.752E-03 0.297E-02 0.000E+00 0.000E+00 0.604E-03 0.377E-04 0.462E-03 0.288E-04
      3       1      12    1024    1024       4       4 0.450E-02 0.177E-01 0.000E+00 0.000E+00 0.122E+00 0.761E-02 0.102E+00 0.635E-02
      3       1      12     128     128       4       4 0.436E-02 0.174E-01 0.238E-06 0.954E-06 0.170E-02 0.106E-03 0.141E-02 0.880E-04
      3       1      12    2048    2048       4       4 0.793E-03 0.263E-02 0.000E+00 0.000E+00 0.636E+00 0.398E-01 0.591E+00 0.370E-01
      3       1      12     256     256       4       4 0.188E-02 0.740E-02 0.000E+00 0.000E+00 0.622E-02 0.389E-03 0.522E-02 0.326E-03
      3       1      12      32      32       4       4 0.719E-02 0.287E-01 0.000E+00 0.000E+00 0.468E-03 0.293E-04 0.252E-03 0.158E-04
      3       1      12    4096    4096       4       4 0.866E-03 0.268E-02 0.000E+00 0.000E+00 0.264E+01 0.165E+00 0.243E+01 0.152E+00
      3       1      12     512     512       4       4 0.597E-02 0.236E-01 0.000E+00 0.000E+00 0.225E-01 0.141E-02 0.195E-01 0.122E-02
      3       1      12      64      64       4       4 0.415E-02 0.166E-01 0.000E+00 0.000E+00 0.777E-03 0.486E-04 0.566E-03 0.354E-04
      3       1      16    1024    1024       4       4 0.651E-03 0.232E-02 0.000E+00 0.000E+00 0.119E+00 0.743E-02 0.104E+00 0.647E-02
      3       1      16     128     128       4       4 0.433E-02 0.172E-01 0.000E+00 0.000E+00 0.190E-02 0.119E-03 0.150E-02 0.938E-04
      3       1      16    2048    2048       4       4 0.728E-03 0.241E-02 0.000E+00 0.000E+00 0.640E+00 0.400E-01 0.623E+00 0.389E-01
      3       1      16     256     256       4       4 0.361E-02 0.143E-01 0.000E+00 0.000E+00 0.594E-02 0.371E-03 0.501E-02 0.313E-03
      3       1      16      32      32       4       4 0.413E-02 0.165E-01 0.238E-06 0.954E-06 0.585E-03 0.366E-04 0.272E-03 0.170E-04
      3       1      16    4096    4096       4       4 0.911E-03 0.262E-02 0.238E-06 0.954E-06 0.282E+01 0.176E+00 0.256E+01 0.160E+00
      3       1      16     512     512       4       4 0.413E-02 0.163E-01 0.000E+00 0.000E+00 0.227E-01 0.142E-02 0.191E-01 0.119E-02
      3       1      16      64      64       4       4 0.394E-02 0.157E-01 0.000E+00 0.000E+00 0.803E-03 0.502E-04 0.555E-03 0.347E-04
      3       1       2    1024    1024       4       4 0.836E-03 0.306E-02 0.000E+00 0.000E+00 0.183E+00 0.115E-01 0.170E+00 0.106E-01
      3       1       2     128     128       4       4 0.242E-02 0.963E-02 0.000E+00 0.000E+00 0.209E-02 0.131E-03 0.195E-02 0.122E-03
      3       1       2    2048    2048       4       4 0.877E-03 0.308E-02 0.000E+00 0.000E+00 0.101E+01 0.630E-01 0.992E+00 0.620E-01
      3       1       2     256     256       4       4 0.926E-03 0.362E-02 0.000E+00 0.000E+00 0.764E-02 0.478E-03 0.703E-02 0.440E-03
      3       1       2      32      32       4       4 0.377E-02 0.150E-01 0.000E+00 0.000E+00 0.312E-03 0.195E-04 0.190E-03 0.119E-04
      3       1       2    4096    4096       4       4 0.983E-03 0.322E-02 0.000E+00 0.000E+00 0.462E+01 0.289E+00 0.440E+01 0.275E+00
      3       1       2     512     512       4       4 0.124E-02 0.476E-02 0.000E+00 0.000E+00 0.321E-01 0.201E-02 0.285E-01 0.178E-02
      3       1       2      64      64       4       4 0.353E-02 0.141E-01 0.000E+00 0.000E+00 0.665E-03 0.416E-04 0.511E-03 0.319E-04
      3       1      24    1024    1024       4       4 0.269E-02 0.104E-01 0.238E-06 0.954E-06 0.120E+00 0.747E-02 0.100E+00 0.627E-02
      3       1      24     128     128       4       4 0.348E-02 0.138E-01 0.000E+00 0.000E+00 0.231E-02 0.144E-03 0.159E-02 0.995E-04
      3       1      24    2048    2048       4       4 0.674E-03 0.216E-02 0.000E+00 0.000E+00 0.594E+00 0.372E-01 0.548E+00 0.343E-01
      3       1      24     256     256       4       4 0.775E-02 0.309E-01 0.000E+00 0.000E+00 0.583E-02 0.364E-03 0.467E-02 0.292E-03
      3       1      24      32      32       4       4 0.298E-02 0.119E-01 0.298E-06 0.119E-05 0.622E-03 0.388E-04 0.321E-03 0.201E-04
      3       1      24    4096    4096       4       4 0.140E-02 0.477E-02 0.000E+00 0.000E+00 0.259E+01 0.162E+00 0.238E+01 0.149E+00
      3       1      24     512     512       4       4 0.905E-03 0.336E-02 0.000E+00 0.000E+00 0.227E-01 0.142E-02 0.193E-01 0.120E-02
      3       1      24      64      64       4       4 0.399E-02 0.159E-01 0.000E+00 0.000E+00 0.993E-03 0.620E-04 0.630E-03 0.394E-04
      3       1       4    1024    1024       4       4 0.784E-03 0.287E-02 0.238E-06 0.954E-06 0.142E+00 0.885E-02 0.126E+00 0.786E-02
      3       1       4     128     128       4       4 0.288E-02 0.114E-01 0.238E-06 0.954E-06 0.203E-02 0.127E-03 0.182E-02 0.114E-03
      3       1       4    2048    2048       4       4 0.832E-03 0.285E-02 0.000E+00 0.000E+00 0.783E+00 0.490E-01 0.734E+00 0.459E-01
      3       1       4     256     256       4       4 0.417E-02 0.166E-01 0.000E+00 0.000E+00 0.649E-02 0.406E-03 0.595E-02 0.372E-03
      3       1       4      32      32       4       4 0.420E-02 0.168E-01 0.238E-06 0.954E-06 0.357E-03 0.223E-04 0.197E-03 0.123E-04
      3       1       4    4096    4096       4       4 0.924E-03 0.295E-02 0.000E+00 0.000E+00 0.336E+01 0.210E+00 0.310E+01 0.194E+00
      3       1       4     512     512       4       4 0.153E-02 0.593E-02 0.000E+00 0.000E+00 0.276E-01 0.173E-02 0.250E-01 0.156E-02
      3       1       4      64      64       4       4 0.406E-02 0.162E-01 0.000E+00 0.000E+00 0.677E-03 0.423E-04 0.511E-03 0.319E-04
      3       1       8    1024    1024       4       4 0.685E-03 0.247E-02 0.298E-06 0.119E-05 0.127E+00 0.793E-02 0.108E+00 0.674E-02
      3       1       8     128     128       4       4 0.365E-02 0.145E-01 0.000E+00 0.000E+00 0.182E-02 0.114E-03 0.158E-02 0.988E-04
      3       1       8    2048    2048       4       4 0.777E-03 0.264E-02 0.000E+00 0.000E+00 0.688E+00 0.430E-01 0.640E+00 0.400E-01
      3       1       8     256     256       4       4 0.429E-02 0.171E-01 0.000E+00 0.000E+00 0.565E-02 0.353E-03 0.504E-02 0.315E-03
      3       1       8      32      32       4       4 0.438E-02 0.175E-01 0.000E+00 0.000E+00 0.517E-03 0.323E-04 0.286E-03 0.179E-04
      3       1       8    4096    4096       4       4 0.857E-03 0.264E-02 0.000E+00 0.000E+00 0.283E+01 0.177E+00 0.260E+01 0.162E+00
      3       1       8     512     512       4       4 0.392E-02 0.155E-01 0.000E+00 0.000E+00 0.246E-01 0.154E-02 0.214E-01 0.134E-02
      3       1       8      64      64       4       4 0.424E-02 0.169E-01 0.000E+00 0.000E+00 0.654E-03 0.409E-04 0.461E-03 0.288E-04
      3      12       1    1024    1024       4       4 0.186E-01 0.686E-01 0.000E+00 0.000E+00 0.160E+00 0.998E-02 0.127E+00 0.797E-02
      3      12       1     128     128       4       4 0.216E-01 0.859E-01 0.000E+00 0.000E+00 0.417E-02 0.261E-03 0.252E-02 0.157E-03
      3      12       1    2048    2048       4       4 0.244E-01 0.436E-01 0.000E+00 0.000E+00 0.763E+00 0.477E-01 0.723E+00 0.452E-01
      3      12       1     256     256       4       4 0.225E-01 0.897E-01 0.238E-06 0.954E-06 0.117E-01 0.729E-03 0.851E-02 0.532E-03
      3      12       1      32      32       4       4 0.314E-01 0.125E+00 0.000E+00 0.000E+00 0.206E-02 0.129E-03 0.113E-02 0.707E-04
      3      12       1     512     512       4       4 0.400E-01 0.157E+00 0.000E+00 0.000E+00 0.839E-01 0.524E-02 0.275E-01 0.172E-02
      3      12       1      64      64       4       4 0.173E-01 0.688E-01 0.000E+00 0.000E+00 0.209E-02 0.130E-03 0.119E-02 0.747E-04
      3      12       2    1024    1024       4       4 0.341E-01 0.123E+00 0.238E-06 0.954E-06 0.167E+00 0.104E-01 0.143E+00 0.891E-02
      3      12       2     128     128       4       4 0.138E-01 0.549E-01 0.000E+00 0.000E+00 0.507E-02 0.317E-03 0.326E-02 0.204E-03
      3      12       2    2048    2048       4       4 0.507E-01 0.177E+00 0.000E+00 0.000E+00 0.706E+00 0.442E-01 0.638E+00 0.399E-01
      3      12       2     256     256       4       4 0.193E-01 0.769E-01 0.000E+00 0.000E+00 0.125E-01 0.782E-03 0.775E-02 0.484E-03
      3      12       2      32      32       4       4 0.149E-01 0.595E-01 0.000E+00 0.000E+00 0.208E-02 0.130E-03 0.116E-02 0.724E-04
      3      12       2     512     512       4       4 0.223E-01 0.868E-01 0.000E+00 0.000E+00 0.430E-01 0.269E-02 0.338E-01 0.211E-02
      3      12       2      64      64       4       4 0.196E-01 0.782E-01 0.238E-06 0.954E-06 0.255E-02 0.159E-03 0.156E-02 0.976E-04
      3      16       1    1024    1024       4       4 0.477E-01 0.182E+00 0.000E+00 0.000E+00 0.155E+00 0.971E-02 0.120E+00 0.751E-02
      3      16       1     128     128       4       4 0.297E-01 0.119E+00 0.000E+00 0.000E+00 0.491E-02 0.307E-03 0.304E-02 0.190E-03
      3      16       1    2048    2048       4       4 0.551E-01 0.189E+00 0.000E+00 0.000E+00 0.731E+00 0.457E-01 0.640E+00 0.400E-01
      3      16       1     256     256       4       4 0.396E-01 0.158E+00 0.000E+00 0.000E+00 0.124E-01 0.772E-03 0.738E-02 0.461E-03
      3      16       1      32      32       4       4 0.433E-01 0.173E+00 0.000E+00 0.000E+00 0.227E-02 0.142E-03 0.137E-02 0.858E-04
      3      16       1     512     512       4       4 0.192E-01 0.723E-01 0.000E+00 0.000E+00 0.418E-01 0.261E-02 0.295E-01 0.184E-02
      3      16       1      64      64       4       4 0.156E-01 0.622E-01 0.000E+00 0.000E+00 0.278E-02 0.174E-03 0.160E-02 0.997E-04
      3       2       1    1024    1024       4       4 0.531E-02 0.164E-01 0.000E+00 0.000E+00 0.260E+00 0.162E-01 0.220E+00 0.137E-01
      3       2       1     128     128       4       4 0.394E-02 0.157E-01 0.000E+00 0.000E+00 0.476E-01 0.298E-02 0.237E-01 0.148E-02
      3       2       1    2048    2048       4       4 0.929E-02 0.189E-01 0.000E+00 0.000E+00 0.149E+01 0.932E-01 0.133E+01 0.831E-01
      3       2       1     256     256       4       4 0.841E-02 0.335E-01 0.000E+00 0.000E+00 0.138E-01 0.864E-03 0.121E-01 0.756E-03
      3       2       1      32      32       4       4 0.446E-02 0.178E-01 0.000E+00 0.000E+00 0.560E-03 0.350E-04 0.403E-03 0.252E-04
      3       2       1    4096    4096       4       4 0.478E-02 0.178E-01 0.000E+00 0.000E+00 0.599E+01 0.374E+00 0.541E+01 0.338E+00
      3       2       1     512     512       4       4 0.479E-02 0.179E-01 0.000E+00 0.000E+00 0.551E-01 0.344E-02 0.424E-01 0.265E-02
      3       2       1      64      64       4       4 0.762E-02 0.304E-01 0.000E+00 0.000E+00 0.271E-01 0.169E-02 0.112E-02 0.702E-04
      3       2      12    1024    1024       4       4 0.552E-02 0.145E-01 0.000E+00 0.000E+00 0.228E+00 0.143E-01 0.179E+00 0.112E-01
      3       2      12     128     128       4       4 0.625E-02 0.249E-01 0.000E+00 0.000E+00 0.415E-02 0.259E-03 0.358E-02 0.224E-03
      3       2      12    2048    2048       4       4 0.112E-01 0.244E-01 0.000E+00 0.000E+00 0.103E+01 0.647E-01 0.866E+00 0.541E-01
      3       2      12     256     256       4       4 0.395E-02 0.156E-01 0.000E+00 0.000E+00 0.129E-01 0.804E-03 0.113E-01 0.709E-03
      3       2      12      32      32       4       4 0.156E-01 0.625E-01 0.000E+00 0.000E+00 0.119E-02 0.744E-04 0.832E-03 0.520E-04
      3       2      12    4096    4096       4       4 0.674E-02 0.177E-01 0.000E+00 0.000E+00 0.383E+01 0.239E+00 0.330E+01 0.206E+00
      3       2      12     512     512       4       4 0.414E-02 0.152E-01 0.000E+00 0.000E+00 0.475E-01 0.297E-02 0.414E-01 0.259E-02
      3       2      12      64      64       4       4 0.509E-02 0.202E-01 0.000E+00 0.000E+00 0.181E-02 0.113E-03 0.143E-02 0.897E-04
      3       2       2    1024    1024       4       4 0.945E-02 0.306E-01 0.000E+00 0.000E+00 0.264E+00 0.165E-01 0.216E+00 0.135E-01
      3       2       2     128     128       4       4 0.624E-02 0.248E-01 0.000E+00 0.000E+00 0.386E-02 0.241E-03 0.368E-02 0.230E-03
      3       2       2    2048    2048       4       4 0.112E-01 0.246E-01 0.000E+00 0.000E+00 0.116E+01 0.727E-01 0.993E+00 0.621E-01
      3       2       2     256     256       4       4 0.383E-02 0.152E-01 0.000E+00 0.000E+00 0.120E-01 0.752E-03 0.109E-01 0.681E-03
      3       2       2      32      32       4       4 0.101E-01 0.404E-01 0.000E+00 0.000E+00 0.857E-03 0.536E-04 0.639E-03 0.400E-04
      3       2       2    4096    4096       4       4 0.616E-02 0.164E-01 0.000E+00 0.000E+00 0.475E+01 0.297E+00 0.424E+01 0.265E+00
      3       2       2     512     512       4       4 0.912E-02 0.351E-01 0.000E+00 0.000E+00 0.465E-01 0.290E-02 0.377E-01 0.235E-02
      3       2       2      64      64       4       4 0.507E-02 0.202E-01 0.000E+00 0.000E+00 0.150E-02 0.940E-04 0.116E-02 0.727E-04
      3       2       4    1024    1024       4       4 0.600E-02 0.179E-01 0.000E+00 0.000E+00 0.224E+00 0.140E-01 0.174E+00 0.109E-01
      3       2       4     128     128       4       4 0.694E-02 0.276E-01 0.000E+00 0.000E+00 0.395E-02 0.247E-03 0.327E-02 0.205E-03
      3       2       4    2048    2048       4       4 0.137E-01 0.325E-01 0.000E+00 0.000E+00 0.102E+01 0.639E-01 0.850E+00 0.531E-01
      3       2       4     256     256       4       4 0.798E-02 0.318E-01 0.000E+00 0.000E+00 0.107E-01 0.666E-03 0.968E-02 0.605E-03
      3       2       4      32      32       4       4 0.830E-02 0.331E-01 0.000E+00 0.000E+00 0.818E-03 0.511E-04 0.602E-03 0.376E-04
      3       2       4    4096    4096       4       4 0.500E-02 0.174E-01 0.000E+00 0.000E+00 0.417E+01 0.261E+00 0.371E+01 0.232E+00
      3       2       4     512     512       4       4 0.622E-02 0.234E-01 0.000E+00 0.000E+00 0.428E-01 0.268E-02 0.341E-01 0.213E-02
      3       2       4      64      64       4       4 0.869E-02 0.347E-01 0.000E+00 0.000E+00 0.163E-02 0.102E-03 0.126E-02 0.789E-04
      3       2       8    1024    1024       4       4 0.508E-02 0.147E-01 0.000E+00 0.000E+00 0.210E+00 0.131E-01 0.170E+00 0.107E-01
      3       2       8     128     128       4       4 0.749E-02 0.299E-01 0.000E+00 0.000E+00 0.354E-02 0.221E-03 0.296E-02 0.185E-03
      3       2       8    2048    2048       4       4 0.790E-02 0.208E-01 0.000E+00 0.000E+00 0.101E+01 0.634E-01 0.851E+00 0.532E-01
      3       2       8     256     256       4       4 0.377E-02 0.149E-01 0.000E+00 0.000E+00 0.106E-01 0.661E-03 0.982E-02 0.614E-03
      3       2       8      32      32       4       4 0.643E-02 0.256E-01 0.000E+00 0.000E+00 0.107E-02 0.670E-04 0.839E-03 0.524E-04
      3       2       8    4096    4096       4       4 0.500E-02 0.192E-01 0.000E+00 0.000E+00 0.403E+01 0.252E+00 0.356E+01 0.223E+00
      3       2       8     512     512       4       4 0.534E-02 0.198E-01 0.000E+00 0.000E+00 0.478E-01 0.299E-02 0.415E-01 0.259E-02
      3       2       8      64      64       4       4 0.900E-02 0.359E-01 0.000E+00 0.000E+00 0.154E-02 0.966E-04 0.119E-02 0.746E-04
      3      24       1    1024    1024       4       4 0.438E-01 0.165E+00 0.000E+00 0.000E+00 0.159E+00 0.993E-02 0.127E+00 0.795E-02
      3      24       1     128     128       4       4 0.271E-01 0.108E+00 0.000E+00 0.000E+00 0.637E-02 0.398E-03 0.358E-02 0.224E-03
      3      24       1    2048    2048       4       4 0.792E-01 0.272E+00 0.238E-06 0.954E-06 0.688E+00 0.430E-01 0.626E+00 0.391E-01
      3      24       1     256     256       4       4 0.349E-01 0.137E+00 0.000E+00 0.000E+00 0.135E-01 0.842E-03 0.797E-02 0.498E-03
      3      24       1      32      32       4       4 0.312E-01 0.124E+00 0.000E+00 0.000E+00 0.549E-02 0.343E-03 0.180E-02 0.112E-03
      3      24       1     512     512       4       4 0.404E-01 0.157E+00 0.000E+00 0.000E+00 0.437E-01 0.273E-02 0.319E-01 0.199E-02
      3      24       1      64      64       4       4 0.362E-01 0.142E+00 0.000E+00 0.000E+00 0.386E-02 0.241E-03 0.214E-02 0.134E-03
      3       4       1    1024    1024       4       4 0.218E-01 0.823E-01 0.000E+00 0.000E+00 0.207E+00 0.130E-01 0.163E+00 0.102E-01
      3       4       1     128     128       4       4 0.104E-01 0.413E-01 0.000E+00 0.000E+00 0.544E-02 0.340E-03 0.286E-02 0.178E-03
      3       4       1    2048    2048       4       4 0.155E-01 0.420E-01 0.000E+00 0.000E+00 0.954E+00 0.596E-01 0.795E+00 0.497E-01
      3       4       1     256     256       4       4 0.245E-01 0.979E-01 0.238E-06 0.954E-06 0.119E-01 0.746E-03 0.103E-01 0.647E-03
      3       4       1      32      32       4       4 0.107E-01 0.427E-01 0.000E+00 0.000E+00 0.736E-03 0.460E-04 0.601E-03 0.376E-04
      3       4       1    4096    4096       4       4 0.153E-01 0.522E-01 0.000E+00 0.000E+00 0.433E+01 0.271E+00 0.364E+01 0.228E+00
      3       4       1     512     512       4       4 0.102E-01 0.395E-01 0.000E+00 0.000E+00 0.484E-01 0.302E-02 0.346E-01 0.216E-02
      3       4       1      64      64       4       4 0.105E-01 0.417E-01 0.000E+00 0.000E+00 0.147E-02 0.917E-04 0.121E-02 0.754E-04
      3       4       2    1024    1024       4       4 0.129E-01 0.461E-01 0.000E+00 0.000E+00 0.191E+00 0.119E-01 0.158E+00 0.988E-02
      3       4       2     128     128       4       4 0.123E-01 0.490E-01 0.000E+00 0.000E+00 0.345E-02 0.215E-03 0.300E-02 0.188E-03
      3       4       2    2048    2048       4       4 0.112E-01 0.242E-01 0.000E+00 0.000E+00 0.894E+00 0.559E-01 0.742E+00 0.464E-01
      3       4       2     256     256       4       4 0.137E-01 0.546E-01 0.000E+00 0.000E+00 0.115E-01 0.721E-03 0.876E-02 0.548E-03
      3       4       2      32      32       4       4 0.160E-01 0.641E-01 0.000E+00 0.000E+00 0.958E-03 0.599E-04 0.838E-03 0.524E-04
      3       4       2    4096    4096       4       4 0.115E-01 0.415E-01 0.000E+00 0.000E+00 0.391E+01 0.244E+00 0.330E+01 0.206E+00
      3       4       2     512     512       4       4 0.143E-01 0.558E-01 0.000E+00 0.000E+00 0.401E-01 0.251E-02 0.354E-01 0.221E-02
      3       4       2      64      64       4       4 0.144E-01 0.573E-01 0.000E+00 0.000E+00 0.273E-01 0.171E-02 0.147E-02 0.921E-04
      3       4       4    1024    1024       4       4 0.640E-02 0.199E-01 0.000E+00 0.000E+00 0.181E+00 0.113E-01 0.148E+00 0.928E-02
      3       4       4     128     128       4       4 0.154E-01 0.616E-01 0.477E-06 0.954E-06 0.380E-02 0.238E-03 0.333E-02 0.208E-03
      3       4       4    2048    2048       4       4 0.115E-01 0.256E-01 0.000E+00 0.000E+00 0.880E+00 0.550E-01 0.731E+00 0.457E-01
      3       4       4     256     256       4       4 0.156E-01 0.624E-01 0.298E-06 0.119E-05 0.101E-01 0.633E-03 0.838E-02 0.524E-03
      3       4       4      32      32       4       4 0.125E-01 0.498E-01 0.000E+00 0.000E+00 0.109E-02 0.678E-04 0.900E-03 0.562E-04
      3       4       4    4096    4096       4       4 0.158E-01 0.591E-01 0.000E+00 0.000E+00 0.360E+01 0.225E+00 0.293E+01 0.183E+00
      3       4       4     512     512       4       4 0.115E-01 0.445E-01 0.000E+00 0.000E+00 0.396E-01 0.247E-02 0.310E-01 0.194E-02
      3       4       4      64      64       4       4 0.138E-01 0.551E-01 0.000E+00 0.000E+00 0.185E-02 0.116E-03 0.151E-02 0.943E-04
      3       8       1    1024    1024       4       4 0.956E-02 0.323E-01 0.238E-06 0.954E-06 0.166E+00 0.104E-01 0.128E+00 0.801E-02
      3       8       1     128     128       4       4 0.723E-02 0.288E-01 0.298E-06 0.119E-05 0.357E-02 0.223E-03 0.224E-02 0.140E-03
      3       8       1    2048    2048       4       4 0.293E-01 0.935E-01 0.000E+00 0.000E+00 0.829E+00 0.518E-01 0.669E+00 0.418E-01
      3       8       1     256     256       4       4 0.207E-01 0.824E-01 0.000E+00 0.000E+00 0.108E-01 0.677E-03 0.841E-02 0.526E-03
      3       8       1      32      32       4       4 0.103E-01 0.410E-01 0.000E+00 0.000E+00 0.129E-02 0.806E-04 0.629E-03 0.393E-04
      3       8       1    4096    4096       4       4 0.246E-01 0.953E-01 0.000E+00 0.000E+00 0.393E+01 0.245E+00 0.353E+01 0.221E+00
      3       8       1     512     512       4       4 0.996E-02 0.380E-01 0.238E-06 0.954E-06 0.398E-01 0.249E-02 0.296E-01 0.185E-02
      3       8       1      64      64       4       4 0.206E-01 0.821E-01 0.000E+00 0.000E+00 0.101E+00 0.633E-02 0.456E-01 0.285E-02
      3       8       2    1024    1024       4       4 0.197E-01 0.690E-01 0.000E+00 0.000E+00 0.161E+00 0.100E-01 0.134E+00 0.839E-02
      3       8       2     128     128       4       4 0.201E-01 0.803E-01 0.000E+00 0.000E+00 0.496E-02 0.310E-03 0.348E-02 0.218E-03
      3       8       2    2048    2048       4       4 0.284E-01 0.919E-01 0.000E+00 0.000E+00 0.830E+00 0.519E-01 0.689E+00 0.431E-01
      3       8       2     256     256       4       4 0.222E-01 0.874E-01 0.000E+00 0.000E+00 0.111E-01 0.696E-03 0.920E-02 0.575E-03
      3       8       2      32      32       4       4 0.223E-01 0.889E-01 0.000E+00 0.000E+00 0.173E-02 0.108E-03 0.955E-03 0.597E-04
      3       8       2    4096    4096       4       4 0.827E-02 0.300E-01 0.000E+00 0.000E+00 0.346E+01 0.216E+00 0.302E+01 0.189E+00
      3       8       2     512     512       4       4 0.100E-01 0.366E-01 0.000E+00 0.000E+00 0.386E-01 0.241E-02 0.282E-01 0.176E-02
      3       8       2      64      64       4       4 0.156E-01 0.624E-01 0.000E+00 0.000E+00 0.269E-02 0.168E-03 0.169E-02 0.106E-03
