res3dt2=[      2       1     128     128     128       4 0.215E+00 0.860E+00 0.218E+00 0.871E+00 0.859E-01 0.215E-01 0.886E-01 0.222E-01
      2       1      16      16      16       4 0.127E-02 0.502E-02 0.129E-02 0.506E-02 0.556E-04 0.139E-04 0.610E-04 0.153E-04
      2       1     256     256     256       4 0.655E+00 0.262E+01 0.648E+00 0.259E+01 0.106E+01 0.265E+00 0.118E+01 0.295E+00
      2       1      32      32      32       4 0.555E-02 0.221E-01 0.548E-02 0.218E-01 0.766E-03 0.191E-03 0.795E-03 0.199E-03
      2       1     512     512     512       4 0.295E+01 0.118E+02 0.294E+01 0.118E+02 0.936E+01 0.234E+01 0.104E+02 0.260E+01
      2       1      64      64      64       4 0.210E-01 0.837E-01 0.212E-01 0.848E-01 0.766E-02 0.192E-02 0.799E-02 0.200E-02
      2       1       8       8       8       4 0.113E-02 0.444E-02 0.106E-02 0.415E-02 0.477E-05 0.119E-05 0.525E-05 0.131E-05
      2      12     128     128     128       4 0.274E+00 0.109E+01 0.331E+00 0.132E+01 0.223E-01 0.557E-02 0.194E-01 0.484E-02
      2      12      16      16      16       4 0.502E-02 0.181E-01 0.481E-02 0.173E-01 0.310E-03 0.775E-04 0.282E-03 0.705E-04
      2      12     256     256     256       4 0.115E+01 0.458E+01 0.119E+01 0.475E+01 0.152E+00 0.381E-01 0.134E+00 0.335E-01
      2      12      32      32      32       4 0.176E-01 0.683E-01 0.206E-01 0.807E-01 0.809E-03 0.202E-03 0.524E-03 0.131E-03
      2      12     512     512     512       4 0.461E+01 0.184E+02 0.470E+01 0.188E+02 0.111E+01 0.278E+00 0.121E+01 0.302E+00
      2      12      64      64      64       4 0.546E-01 0.217E+00 0.643E-01 0.255E+00 0.187E-02 0.467E-03 0.197E-02 0.492E-03
      2      12       8       8       8       4 0.456E-02 0.170E-01 0.406E-02 0.151E-01 0.385E-03 0.962E-04 0.363E-03 0.908E-04
      2      16     128     128     128       4 0.239E+00 0.954E+00 0.296E+00 0.118E+01 0.147E-01 0.368E-02 0.165E-01 0.414E-02
      2      16      16      16      16       4 0.400E-02 0.148E-01 0.324E-02 0.118E-01 0.257E-03 0.643E-04 0.232E-03 0.579E-04
      2      16     256     256     256       4 0.896E+00 0.357E+01 0.869E+00 0.346E+01 0.148E+00 0.371E-01 0.130E+00 0.325E-01
      2      16      32      32      32       4 0.167E-01 0.646E-01 0.175E-01 0.687E-01 0.767E-03 0.192E-03 0.458E-03 0.114E-03
      2      16     512     512     512       4 0.309E+01 0.124E+02 0.305E+01 0.122E+02 0.963E+00 0.241E+00 0.980E+00 0.245E+00
      2      16      64      64      64       4 0.474E-01 0.188E+00 0.530E-01 0.210E+00 0.195E-02 0.488E-03 0.212E-02 0.530E-03
      2      16       8       8       8       4 0.326E-02 0.117E-01 0.293E-02 0.105E-01 0.251E-03 0.628E-04 0.203E-03 0.508E-04
      2       2     128     128     128       4 0.319E+00 0.128E+01 0.329E+00 0.132E+01 0.499E-01 0.125E-01 0.508E-01 0.127E-01
      2       2      16      16      16       4 0.315E-02 0.124E-01 0.316E-02 0.125E-01 0.140E-03 0.350E-04 0.152E-03 0.380E-04
      2       2     256     256     256       4 0.105E+01 0.420E+01 0.121E+01 0.486E+01 0.566E+00 0.141E+00 0.671E+00 0.168E+00
      2       2      32      32      32       4 0.116E-01 0.461E-01 0.118E-01 0.470E-01 0.653E-03 0.163E-03 0.574E-03 0.144E-03
      2       2     512     512     512       4 0.484E+01 0.193E+02 0.493E+01 0.197E+02 0.515E+01 0.129E+01 0.578E+01 0.145E+01
      2       2      64      64      64       4 0.412E-01 0.165E+00 0.438E-01 0.175E+00 0.466E-02 0.117E-02 0.477E-02 0.119E-02
      2       2       8       8       8       4 0.221E-02 0.868E-02 0.196E-02 0.763E-02 0.768E-04 0.192E-04 0.730E-04 0.182E-04
      2      24     128     128     128       4 0.299E+00 0.119E+01 0.376E+00 0.150E+01 0.170E-01 0.425E-02 0.160E-01 0.400E-02
      2      24      16      16      16       4 0.645E-02 0.235E-01 0.705E-02 0.259E-01 0.476E-03 0.119E-03 0.438E-03 0.110E-03
      2      24     256     256     256       4 0.113E+01 0.449E+01 0.114E+01 0.453E+01 0.102E+00 0.256E-01 0.103E+00 0.258E-01
      2      24      32      32      32       4 0.175E-01 0.666E-01 0.194E-01 0.749E-01 0.754E-03 0.189E-03 0.616E-03 0.154E-03
      2      24     512     512     512       4 0.446E+01 0.178E+02 0.437E+01 0.175E+02 0.985E+00 0.246E+00 0.926E+00 0.232E+00
      2      24      64      64      64       4 0.586E-01 0.232E+00 0.902E-01 0.357E+00 0.210E-02 0.525E-03 0.214E-02 0.536E-03
      2      24       8       8       8       4 0.613E-02 0.233E-01 0.521E-02 0.197E-01 0.381E-03 0.952E-04 0.291E-03 0.727E-04
      2       4     128     128     128       4 0.272E+00 0.109E+01 0.276E+00 0.110E+01 0.325E-01 0.812E-02 0.334E-01 0.834E-02
      2       4      16      16      16       4 0.324E-02 0.126E-01 0.323E-02 0.126E-01 0.123E-03 0.307E-04 0.121E-03 0.302E-04
      2       4     256     256     256       4 0.964E+00 0.385E+01 0.972E+00 0.389E+01 0.318E+00 0.794E-01 0.336E+00 0.841E-01
      2       4      32      32      32       4 0.117E-01 0.463E-01 0.116E-01 0.461E-01 0.596E-03 0.149E-03 0.425E-03 0.106E-03
      2       4     512     512     512       4 0.426E+01 0.170E+02 0.429E+01 0.172E+02 0.271E+01 0.678E+00 0.299E+01 0.747E+00
      2       4      64      64      64       4 0.411E-01 0.164E+00 0.420E-01 0.168E+00 0.267E-02 0.667E-03 0.293E-02 0.734E-03
      2       4       8       8       8       4 0.239E-02 0.918E-02 0.214E-02 0.824E-02 0.880E-04 0.220E-04 0.980E-04 0.245E-04
      2       8     128     128     128       4 0.248E+00 0.989E+00 0.289E+00 0.116E+01 0.264E-01 0.660E-02 0.261E-01 0.653E-02
      2       8      16      16      16       4 0.317E-02 0.120E-01 0.408E-02 0.157E-01 0.172E-03 0.431E-04 0.141E-03 0.352E-04
      2       8     256     256     256       4 0.910E+00 0.364E+01 0.916E+00 0.366E+01 0.185E+00 0.463E-01 0.189E+00 0.471E-01
      2       8      32      32      32       4 0.118E-01 0.463E-01 0.154E-01 0.609E-01 0.773E-03 0.193E-03 0.620E-03 0.155E-03
      2       8     512     512     512       4 0.376E+01 0.150E+02 0.372E+01 0.149E+02 0.148E+01 0.369E+00 0.163E+01 0.408E+00
      2       8      64      64      64       4 0.405E-01 0.161E+00 0.537E-01 0.214E+00 0.268E-02 0.670E-03 0.305E-02 0.763E-03
      2       8       8       8       8       4 0.206E-02 0.766E-02 0.184E-02 0.680E-02 0.127E-03 0.317E-04 0.114E-03 0.286E-04
      3       1     128     128     128       4 0.900E-03 0.340E-02 0.347E-04 0.498E-04 0.546E-01 0.136E-01 0.782E-01 0.196E-01
      3       1      16      16      16       4 0.770E-03 0.307E-02 0.101E-05 0.286E-05 0.803E-04 0.201E-04 0.501E-04 0.125E-04
      3       1     256     256     256       4 0.927E-03 0.346E-02 0.475E-04 0.639E-04 0.646E+00 0.161E+00 0.940E+00 0.235E+00
      3       1      32      32      32       4 0.802E-03 0.320E-02 0.477E-05 0.141E-04 0.670E-03 0.167E-03 0.569E-03 0.142E-03
      3       1     512     512     512       4 0.960E-03 0.350E-02 0.778E-04 0.104E-03 0.629E+01 0.157E+01 0.830E+01 0.207E+01
      3       1      64      64      64       4 0.936E-03 0.371E-02 0.114E-04 0.229E-04 0.505E-02 0.126E-02 0.494E-02 0.124E-02
      3       1       8       8       8       4 0.693E-03 0.277E-02 0.173E-05 0.381E-05 0.229E-04 0.572E-05 0.715E-05 0.179E-05
      3      12     128     128     128       4 0.278E-02 0.109E-01 0.367E-04 0.460E-04 0.785E-02 0.196E-02 0.989E-02 0.247E-02
      3      12      16      16      16       4 0.137E-02 0.545E-02 0.103E-04 0.200E-04 0.231E-03 0.578E-04 0.145E-03 0.362E-04
      3      12     256     256     256       4 0.604E-03 0.214E-02 0.565E-04 0.830E-04 0.829E-01 0.207E-01 0.131E+00 0.328E-01
      3      12      32      32      32       4 0.335E-02 0.133E-01 0.128E-04 0.231E-04 0.380E-03 0.950E-04 0.378E-03 0.945E-04
      3      12     512     512     512       4 0.967E-03 0.351E-02 0.780E-04 0.101E-03 0.900E+00 0.225E+00 0.137E+01 0.343E+00
      3      12      64      64      64       4 0.269E-02 0.107E-01 0.136E-04 0.272E-04 0.114E-02 0.286E-03 0.138E-02 0.346E-03
      3      12       8       8       8       4 0.642E-02 0.257E-01 0.155E-05 0.286E-05 0.310E-04 0.775E-05 0.858E-05 0.215E-05
      3      16     128     128     128       4 0.102E-02 0.385E-02 0.353E-04 0.460E-04 0.658E-02 0.165E-02 0.700E-02 0.175E-02
      3      16      16      16      16       4 0.387E-02 0.154E-01 0.144E-04 0.219E-04 0.236E-03 0.590E-04 0.197E-03 0.492E-04
      3      16     256     256     256       4 0.525E-03 0.182E-02 0.582E-04 0.730E-04 0.687E-01 0.172E-01 0.110E+00 0.275E-01
      3      16      32      32      32       4 0.388E-02 0.155E-01 0.220E-04 0.479E-04 0.369E-03 0.922E-04 0.382E-03 0.955E-04
      3      16     512     512     512       4 0.951E-03 0.341E-02 0.103E-03 0.116E-03 0.830E+00 0.208E+00 0.116E+01 0.290E+00
      3      16      64      64      64       4 0.192E-02 0.762E-02 0.142E-04 0.269E-04 0.126E-02 0.315E-03 0.100E-02 0.250E-03
      3      16       8       8       8       4 0.429E-02 0.171E-01 0.125E-05 0.405E-05 0.291E-04 0.727E-05 0.906E-05 0.226E-05
      3       2     128     128     128       4 0.157E-02 0.606E-02 0.325E-04 0.420E-04 0.301E-01 0.753E-02 0.392E-01 0.979E-02
      3       2      16      16      16       4 0.641E-03 0.256E-02 0.954E-06 0.191E-05 0.780E-04 0.195E-04 0.508E-04 0.127E-04
      3       2     256     256     256       4 0.816E-03 0.301E-02 0.510E-04 0.670E-04 0.355E+00 0.887E-01 0.618E+00 0.155E+00
      3       2      32      32      32       4 0.312E-02 0.124E-01 0.123E-04 0.229E-04 0.585E-03 0.146E-03 0.709E-03 0.177E-03
      3       2     512     512     512       4 0.849E-03 0.304E-02 0.795E-04 0.107E-03 0.366E+01 0.916E+00 0.552E+01 0.138E+01
      3       2      64      64      64       4 0.145E-02 0.574E-02 0.181E-04 0.331E-04 0.302E-02 0.755E-03 0.304E-02 0.759E-03
      3       2       8       8       8       4 0.638E-03 0.255E-02 0.119E-05 0.191E-05 0.222E-04 0.554E-05 0.100E-04 0.250E-05
      3      24     128     128     128       4 0.136E-02 0.523E-02 0.370E-04 0.489E-04 0.733E-02 0.183E-02 0.781E-02 0.195E-02
      3      24      16      16      16       4 0.504E-02 0.201E-01 0.115E-04 0.229E-04 0.305E-03 0.763E-04 0.201E-03 0.502E-04
      3      24     256     256     256       4 0.572E-03 0.189E-02 0.958E-04 0.166E-03 0.590E-01 0.147E-01 0.865E-01 0.216E-01
      3      24      32      32      32       4 0.384E-02 0.153E-01 0.172E-04 0.420E-04 0.421E-03 0.105E-03 0.389E-03 0.972E-04
      3      24     512     512     512       4 0.939E-03 0.340E-02 0.894E-04 0.133E-03 0.671E+00 0.168E+00 0.894E+00 0.223E+00
      3      24      64      64      64       4 0.499E-02 0.199E-01 0.218E-04 0.491E-04 0.146E-02 0.365E-03 0.112E-02 0.279E-03
      3      24       8       8       8       4 0.613E-02 0.245E-01 0.149E-05 0.405E-05 0.308E-04 0.769E-05 0.103E-04 0.256E-05
      3       4     128     128     128       4 0.165E-02 0.640E-02 0.345E-04 0.441E-04 0.162E-01 0.405E-02 0.221E-01 0.551E-02
      3       4      16      16      16       4 0.467E-02 0.186E-01 0.102E-04 0.179E-04 0.155E-03 0.387E-04 0.136E-03 0.340E-04
      3       4     256     256     256       4 0.739E-03 0.268E-02 0.520E-04 0.670E-04 0.187E+00 0.468E-01 0.316E+00 0.791E-01
      3       4      32      32      32       4 0.332E-02 0.133E-01 0.110E-04 0.200E-04 0.427E-03 0.107E-03 0.591E-03 0.148E-03
      3       4     512     512     512       4 0.976E-03 0.355E-02 0.800E-04 0.105E-03 0.211E+01 0.528E+00 0.277E+01 0.692E+00
      3       4      64      64      64       4 0.296E-02 0.118E-01 0.190E-04 0.370E-04 0.240E-02 0.601E-03 0.266E-02 0.666E-03
      3       4       8       8       8       4 0.658E-02 0.263E-01 0.119E-05 0.191E-05 0.210E-04 0.525E-05 0.906E-05 0.226E-05
      3       8     128     128     128       4 0.108E-02 0.411E-02 0.354E-04 0.470E-04 0.913E-02 0.228E-02 0.120E-01 0.299E-02
      3       8      16      16      16       4 0.541E-02 0.216E-01 0.120E-04 0.200E-04 0.170E-03 0.425E-04 0.155E-03 0.387E-04
      3       8     256     256     256       4 0.686E-03 0.242E-02 0.719E-04 0.110E-03 0.105E+00 0.261E-01 0.175E+00 0.437E-01
      3       8      32      32      32       4 0.395E-02 0.158E-01 0.113E-04 0.200E-04 0.372E-03 0.930E-04 0.365E-03 0.913E-04
      3       8     512     512     512       4 0.897E-03 0.324E-02 0.862E-04 0.123E-03 0.131E+01 0.326E+00 0.185E+01 0.462E+00
      3       8      64      64      64       4 0.577E-02 0.230E-01 0.125E-04 0.229E-04 0.138E-02 0.346E-03 0.151E-02 0.376E-03
      3       8       8       8       8       4 0.545E-02 0.218E-01 0.143E-05 0.381E-05 0.222E-04 0.554E-05 0.978E-05 0.244E-05
      4       1     128     128     128       4 0.000E+00 0.000E+00 0.000E+00 0.000E+00 0.000E+00 0.000E+00 0.000E+00 0.000E+00
      4       1      16      16      16       4 0.000E+00 0.000E+00 0.000E+00 0.000E+00 0.000E+00 0.000E+00 0.000E+00 0.000E+00
      4       1     256     256     256       4 0.000E+00 0.000E+00 0.000E+00 0.000E+00 0.000E+00 0.000E+00 0.000E+00 0.000E+00
      4       1      32      32      32       4 0.000E+00 0.000E+00 0.000E+00 0.000E+00 0.000E+00 0.000E+00 0.000E+00 0.000E+00
      4       1     512     512     512       4 0.000E+00 0.000E+00 0.000E+00 0.000E+00 0.000E+00 0.000E+00 0.000E+00 0.000E+00
      4       1      64      64      64       4 0.000E+00 0.000E+00 0.000E+00 0.000E+00 0.000E+00 0.000E+00 0.000E+00 0.000E+00
      4       1       8       8       8       4 0.000E+00 0.000E+00 0.000E+00 0.000E+00 0.000E+00 0.000E+00 0.000E+00 0.000E+00
      4      12     128     128     128       4 0.000E+00 0.000E+00 0.000E+00 0.000E+00 0.000E+00 0.000E+00 0.000E+00 0.000E+00
      4      12      16      16      16       4 0.000E+00 0.000E+00 0.000E+00 0.000E+00 0.000E+00 0.000E+00 0.000E+00 0.000E+00
      4      12     256     256     256       4 0.000E+00 0.000E+00 0.000E+00 0.000E+00 0.000E+00 0.000E+00 0.000E+00 0.000E+00
      4      12      32      32      32       4 0.000E+00 0.000E+00 0.000E+00 0.000E+00 0.000E+00 0.000E+00 0.000E+00 0.000E+00
      4      12     512     512     512       4 0.000E+00 0.000E+00 0.000E+00 0.000E+00 0.000E+00 0.000E+00 0.000E+00 0.000E+00
      4      12      64      64      64       4 0.000E+00 0.000E+00 0.000E+00 0.000E+00 0.000E+00 0.000E+00 0.000E+00 0.000E+00
      4      12       8       8       8       4 0.000E+00 0.000E+00 0.000E+00 0.000E+00 0.000E+00 0.000E+00 0.000E+00 0.000E+00
      4      16     128     128     128       4 0.000E+00 0.000E+00 0.000E+00 0.000E+00 0.000E+00 0.000E+00 0.000E+00 0.000E+00
      4      16      16      16      16       4 0.000E+00 0.000E+00 0.000E+00 0.000E+00 0.000E+00 0.000E+00 0.000E+00 0.000E+00
      4      16     256     256     256       4 0.000E+00 0.000E+00 0.000E+00 0.000E+00 0.000E+00 0.000E+00 0.000E+00 0.000E+00
      4      16      32      32      32       4 0.000E+00 0.000E+00 0.000E+00 0.000E+00 0.000E+00 0.000E+00 0.000E+00 0.000E+00
      4      16     512     512     512       4 0.000E+00 0.000E+00 0.000E+00 0.000E+00 0.000E+00 0.000E+00 0.000E+00 0.000E+00
      4      16      64      64      64       4 0.000E+00 0.000E+00 0.000E+00 0.000E+00 0.000E+00 0.000E+00 0.000E+00 0.000E+00
      4      16       8       8       8       4 0.000E+00 0.000E+00 0.000E+00 0.000E+00 0.000E+00 0.000E+00 0.000E+00 0.000E+00
      4       2     128     128     128       4 0.000E+00 0.000E+00 0.000E+00 0.000E+00 0.000E+00 0.000E+00 0.000E+00 0.000E+00
      4       2      16      16      16       4 0.000E+00 0.000E+00 0.000E+00 0.000E+00 0.000E+00 0.000E+00 0.000E+00 0.000E+00
      4       2     256     256     256       4 0.000E+00 0.000E+00 0.000E+00 0.000E+00 0.000E+00 0.000E+00 0.000E+00 0.000E+00
      4       2      32      32      32       4 0.000E+00 0.000E+00 0.000E+00 0.000E+00 0.000E+00 0.000E+00 0.000E+00 0.000E+00
      4       2     512     512     512       4 0.000E+00 0.000E+00 0.000E+00 0.000E+00 0.000E+00 0.000E+00 0.000E+00 0.000E+00
      4       2      64      64      64       4 0.000E+00 0.000E+00 0.000E+00 0.000E+00 0.000E+00 0.000E+00 0.000E+00 0.000E+00
      4       2       8       8       8       4 0.000E+00 0.000E+00 0.000E+00 0.000E+00 0.000E+00 0.000E+00 0.000E+00 0.000E+00
      4      24     128     128     128       4 0.000E+00 0.000E+00 0.000E+00 0.000E+00 0.000E+00 0.000E+00 0.000E+00 0.000E+00
      4      24      16      16      16       4 0.000E+00 0.000E+00 0.000E+00 0.000E+00 0.000E+00 0.000E+00 0.000E+00 0.000E+00
      4      24     256     256     256       4 0.000E+00 0.000E+00 0.000E+00 0.000E+00 0.000E+00 0.000E+00 0.000E+00 0.000E+00
      4      24      32      32      32       4 0.000E+00 0.000E+00 0.000E+00 0.000E+00 0.000E+00 0.000E+00 0.000E+00 0.000E+00
      4      24     512     512     512       4 0.000E+00 0.000E+00 0.000E+00 0.000E+00 0.000E+00 0.000E+00 0.000E+00 0.000E+00
      4      24      64      64      64       4 0.000E+00 0.000E+00 0.000E+00 0.000E+00 0.000E+00 0.000E+00 0.000E+00 0.000E+00
      4      24       8       8       8       4 0.000E+00 0.000E+00 0.000E+00 0.000E+00 0.000E+00 0.000E+00 0.000E+00 0.000E+00
      4       4     128     128     128       4 0.000E+00 0.000E+00 0.000E+00 0.000E+00 0.000E+00 0.000E+00 0.000E+00 0.000E+00
      4       4      16      16      16       4 0.000E+00 0.000E+00 0.000E+00 0.000E+00 0.000E+00 0.000E+00 0.000E+00 0.000E+00
      4       4     256     256     256       4 0.000E+00 0.000E+00 0.000E+00 0.000E+00 0.000E+00 0.000E+00 0.000E+00 0.000E+00
      4       4      32      32      32       4 0.000E+00 0.000E+00 0.000E+00 0.000E+00 0.000E+00 0.000E+00 0.000E+00 0.000E+00
      4       4     512     512     512       4 0.000E+00 0.000E+00 0.000E+00 0.000E+00 0.000E+00 0.000E+00 0.000E+00 0.000E+00
      4       4      64      64      64       4 0.000E+00 0.000E+00 0.000E+00 0.000E+00 0.000E+00 0.000E+00 0.000E+00 0.000E+00
      4       4       8       8       8       4 0.000E+00 0.000E+00 0.000E+00 0.000E+00 0.000E+00 0.000E+00 0.000E+00 0.000E+00
      4       8     128     128     128       4 0.000E+00 0.000E+00 0.000E+00 0.000E+00 0.000E+00 0.000E+00 0.000E+00 0.000E+00
      4       8      16      16      16       4 0.000E+00 0.000E+00 0.000E+00 0.000E+00 0.000E+00 0.000E+00 0.000E+00 0.000E+00
      4       8     256     256     256       4 0.000E+00 0.000E+00 0.000E+00 0.000E+00 0.000E+00 0.000E+00 0.000E+00 0.000E+00
      4       8      32      32      32       4 0.000E+00 0.000E+00 0.000E+00 0.000E+00 0.000E+00 0.000E+00 0.000E+00 0.000E+00
      4       8     512     512     512       4 0.000E+00 0.000E+00 0.000E+00 0.000E+00 0.000E+00 0.000E+00 0.000E+00 0.000E+00
      4       8      64      64      64       4 0.000E+00 0.000E+00 0.000E+00 0.000E+00 0.000E+00 0.000E+00 0.000E+00 0.000E+00
      4       8       8       8       8       4 0.000E+00 0.000E+00 0.000E+00 0.000E+00 0.000E+00 0.000E+00 0.000E+00 0.000E+00];
