      2       1    1024    1024       4       4 0.637E-01 0.254E+00 0.869E-01 0.347E+00 0.188E+00 0.117E-01 0.206E+00 0.129E-01
      2       1     128     128       4       4 0.103E-01 0.410E-01 0.936E-02 0.374E-01 0.154E-02 0.964E-04 0.167E-02 0.104E-03
      2       1    2048    2048       4       4 0.203E+00 0.812E+00 0.429E+00 0.171E+01 0.910E+00 0.569E-01 0.111E+01 0.691E-01
      2       1     256     256       4       4 0.160E-01 0.639E-01 0.149E-01 0.595E-01 0.860E-02 0.538E-03 0.952E-02 0.595E-03
      2       1      32      32       4       4 0.279E-02 0.111E-01 0.258E-02 0.103E-01 0.489E-04 0.305E-05 0.508E-04 0.317E-05
      2       1    4096    4096       4       4 0.455E+00 0.182E+01 0.109E+01 0.436E+01 0.414E+01 0.259E+00 0.537E+01 0.336E+00
      2       1     512     512       4       4 0.283E-01 0.113E+00 0.310E-01 0.124E+00 0.383E-01 0.240E-02 0.434E-01 0.271E-02
      2       1      64      64       4       4 0.574E-02 0.229E-01 0.514E-02 0.205E-01 0.245E-03 0.153E-04 0.260E-03 0.162E-04
      2      12    1024    1024       4       4 0.124E+00 0.489E+00 0.136E+00 0.537E+00 0.402E-01 0.252E-02 0.412E-01 0.258E-02
      2      12     128     128       4       4 0.193E-01 0.759E-01 0.224E-01 0.881E-01 0.114E-02 0.714E-04 0.197E-02 0.123E-03
      2      12    2048    2048       4       4 0.356E+00 0.142E+01 0.359E+00 0.143E+01 0.206E+00 0.129E-01 0.162E+00 0.102E-01
      2      12     256     256       4       4 0.278E-01 0.109E+00 0.314E-01 0.122E+00 0.271E-02 0.170E-03 0.259E-02 0.162E-03
      2      12      32      32       4       4 0.109E-01 0.430E-01 0.112E-01 0.442E-01 0.906E-03 0.566E-04 0.881E-03 0.551E-04
      2      12    4096    4096       4       4 0.715E+00 0.285E+01 0.798E+00 0.319E+01 0.711E+00 0.444E-01 0.748E+00 0.468E-01
      2      12     512     512       4       4 0.589E-01 0.233E+00 0.672E-01 0.263E+00 0.137E-01 0.856E-03 0.105E-01 0.653E-03
      2      12      64      64       4       4 0.132E-01 0.518E-01 0.146E-01 0.574E-01 0.114E-02 0.714E-04 0.878E-03 0.549E-04
      2      16    1024    1024       4       4 0.788E-01 0.308E+00 0.937E-01 0.369E+00 0.313E-01 0.196E-02 0.325E-01 0.203E-02
      2      16     128     128       4       4 0.161E-01 0.622E-01 0.191E-01 0.741E-01 0.205E-02 0.128E-03 0.206E-02 0.129E-03
      2      16    2048    2048       4       4 0.289E+00 0.115E+01 0.283E+00 0.113E+01 0.134E+00 0.835E-02 0.137E+00 0.853E-02
      2      16     256     256       4       4 0.248E-01 0.946E-01 0.298E-01 0.114E+00 0.345E-02 0.216E-03 0.337E-02 0.211E-03
      2      16      32      32       4       4 0.539E-02 0.208E-01 0.590E-02 0.230E-01 0.858E-03 0.536E-04 0.778E-03 0.486E-04
      2      16    4096    4096       4       4 0.659E+00 0.263E+01 0.677E+00 0.270E+01 0.712E+00 0.445E-01 0.673E+00 0.421E-01
      2      16     512     512       4       4 0.431E-01 0.169E+00 0.485E-01 0.190E+00 0.962E-02 0.602E-03 0.909E-02 0.568E-03
      2      16      64      64       4       4 0.970E-02 0.378E-01 0.112E-01 0.435E-01 0.120E-02 0.752E-04 0.121E-02 0.755E-04
      2       2    1024    1024       4       4 0.759E-01 0.303E+00 0.101E+00 0.403E+00 0.984E-01 0.615E-02 0.111E+00 0.696E-02
      2       2     128     128       4       4 0.117E-01 0.467E-01 0.115E-01 0.456E-01 0.109E-02 0.680E-04 0.124E-02 0.774E-04
      2       2    2048    2048       4       4 0.333E+00 0.133E+01 0.431E+00 0.173E+01 0.529E+00 0.330E-01 0.585E+00 0.366E-01
      2       2     256     256       4       4 0.202E-01 0.802E-01 0.208E-01 0.828E-01 0.732E-02 0.457E-03 0.747E-02 0.467E-03
      2       2      32      32       4       4 0.385E-02 0.153E-01 0.399E-02 0.158E-01 0.362E-03 0.226E-04 0.380E-03 0.238E-04
      2       2    4096    4096       4       4 0.592E+00 0.237E+01 0.112E+01 0.447E+01 0.234E+01 0.146E+00 0.301E+01 0.188E+00
      2       2     512     512       4       4 0.334E-01 0.133E+00 0.391E-01 0.156E+00 0.235E-01 0.147E-02 0.275E-01 0.172E-02
      2       2      64      64       4       4 0.681E-02 0.271E-01 0.641E-02 0.255E-01 0.381E-03 0.238E-04 0.388E-03 0.243E-04
      2      24    1024    1024       4       4 0.134E+00 0.517E+00 0.164E+00 0.629E+00 0.464E-01 0.290E-02 0.515E-01 0.322E-02
      2      24     128     128       4       4 0.259E-01 0.994E-01 0.287E-01 0.112E+00 0.245E-02 0.153E-03 0.445E-02 0.278E-03
      2      24    2048    2048       4       4 0.320E+00 0.127E+01 0.338E+00 0.134E+01 0.180E+00 0.113E-01 0.182E+00 0.114E-01
      2      24     256     256       4       4 0.360E-01 0.138E+00 0.448E-01 0.171E+00 0.377E-02 0.235E-03 0.420E-02 0.262E-03
      2      24      32      32       4       4 0.668E-02 0.256E-01 0.730E-02 0.279E-01 0.127E-02 0.796E-04 0.100E-02 0.627E-04
      2      24    4096    4096       4       4 0.748E+00 0.298E+01 0.700E+00 0.279E+01 0.635E+00 0.397E-01 0.640E+00 0.400E-01
      2      24     512     512       4       4 0.517E-01 0.201E+00 0.671E-01 0.262E+00 0.103E-01 0.643E-03 0.103E-01 0.644E-03
      2      24      64      64       4       4 0.223E-01 0.881E-01 0.239E-01 0.941E-01 0.180E-02 0.113E-03 0.182E-02 0.114E-03
      2       4    1024    1024       4       4 0.798E-01 0.318E+00 0.916E-01 0.365E+00 0.603E-01 0.377E-02 0.659E-01 0.412E-02
      2       4     128     128       4       4 0.119E-01 0.470E-01 0.119E-01 0.470E-01 0.132E-02 0.823E-04 0.130E-02 0.810E-04
      2       4    2048    2048       4       4 0.266E+00 0.106E+01 0.299E+00 0.119E+01 0.340E+00 0.213E-01 0.361E+00 0.226E-01
      2       4     256     256       4       4 0.187E-01 0.739E-01 0.192E-01 0.755E-01 0.430E-02 0.269E-03 0.409E-02 0.256E-03
      2       4      32      32       4       4 0.372E-02 0.147E-01 0.378E-02 0.149E-01 0.367E-03 0.229E-04 0.401E-03 0.250E-04
      2       4    4096    4096       4       4 0.625E+00 0.250E+01 0.713E+00 0.285E+01 0.128E+01 0.801E-01 0.157E+01 0.981E-01
      2       4     512     512       4       4 0.365E-01 0.145E+00 0.364E-01 0.144E+00 0.147E-01 0.921E-03 0.176E-01 0.110E-02
      2       4      64      64       4       4 0.694E-02 0.276E-01 0.691E-02 0.274E-01 0.771E-03 0.482E-04 0.681E-03 0.426E-04
      2       8    1024    1024       4       4 0.824E-01 0.327E+00 0.900E-01 0.357E+00 0.462E-01 0.289E-02 0.511E-01 0.319E-02
      2       8     128     128       4       4 0.148E-01 0.583E-01 0.142E-01 0.558E-01 0.136E-02 0.852E-04 0.123E-02 0.772E-04
      2       8    2048    2048       4       4 0.256E+00 0.102E+01 0.272E+00 0.108E+01 0.166E+00 0.104E-01 0.233E+00 0.146E-01
      2       8     256     256       4       4 0.225E-01 0.882E-01 0.232E-01 0.901E-01 0.357E-02 0.223E-03 0.378E-02 0.236E-03
      2       8      32      32       4       4 0.460E-02 0.181E-01 0.459E-02 0.180E-01 0.611E-03 0.382E-04 0.602E-03 0.377E-04
      2       8    4096    4096       4       4 0.580E+00 0.232E+01 0.580E+00 0.232E+01 0.999E+00 0.624E-01 0.981E+00 0.613E-01
      2       8     512     512       4       4 0.384E-01 0.152E+00 0.396E-01 0.156E+00 0.180E-01 0.113E-02 0.159E-01 0.992E-03
      2       8      64      64       4       4 0.850E-02 0.336E-01 0.803E-02 0.318E-01 0.906E-03 0.567E-04 0.895E-03 0.559E-04
      3       1    1024    1024       4       4 0.108E-02 0.388E-02 0.110E-03 0.137E-03 0.974E-01 0.609E-02 0.918E-01 0.573E-02
      3       1     128     128       4       4 0.790E-03 0.310E-02 0.203E-04 0.300E-04 0.744E-03 0.465E-04 0.708E-03 0.443E-04
      3       1    2048    2048       4       4 0.109E-02 0.358E-02 0.242E-03 0.301E-03 0.639E+00 0.400E-01 0.626E+00 0.391E-01
      3       1     256     256       4       4 0.796E-03 0.308E-02 0.337E-04 0.510E-04 0.355E-02 0.222E-03 0.356E-02 0.223E-03
      3       1      32      32       4       4 0.771E-03 0.308E-02 0.149E-05 0.405E-05 0.501E-04 0.313E-05 0.432E-04 0.270E-05
      3       1    4096    4096       4       4 0.116E-02 0.369E-02 0.315E-03 0.404E-03 0.253E+01 0.158E+00 0.241E+01 0.151E+00
      3       1     512     512       4       4 0.928E-03 0.352E-02 0.575E-04 0.799E-04 0.155E-01 0.971E-03 0.152E-01 0.949E-03
      3       1      64      64       4       4 0.812E-03 0.322E-02 0.799E-05 0.169E-04 0.211E-03 0.132E-04 0.176E-03 0.110E-04
      3      12    1024    1024       4       4 0.315E-02 0.121E-01 0.121E-03 0.150E-03 0.144E-01 0.898E-03 0.113E-01 0.708E-03
      3      12     128     128       4       4 0.411E-02 0.164E-01 0.240E-04 0.348E-04 0.898E-03 0.561E-04 0.568E-03 0.355E-04
      3      12    2048    2048       4       4 0.872E-03 0.241E-02 0.331E-03 0.360E-03 0.797E-01 0.498E-02 0.633E-01 0.396E-02
      3      12     256     256       4       4 0.281E-02 0.111E-01 0.458E-04 0.670E-04 0.132E-02 0.825E-04 0.106E-02 0.664E-04
      3      12      32      32       4       4 0.429E-02 0.171E-01 0.105E-04 0.210E-04 0.848E-03 0.530E-04 0.211E-03 0.132E-04
      3      12    4096    4096       4       4 0.997E-03 0.251E-02 0.480E-03 0.504E-03 0.349E+00 0.218E-01 0.295E+00 0.184E-01
      3      12     512     512       4       4 0.767E-03 0.286E-02 0.660E-04 0.970E-04 0.343E-02 0.214E-03 0.267E-02 0.167E-03
      3      12      64      64       4       4 0.522E-02 0.209E-01 0.983E-05 0.200E-04 0.356E-03 0.222E-04 0.346E-03 0.216E-04
      3      16    1024    1024       4       4 0.947E-03 0.318E-02 0.170E-03 0.210E-03 0.131E-01 0.818E-03 0.984E-02 0.615E-03
      3      16     128     128       4       4 0.384E-02 0.153E-01 0.412E-04 0.970E-04 0.655E-03 0.409E-04 0.482E-03 0.301E-04
      3      16    2048    2048       4       4 0.811E-03 0.212E-02 0.343E-03 0.380E-03 0.653E-01 0.408E-02 0.505E-01 0.316E-02
      3      16     256     256       4       4 0.299E-02 0.118E-01 0.535E-04 0.108E-03 0.119E-02 0.742E-04 0.881E-03 0.550E-04
      3      16      32      32       4       4 0.317E-02 0.127E-01 0.100E-04 0.191E-04 0.347E-03 0.217E-04 0.204E-03 0.127E-04
      3      16    4096    4096       4       4 0.946E-03 0.225E-02 0.473E-03 0.507E-03 0.326E+00 0.204E-01 0.283E+00 0.177E-01
      3      16     512     512       4       4 0.400E-02 0.157E-01 0.102E-03 0.152E-03 0.389E-02 0.243E-03 0.279E-02 0.175E-03
      3      16      64      64       4       4 0.320E-02 0.128E-01 0.960E-05 0.191E-04 0.414E-03 0.259E-04 0.336E-03 0.210E-04
      3       2    1024    1024       4       4 0.147E-02 0.539E-02 0.141E-03 0.151E-03 0.613E-01 0.383E-02 0.520E-01 0.325E-02
      3       2     128     128       4       4 0.288E-02 0.114E-01 0.250E-04 0.319E-04 0.776E-03 0.485E-04 0.120E-02 0.748E-04
      3       2    2048    2048       4       4 0.101E-02 0.326E-02 0.250E-03 0.305E-03 0.356E+00 0.222E-01 0.337E+00 0.211E-01
      3       2     256     256       4       4 0.754E-03 0.289E-02 0.383E-04 0.501E-04 0.252E-02 0.158E-03 0.220E-02 0.138E-03
      3       2      32      32       4       4 0.338E-02 0.135E-01 0.900E-05 0.181E-04 0.120E-03 0.751E-05 0.966E-04 0.603E-05
      3       2    4096    4096       4       4 0.116E-02 0.332E-02 0.408E-03 0.415E-03 0.141E+01 0.882E-01 0.134E+01 0.838E-01
      3       2     512     512       4       4 0.161E-02 0.625E-02 0.594E-04 0.830E-04 0.103E-01 0.645E-03 0.983E-02 0.614E-03
      3       2      64      64       4       4 0.326E-02 0.130E-01 0.823E-05 0.169E-04 0.375E-03 0.234E-04 0.474E-03 0.296E-04
      3      24    1024    1024       4       4 0.810E-03 0.263E-02 0.175E-03 0.227E-03 0.128E-01 0.803E-03 0.102E-01 0.638E-03
      3      24     128     128       4       4 0.367E-02 0.146E-01 0.263E-04 0.391E-04 0.679E-03 0.425E-04 0.565E-03 0.353E-04
      3      24    2048    2048       4       4 0.705E-03 0.193E-02 0.308E-03 0.418E-03 0.672E-01 0.420E-02 0.528E-01 0.330E-02
      3      24     256     256       4       4 0.233E-02 0.919E-02 0.600E-04 0.128E-03 0.120E-02 0.749E-04 0.833E-03 0.520E-04
      3      24      32      32       4       4 0.532E-02 0.213E-01 0.870E-05 0.179E-04 0.500E-03 0.312E-04 0.233E-03 0.145E-04
      3      24    4096    4096       4       4 0.101E-02 0.194E-02 0.620E-03 0.714E-03 0.320E+00 0.200E-01 0.292E+00 0.183E-01
      3      24     512     512       4       4 0.111E-02 0.422E-02 0.688E-04 0.942E-04 0.356E-02 0.223E-03 0.231E-02 0.145E-03
      3      24      64      64       4       4 0.516E-02 0.206E-01 0.139E-04 0.379E-04 0.452E-03 0.283E-04 0.207E-03 0.129E-04
      3       4    1024    1024       4       4 0.568E-02 0.223E-01 0.119E-03 0.144E-03 0.323E-01 0.202E-02 0.281E-01 0.176E-02
      3       4     128     128       4       4 0.497E-02 0.198E-01 0.218E-04 0.310E-04 0.800E-03 0.500E-04 0.820E-03 0.512E-04
      3       4    2048    2048       4       4 0.984E-03 0.292E-02 0.312E-03 0.323E-03 0.193E+00 0.121E-01 0.168E+00 0.105E-01
      3       4     256     256       4       4 0.532E-02 0.212E-01 0.337E-04 0.460E-04 0.186E-02 0.116E-03 0.192E-02 0.120E-03
      3       4      32      32       4       4 0.461E-02 0.184E-01 0.817E-05 0.148E-04 0.184E-03 0.115E-04 0.192E-03 0.120E-04
      3       4    4096    4096       4       4 0.112E-02 0.313E-02 0.421E-03 0.431E-03 0.752E+00 0.470E-01 0.697E+00 0.436E-01
      3       4     512     512       4       4 0.371E-02 0.147E-01 0.608E-04 0.842E-04 0.624E-02 0.390E-03 0.572E-02 0.358E-03
      3       4      64      64       4       4 0.554E-02 0.221E-01 0.846E-05 0.169E-04 0.380E-03 0.238E-04 0.357E-03 0.223E-04
      3       8    1024    1024       4       4 0.169E-02 0.632E-02 0.119E-03 0.146E-03 0.187E-01 0.117E-02 0.165E-01 0.103E-02
      3       8     128     128       4       4 0.420E-02 0.167E-01 0.299E-04 0.348E-04 0.263E-01 0.164E-02 0.584E-03 0.365E-04
      3       8    2048    2048       4       4 0.946E-03 0.274E-02 0.319E-03 0.339E-03 0.108E+00 0.678E-02 0.888E-01 0.555E-02
      3       8     256     256       4       4 0.312E-02 0.123E-01 0.480E-04 0.870E-04 0.131E-02 0.816E-04 0.118E-02 0.736E-04
      3       8      32      32       4       4 0.642E-02 0.257E-01 0.924E-05 0.191E-04 0.225E-03 0.141E-04 0.189E-03 0.118E-04
      3       8    4096    4096       4       4 0.108E-02 0.290E-02 0.458E-03 0.487E-03 0.446E+00 0.279E-01 0.396E+00 0.248E-01
      3       8     512     512       4       4 0.158E-02 0.612E-02 0.652E-04 0.870E-04 0.421E-02 0.263E-03 0.362E-02 0.226E-03
      3       8      64      64       4       4 0.439E-02 0.175E-01 0.924E-05 0.181E-04 0.319E-03 0.199E-04 0.288E-03 0.180E-04
