      2       1       1    1021    1021       4       4 0.488E+01 0.488E+01 0.593E+01 0.594E+01 0.143E+01 0.891E-01 0.144E+01 0.898E-01
      2       1       1     127     127       4       4 0.184E-01 0.186E-01 0.272E-01 0.274E-01 0.113E-01 0.704E-03 0.108E-01 0.677E-03
      2       1       1    2053    2053       4       4 0.193E+02 0.194E+02 0.233E+02 0.233E+02 0.634E+01 0.396E+00 0.620E+01 0.387E+00
      2       1       1     257     257       4       4 0.313E+00 0.314E+00 0.362E+00 0.364E+00 0.728E-01 0.455E-02 0.729E-01 0.456E-02
      2       1       1      31      31       4       4 0.230E-02 0.264E-02 0.263E-02 0.265E-02 0.309E-03 0.193E-04 0.293E-03 0.183E-04
      2       1       1    4099    4099       4       4 0.201E+02 0.202E+02 0.211E+02 0.214E+02 0.311E+02 0.195E+01 0.309E+02 0.193E+01
      2       1       1     509     509       4       4 0.142E+01 0.142E+01 0.172E+01 0.175E+01 0.374E+00 0.233E-01 0.373E+00 0.233E-01
      2       1       1      67      67       4       4 0.429E-02 0.462E-02 0.552E-02 0.560E-02 0.202E-02 0.126E-03 0.156E-02 0.973E-04
      2       1      12    1021    1021       4       4 0.251E+01 0.256E+01 0.295E+01 0.300E+01 0.204E+00 0.128E-01 0.218E+00 0.137E-01
      2       1      12     127     127       4       4 0.255E-01 0.293E-01 0.362E-01 0.375E-01 0.622E-02 0.388E-03 0.470E-02 0.294E-03
      2       1      12    2053    2053       4       4 0.712E+01 0.720E+01 0.783E+01 0.787E+01 0.101E+01 0.630E-01 0.933E+00 0.583E-01
      2       1      12     257     257       4       4 0.542E+00 0.561E+00 0.574E+00 0.600E+00 0.144E-01 0.901E-03 0.123E-01 0.767E-03
      2       1      12      31      31       4       4 0.146E-01 0.149E-01 0.184E-01 0.185E-01 0.985E-02 0.616E-03 0.797E-03 0.498E-04
      2       1      12    4099    4099       4       4 0.234E+02 0.239E+02 0.268E+02 0.273E+02 0.379E+01 0.237E+00 0.363E+01 0.227E+00
      2       1      12     509     509       4       4 0.109E+01 0.115E+01 0.122E+01 0.125E+01 0.612E-01 0.382E-02 0.563E-01 0.352E-02
      2       1      12      67      67       4       4 0.103E-01 0.108E-01 0.149E-01 0.154E-01 0.538E-02 0.336E-03 0.119E-02 0.741E-04
      2       1      16    1021    1021       4       4 0.240E+01 0.242E+01 0.286E+01 0.291E+01 0.163E+00 0.102E-01 0.173E+00 0.108E-01
      2       1      16     127     127       4       4 0.210E-01 0.263E-01 0.304E-01 0.375E-01 0.614E-02 0.384E-03 0.420E-02 0.262E-03
      2       1      16    2053    2053       4       4 0.772E+01 0.783E+01 0.929E+01 0.946E+01 0.738E+00 0.462E-01 0.101E+01 0.634E-01
      2       1      16     257     257       4       4 0.561E+00 0.579E+00 0.599E+00 0.623E+00 0.132E-01 0.823E-03 0.124E-01 0.776E-03
      2       1      16      31      31       4       4 0.988E-02 0.108E-01 0.135E-01 0.150E-01 0.413E-02 0.258E-03 0.879E-03 0.549E-04
      2       1      16    4099    4099       4       4 0.224E+02 0.228E+02 0.259E+02 0.269E+02 0.382E+01 0.239E+00 0.310E+01 0.194E+00
      2       1      16     509     509       4       4 0.896E+00 0.914E+00 0.103E+01 0.106E+01 0.461E-01 0.288E-02 0.456E-01 0.285E-02
      2       1      16      67      67       4       4 0.223E-01 0.231E-01 0.272E-01 0.273E-01 0.102E-01 0.636E-03 0.141E-02 0.884E-04
      2       1       2    1021    1021       4       4 0.481E+01 0.482E+01 0.608E+01 0.611E+01 0.830E+00 0.519E-01 0.802E+00 0.501E-01
      2       1       2     127     127       4       4 0.369E-01 0.387E-01 0.505E-01 0.525E-01 0.701E-02 0.438E-03 0.655E-02 0.409E-03
      2       1       2    2053    2053       4       4 0.207E+02 0.208E+02 0.256E+02 0.258E+02 0.362E+01 0.226E+00 0.349E+01 0.218E+00
      2       1       2     257     257       4       4 0.379E+00 0.383E+00 0.432E+00 0.435E+00 0.403E-01 0.252E-02 0.413E-01 0.258E-02
      2       1       2      31      31       4       4 0.823E-02 0.843E-02 0.981E-02 0.103E-01 0.365E-03 0.228E-04 0.396E-03 0.247E-04
      2       1       2    4099    4099       4       4 0.347E+02 0.350E+02 0.403E+02 0.408E+02 0.174E+02 0.109E+01 0.170E+02 0.106E+01
      2       1       2     509     509       4       4 0.153E+01 0.154E+01 0.186E+01 0.187E+01 0.212E+00 0.133E-01 0.208E+00 0.130E-01
      2       1       2      67      67       4       4 0.111E-01 0.117E-01 0.146E-01 0.161E-01 0.165E-02 0.103E-03 0.140E-02 0.878E-04
      2       1      24    1021    1021       4       4 0.284E+01 0.288E+01 0.331E+01 0.340E+01 0.186E+00 0.117E-01 0.216E+00 0.135E-01
      2       1      24     127     127       4       4 0.262E-01 0.295E-01 0.383E-01 0.414E-01 0.956E-02 0.598E-03 0.461E-02 0.288E-03
      2       1      24    2053    2053       4       4 0.748E+01 0.755E+01 0.853E+01 0.873E+01 0.561E+00 0.351E-01 0.505E+00 0.316E-01
      2       1      24     257     257       4       4 0.740E+00 0.763E+00 0.775E+00 0.779E+00 0.140E-01 0.876E-03 0.114E-01 0.711E-03
      2       1      24      31      31       4       4 0.145E-01 0.168E-01 0.187E-01 0.209E-01 0.795E-02 0.497E-03 0.187E-02 0.117E-03
      2       1      24    4099    4099       4       4 0.210E+02 0.214E+02 0.265E+02 0.268E+02 0.274E+01 0.171E+00 0.239E+01 0.149E+00
      2       1      24     509     509       4       4 0.118E+01 0.121E+01 0.133E+01 0.139E+01 0.508E-01 0.317E-02 0.509E-01 0.318E-02
      2       1      24      67      67       4       4 0.199E-01 0.206E-01 0.282E-01 0.287E-01 0.184E-02 0.115E-03 0.185E-02 0.115E-03
      2       1       4    1021    1021       4       4 0.317E+01 0.325E+01 0.365E+01 0.373E+01 0.493E+00 0.308E-01 0.442E+00 0.276E-01
      2       1       4     127     127       4       4 0.255E-01 0.264E-01 0.356E-01 0.369E-01 0.506E-02 0.316E-03 0.476E-02 0.297E-03
      2       1       4    2053    2053       4       4 0.131E+02 0.133E+02 0.151E+02 0.153E+02 0.219E+01 0.137E+00 0.198E+01 0.124E+00
      2       1       4     257     257       4       4 0.441E+00 0.462E+00 0.480E+00 0.497E+00 0.252E-01 0.158E-02 0.282E-01 0.176E-02
      2       1       4      31      31       4       4 0.746E-02 0.765E-02 0.888E-02 0.894E-02 0.338E-03 0.211E-04 0.342E-03 0.214E-04
      2       1       4    4099    4099       4       4 0.358E+02 0.360E+02 0.446E+02 0.447E+02 0.965E+01 0.603E+00 0.899E+01 0.562E+00
      2       1       4     509     509       4       4 0.108E+01 0.108E+01 0.127E+01 0.130E+01 0.130E+00 0.811E-02 0.132E+00 0.823E-02
      2       1       4      67      67       4       4 0.141E-01 0.146E-01 0.193E-01 0.195E-01 0.124E-02 0.772E-04 0.138E-02 0.860E-04
      2       1       8    1021    1021       4       4 0.226E+01 0.231E+01 0.251E+01 0.257E+01 0.292E+00 0.182E-01 0.275E+00 0.172E-01
      2       1       8     127     127       4       4 0.203E-01 0.212E-01 0.304E-01 0.312E-01 0.434E-02 0.271E-03 0.343E-02 0.214E-03
      2       1       8    2053    2053       4       4 0.102E+02 0.104E+02 0.121E+02 0.122E+02 0.131E+01 0.821E-01 0.127E+01 0.791E-01
      2       1       8     257     257       4       4 0.465E+00 0.476E+00 0.494E+00 0.511E+00 0.196E-01 0.123E-02 0.206E-01 0.129E-02
      2       1       8      31      31       4       4 0.915E-02 0.106E-01 0.127E-01 0.141E-01 0.627E-03 0.392E-04 0.630E-03 0.394E-04
      2       1       8    4099    4099       4       4 0.275E+02 0.279E+02 0.323E+02 0.329E+02 0.549E+01 0.343E+00 0.492E+01 0.308E+00
      2       1       8     509     509       4       4 0.848E+00 0.862E+00 0.966E+00 0.972E+00 0.812E-01 0.507E-02 0.815E-01 0.510E-02
      2       1       8      67      67       4       4 0.193E-01 0.384E-01 0.194E-01 0.204E-01 0.704E-02 0.440E-03 0.138E-02 0.860E-04
      2      16       1    1021    1021       4       4 0.446E+00 0.449E+00 0.503E+00 0.504E+00 0.128E+00 0.797E-02 0.127E+00 0.791E-02
      2      16       1     127     127       4       4 0.393E-02 0.612E-02 0.238E-02 0.243E-02 0.232E-02 0.145E-03 0.176E-02 0.110E-03
      2      16       1    2053    2053       4       4 0.139E+01 0.139E+01 0.159E+01 0.159E+01 0.529E+00 0.331E-01 0.529E+00 0.330E-01
      2      16       1     257     257       4       4 0.748E-01 0.773E-01 0.705E-01 0.712E-01 0.724E-02 0.453E-03 0.705E-02 0.441E-03
      2      16       1      31      31       4       4 0.355E-02 0.590E-02 0.145E-02 0.148E-02 0.175E-02 0.109E-03 0.112E-02 0.700E-04
      2      16       1    4099    4099       4       4 0.233E+01 0.234E+01 0.251E+01 0.252E+01 0.318E+01 0.199E+00 0.314E+01 0.196E+00
      2      16       1     509     509       4       4 0.183E+00 0.187E+00 0.170E+00 0.173E+00 0.348E-01 0.218E-02 0.325E-01 0.203E-02
      2      16       1      67      67       4       4 0.416E-02 0.643E-02 0.178E-02 0.180E-02 0.111E-02 0.692E-04 0.893E-03 0.558E-04
      2       2       1    1021    1021       4       4 0.911E+00 0.915E+00 0.138E+01 0.138E+01 0.827E+00 0.517E-01 0.829E+00 0.518E-01
      2       2       1     127     127       4       4 0.741E-02 0.911E-02 0.110E-01 0.111E-01 0.715E-02 0.447E-03 0.713E-02 0.445E-03
      2       2       1    2053    2053       4       4 0.351E+01 0.354E+01 0.549E+01 0.551E+01 0.348E+01 0.218E+00 0.347E+01 0.217E+00
      2       2       1     257     257       4       4 0.887E-01 0.914E-01 0.913E-01 0.931E-01 0.433E-01 0.270E-02 0.428E-01 0.268E-02
      2       2       1      31      31       4       4 0.312E-02 0.488E-02 0.137E-02 0.144E-02 0.380E-03 0.237E-04 0.322E-03 0.201E-04
      2       2       1    4099    4099       4       4 0.547E+01 0.548E+01 0.603E+01 0.605E+01 0.196E+02 0.122E+01 0.195E+02 0.122E+01
      2       2       1     509     509       4       4 0.328E+00 0.339E+00 0.452E+00 0.454E+00 0.210E+00 0.131E-01 0.211E+00 0.132E-01
      2       2       1      67      67       4       4 0.414E-02 0.582E-02 0.357E-02 0.363E-02 0.220E-02 0.138E-03 0.210E-02 0.131E-03
      2       2      12    1021    1021       4       4 0.976E+00 0.103E+01 0.122E+01 0.123E+01 0.115E+01 0.718E-01 0.116E+01 0.723E-01
      2       2      12     127     127       4       4 0.151E-01 0.162E-01 0.169E-01 0.181E-01 0.154E-01 0.963E-03 0.847E-02 0.529E-03
      2       2      12    2053    2053       4       4 0.357E+01 0.369E+01 0.405E+01 0.413E+01 0.300E+01 0.187E+00 0.290E+01 0.181E+00
      2       2      12     257     257       4       4 0.211E+00 0.229E+00 0.219E+00 0.225E+00 0.271E-01 0.170E-02 0.234E-01 0.146E-02
      2       2      12      31      31       4       4 0.748E-02 0.957E-02 0.596E-02 0.638E-02 0.257E-02 0.161E-03 0.252E-02 0.158E-03
      2       2      12    4099    4099       4       4 0.829E+01 0.880E+01 0.928E+01 0.936E+01 0.106E+02 0.666E+00 0.104E+02 0.651E+00
      2       2      12     509     509       4       4 0.560E+00 0.586E+00 0.678E+00 0.696E+00 0.124E+00 0.776E-02 0.125E+00 0.783E-02
      2       2      12      67      67       4       4 0.127E-01 0.131E-01 0.134E-01 0.153E-01 0.155E-01 0.970E-03 0.541E-02 0.338E-03
      2       2       2    1021    1021       4       4 0.108E+01 0.111E+01 0.169E+01 0.171E+01 0.608E+00 0.380E-01 0.598E+00 0.374E-01
      2       2       2     127     127       4       4 0.138E-01 0.185E-01 0.193E-01 0.252E-01 0.663E-02 0.414E-03 0.665E-02 0.416E-03
      2       2       2    2053    2053       4       4 0.442E+01 0.442E+01 0.721E+01 0.722E+01 0.229E+01 0.143E+00 0.232E+01 0.145E+00
      2       2       2     257     257       4       4 0.114E+00 0.115E+00 0.130E+00 0.132E+00 0.359E-01 0.224E-02 0.349E-01 0.218E-02
      2       2       2      31      31       4       4 0.562E-02 0.693E-02 0.350E-02 0.379E-02 0.104E-02 0.653E-04 0.998E-03 0.624E-04
      2       2       2    4099    4099       4       4 0.995E+01 0.103E+02 0.129E+02 0.130E+02 0.151E+02 0.941E+00 0.162E+02 0.101E+01
      2       2       2     509     509       4       4 0.509E+00 0.511E+00 0.735E+00 0.743E+00 0.179E+00 0.112E-01 0.178E+00 0.111E-01
      2       2       2      67      67       4       4 0.795E-02 0.107E-01 0.780E-02 0.857E-02 0.170E-02 0.106E-03 0.164E-02 0.103E-03
      2       2       4    1021    1021       4       4 0.803E+00 0.810E+00 0.110E+01 0.111E+01 0.728E+00 0.455E-01 0.731E+00 0.457E-01
      2       2       4     127     127       4       4 0.110E-01 0.142E-01 0.131E-01 0.141E-01 0.716E-02 0.447E-03 0.670E-02 0.419E-03
      2       2       4    2053    2053       4       4 0.426E+01 0.428E+01 0.580E+01 0.583E+01 0.234E+01 0.146E+00 0.234E+01 0.147E+00
      2       2       4     257     257       4       4 0.168E+00 0.169E+00 0.192E+00 0.197E+00 0.238E-01 0.149E-02 0.230E-01 0.144E-02
      2       2       4      31      31       4       4 0.637E-02 0.852E-02 0.458E-02 0.490E-02 0.150E-02 0.935E-04 0.142E-02 0.886E-04
      2       2       4    4099    4099       4       4 0.105E+02 0.105E+02 0.128E+02 0.129E+02 0.135E+02 0.846E+00 0.140E+02 0.873E+00
      2       2       4     509     509       4       4 0.448E+00 0.457E+00 0.573E+00 0.593E+00 0.124E+00 0.777E-02 0.124E+00 0.775E-02
      2       2       4      67      67       4       4 0.103E-01 0.120E-01 0.103E-01 0.119E-01 0.293E-02 0.183E-03 0.262E-02 0.164E-03
      2       2       8    1021    1021       4       4 0.866E+00 0.884E+00 0.109E+01 0.111E+01 0.964E+00 0.602E-01 0.964E+00 0.602E-01
      2       2       8     127     127       4       4 0.905E-02 0.101E-01 0.101E-01 0.108E-01 0.613E-02 0.383E-03 0.608E-02 0.380E-03
      2       2       8    2053    2053       4       4 0.320E+01 0.321E+01 0.374E+01 0.381E+01 0.267E+01 0.167E+00 0.263E+01 0.165E+00
      2       2       8     257     257       4       4 0.201E+00 0.203E+00 0.215E+00 0.218E+00 0.255E-01 0.160E-02 0.213E-01 0.133E-02
      2       2       8      31      31       4       4 0.599E-02 0.825E-02 0.421E-02 0.452E-02 0.205E-02 0.128E-03 0.193E-02 0.120E-03
      2       2       8    4099    4099       4       4 0.839E+01 0.845E+01 0.987E+01 0.101E+02 0.114E+02 0.709E+00 0.124E+02 0.773E+00
      2       2       8     509     509       4       4 0.464E+00 0.467E+00 0.560E+00 0.576E+00 0.102E+00 0.637E-02 0.989E-01 0.618E-02
      2       2       8      67      67       4       4 0.125E-01 0.156E-01 0.105E-01 0.131E-01 0.590E-02 0.368E-03 0.332E-02 0.207E-03
      2       4       1    1021    1021       4       4 0.610E+00 0.615E+00 0.813E+00 0.815E+00 0.432E+00 0.270E-01 0.437E+00 0.273E-01
      2       4       1     127     127       4       4 0.712E-02 0.939E-02 0.833E-02 0.955E-02 0.547E-02 0.342E-03 0.524E-02 0.328E-03
      2       4       1    2053    2053       4       4 0.233E+01 0.236E+01 0.333E+01 0.334E+01 0.184E+01 0.115E+00 0.183E+01 0.114E+00
      2       4       1     257     257       4       4 0.813E-01 0.846E-01 0.766E-01 0.770E-01 0.234E-01 0.146E-02 0.227E-01 0.142E-02
      2       4       1      31      31       4       4 0.316E-02 0.494E-02 0.123E-02 0.139E-02 0.422E-03 0.264E-04 0.343E-03 0.214E-04
      2       4       1    4099    4099       4       4 0.423E+01 0.424E+01 0.523E+01 0.526E+01 0.976E+01 0.610E+00 0.969E+01 0.605E+00
      2       4       1     509     509       4       4 0.215E+00 0.222E+00 0.227E+00 0.228E+00 0.110E+00 0.689E-02 0.110E+00 0.687E-02
      2       4       1      67      67       4       4 0.401E-02 0.587E-02 0.258E-02 0.295E-02 0.118E-02 0.740E-04 0.110E-02 0.687E-04
      2       4       2    1021    1021       4       4 0.762E+00 0.767E+00 0.103E+01 0.104E+01 0.516E+00 0.323E-01 0.436E+00 0.273E-01
      2       4       2     127     127       4       4 0.102E-01 0.119E-01 0.123E-01 0.128E-01 0.538E-02 0.336E-03 0.505E-02 0.316E-03
      2       4       2    2053    2053       4       4 0.270E+01 0.272E+01 0.397E+01 0.400E+01 0.172E+01 0.108E+00 0.172E+01 0.108E+00
      2       4       2     257     257       4       4 0.104E+00 0.107E+00 0.108E+00 0.111E+00 0.183E-01 0.114E-02 0.174E-01 0.109E-02
      2       4       2      31      31       4       4 0.499E-02 0.673E-02 0.205E-02 0.206E-02 0.126E-02 0.790E-04 0.113E-02 0.707E-04
      2       4       2    4099    4099       4       4 0.617E+01 0.629E+01 0.734E+01 0.737E+01 0.889E+01 0.556E+00 0.858E+01 0.536E+00
      2       4       2     509     509       4       4 0.273E+00 0.275E+00 0.278E+00 0.279E+00 0.901E-01 0.563E-02 0.881E-01 0.550E-02
      2       4       2      67      67       4       4 0.751E-02 0.907E-02 0.590E-02 0.602E-02 0.232E-02 0.145E-03 0.209E-02 0.131E-03
      2       4       4    1021    1021       4       4 0.822E+00 0.825E+00 0.101E+01 0.104E+01 0.600E+00 0.375E-01 0.561E+00 0.351E-01
      2       4       4     127     127       4       4 0.851E-02 0.118E-01 0.835E-02 0.858E-02 0.619E-02 0.387E-03 0.597E-02 0.373E-03
      2       4       4    2053    2053       4       4 0.299E+01 0.303E+01 0.385E+01 0.390E+01 0.215E+01 0.134E+00 0.217E+01 0.136E+00
      2       4       4     257     257       4       4 0.153E+00 0.160E+00 0.155E+00 0.159E+00 0.214E-01 0.134E-02 0.180E-01 0.112E-02
      2       4       4      31      31       4       4 0.505E-02 0.662E-02 0.248E-02 0.253E-02 0.511E-02 0.320E-03 0.184E-02 0.115E-03
      2       4       4    4099    4099       4       4 0.617E+01 0.622E+01 0.681E+01 0.714E+01 0.659E+01 0.412E+00 0.610E+01 0.381E+00
      2       4       4     509     509       4       4 0.321E+00 0.324E+00 0.340E+00 0.345E+00 0.778E-01 0.486E-02 0.780E-01 0.488E-02
      2       4       4      67      67       4       4 0.769E-02 0.934E-02 0.535E-02 0.581E-02 0.307E-02 0.192E-03 0.268E-02 0.168E-03
      2       8       1    1021    1021       4       4 0.430E+00 0.434E+00 0.471E+00 0.472E+00 0.232E+00 0.145E-01 0.233E+00 0.145E-01
      2       8       1     127     127       4       4 0.509E-02 0.802E-02 0.446E-02 0.608E-02 0.355E-02 0.222E-03 0.303E-02 0.190E-03
      2       8       1    2053    2053       4       4 0.177E+01 0.179E+01 0.227E+01 0.229E+01 0.990E+00 0.619E-01 0.988E+00 0.618E-01
      2       8       1     257     257       4       4 0.754E-01 0.773E-01 0.675E-01 0.675E-01 0.135E-01 0.845E-03 0.127E-01 0.795E-03
      2       8       1      31      31       4       4 0.329E-02 0.510E-02 0.125E-02 0.134E-02 0.481E-03 0.301E-04 0.401E-03 0.251E-04
      2       8       1    4099    4099       4       4 0.294E+01 0.297E+01 0.344E+01 0.346E+01 0.546E+01 0.341E+00 0.538E+01 0.337E+00
      2       8       1     509     509       4       4 0.219E+00 0.251E+00 0.219E+00 0.259E+00 0.675E-01 0.422E-02 0.662E-01 0.414E-02
      2       8       1      67      67       4       4 0.433E-02 0.613E-02 0.221E-02 0.228E-02 0.339E-01 0.212E-02 0.859E-03 0.537E-04
      2       8       2    1021    1021       4       4 0.524E+00 0.526E+00 0.595E+00 0.608E+00 0.258E+00 0.161E-01 0.259E+00 0.162E-01
      2       8       2     127     127       4       4 0.753E-02 0.888E-02 0.626E-02 0.630E-02 0.408E-02 0.255E-03 0.379E-02 0.237E-03
      2       8       2    2053    2053       4       4 0.252E+01 0.255E+01 0.326E+01 0.330E+01 0.133E+01 0.834E-01 0.151E+01 0.945E-01
      2       8       2     257     257       4       4 0.889E-01 0.913E-01 0.803E-01 0.829E-01 0.126E-01 0.789E-03 0.109E-01 0.684E-03
      2       8       2      31      31       4       4 0.560E-02 0.745E-02 0.236E-02 0.240E-02 0.202E-02 0.126E-03 0.188E-02 0.118E-03
      2       8       2    4099    4099       4       4 0.407E+01 0.411E+01 0.458E+01 0.460E+01 0.481E+01 0.301E+00 0.508E+01 0.318E+00
      2       8       2     509     509       4       4 0.242E+00 0.261E+00 0.223E+00 0.226E+00 0.608E-01 0.380E-02 0.565E-01 0.353E-02
      2       8       2      67      67       4       4 0.781E-02 0.956E-02 0.451E-02 0.457E-02 0.192E-02 0.120E-03 0.181E-02 0.113E-03
      3       1       1    1021    1021       4       4 0.913E-03 0.310E-02 0.000E+00 0.000E+00 0.684E+00 0.427E-01 0.135E+01 0.843E-01
      3       1       1     127     127       4       4 0.789E-03 0.306E-02 0.000E+00 0.000E+00 0.645E-02 0.403E-03 0.128E-01 0.798E-03
      3       1       1    2053    2053       4       4 0.133E-02 0.385E-02 0.000E+00 0.000E+00 0.487E+01 0.305E+00 0.988E+01 0.617E+00
      3       1       1     257     257       4       4 0.100E-02 0.387E-02 0.000E+00 0.000E+00 0.408E-01 0.255E-02 0.814E-01 0.509E-02
      3       1       1      31      31       4       4 0.754E-03 0.298E-02 0.000E+00 0.000E+00 0.396E-03 0.248E-04 0.704E-03 0.440E-04
      3       1       1    4099    4099       4       4 0.227E-02 0.510E-02 0.000E+00 0.000E+00 0.426E+02 0.266E+01 0.856E+02 0.535E+01
      3       1       1     509     509       4       4 0.944E-03 0.349E-02 0.000E+00 0.000E+00 0.138E+00 0.865E-02 0.277E+00 0.173E-01
      3       1       1      67      67       4       4 0.838E-03 0.331E-02 0.000E+00 0.000E+00 0.330E-02 0.206E-03 0.651E-02 0.407E-03
      3       1      12    1021    1021       4       4 0.260E-02 0.975E-02 0.298E-06 0.119E-05 0.278E+00 0.174E-01 0.526E+00 0.329E-01
      3       1      12     127     127       4       4 0.403E-02 0.160E-01 0.000E+00 0.000E+00 0.267E-02 0.167E-03 0.488E-02 0.305E-03
      3       1      12    2053    2053       4       4 0.108E-02 0.263E-02 0.298E-06 0.119E-05 0.118E+01 0.741E-01 0.237E+01 0.148E+00
      3       1      12     257     257       4       4 0.272E-02 0.107E-01 0.000E+00 0.000E+00 0.149E-01 0.929E-03 0.286E-01 0.179E-02
      3       1      12      31      31       4       4 0.444E-02 0.177E-01 0.000E+00 0.000E+00 0.572E-03 0.358E-04 0.990E-03 0.619E-04
      3       1      12    4099    4099       4       4 0.227E-02 0.467E-02 0.000E+00 0.000E+00 0.812E+01 0.508E+00 0.163E+02 0.102E+01
      3       1      12     509     509       4       4 0.384E-02 0.151E-01 0.596E-06 0.119E-05 0.559E-01 0.349E-02 0.108E+00 0.676E-02
      3       1      12      67      67       4       4 0.424E-02 0.169E-01 0.000E+00 0.000E+00 0.139E-02 0.868E-04 0.256E-02 0.160E-03
      3       1      16    1021    1021       4       4 0.314E-02 0.119E-01 0.000E+00 0.000E+00 0.235E+00 0.147E-01 0.434E+00 0.271E-01
      3       1      16     127     127       4       4 0.399E-02 0.158E-01 0.000E+00 0.000E+00 0.381E-02 0.238E-03 0.697E-02 0.435E-03
      3       1      16    2053    2053       4       4 0.102E-02 0.241E-02 0.238E-06 0.954E-06 0.110E+01 0.689E-01 0.221E+01 0.138E+00
      3       1      16     257     257       4       4 0.346E-02 0.136E-01 0.000E+00 0.000E+00 0.151E-01 0.944E-03 0.290E-01 0.181E-02
      3       1      16      31      31       4       4 0.440E-02 0.176E-01 0.298E-06 0.119E-05 0.625E-03 0.390E-04 0.103E-02 0.647E-04
      3       1      16    4099    4099       4       4 0.223E-02 0.446E-02 0.298E-06 0.119E-05 0.711E+01 0.444E+00 0.142E+02 0.890E+00
      3       1      16     509     509       4       4 0.408E-02 0.159E-01 0.238E-06 0.954E-06 0.581E-01 0.363E-02 0.113E+00 0.709E-02
      3       1      16      67      67       4       4 0.419E-02 0.167E-01 0.000E+00 0.000E+00 0.178E-02 0.111E-03 0.317E-02 0.198E-03
      3       1       2    1021    1021       4       4 0.120E-02 0.422E-02 0.000E+00 0.000E+00 0.460E+00 0.288E-01 0.901E+00 0.563E-01
      3       1       2     127     127       4       4 0.310E-02 0.123E-01 0.000E+00 0.000E+00 0.435E-02 0.272E-03 0.842E-02 0.526E-03
      3       1       2    2053    2053       4       4 0.128E-02 0.365E-02 0.298E-06 0.119E-05 0.281E+01 0.176E+00 0.570E+01 0.356E+00
      3       1       2     257     257       4       4 0.757E-03 0.288E-02 0.238E-06 0.954E-06 0.265E-01 0.166E-02 0.532E-01 0.333E-02
      3       1       2      31      31       4       4 0.703E-03 0.277E-02 0.000E+00 0.000E+00 0.411E-03 0.257E-04 0.696E-03 0.435E-04
      3       1       2    4099    4099       4       4 0.209E-02 0.445E-02 0.000E+00 0.000E+00 0.239E+02 0.149E+01 0.481E+02 0.301E+01
      3       1       2     509     509       4       4 0.154E-02 0.590E-02 0.000E+00 0.000E+00 0.951E-01 0.594E-02 0.190E+00 0.118E-01
      3       1       2      67      67       4       4 0.369E-02 0.147E-01 0.000E+00 0.000E+00 0.213E-02 0.133E-03 0.406E-02 0.254E-03
      3       1      24    1021    1021       4       4 0.857E-03 0.272E-02 0.000E+00 0.000E+00 0.216E+00 0.135E-01 0.398E+00 0.249E-01
      3       1      24     127     127       4       4 0.663E-02 0.264E-01 0.000E+00 0.000E+00 0.420E-02 0.262E-03 0.764E-02 0.478E-03
      3       1      24    2053    2053       4       4 0.983E-03 0.214E-02 0.238E-06 0.954E-06 0.101E+01 0.628E-01 0.201E+01 0.126E+00
      3       1      24     257     257       4       4 0.350E-02 0.138E-01 0.000E+00 0.000E+00 0.126E-01 0.788E-03 0.230E-01 0.144E-02
      3       1      24      31      31       4       4 0.328E-02 0.131E-01 0.000E+00 0.000E+00 0.731E-03 0.457E-04 0.122E-02 0.760E-04
      3       1      24    4099    4099       4       4 0.234E-02 0.425E-02 0.238E-06 0.954E-06 0.834E+01 0.521E+00 0.167E+02 0.104E+01
      3       1      24     509     509       4       4 0.319E-02 0.123E-01 0.298E-06 0.119E-05 0.634E-01 0.396E-02 0.124E+00 0.775E-02
      3       1      24      67      67       4       4 0.386E-02 0.154E-01 0.000E+00 0.000E+00 0.249E-02 0.156E-03 0.430E-02 0.269E-03
      3       1       4    1021    1021       4       4 0.273E-02 0.103E-01 0.238E-06 0.954E-06 0.331E+00 0.207E-01 0.635E+00 0.397E-01
      3       1       4     127     127       4       4 0.486E-02 0.194E-01 0.000E+00 0.000E+00 0.430E-02 0.269E-03 0.826E-02 0.516E-03
      3       1       4    2053    2053       4       4 0.121E-02 0.329E-02 0.000E+00 0.000E+00 0.187E+01 0.117E+00 0.377E+01 0.235E+00
      3       1       4     257     257       4       4 0.517E-02 0.205E-01 0.000E+00 0.000E+00 0.243E-01 0.152E-02 0.482E-01 0.301E-02
      3       1       4      31      31       4       4 0.522E-02 0.208E-01 0.000E+00 0.000E+00 0.439E-03 0.274E-04 0.721E-03 0.451E-04
      3       1       4    4099    4099       4       4 0.216E-02 0.450E-02 0.238E-06 0.954E-06 0.146E+02 0.912E+00 0.293E+02 0.183E+01
      3       1       4     509     509       4       4 0.249E-02 0.966E-02 0.238E-06 0.954E-06 0.660E-01 0.412E-02 0.130E+00 0.813E-02
      3       1       4      67      67       4       4 0.513E-02 0.205E-01 0.000E+00 0.000E+00 0.165E-02 0.103E-03 0.314E-02 0.196E-03
      3       1       8    1021    1021       4       4 0.399E-02 0.153E-01 0.238E-06 0.954E-06 0.267E+00 0.167E-01 0.501E+00 0.313E-01
      3       1       8     127     127       4       4 0.406E-02 0.161E-01 0.000E+00 0.000E+00 0.331E-02 0.207E-03 0.630E-02 0.394E-03
      3       1       8    2053    2053       4       4 0.115E-02 0.297E-02 0.000E+00 0.000E+00 0.138E+01 0.862E-01 0.277E+01 0.173E+00
      3       1       8     257     257       4       4 0.818E-02 0.325E-01 0.000E+00 0.000E+00 0.174E-01 0.109E-02 0.340E-01 0.212E-02
      3       1       8      31      31       4       4 0.652E-02 0.260E-01 0.238E-06 0.954E-06 0.578E-03 0.361E-04 0.100E-02 0.627E-04
      3       1       8    4099    4099       4       4 0.200E-02 0.379E-02 0.000E+00 0.000E+00 0.951E+01 0.594E+00 0.191E+02 0.119E+01
      3       1       8     509     509       4       4 0.491E-02 0.193E-01 0.238E-06 0.954E-06 0.546E-01 0.341E-02 0.106E+00 0.665E-02
      3       1       8      67      67       4       4 0.633E-02 0.253E-01 0.000E+00 0.000E+00 0.122E-02 0.760E-04 0.226E-02 0.141E-03
      3      16       1    1021    1021       4       4 0.189E-01 0.747E-01 0.149E-05 0.215E-05 0.965E-01 0.603E-02 0.190E+00 0.119E-01
      3      16       1     127     127       4       4 0.160E-01 0.640E-01 0.250E-05 0.715E-05 0.470E-02 0.294E-03 0.668E-02 0.417E-03
      3      16       1    2053    2053       4       4 0.180E-01 0.703E-01 0.179E-05 0.215E-05 0.429E+00 0.268E-01 0.863E+00 0.539E-01
      3      16       1     257     257       4       4 0.359E-01 0.143E+00 0.143E-05 0.191E-05 0.803E-02 0.502E-03 0.150E-01 0.935E-03
      3      16       1      31      31       4       4 0.141E-01 0.564E-01 0.775E-06 0.119E-05 0.191E-02 0.119E-03 0.261E-02 0.163E-03
      3      16       1    4099    4099       4       4 0.181E-01 0.678E-01 0.125E-05 0.191E-05 0.275E+01 0.172E+00 0.550E+01 0.344E+00
      3      16       1     509     509       4       4 0.145E-01 0.575E-01 0.954E-06 0.954E-06 0.309E-01 0.193E-02 0.602E-01 0.376E-02
      3      16       1      67      67       4       4 0.355E-01 0.142E+00 0.179E-05 0.215E-05 0.215E-02 0.134E-03 0.334E-02 0.209E-03
      3       2       1    1021    1021       4       4 0.415E-02 0.160E-01 0.477E-06 0.954E-06 0.413E+00 0.258E-01 0.826E+00 0.516E-01
      3       2       1     127     127       4       4 0.446E-02 0.177E-01 0.700E-02 0.280E-01 0.638E-02 0.399E-03 0.126E-01 0.786E-03
      3       2       1    2053    2053       4       4 0.483E-02 0.183E-01 0.000E+00 0.000E+00 0.250E+01 0.156E+00 0.506E+01 0.316E+00
      3       2       1     257     257       4       4 0.472E-02 0.187E-01 0.477E-06 0.954E-06 0.261E-01 0.163E-02 0.518E-01 0.324E-02
      3       2       1      31      31       4       4 0.706E-02 0.282E-01 0.477E-06 0.954E-06 0.588E-03 0.367E-04 0.107E-02 0.666E-04
      3       2       1    4099    4099       4       4 0.539E-02 0.177E-01 0.477E-06 0.954E-06 0.167E+02 0.104E+01 0.335E+02 0.210E+01
      3       2       1     509     509       4       4 0.463E-02 0.182E-01 0.715E-06 0.954E-06 0.924E-01 0.578E-02 0.182E+00 0.114E-01
      3       2       1      67      67       4       4 0.399E-02 0.159E-01 0.477E-06 0.954E-06 0.213E-02 0.133E-03 0.412E-02 0.257E-03
      3       2      12    1021    1021       4       4 0.537E-02 0.204E-01 0.954E-06 0.954E-06 0.259E+00 0.162E-01 0.501E+00 0.313E-01
      3       2      12     127     127       4       4 0.571E-02 0.227E-01 0.238E-06 0.954E-06 0.257E-02 0.160E-03 0.475E-02 0.297E-03
      3       2      12    2053    2053       4       4 0.394E-02 0.143E-01 0.238E-06 0.954E-06 0.104E+01 0.651E-01 0.209E+01 0.130E+00
      3       2      12     257     257       4       4 0.836E-02 0.332E-01 0.715E-06 0.954E-06 0.129E-01 0.808E-03 0.250E-01 0.156E-02
      3       2      12      31      31       4       4 0.715E-02 0.285E-01 0.238E-06 0.954E-06 0.681E-03 0.426E-04 0.120E-02 0.753E-04
      3       2      12    4099    4099       4       4 0.576E-02 0.170E-01 0.298E-06 0.119E-05 0.543E+01 0.339E+00 0.109E+02 0.680E+00
      3       2      12     509     509       4       4 0.447E-02 0.175E-01 0.238E-06 0.954E-06 0.457E-01 0.286E-02 0.886E-01 0.554E-02
      3       2      12      67      67       4       4 0.101E-01 0.402E-01 0.715E-06 0.954E-06 0.136E-02 0.849E-04 0.249E-02 0.155E-03
      3       2       2    1021    1021       4       4 0.463E-02 0.179E-01 0.800E-02 0.320E-01 0.378E+00 0.236E-01 0.721E+00 0.451E-01
      3       2       2     127     127       4       4 0.443E-02 0.176E-01 0.800E-02 0.320E-01 0.753E-01 0.471E-02 0.793E-01 0.495E-02
      3       2       2    2053    2053       4       4 0.775E-02 0.299E-01 0.715E-06 0.954E-06 0.158E+01 0.984E-01 0.317E+01 0.198E+00
      3       2       2     257     257       4       4 0.463E-02 0.183E-01 0.954E-06 0.954E-06 0.187E-01 0.117E-02 0.368E-01 0.230E-02
      3       2       2      31      31       4       4 0.105E-01 0.419E-01 0.238E-06 0.954E-06 0.629E-03 0.393E-04 0.107E-02 0.666E-04
      3       2       2    4099    4099       4       4 0.512E-02 0.165E-01 0.477E-06 0.954E-06 0.978E+01 0.611E+00 0.196E+02 0.123E+01
      3       2       2     509     509       4       4 0.405E-02 0.158E-01 0.775E-06 0.119E-05 0.709E-01 0.443E-02 0.141E+00 0.883E-02
      3       2       2      67      67       4       4 0.527E-02 0.210E-01 0.800E-02 0.320E-01 0.654E-01 0.408E-02 0.669E-01 0.418E-02
      3       2       4    1021    1021       4       4 0.569E-02 0.221E-01 0.715E-06 0.954E-06 0.226E+00 0.141E-01 0.448E+00 0.280E-01
      3       2       4     127     127       4       4 0.124E-01 0.495E-01 0.715E-06 0.954E-06 0.356E-02 0.222E-03 0.666E-02 0.416E-03
      3       2       4    2053    2053       4       4 0.449E-02 0.167E-01 0.800E-02 0.320E-01 0.119E+01 0.742E-01 0.235E+01 0.147E+00
      3       2       4     257     257       4       4 0.734E-02 0.291E-01 0.536E-06 0.215E-05 0.193E-01 0.120E-02 0.381E-01 0.238E-02
      3       2       4      31      31       4       4 0.873E-02 0.349E-01 0.298E-06 0.119E-05 0.500E-03 0.312E-04 0.864E-03 0.540E-04
      3       2       4    4099    4099       4       4 0.513E-02 0.161E-01 0.238E-06 0.954E-06 0.656E+01 0.410E+00 0.132E+02 0.823E+00
      3       2       4     509     509       4       4 0.535E-02 0.210E-01 0.238E-06 0.954E-06 0.520E-01 0.325E-02 0.102E+00 0.639E-02
      3       2       4      67      67       4       4 0.641E-02 0.256E-01 0.536E-06 0.119E-05 0.159E-02 0.994E-04 0.292E-02 0.183E-03
      3       2       8    1021    1021       4       4 0.466E-02 0.180E-01 0.101E-05 0.119E-05 0.190E+00 0.119E-01 0.370E+00 0.231E-01
      3       2       8     127     127       4       4 0.785E-02 0.312E-01 0.715E-06 0.954E-06 0.331E-02 0.207E-03 0.616E-02 0.385E-03
      3       2       8    2053    2053       4       4 0.433E-02 0.161E-01 0.238E-06 0.954E-06 0.893E+00 0.558E-01 0.178E+01 0.111E+00
      3       2       8     257     257       4       4 0.566E-02 0.223E-01 0.107E-05 0.215E-05 0.146E-01 0.914E-03 0.287E-01 0.180E-02
      3       2       8      31      31       4       4 0.611E-02 0.244E-01 0.536E-06 0.119E-05 0.564E-03 0.352E-04 0.984E-03 0.615E-04
      3       2       8    4099    4099       4       4 0.550E-02 0.175E-01 0.536E-06 0.119E-05 0.454E+01 0.284E+00 0.909E+01 0.568E+00
      3       2       8     509     509       4       4 0.542E-02 0.213E-01 0.238E-06 0.954E-06 0.446E-01 0.279E-02 0.869E-01 0.543E-02
      3       2       8      67      67       4       4 0.796E-02 0.318E-01 0.715E-06 0.954E-06 0.146E-02 0.915E-04 0.274E-02 0.171E-03
      3       4       1    1021    1021       4       4 0.103E-01 0.405E-01 0.107E-05 0.119E-05 0.240E+00 0.150E-01 0.473E+00 0.295E-01
      3       4       1     127     127       4       4 0.112E-01 0.448E-01 0.400E-02 0.160E-01 0.361E-01 0.226E-02 0.401E-01 0.251E-02
      3       4       1    2053    2053       4       4 0.129E-01 0.505E-01 0.399E-02 0.159E-01 0.144E+01 0.899E-01 0.291E+01 0.182E+00
      3       4       1     257     257       4       4 0.126E-01 0.504E-01 0.954E-06 0.954E-06 0.216E-01 0.135E-02 0.425E-01 0.266E-02
      3       4       1      31      31       4       4 0.117E-01 0.469E-01 0.277E-02 0.111E-01 0.536E-03 0.335E-04 0.918E-03 0.574E-04
      3       4       1    4099    4099       4       4 0.231E-01 0.882E-01 0.800E-02 0.320E-01 0.871E+01 0.544E+00 0.176E+02 0.110E+01
      3       4       1     509     509       4       4 0.106E-01 0.420E-01 0.403E-02 0.161E-01 0.635E-01 0.397E-02 0.123E+00 0.770E-02
      3       4       1      67      67       4       4 0.935E-02 0.373E-01 0.179E-05 0.596E-05 0.145E-02 0.909E-04 0.285E-02 0.178E-03
      3       4       2    1021    1021       4       4 0.122E-01 0.483E-01 0.117E-01 0.467E-01 0.283E+00 0.177E-01 0.520E+00 0.325E-01
      3       4       2     127     127       4       4 0.126E-01 0.504E-01 0.775E-06 0.119E-05 0.278E-02 0.174E-03 0.506E-02 0.317E-03
      3       4       2    2053    2053       4       4 0.219E-01 0.864E-01 0.800E-02 0.320E-01 0.921E+00 0.575E-01 0.186E+01 0.116E+00
      3       4       2     257     257       4       4 0.144E-01 0.571E-01 0.954E-06 0.954E-06 0.125E-01 0.782E-03 0.245E-01 0.153E-02
      3       4       2      31      31       4       4 0.210E-01 0.839E-01 0.101E-05 0.119E-05 0.124E-01 0.778E-03 0.190E-01 0.119E-02
      3       4       2    4099    4099       4       4 0.100E-01 0.357E-01 0.131E-05 0.215E-05 0.566E+01 0.354E+00 0.114E+02 0.710E+00
      3       4       2     509     509       4       4 0.108E-01 0.428E-01 0.954E-06 0.954E-06 0.400E-01 0.250E-02 0.794E-01 0.496E-02
      3       4       2      67      67       4       4 0.168E-01 0.672E-01 0.596E-06 0.119E-05 0.119E-02 0.745E-04 0.225E-02 0.140E-03
      3       4       4    1021    1021       4       4 0.457E-02 0.176E-01 0.101E-05 0.119E-05 0.130E+00 0.813E-02 0.253E+00 0.158E-01
      3       4       4     127     127       4       4 0.129E-01 0.515E-01 0.000E+00 0.000E+00 0.229E-02 0.143E-03 0.424E-02 0.265E-03
      3       4       4    2053    2053       4       4 0.485E-02 0.182E-01 0.238E-06 0.954E-06 0.687E+00 0.430E-01 0.138E+01 0.862E-01
      3       4       4     257     257       4       4 0.122E-01 0.484E-01 0.400E-02 0.160E-01 0.130E-01 0.815E-03 0.258E-01 0.161E-02
      3       4       4      31      31       4       4 0.145E-01 0.577E-01 0.238E-06 0.954E-06 0.694E-03 0.434E-04 0.122E-02 0.765E-04
      3       4       4    4099    4099       4       4 0.120E-01 0.436E-01 0.119E-05 0.191E-05 0.374E+01 0.234E+00 0.750E+01 0.469E+00
      3       4       4     509     509       4       4 0.104E-01 0.413E-01 0.101E-05 0.119E-05 0.318E-01 0.199E-02 0.626E-01 0.391E-02
      3       4       4      67      67       4       4 0.162E-01 0.648E-01 0.715E-06 0.954E-06 0.111E-02 0.691E-04 0.209E-02 0.131E-03
      3       8       1    1021    1021       4       4 0.187E-01 0.739E-01 0.101E-05 0.119E-05 0.134E+00 0.840E-02 0.268E+00 0.168E-01
      3       8       1     127     127       4       4 0.221E-01 0.883E-01 0.275E-02 0.110E-01 0.280E-01 0.175E-02 0.303E-01 0.189E-02
      3       8       1    2053    2053       4       4 0.837E-02 0.322E-01 0.101E-05 0.119E-05 0.762E+00 0.476E-01 0.154E+01 0.963E-01
      3       8       1     257     257       4       4 0.271E-01 0.108E+00 0.800E-02 0.320E-01 0.526E-01 0.328E-02 0.647E-01 0.405E-02
      3       8       1      31      31       4       4 0.177E-01 0.707E-01 0.119E-05 0.191E-05 0.140E-02 0.873E-04 0.192E-02 0.120E-03
      3       8       1    4099    4099       4       4 0.230E-01 0.882E-01 0.125E-05 0.191E-05 0.482E+01 0.301E+00 0.969E+01 0.606E+00
      3       8       1     509     509       4       4 0.206E-01 0.820E-01 0.179E-05 0.215E-05 0.366E-01 0.229E-02 0.717E-01 0.448E-02
      3       8       1      67      67       4       4 0.143E-01 0.572E-01 0.477E-06 0.954E-06 0.194E-02 0.122E-03 0.301E-02 0.188E-03
      3       8       2    1021    1021       4       4 0.638E-02 0.247E-01 0.101E-05 0.119E-05 0.125E+00 0.781E-02 0.244E+00 0.153E-01
      3       8       2     127     127       4       4 0.121E-01 0.481E-01 0.238E-06 0.954E-06 0.299E-02 0.187E-03 0.503E-02 0.314E-03
      3       8       2    2053    2053       4       4 0.778E-02 0.297E-01 0.119E-05 0.191E-05 0.538E+00 0.336E-01 0.108E+01 0.674E-01
      3       8       2     257     257       4       4 0.161E-01 0.642E-01 0.715E-06 0.954E-06 0.954E-02 0.597E-03 0.180E-01 0.112E-02
      3       8       2      31      31       4       4 0.269E-01 0.108E+00 0.125E-05 0.191E-05 0.144E-02 0.901E-04 0.204E-02 0.127E-03
      3       8       2    4099    4099       4       4 0.242E-01 0.927E-01 0.149E-05 0.215E-05 0.297E+01 0.186E+00 0.596E+01 0.372E+00
      3       8       2     509     509       4       4 0.124E-01 0.493E-01 0.536E-06 0.119E-05 0.220E-01 0.137E-02 0.426E-01 0.266E-02
      3       8       2      67      67       4       4 0.160E-01 0.639E-01 0.715E-06 0.954E-06 0.175E-02 0.110E-03 0.288E-02 0.180E-03
