      2       1       1     127     127     127       4 0.176E+01 0.177E+01 0.172E+01 0.180E+01 0.496E+00 0.124E+00 0.491E+00 0.123E+00
      2       1       1      17      17      17       4 0.840E-02 0.878E-02 0.789E-02 0.794E-02 0.599E-03 0.150E-03 0.597E-03 0.149E-03
      2       1       1     257     257     257       4 0.105E+02 0.106E+02 0.105E+02 0.106E+02 0.554E+01 0.138E+01 0.555E+01 0.139E+01
      2       1       1      31      31      31       4 0.718E-01 0.727E-01 0.709E-01 0.711E-01 0.535E-02 0.134E-02 0.535E-02 0.134E-02
      2       1       1     509     509     509       4 0.194E+02 0.194E+02 0.195E+02 0.196E+02 0.358E+02 0.896E+01 0.358E+02 0.895E+01
      2       1       1      67      67      67       4 0.302E+00 0.302E+00 0.304E+00 0.307E+00 0.909E-01 0.227E-01 0.924E-01 0.231E-01
      2       1       1       7       7       7       4 0.682E-02 0.723E-02 0.621E-02 0.626E-02 0.811E-05 0.203E-05 0.596E-05 0.149E-05
      2       1      12     127     127     127       4 0.193E+01 0.198E+01 0.179E+01 0.183E+01 0.892E-01 0.223E-01 0.692E-01 0.173E-01
      2       1      12      17      17      17       4 0.449E-01 0.469E-01 0.445E-01 0.464E-01 0.346E-03 0.865E-04 0.358E-03 0.895E-04
      2       1      12     257     257     257       4 0.110E+02 0.112E+02 0.114E+02 0.117E+02 0.776E+00 0.194E+00 0.757E+00 0.189E+00
      2       1      12      31      31      31       4 0.237E+00 0.248E+00 0.247E+00 0.256E+00 0.142E-02 0.356E-03 0.130E-02 0.326E-03
      2       1      12     509     509     509       4 0.342E+02 0.350E+02 0.314E+02 0.315E+02 0.425E+01 0.106E+01 0.423E+01 0.106E+01
      2       1      12      67      67      67       4 0.437E+00 0.477E+00 0.437E+00 0.475E+00 0.203E-01 0.508E-02 0.201E-01 0.504E-02
      2       1      12       7       7       7       4 0.264E-01 0.284E-01 0.241E-01 0.246E-01 0.489E-03 0.122E-03 0.333E-03 0.833E-04
      2       1      16     127     127     127       4 0.192E+01 0.199E+01 0.178E+01 0.184E+01 0.926E-01 0.231E-01 0.673E-01 0.168E-01
      2       1      16      17      17      17       4 0.465E-01 0.498E-01 0.459E-01 0.480E-01 0.456E-03 0.114E-03 0.415E-03 0.104E-03
      2       1      16     257     257     257       4 0.102E+02 0.104E+02 0.106E+02 0.110E+02 0.706E+00 0.177E+00 0.659E+00 0.165E+00
      2       1      16      31      31      31       4 0.270E+00 0.291E+00 0.267E+00 0.279E+00 0.138E-02 0.345E-03 0.138E-02 0.346E-03
      2       1      16     509     509     509       4 0.289E+02 0.290E+02 0.289E+02 0.294E+02 0.351E+01 0.878E+00 0.344E+01 0.860E+00
      2       1      16      67      67      67       4 0.472E+00 0.492E+00 0.467E+00 0.472E+00 0.207E-01 0.518E-02 0.206E-01 0.516E-02
      2       1      16       7       7       7       4 0.203E-01 0.210E-01 0.188E-01 0.189E-01 0.637E-03 0.159E-03 0.352E-03 0.880E-04
      2       1       2     127     127     127       4 0.286E+01 0.292E+01 0.282E+01 0.284E+01 0.293E+00 0.733E-01 0.298E+00 0.744E-01
      2       1       2      17      17      17       4 0.253E-01 0.285E-01 0.246E-01 0.285E-01 0.411E-03 0.103E-03 0.432E-03 0.108E-03
      2       1       2     257     257     257       4 0.270E+02 0.271E+02 0.269E+02 0.275E+02 0.308E+01 0.770E+00 0.320E+01 0.800E+00
      2       1       2      31      31      31       4 0.147E+00 0.152E+00 0.144E+00 0.150E+00 0.312E-02 0.780E-03 0.318E-02 0.794E-03
      2       1       2     509     509     509       4 0.435E+02 0.447E+02 0.428E+02 0.430E+02 0.201E+02 0.503E+01 0.202E+02 0.506E+01
      2       1       2      67      67      67       4 0.597E+00 0.649E+00 0.603E+00 0.660E+00 0.549E-01 0.137E-01 0.543E-01 0.136E-01
      2       1       2       7       7       7       4 0.181E-01 0.186E-01 0.168E-01 0.169E-01 0.336E-04 0.840E-05 0.317E-04 0.793E-05
      2       1      24     127     127     127       4 0.187E+01 0.191E+01 0.185E+01 0.189E+01 0.759E-01 0.190E-01 0.742E-01 0.186E-01
      2       1      24      17      17      17       4 0.524E-01 0.542E-01 0.501E-01 0.520E-01 0.107E-02 0.266E-03 0.634E-03 0.158E-03
      2       1      24     257     257     257       4 0.107E+02 0.110E+02 0.113E+02 0.119E+02 0.603E+00 0.151E+00 0.598E+00 0.149E+00
      2       1      24      31      31      31       4 0.345E+00 0.368E+00 0.317E+00 0.327E+00 0.139E-02 0.349E-03 0.121E-02 0.304E-03
      2       1      24     509     509     509       4 0.271E+02 0.284E+02 0.258E+02 0.285E+02 0.295E+01 0.737E+00 0.314E+01 0.786E+00
      2       1      24      67      67      67       4 0.552E+00 0.555E+00 0.510E+00 0.540E+00 0.204E-01 0.509E-02 0.199E-01 0.499E-02
      2       1      24       7       7       7       4 0.210E-01 0.214E-01 0.198E-01 0.201E-01 0.888E-03 0.222E-03 0.550E-03 0.137E-03
      2       1       4     127     127     127       4 0.188E+01 0.193E+01 0.183E+01 0.190E+01 0.157E+00 0.392E-01 0.159E+00 0.399E-01
      2       1       4      17      17      17       4 0.261E-01 0.266E-01 0.253E-01 0.255E-01 0.317E-03 0.792E-04 0.340E-03 0.850E-04
      2       1       4     257     257     257       4 0.164E+02 0.170E+02 0.171E+02 0.186E+02 0.177E+01 0.443E+00 0.179E+01 0.448E+00
      2       1       4      31      31      31       4 0.152E+00 0.155E+00 0.153E+00 0.158E+00 0.192E-02 0.479E-03 0.194E-02 0.486E-03
      2       1       4     509     509     509       4 0.340E+02 0.362E+02 0.347E+02 0.366E+02 0.108E+02 0.269E+01 0.109E+02 0.274E+01
      2       1       4      67      67      67       4 0.467E+00 0.484E+00 0.464E+00 0.487E+00 0.338E-01 0.845E-02 0.285E-01 0.712E-02
      2       1       4       7       7       7       4 0.198E-01 0.202E-01 0.182E-01 0.184E-01 0.591E-04 0.148E-04 0.560E-04 0.140E-04
      2       1       8     127     127     127       4 0.163E+01 0.165E+01 0.155E+01 0.159E+01 0.941E-01 0.235E-01 0.940E-01 0.235E-01
      2       1       8      17      17      17       4 0.395E-01 0.410E-01 0.387E-01 0.411E-01 0.299E-03 0.747E-04 0.291E-03 0.728E-04
      2       1       8     257     257     257       4 0.126E+02 0.128E+02 0.128E+02 0.129E+02 0.110E+01 0.276E+00 0.105E+01 0.263E+00
      2       1       8      31      31      31       4 0.193E+00 0.198E+00 0.195E+00 0.205E+00 0.159E-02 0.398E-03 0.160E-02 0.400E-03
      2       1       8     509     509     509       4 0.339E+02 0.363E+02 0.339E+02 0.360E+02 0.635E+01 0.159E+01 0.702E+01 0.176E+01
      2       1       8      67      67      67       4 0.436E+00 0.453E+00 0.445E+00 0.485E+00 0.282E-01 0.706E-02 0.282E-01 0.706E-02
      2       1       8       7       7       7       4 0.236E-01 0.264E-01 0.218E-01 0.232E-01 0.587E-03 0.147E-03 0.330E-03 0.825E-04
      2      16       1     127     127     127       4 0.243E+00 0.246E+00 0.204E+00 0.205E+00 0.604E-01 0.151E-01 0.560E-01 0.140E-01
      2      16       1      31      31      31       4 0.557E-01 0.606E-01 0.505E-01 0.518E-01 0.913E-03 0.228E-03 0.724E-03 0.181E-03
      2       2       1     127     127     127       4 0.648E+00 0.659E+00 0.597E+00 0.601E+00 0.404E+00 0.101E+00 0.389E+00 0.974E-01
      2       2       1      17      17      17       4 0.877E-02 0.114E-01 0.335E-02 0.349E-02 0.611E-03 0.153E-03 0.518E-03 0.129E-03
      2       2       1     257     257     257       4 0.600E+01 0.603E+01 0.549E+01 0.554E+01 0.494E+01 0.124E+01 0.498E+01 0.125E+01
      2       2       1      31      31      31       4 0.667E-01 0.699E-01 0.551E-01 0.552E-01 0.430E-02 0.108E-02 0.407E-02 0.102E-02
      2       2       1     509     509     509       4 0.121E+02 0.123E+02 0.909E+01 0.938E+01 0.351E+02 0.876E+01 0.352E+02 0.881E+01
      2       2       1      67      67      67       4 0.146E+00 0.150E+00 0.133E+00 0.137E+00 0.661E-01 0.165E-01 0.638E-01 0.160E-01
      2       2       1       7       7       7       4 0.112E-01 0.138E-01 0.499E-02 0.521E-02 0.808E-04 0.202E-04 0.520E-04 0.130E-04
      2       2      12     127     127     127       4 0.903E+00 0.978E+00 0.787E+00 0.844E+00 0.420E+00 0.105E+00 0.406E+00 0.102E+00
      2       2      12      17      17      17       4 0.360E-01 0.434E-01 0.158E-01 0.161E-01 0.176E-02 0.440E-03 0.137E-02 0.343E-03
      2       2      12     257     257     257       4 0.553E+01 0.557E+01 0.437E+01 0.445E+01 0.340E+01 0.850E+00 0.346E+01 0.866E+00
      2       2      12      31      31      31       4 0.238E+00 0.250E+00 0.215E+00 0.225E+00 0.749E-02 0.187E-02 0.575E-02 0.144E-02
      2       2      12     509     509     509       4 0.185E+02 0.192E+02 0.114E+02 0.119E+02 0.224E+02 0.560E+01 0.221E+02 0.552E+01
      2       2      12      67      67      67       4 0.224E+00 0.245E+00 0.177E+00 0.189E+00 0.960E-01 0.240E-01 0.942E-01 0.236E-01
      2       2      12       7       7       7       4 0.249E-01 0.266E-01 0.133E-01 0.135E-01 0.152E-02 0.380E-03 0.105E-02 0.262E-03
      2       2       2     127     127     127       4 0.103E+01 0.104E+01 0.923E+00 0.947E+00 0.652E+00 0.163E+00 0.613E+00 0.153E+00
      2       2       2      17      17      17       4 0.178E-01 0.206E-01 0.627E-02 0.726E-02 0.929E-03 0.232E-03 0.840E-03 0.210E-03
      2       2       2     257     257     257       4 0.784E+01 0.796E+01 0.703E+01 0.709E+01 0.368E+01 0.921E+00 0.368E+01 0.920E+00
      2       2       2      31      31      31       4 0.118E+00 0.125E+00 0.953E-01 0.102E+00 0.397E-02 0.993E-03 0.363E-02 0.909E-03
      2       2       2     509     509     509       4 0.220E+02 0.225E+02 0.162E+02 0.167E+02 0.264E+02 0.661E+01 0.265E+02 0.662E+01
      2       2       2      67      67      67       4 0.225E+00 0.225E+00 0.197E+00 0.206E+00 0.666E-01 0.166E-01 0.654E-01 0.163E-01
      2       2       2       7       7       7       4 0.194E-01 0.222E-01 0.813E-02 0.832E-02 0.336E-03 0.840E-04 0.259E-03 0.648E-04
      2       2       4     127     127     127       4 0.912E+00 0.958E+00 0.880E+00 0.900E+00 0.471E+00 0.118E+00 0.459E+00 0.115E+00
      2       2       4      17      17      17       4 0.248E-01 0.286E-01 0.102E-01 0.111E-01 0.129E-02 0.323E-03 0.105E-02 0.263E-03
      2       2       4     257     257     257       4 0.659E+01 0.682E+01 0.596E+01 0.635E+01 0.391E+01 0.977E+00 0.378E+01 0.946E+00
      2       2       4      31      31      31       4 0.160E+00 0.165E+00 0.136E+00 0.139E+00 0.439E-02 0.110E-02 0.387E-02 0.968E-03
      2       2       4     509     509     509       4 0.263E+02 0.271E+02 0.185E+02 0.191E+02 0.271E+02 0.677E+01 0.256E+02 0.641E+01
      2       2       4      67      67      67       4 0.251E+00 0.256E+00 0.228E+00 0.240E+00 0.772E-01 0.193E-01 0.755E-01 0.189E-01
      2       2       4       7       7       7       4 0.238E-01 0.256E-01 0.126E-01 0.127E-01 0.590E-03 0.147E-03 0.489E-03 0.122E-03
      2       2       8     127     127     127       4 0.953E+00 0.978E+00 0.894E+00 0.930E+00 0.422E+00 0.106E+00 0.421E+00 0.105E+00
      2       2       8      17      17      17       4 0.307E-01 0.330E-01 0.162E-01 0.173E-01 0.139E-02 0.347E-03 0.107E-02 0.268E-03
      2       2       8     257     257     257       4 0.528E+01 0.533E+01 0.484E+01 0.509E+01 0.320E+01 0.799E+00 0.325E+01 0.814E+00
      2       2       8      31      31      31       4 0.179E+00 0.185E+00 0.153E+00 0.156E+00 0.494E-02 0.124E-02 0.387E-02 0.967E-03
      2       2       8     509     509     509       4 0.206E+02 0.210E+02 0.142E+02 0.144E+02 0.230E+02 0.575E+01 0.235E+02 0.589E+01
      2       2       8      67      67      67       4 0.207E+00 0.212E+00 0.184E+00 0.192E+00 0.879E-01 0.220E-01 0.861E-01 0.215E-01
      2       2       8       7       7       7       4 0.255E-01 0.266E-01 0.133E-01 0.138E-01 0.137E-02 0.343E-03 0.895E-03 0.224E-03
      2       4       1     127     127     127       4 0.393E+00 0.402E+00 0.354E+00 0.362E+00 0.204E+00 0.511E-01 0.195E+00 0.488E-01
      2       4       1     257     257     257       4 0.245E+01 0.248E+01 0.224E+01 0.228E+01 0.256E+01 0.640E+00 0.246E+01 0.614E+00
      2       4       1      31      31      31       4 0.568E-01 0.590E-01 0.494E-01 0.497E-01 0.252E-02 0.630E-03 0.215E-02 0.538E-03
      2       4       1     509     509     509       4 0.752E+01 0.762E+01 0.499E+01 0.517E+01 0.207E+02 0.519E+01 0.210E+02 0.524E+01
      2       4       1      67      67      67       4 0.104E+00 0.106E+00 0.837E-01 0.844E-01 0.357E-01 0.891E-02 0.331E-01 0.829E-02
      2       4       1       7       7       7       4 0.112E-01 0.131E-01 0.551E-02 0.562E-02 0.701E-04 0.175E-04 0.432E-04 0.108E-04
      2       4       2     127     127     127       4 0.645E+00 0.662E+00 0.643E+00 0.661E+00 0.256E+00 0.640E-01 0.239E+00 0.596E-01
      2       4       2     257     257     257       4 0.552E+01 0.655E+01 0.452E+01 0.455E+01 0.265E+01 0.662E+00 0.260E+01 0.651E+00
      2       4       2      31      31      31       4 0.103E+00 0.106E+00 0.904E-01 0.911E-01 0.330E-02 0.824E-03 0.290E-02 0.726E-03
      2       4       2     509     509     509       4 0.238E+02 0.239E+02 0.181E+02 0.182E+02 0.172E+02 0.429E+01 0.177E+02 0.442E+01
      2       4       2      67      67      67       4 0.165E+00 0.170E+00 0.124E+00 0.131E+00 0.505E-01 0.126E-01 0.462E-01 0.116E-01
      2       4       2       7       7       7       4 0.210E-01 0.231E-01 0.132E-01 0.135E-01 0.356E-03 0.890E-04 0.294E-03 0.736E-04
      2       4       4     127     127     127       4 0.610E+00 0.638E+00 0.538E+00 0.578E+00 0.245E+00 0.613E-01 0.249E+00 0.621E-01
      2       4       4     257     257     257       4 0.382E+01 0.411E+01 0.328E+01 0.365E+01 0.209E+01 0.523E+00 0.224E+01 0.559E+00
      2       4       4      31      31      31       4 0.118E+00 0.130E+00 0.104E+00 0.111E+00 0.418E-02 0.104E-02 0.357E-02 0.893E-03
      2       4       4     509     509     509       4 0.207E+02 0.215E+02 0.138E+02 0.141E+02 0.168E+02 0.421E+01 0.171E+02 0.428E+01
      2       4       4      67      67      67       4 0.183E+00 0.202E+00 0.147E+00 0.150E+00 0.489E-01 0.122E-01 0.456E-01 0.114E-01
      2       4       4       7       7       7       4 0.241E-01 0.271E-01 0.143E-01 0.154E-01 0.310E-02 0.775E-03 0.695E-03 0.174E-03
      2       8       1     127     127     127       4 0.312E+00 0.316E+00 0.259E+00 0.263E+00 0.113E+00 0.283E-01 0.104E+00 0.259E-01
      2       8       1     257     257     257       4 0.204E+01 0.206E+01 0.187E+01 0.189E+01 0.140E+01 0.351E+00 0.135E+01 0.337E+00
      2       8       1      31      31      31       4 0.560E-01 0.577E-01 0.489E-01 0.492E-01 0.136E-02 0.339E-03 0.116E-02 0.291E-03
      2       8       1       7       7       7       4 0.673E-02 0.895E-02 0.499E-02 0.538E-02 0.947E-04 0.237E-04 0.615E-04 0.154E-04
      2       8       2     127     127     127       4 0.552E+00 0.565E+00 0.515E+00 0.525E+00 0.156E+00 0.391E-01 0.153E+00 0.384E-01
      2       8       2     257     257     257       4 0.317E+01 0.318E+01 0.292E+01 0.302E+01 0.145E+01 0.363E+00 0.137E+01 0.342E+00
      2       8       2      31      31      31       4 0.101E+00 0.106E+00 0.890E-01 0.916E-01 0.218E-02 0.546E-03 0.193E-02 0.483E-03
      2       8       2       7       7       7       4 0.132E-01 0.143E-01 0.108E-01 0.115E-01 0.183E-03 0.457E-04 0.200E-03 0.499E-04
      3       1       1     127     127     127       4 0.973E-03 0.349E-02 0.000E+00 0.000E+00 0.385E+00 0.963E-01 0.397E+00 0.992E-01
      3       1       1      17      17      17       4 0.749E-03 0.292E-02 0.000E+00 0.000E+00 0.352E-03 0.880E-04 0.253E-03 0.632E-04
      3       1       1     257     257     257       4 0.101E-02 0.341E-02 0.536E-06 0.119E-05 0.493E+01 0.123E+01 0.480E+01 0.120E+01
      3       1       1      31      31      31       4 0.849E-03 0.332E-02 0.238E-06 0.954E-06 0.206E-02 0.514E-03 0.187E-02 0.467E-03
      3       1       1     509     509     509       4 0.102E-02 0.324E-02 0.000E+00 0.000E+00 0.340E+02 0.850E+01 0.329E+02 0.823E+01
      3       1       1      67      67      67       4 0.773E-03 0.293E-02 0.000E+00 0.000E+00 0.105E+00 0.262E-01 0.103E+00 0.256E-01
      3       1       1       7       7       7       4 0.694E-03 0.273E-02 0.238E-06 0.954E-06 0.126E-03 0.316E-04 0.288E-04 0.721E-05
      3       1      12     127     127     127       4 0.359E-02 0.139E-01 0.238E-06 0.954E-06 0.924E-01 0.231E-01 0.862E-01 0.215E-01
      3       1      12      17      17      17       4 0.415E-02 0.165E-01 0.298E-06 0.119E-05 0.429E-03 0.107E-03 0.200E-03 0.501E-04
      3       1      12     257     257     257       4 0.768E-03 0.230E-02 0.000E+00 0.000E+00 0.109E+01 0.272E+00 0.858E+00 0.214E+00
      3       1      12      31      31      31       4 0.431E-02 0.171E-01 0.298E-06 0.119E-05 0.130E-02 0.324E-03 0.823E-03 0.206E-03
      3       1      12     509     509     509       4 0.116E-02 0.371E-02 0.000E+00 0.000E+00 0.801E+01 0.200E+01 0.600E+01 0.150E+01
      3       1      12      67      67      67       4 0.602E-02 0.239E-01 0.000E+00 0.000E+00 0.178E-01 0.445E-02 0.144E-01 0.359E-02
      3       1      12       7       7       7       4 0.442E-02 0.176E-01 0.000E+00 0.000E+00 0.261E-03 0.652E-04 0.632E-04 0.158E-04
      3       1      16     127     127     127       4 0.157E-02 0.582E-02 0.000E+00 0.000E+00 0.884E-01 0.221E-01 0.759E-01 0.190E-01
      3       1      16      17      17      17       4 0.411E-02 0.164E-01 0.000E+00 0.000E+00 0.533E-03 0.133E-03 0.223E-03 0.557E-04
      3       1      16     257     257     257       4 0.809E-03 0.249E-02 0.000E+00 0.000E+00 0.987E+00 0.247E+00 0.755E+00 0.189E+00
      3       1      16      31      31      31       4 0.417E-02 0.166E-01 0.000E+00 0.000E+00 0.116E-02 0.291E-03 0.763E-03 0.191E-03
      3       1      16     509     509     509       4 0.114E-02 0.356E-02 0.000E+00 0.000E+00 0.737E+01 0.184E+01 0.533E+01 0.133E+01
      3       1      16      67      67      67       4 0.303E-02 0.119E-01 0.238E-06 0.954E-06 0.153E-01 0.383E-02 0.128E-01 0.319E-02
      3       1      16       7       7       7       4 0.334E-02 0.133E-01 0.000E+00 0.000E+00 0.309E-03 0.773E-04 0.112E-03 0.280E-04
      3       1       2     127     127     127       4 0.134E-02 0.493E-02 0.238E-06 0.954E-06 0.223E+00 0.559E-01 0.226E+00 0.566E-01
      3       1       2      17      17      17       4 0.712E-03 0.276E-02 0.000E+00 0.000E+00 0.366E-03 0.915E-04 0.211E-03 0.528E-04
      3       1       2     257     257     257       4 0.963E-03 0.317E-02 0.000E+00 0.000E+00 0.282E+01 0.706E+00 0.264E+01 0.660E+00
      3       1       2      31      31      31       4 0.335E-02 0.133E-01 0.238E-06 0.954E-06 0.150E-02 0.376E-03 0.126E-02 0.314E-03
      3       1       2     509     509     509       4 0.118E-02 0.373E-02 0.000E+00 0.000E+00 0.200E+02 0.501E+01 0.185E+02 0.462E+01
      3       1       2      67      67      67       4 0.718E-03 0.272E-02 0.000E+00 0.000E+00 0.578E-01 0.145E-01 0.560E-01 0.140E-01
      3       1       2       7       7       7       4 0.680E-03 0.267E-02 0.000E+00 0.000E+00 0.225E-03 0.563E-04 0.412E-04 0.103E-04
      3       1      24     127     127     127       4 0.148E-02 0.544E-02 0.238E-06 0.954E-06 0.923E-01 0.231E-01 0.849E-01 0.212E-01
      3       1      24      17      17      17       4 0.216E-02 0.857E-02 0.000E+00 0.000E+00 0.540E-03 0.135E-03 0.204E-03 0.510E-04
      3       1      24     257     257     257       4 0.650E-03 0.179E-02 0.000E+00 0.000E+00 0.905E+00 0.226E+00 0.646E+00 0.162E+00
      3       1      24      31      31      31       4 0.412E-02 0.164E-01 0.477E-06 0.954E-06 0.131E-02 0.327E-03 0.779E-03 0.195E-03
      3       1      24     509     509     509       4 0.115E-02 0.372E-02 0.000E+00 0.000E+00 0.681E+01 0.170E+01 0.472E+01 0.118E+01
      3       1      24      67      67      67       4 0.164E-02 0.634E-02 0.000E+00 0.000E+00 0.139E-01 0.347E-02 0.109E-01 0.272E-02
      3       1      24       7       7       7       4 0.536E-02 0.213E-01 0.000E+00 0.000E+00 0.377E-03 0.942E-04 0.177E-03 0.443E-04
      3       1       4     127     127     127       4 0.352E-02 0.136E-01 0.000E+00 0.000E+00 0.143E+00 0.358E-01 0.140E+00 0.351E-01
      3       1       4      17      17      17       4 0.420E-02 0.167E-01 0.000E+00 0.000E+00 0.381E-03 0.953E-04 0.208E-03 0.520E-04
      3       1       4     257     257     257       4 0.926E-03 0.297E-02 0.238E-06 0.954E-06 0.179E+01 0.447E+00 0.156E+01 0.391E+00
      3       1       4      31      31      31       4 0.352E-02 0.140E-01 0.238E-06 0.954E-06 0.122E-02 0.305E-03 0.908E-03 0.227E-03
      3       1       4     509     509     509       4 0.117E-02 0.380E-02 0.000E+00 0.000E+00 0.128E+02 0.320E+01 0.109E+02 0.273E+01
      3       1       4      67      67      67       4 0.401E-02 0.159E-01 0.000E+00 0.000E+00 0.329E-01 0.823E-02 0.306E-01 0.766E-02
      3       1       4       7       7       7       4 0.387E-02 0.154E-01 0.000E+00 0.000E+00 0.217E-03 0.542E-04 0.513E-04 0.128E-04
      3       1       8     127     127     127       4 0.390E-02 0.151E-01 0.000E+00 0.000E+00 0.103E+00 0.258E-01 0.970E-01 0.242E-01
      3       1       8      17      17      17       4 0.426E-02 0.170E-01 0.000E+00 0.000E+00 0.433E-03 0.108E-03 0.186E-03 0.466E-04
      3       1       8     257     257     257       4 0.942E-03 0.304E-02 0.000E+00 0.000E+00 0.126E+01 0.314E+00 0.102E+01 0.256E+00
      3       1       8      31      31      31       4 0.412E-02 0.164E-01 0.000E+00 0.000E+00 0.131E-02 0.327E-03 0.924E-03 0.231E-03
      3       1       8     509     509     509       4 0.116E-02 0.376E-02 0.000E+00 0.000E+00 0.924E+01 0.231E+01 0.725E+01 0.181E+01
      3       1       8      67      67      67       4 0.446E-02 0.177E-01 0.000E+00 0.000E+00 0.211E-01 0.529E-02 0.190E-01 0.474E-02
      3       1       8       7       7       7       4 0.651E-02 0.260E-01 0.238E-06 0.954E-06 0.292E-03 0.730E-04 0.820E-04 0.205E-04
      3      16       1     127     127     127       4 0.342E-01 0.135E+00 0.280E-05 0.596E-05 0.127E+00 0.318E-01 0.948E-01 0.237E-01
      3      16       1      17      17      17       4 0.295E-01 0.118E+00 0.185E-05 0.215E-05 0.149E-02 0.373E-03 0.452E-03 0.113E-03
      3      16       1     257     257     257       4 0.226E-01 0.893E-01 0.167E-05 0.191E-05 0.150E+01 0.375E+00 0.894E+00 0.224E+00
      3      16       1      31      31      31       4 0.246E-01 0.982E-01 0.131E-05 0.215E-05 0.361E-02 0.904E-03 0.127E-02 0.316E-03
      3      16       1      67      67      67       4 0.270E-01 0.108E+00 0.149E-05 0.215E-05 0.239E-01 0.598E-02 0.156E-01 0.389E-02
      3      16       1       7       7       7       4 0.444E-02 0.148E-01 0.149E-05 0.215E-05 0.130E-02 0.325E-03 0.147E-01 0.368E-02
      3       2       1     127     127     127       4 0.394E-02 0.153E-01 0.238E-06 0.954E-06 0.338E+00 0.845E-01 0.277E+00 0.692E-01
      3       2       1      17      17      17       4 0.446E-02 0.178E-01 0.298E-06 0.119E-05 0.567E-03 0.142E-03 0.333E-03 0.833E-04
      3       2       1     257     257     257       4 0.408E-02 0.156E-01 0.238E-06 0.954E-06 0.383E+01 0.957E+00 0.300E+01 0.749E+00
      3       2       1      31      31      31       4 0.442E-02 0.176E-01 0.429E-05 0.141E-04 0.246E-02 0.614E-03 0.183E-02 0.457E-03
      3       2       1     509     509     509       4 0.416E-02 0.158E-01 0.477E-06 0.954E-06 0.280E+02 0.699E+01 0.211E+02 0.527E+01
      3       2       1      67      67      67       4 0.386E-02 0.152E-01 0.715E-06 0.954E-06 0.669E-01 0.167E-01 0.601E-01 0.150E-01
      3       2       1       7       7       7       4 0.469E-02 0.187E-01 0.107E-05 0.119E-05 0.185E-03 0.463E-04 0.942E-04 0.235E-04
      3       2      12     127     127     127       4 0.445E-02 0.172E-01 0.238E-06 0.954E-06 0.184E+00 0.460E-01 0.121E+00 0.303E-01
      3       2      12      17      17      17       4 0.720E-02 0.287E-01 0.379E-02 0.152E-01 0.150E-02 0.374E-03 0.456E-03 0.114E-03
      3       2      12     257     257     257       4 0.495E-02 0.190E-01 0.477E-06 0.954E-06 0.174E+01 0.435E+00 0.987E+00 0.247E+00
      3       2      12      31      31      31       4 0.422E-02 0.167E-01 0.107E-05 0.119E-05 0.242E-02 0.604E-03 0.146E-02 0.365E-03
      3       2      12     509     509     509       4 0.436E-02 0.164E-01 0.536E-06 0.119E-05 0.139E+02 0.346E+01 0.711E+01 0.178E+01
      3       2      12      67      67      67       4 0.719E-02 0.286E-01 0.775E-06 0.119E-05 0.236E-01 0.590E-02 0.168E-01 0.419E-02
      3       2      12       7       7       7       4 0.602E-02 0.236E-01 0.107E-05 0.119E-05 0.375E-03 0.938E-04 0.158E-03 0.395E-04
      3       2       2     127     127     127       4 0.387E-02 0.150E-01 0.477E-06 0.954E-06 0.239E+00 0.598E-01 0.175E+00 0.438E-01
      3       2       2      17      17      17       4 0.559E-02 0.223E-01 0.715E-06 0.954E-06 0.659E-03 0.165E-03 0.365E-03 0.913E-04
      3       2       2     257     257     257       4 0.381E-02 0.145E-01 0.238E-06 0.954E-06 0.266E+01 0.666E+00 0.189E+01 0.473E+00
      3       2       2      31      31      31       4 0.580E-02 0.231E-01 0.536E-06 0.119E-05 0.211E-02 0.527E-03 0.156E-02 0.390E-03
      3       2       2     509     509     509       4 0.459E-02 0.174E-01 0.477E-06 0.954E-06 0.201E+02 0.503E+01 0.131E+02 0.327E+01
      3       2       2      67      67      67       4 0.470E-02 0.186E-01 0.775E-06 0.119E-05 0.432E-01 0.108E-01 0.364E-01 0.911E-02
      3       2       2       7       7       7       4 0.374E-02 0.149E-01 0.834E-06 0.119E-05 0.227E-03 0.567E-04 0.133E-03 0.332E-04
      3       2       4     127     127     127       4 0.667E-02 0.262E-01 0.238E-06 0.954E-06 0.206E+00 0.514E-01 0.138E+00 0.344E-01
      3       2       4      17      17      17       4 0.655E-02 0.261E-01 0.775E-06 0.119E-05 0.817E-03 0.204E-03 0.439E-03 0.110E-03
      3       2       4     257     257     257       4 0.432E-02 0.165E-01 0.238E-06 0.954E-06 0.210E+01 0.524E+00 0.136E+01 0.340E+00
      3       2       4      31      31      31       4 0.807E-02 0.322E-01 0.131E-05 0.215E-05 0.238E-02 0.594E-03 0.160E-02 0.401E-03
      3       2       4     509     509     509       4 0.434E-02 0.162E-01 0.477E-06 0.954E-06 0.158E+02 0.395E+01 0.989E+01 0.247E+01
      3       2       4      67      67      67       4 0.566E-02 0.224E-01 0.101E-05 0.215E-05 0.336E-01 0.841E-02 0.265E-01 0.663E-02
      3       2       4       7       7       7       4 0.632E-02 0.252E-01 0.101E-05 0.119E-05 0.346E-03 0.865E-04 0.137E-03 0.343E-04
      3       2       8     127     127     127       4 0.662E-02 0.260E-01 0.477E-06 0.954E-06 0.181E+00 0.452E-01 0.104E+00 0.260E-01
      3       2       8      17      17      17       4 0.699E-02 0.278E-01 0.107E-05 0.119E-05 0.842E-03 0.211E-03 0.422E-03 0.106E-03
      3       2       8     257     257     257       4 0.308E-02 0.116E-01 0.101E-05 0.119E-05 0.196E+01 0.489E+00 0.107E+01 0.267E+00
      3       2       8      31      31      31       4 0.701E-02 0.279E-01 0.238E-06 0.954E-06 0.193E-02 0.482E-03 0.122E-02 0.305E-03
      3       2       8     509     509     509       4 0.439E-02 0.166E-01 0.238E-06 0.954E-06 0.141E+02 0.352E+01 0.776E+01 0.194E+01
      3       2       8      67      67      67       4 0.855E-02 0.339E-01 0.715E-06 0.954E-06 0.249E-01 0.623E-02 0.185E-01 0.463E-02
      3       2       8       7       7       7       4 0.620E-02 0.247E-01 0.101E-05 0.119E-05 0.388E-03 0.970E-04 0.208E-03 0.520E-04
      3       4       1     127     127     127       4 0.105E-01 0.416E-01 0.101E-05 0.119E-05 0.213E+00 0.533E-01 0.151E+00 0.378E-01
      3       4       1      17      17      17       4 0.137E-01 0.545E-01 0.107E-05 0.215E-05 0.750E-03 0.188E-03 0.364E-03 0.910E-04
      3       4       1     257     257     257       4 0.105E-01 0.414E-01 0.501E-05 0.160E-04 0.239E+01 0.597E+00 0.175E+01 0.438E+00
      3       4       1      31      31      31       4 0.101E-01 0.402E-01 0.400E-02 0.160E-01 0.223E-02 0.559E-03 0.137E-02 0.342E-03
      3       4       1      67      67      67       4 0.101E-01 0.401E-01 0.149E-05 0.215E-05 0.422E-01 0.105E-01 0.341E-01 0.852E-02
      3       4       1       7       7       7       4 0.997E-02 0.398E-01 0.400E-02 0.160E-01 0.302E-03 0.754E-04 0.140E-03 0.350E-04
      3       4       2     127     127     127       4 0.150E-01 0.596E-01 0.715E-06 0.954E-06 0.192E+00 0.481E-01 0.121E+00 0.302E-01
      3       4       2      17      17      17       4 0.117E-01 0.467E-01 0.800E-02 0.320E-01 0.680E-02 0.170E-02 0.413E-03 0.103E-03
      3       4       2     257     257     257       4 0.732E-02 0.286E-01 0.125E-05 0.215E-05 0.188E+01 0.470E+00 0.121E+01 0.302E+00
      3       4       2      31      31      31       4 0.141E-01 0.561E-01 0.775E-06 0.119E-05 0.228E-02 0.571E-03 0.149E-02 0.373E-03
      3       4       2      67      67      67       4 0.170E-01 0.677E-01 0.107E-05 0.119E-05 0.301E-01 0.753E-02 0.236E-01 0.590E-02
      3       4       2       7       7       7       4 0.115E-01 0.459E-01 0.477E-06 0.954E-06 0.319E-03 0.798E-04 0.165E-03 0.413E-04
      3       4       4     127     127     127       4 0.115E-01 0.455E-01 0.119E-05 0.191E-05 0.169E+00 0.423E-01 0.929E-01 0.232E-01
      3       4       4      17      17      17       4 0.159E-01 0.630E-01 0.101E-02 0.402E-02 0.185E-02 0.462E-03 0.477E-03 0.119E-03
      3       4       4     257     257     257       4 0.856E-02 0.335E-01 0.954E-06 0.954E-06 0.162E+01 0.406E+00 0.951E+00 0.238E+00
      3       4       4      31      31      31       4 0.140E-01 0.559E-01 0.167E-05 0.191E-05 0.214E-02 0.535E-03 0.124E-02 0.310E-03
      3       4       4      67      67      67       4 0.121E-01 0.481E-01 0.155E-05 0.215E-05 0.227E-01 0.567E-02 0.170E-01 0.424E-02
      3       4       4       7       7       7       4 0.127E-01 0.505E-01 0.125E-05 0.215E-05 0.433E-03 0.108E-03 0.179E-03 0.448E-04
      3       8       1     127     127     127       4 0.132E-01 0.522E-01 0.119E-05 0.191E-05 0.152E+00 0.380E-01 0.109E+00 0.273E-01
      3       8       1      17      17      17       4 0.108E-01 0.431E-01 0.775E-06 0.119E-05 0.149E-02 0.373E-03 0.342E-03 0.855E-04
      3       8       1     257     257     257       4 0.984E-02 0.386E-01 0.143E-05 0.191E-05 0.178E+01 0.444E+00 0.122E+01 0.304E+00
      3       8       1      31      31      31       4 0.275E-01 0.109E+00 0.900E-02 0.360E-01 0.288E-02 0.720E-03 0.150E-02 0.375E-03
      3       8       1      67      67      67       4 0.164E-01 0.655E-01 0.155E-05 0.215E-05 0.289E-01 0.723E-02 0.221E-01 0.553E-02
      3       8       1       7       7       7       4 0.389E-02 0.140E-01 0.101E-05 0.119E-05 0.388E-03 0.970E-04 0.360E-03 0.900E-04
      3       8       2     127     127     127       4 0.783E-02 0.307E-01 0.125E-05 0.191E-05 0.138E+00 0.346E-01 0.995E-01 0.249E-01
      3       8       2      17      17      17       4 0.890E-02 0.354E-01 0.536E-06 0.119E-05 0.164E-02 0.411E-03 0.372E-03 0.929E-04
      3       8       2     257     257     257       4 0.224E-01 0.890E-01 0.149E-05 0.191E-05 0.153E+01 0.383E+00 0.925E+00 0.231E+00
      3       8       2      31      31      31       4 0.128E-01 0.509E-01 0.137E-05 0.215E-05 0.283E-02 0.708E-03 0.124E-02 0.310E-03
      3       8       2      67      67      67       4 0.106E-01 0.423E-01 0.477E-06 0.954E-06 0.238E-01 0.594E-02 0.151E-01 0.377E-02
      3       8       2       7       7       7       4 0.380E-02 0.135E-01 0.119E-05 0.191E-05 0.444E-03 0.111E-03 0.399E-03 0.997E-04
      4       1       1     127     127     127       4 0.000E+00 0.000E+00 0.000E+00 0.000E+00 0.000E+00 0.000E+00 0.000E+00 0.000E+00
      4       1       1      17      17      17       4 0.000E+00 0.000E+00 0.000E+00 0.000E+00 0.000E+00 0.000E+00 0.000E+00 0.000E+00
      4       1       1     257     257     257       4 0.000E+00 0.000E+00 0.000E+00 0.000E+00 0.000E+00 0.000E+00 0.000E+00 0.000E+00
      4       1       1      31      31      31       4 0.000E+00 0.000E+00 0.000E+00 0.000E+00 0.000E+00 0.000E+00 0.000E+00 0.000E+00
      4       1       1     509     509     509       4 0.000E+00 0.000E+00 0.000E+00 0.000E+00 0.000E+00 0.000E+00 0.000E+00 0.000E+00
      4       1       1      67      67      67       4 0.000E+00 0.000E+00 0.000E+00 0.000E+00 0.000E+00 0.000E+00 0.000E+00 0.000E+00
      4       1       1       7       7       7       4 0.000E+00 0.000E+00 0.000E+00 0.000E+00 0.000E+00 0.000E+00 0.000E+00 0.000E+00
      4       1      12     127     127     127       4 0.000E+00 0.000E+00 0.000E+00 0.000E+00 0.000E+00 0.000E+00 0.000E+00 0.000E+00
      4       1      12      17      17      17       4 0.000E+00 0.000E+00 0.000E+00 0.000E+00 0.000E+00 0.000E+00 0.000E+00 0.000E+00
      4       1      12     257     257     257       4 0.000E+00 0.000E+00 0.000E+00 0.000E+00 0.000E+00 0.000E+00 0.000E+00 0.000E+00
      4       1      12      31      31      31       4 0.000E+00 0.000E+00 0.000E+00 0.000E+00 0.000E+00 0.000E+00 0.000E+00 0.000E+00
      4       1      12     509     509     509       4 0.000E+00 0.000E+00 0.000E+00 0.000E+00 0.000E+00 0.000E+00 0.000E+00 0.000E+00
      4       1      12      67      67      67       4 0.000E+00 0.000E+00 0.000E+00 0.000E+00 0.000E+00 0.000E+00 0.000E+00 0.000E+00
      4       1      12       7       7       7       4 0.000E+00 0.000E+00 0.000E+00 0.000E+00 0.000E+00 0.000E+00 0.000E+00 0.000E+00
      4       1      16     127     127     127       4 0.000E+00 0.000E+00 0.000E+00 0.000E+00 0.000E+00 0.000E+00 0.000E+00 0.000E+00
      4       1      16      17      17      17       4 0.000E+00 0.000E+00 0.000E+00 0.000E+00 0.000E+00 0.000E+00 0.000E+00 0.000E+00
      4       1      16     257     257     257       4 0.000E+00 0.000E+00 0.000E+00 0.000E+00 0.000E+00 0.000E+00 0.000E+00 0.000E+00
      4       1      16      31      31      31       4 0.000E+00 0.000E+00 0.000E+00 0.000E+00 0.000E+00 0.000E+00 0.000E+00 0.000E+00
      4       1      16     509     509     509       4 0.000E+00 0.000E+00 0.000E+00 0.000E+00 0.000E+00 0.000E+00 0.000E+00 0.000E+00
      4       1      16      67      67      67       4 0.000E+00 0.000E+00 0.000E+00 0.000E+00 0.000E+00 0.000E+00 0.000E+00 0.000E+00
      4       1      16       7       7       7       4 0.000E+00 0.000E+00 0.000E+00 0.000E+00 0.000E+00 0.000E+00 0.000E+00 0.000E+00
      4       1       2     127     127     127       4 0.000E+00 0.000E+00 0.000E+00 0.000E+00 0.000E+00 0.000E+00 0.000E+00 0.000E+00
      4       1       2      17      17      17       4 0.000E+00 0.000E+00 0.000E+00 0.000E+00 0.000E+00 0.000E+00 0.000E+00 0.000E+00
      4       1       2     257     257     257       4 0.000E+00 0.000E+00 0.000E+00 0.000E+00 0.000E+00 0.000E+00 0.000E+00 0.000E+00
      4       1       2      31      31      31       4 0.000E+00 0.000E+00 0.000E+00 0.000E+00 0.000E+00 0.000E+00 0.000E+00 0.000E+00
      4       1       2     509     509     509       4 0.000E+00 0.000E+00 0.000E+00 0.000E+00 0.000E+00 0.000E+00 0.000E+00 0.000E+00
      4       1       2      67      67      67       4 0.000E+00 0.000E+00 0.000E+00 0.000E+00 0.000E+00 0.000E+00 0.000E+00 0.000E+00
      4       1       2       7       7       7       4 0.000E+00 0.000E+00 0.000E+00 0.000E+00 0.000E+00 0.000E+00 0.000E+00 0.000E+00
      4       1      24     127     127     127       4 0.000E+00 0.000E+00 0.000E+00 0.000E+00 0.000E+00 0.000E+00 0.000E+00 0.000E+00
      4       1      24      17      17      17       4 0.000E+00 0.000E+00 0.000E+00 0.000E+00 0.000E+00 0.000E+00 0.000E+00 0.000E+00
      4       1      24     257     257     257       4 0.000E+00 0.000E+00 0.000E+00 0.000E+00 0.000E+00 0.000E+00 0.000E+00 0.000E+00
      4       1      24      31      31      31       4 0.000E+00 0.000E+00 0.000E+00 0.000E+00 0.000E+00 0.000E+00 0.000E+00 0.000E+00
      4       1      24     509     509     509       4 0.000E+00 0.000E+00 0.000E+00 0.000E+00 0.000E+00 0.000E+00 0.000E+00 0.000E+00
      4       1      24      67      67      67       4 0.000E+00 0.000E+00 0.000E+00 0.000E+00 0.000E+00 0.000E+00 0.000E+00 0.000E+00
      4       1      24       7       7       7       4 0.000E+00 0.000E+00 0.000E+00 0.000E+00 0.000E+00 0.000E+00 0.000E+00 0.000E+00
      4       1       4     127     127     127       4 0.000E+00 0.000E+00 0.000E+00 0.000E+00 0.000E+00 0.000E+00 0.000E+00 0.000E+00
      4       1       4      17      17      17       4 0.000E+00 0.000E+00 0.000E+00 0.000E+00 0.000E+00 0.000E+00 0.000E+00 0.000E+00
      4       1       4     257     257     257       4 0.000E+00 0.000E+00 0.000E+00 0.000E+00 0.000E+00 0.000E+00 0.000E+00 0.000E+00
      4       1       4      31      31      31       4 0.000E+00 0.000E+00 0.000E+00 0.000E+00 0.000E+00 0.000E+00 0.000E+00 0.000E+00
      4       1       4     509     509     509       4 0.000E+00 0.000E+00 0.000E+00 0.000E+00 0.000E+00 0.000E+00 0.000E+00 0.000E+00
      4       1       4      67      67      67       4 0.000E+00 0.000E+00 0.000E+00 0.000E+00 0.000E+00 0.000E+00 0.000E+00 0.000E+00
      4       1       4       7       7       7       4 0.000E+00 0.000E+00 0.000E+00 0.000E+00 0.000E+00 0.000E+00 0.000E+00 0.000E+00
      4       1       8     127     127     127       4 0.000E+00 0.000E+00 0.000E+00 0.000E+00 0.000E+00 0.000E+00 0.000E+00 0.000E+00
      4       1       8      17      17      17       4 0.000E+00 0.000E+00 0.000E+00 0.000E+00 0.000E+00 0.000E+00 0.000E+00 0.000E+00
      4       1       8     257     257     257       4 0.000E+00 0.000E+00 0.000E+00 0.000E+00 0.000E+00 0.000E+00 0.000E+00 0.000E+00
      4       1       8      31      31      31       4 0.000E+00 0.000E+00 0.000E+00 0.000E+00 0.000E+00 0.000E+00 0.000E+00 0.000E+00
      4       1       8     509     509     509       4 0.000E+00 0.000E+00 0.000E+00 0.000E+00 0.000E+00 0.000E+00 0.000E+00 0.000E+00
      4       1       8      67      67      67       4 0.000E+00 0.000E+00 0.000E+00 0.000E+00 0.000E+00 0.000E+00 0.000E+00 0.000E+00
      4       1       8       7       7       7       4 0.000E+00 0.000E+00 0.000E+00 0.000E+00 0.000E+00 0.000E+00 0.000E+00 0.000E+00
      4      16       1     127     127     127       4 0.000E+00 0.000E+00 0.000E+00 0.000E+00 0.000E+00 0.000E+00 0.000E+00 0.000E+00
      4      16       1      17      17      17       4 0.000E+00 0.000E+00 0.000E+00 0.000E+00 0.000E+00 0.000E+00 0.000E+00 0.000E+00
      4      16       1     257     257     257       4 0.000E+00 0.000E+00 0.000E+00 0.000E+00 0.000E+00 0.000E+00 0.000E+00 0.000E+00
      4      16       1      31      31      31       4 0.000E+00 0.000E+00 0.000E+00 0.000E+00 0.000E+00 0.000E+00 0.000E+00 0.000E+00
      4      16       1      67      67      67       4 0.000E+00 0.000E+00 0.000E+00 0.000E+00 0.000E+00 0.000E+00 0.000E+00 0.000E+00
      4      16       1       7       7       7       4 0.000E+00 0.000E+00 0.000E+00 0.000E+00 0.000E+00 0.000E+00 0.000E+00 0.000E+00
      4       2       1     127     127     127       4 0.000E+00 0.000E+00 0.000E+00 0.000E+00 0.000E+00 0.000E+00 0.000E+00 0.000E+00
      4       2       1      17      17      17       4 0.000E+00 0.000E+00 0.000E+00 0.000E+00 0.000E+00 0.000E+00 0.000E+00 0.000E+00
      4       2       1     257     257     257       4 0.000E+00 0.000E+00 0.000E+00 0.000E+00 0.000E+00 0.000E+00 0.000E+00 0.000E+00
      4       2       1      31      31      31       4 0.000E+00 0.000E+00 0.000E+00 0.000E+00 0.000E+00 0.000E+00 0.000E+00 0.000E+00
      4       2       1     509     509     509       4 0.000E+00 0.000E+00 0.000E+00 0.000E+00 0.000E+00 0.000E+00 0.000E+00 0.000E+00
      4       2       1      67      67      67       4 0.000E+00 0.000E+00 0.000E+00 0.000E+00 0.000E+00 0.000E+00 0.000E+00 0.000E+00
      4       2       1       7       7       7       4 0.000E+00 0.000E+00 0.000E+00 0.000E+00 0.000E+00 0.000E+00 0.000E+00 0.000E+00
      4       2      12     127     127     127       4 0.000E+00 0.000E+00 0.000E+00 0.000E+00 0.000E+00 0.000E+00 0.000E+00 0.000E+00
      4       2      12      17      17      17       4 0.000E+00 0.000E+00 0.000E+00 0.000E+00 0.000E+00 0.000E+00 0.000E+00 0.000E+00
      4       2      12     257     257     257       4 0.000E+00 0.000E+00 0.000E+00 0.000E+00 0.000E+00 0.000E+00 0.000E+00 0.000E+00
      4       2      12      31      31      31       4 0.000E+00 0.000E+00 0.000E+00 0.000E+00 0.000E+00 0.000E+00 0.000E+00 0.000E+00
      4       2      12     509     509     509       4 0.000E+00 0.000E+00 0.000E+00 0.000E+00 0.000E+00 0.000E+00 0.000E+00 0.000E+00
      4       2      12      67      67      67       4 0.000E+00 0.000E+00 0.000E+00 0.000E+00 0.000E+00 0.000E+00 0.000E+00 0.000E+00
      4       2      12       7       7       7       4 0.000E+00 0.000E+00 0.000E+00 0.000E+00 0.000E+00 0.000E+00 0.000E+00 0.000E+00
      4       2       2     127     127     127       4 0.000E+00 0.000E+00 0.000E+00 0.000E+00 0.000E+00 0.000E+00 0.000E+00 0.000E+00
      4       2       2      17      17      17       4 0.000E+00 0.000E+00 0.000E+00 0.000E+00 0.000E+00 0.000E+00 0.000E+00 0.000E+00
      4       2       2     257     257     257       4 0.000E+00 0.000E+00 0.000E+00 0.000E+00 0.000E+00 0.000E+00 0.000E+00 0.000E+00
      4       2       2      31      31      31       4 0.000E+00 0.000E+00 0.000E+00 0.000E+00 0.000E+00 0.000E+00 0.000E+00 0.000E+00
      4       2       2     509     509     509       4 0.000E+00 0.000E+00 0.000E+00 0.000E+00 0.000E+00 0.000E+00 0.000E+00 0.000E+00
      4       2       2      67      67      67       4 0.000E+00 0.000E+00 0.000E+00 0.000E+00 0.000E+00 0.000E+00 0.000E+00 0.000E+00
      4       2       2       7       7       7       4 0.000E+00 0.000E+00 0.000E+00 0.000E+00 0.000E+00 0.000E+00 0.000E+00 0.000E+00
      4       2       4     127     127     127       4 0.000E+00 0.000E+00 0.000E+00 0.000E+00 0.000E+00 0.000E+00 0.000E+00 0.000E+00
      4       2       4      17      17      17       4 0.000E+00 0.000E+00 0.000E+00 0.000E+00 0.000E+00 0.000E+00 0.000E+00 0.000E+00
      4       2       4     257     257     257       4 0.000E+00 0.000E+00 0.000E+00 0.000E+00 0.000E+00 0.000E+00 0.000E+00 0.000E+00
      4       2       4      31      31      31       4 0.000E+00 0.000E+00 0.000E+00 0.000E+00 0.000E+00 0.000E+00 0.000E+00 0.000E+00
      4       2       4     509     509     509       4 0.000E+00 0.000E+00 0.000E+00 0.000E+00 0.000E+00 0.000E+00 0.000E+00 0.000E+00
      4       2       4      67      67      67       4 0.000E+00 0.000E+00 0.000E+00 0.000E+00 0.000E+00 0.000E+00 0.000E+00 0.000E+00
      4       2       4       7       7       7       4 0.000E+00 0.000E+00 0.000E+00 0.000E+00 0.000E+00 0.000E+00 0.000E+00 0.000E+00
      4       2       8     127     127     127       4 0.000E+00 0.000E+00 0.000E+00 0.000E+00 0.000E+00 0.000E+00 0.000E+00 0.000E+00
      4       2       8      17      17      17       4 0.000E+00 0.000E+00 0.000E+00 0.000E+00 0.000E+00 0.000E+00 0.000E+00 0.000E+00
      4       2       8     257     257     257       4 0.000E+00 0.000E+00 0.000E+00 0.000E+00 0.000E+00 0.000E+00 0.000E+00 0.000E+00
      4       2       8      31      31      31       4 0.000E+00 0.000E+00 0.000E+00 0.000E+00 0.000E+00 0.000E+00 0.000E+00 0.000E+00
      4       2       8     509     509     509       4 0.000E+00 0.000E+00 0.000E+00 0.000E+00 0.000E+00 0.000E+00 0.000E+00 0.000E+00
      4       2       8      67      67      67       4 0.000E+00 0.000E+00 0.000E+00 0.000E+00 0.000E+00 0.000E+00 0.000E+00 0.000E+00
      4       2       8       7       7       7       4 0.000E+00 0.000E+00 0.000E+00 0.000E+00 0.000E+00 0.000E+00 0.000E+00 0.000E+00
      4       4       1     127     127     127       4 0.000E+00 0.000E+00 0.000E+00 0.000E+00 0.000E+00 0.000E+00 0.000E+00 0.000E+00
      4       4       1      17      17      17       4 0.000E+00 0.000E+00 0.000E+00 0.000E+00 0.000E+00 0.000E+00 0.000E+00 0.000E+00
      4       4       1     257     257     257       4 0.000E+00 0.000E+00 0.000E+00 0.000E+00 0.000E+00 0.000E+00 0.000E+00 0.000E+00
      4       4       1      31      31      31       4 0.000E+00 0.000E+00 0.000E+00 0.000E+00 0.000E+00 0.000E+00 0.000E+00 0.000E+00
      4       4       1     509     509     509       4 0.000E+00 0.000E+00 0.000E+00 0.000E+00 0.000E+00 0.000E+00 0.000E+00 0.000E+00
      4       4       1      67      67      67       4 0.000E+00 0.000E+00 0.000E+00 0.000E+00 0.000E+00 0.000E+00 0.000E+00 0.000E+00
      4       4       1       7       7       7       4 0.000E+00 0.000E+00 0.000E+00 0.000E+00 0.000E+00 0.000E+00 0.000E+00 0.000E+00
      4       4       2     127     127     127       4 0.000E+00 0.000E+00 0.000E+00 0.000E+00 0.000E+00 0.000E+00 0.000E+00 0.000E+00
      4       4       2      17      17      17       4 0.000E+00 0.000E+00 0.000E+00 0.000E+00 0.000E+00 0.000E+00 0.000E+00 0.000E+00
      4       4       2     257     257     257       4 0.000E+00 0.000E+00 0.000E+00 0.000E+00 0.000E+00 0.000E+00 0.000E+00 0.000E+00
      4       4       2      31      31      31       4 0.000E+00 0.000E+00 0.000E+00 0.000E+00 0.000E+00 0.000E+00 0.000E+00 0.000E+00
      4       4       2     509     509     509       4 0.000E+00 0.000E+00 0.000E+00 0.000E+00 0.000E+00 0.000E+00 0.000E+00 0.000E+00
      4       4       2      67      67      67       4 0.000E+00 0.000E+00 0.000E+00 0.000E+00 0.000E+00 0.000E+00 0.000E+00 0.000E+00
      4       4       2       7       7       7       4 0.000E+00 0.000E+00 0.000E+00 0.000E+00 0.000E+00 0.000E+00 0.000E+00 0.000E+00
      4       4       4     127     127     127       4 0.000E+00 0.000E+00 0.000E+00 0.000E+00 0.000E+00 0.000E+00 0.000E+00 0.000E+00
      4       4       4      17      17      17       4 0.000E+00 0.000E+00 0.000E+00 0.000E+00 0.000E+00 0.000E+00 0.000E+00 0.000E+00
      4       4       4     257     257     257       4 0.000E+00 0.000E+00 0.000E+00 0.000E+00 0.000E+00 0.000E+00 0.000E+00 0.000E+00
      4       4       4      31      31      31       4 0.000E+00 0.000E+00 0.000E+00 0.000E+00 0.000E+00 0.000E+00 0.000E+00 0.000E+00
      4       4       4     509     509     509       4 0.000E+00 0.000E+00 0.000E+00 0.000E+00 0.000E+00 0.000E+00 0.000E+00 0.000E+00
      4       4       4      67      67      67       4 0.000E+00 0.000E+00 0.000E+00 0.000E+00 0.000E+00 0.000E+00 0.000E+00 0.000E+00
      4       4       4       7       7       7       4 0.000E+00 0.000E+00 0.000E+00 0.000E+00 0.000E+00 0.000E+00 0.000E+00 0.000E+00
      4       8       1     127     127     127       4 0.000E+00 0.000E+00 0.000E+00 0.000E+00 0.000E+00 0.000E+00 0.000E+00 0.000E+00
      4       8       1      17      17      17       4 0.000E+00 0.000E+00 0.000E+00 0.000E+00 0.000E+00 0.000E+00 0.000E+00 0.000E+00
      4       8       1     257     257     257       4 0.000E+00 0.000E+00 0.000E+00 0.000E+00 0.000E+00 0.000E+00 0.000E+00 0.000E+00
      4       8       1      31      31      31       4 0.000E+00 0.000E+00 0.000E+00 0.000E+00 0.000E+00 0.000E+00 0.000E+00 0.000E+00
      4       8       1      67      67      67       4 0.000E+00 0.000E+00 0.000E+00 0.000E+00 0.000E+00 0.000E+00 0.000E+00 0.000E+00
      4       8       1       7       7       7       4 0.000E+00 0.000E+00 0.000E+00 0.000E+00 0.000E+00 0.000E+00 0.000E+00 0.000E+00
      4       8       2     127     127     127       4 0.000E+00 0.000E+00 0.000E+00 0.000E+00 0.000E+00 0.000E+00 0.000E+00 0.000E+00
      4       8       2      17      17      17       4 0.000E+00 0.000E+00 0.000E+00 0.000E+00 0.000E+00 0.000E+00 0.000E+00 0.000E+00
      4       8       2     257     257     257       4 0.000E+00 0.000E+00 0.000E+00 0.000E+00 0.000E+00 0.000E+00 0.000E+00 0.000E+00
      4       8       2      31      31      31       4 0.000E+00 0.000E+00 0.000E+00 0.000E+00 0.000E+00 0.000E+00 0.000E+00 0.000E+00
      4       8       2      67      67      67       4 0.000E+00 0.000E+00 0.000E+00 0.000E+00 0.000E+00 0.000E+00 0.000E+00 0.000E+00
      4       8       2       7       7       7       4 0.000E+00 0.000E+00 0.000E+00 0.000E+00 0.000E+00 0.000E+00 0.000E+00 0.000E+00
