      2       1       1    1021       4       4 0.187E+00 0.188E+00 0.106E-03 0.109E-03 0.379E-03 0.237E-04 0.368E-03 0.230E-04
      2       1       1   16381       4       4 0.156E+01 0.157E+01 0.120E-02 0.122E-02 0.141E-01 0.879E-03 0.138E-01 0.865E-03
      2       1       1    2053       4       4 0.952E+00 0.953E+00 0.203E-03 0.209E-03 0.110E-02 0.684E-04 0.102E-02 0.640E-04
      2       1       1     257       4       4 0.217E+00 0.217E+00 0.673E-01 0.675E-01 0.104E-03 0.648E-05 0.101E-03 0.630E-05
      2       1       1    4099       4       4 0.168E+01 0.168E+01 0.389E-03 0.409E-03 0.258E-02 0.161E-03 0.246E-02 0.154E-03
      2       1       1     509       4       4 0.135E+00 0.136E+00 0.792E-04 0.799E-04 0.172E-03 0.108E-04 0.165E-03 0.103E-04
      2       1       1    8191       4       4 0.879E+00 0.880E+00 0.482E-03 0.493E-03 0.484E-02 0.302E-03 0.478E-02 0.299E-03
      2       1      12    1021       4       4 0.439E+00 0.459E+00 0.149E-03 0.162E-03 0.117E-02 0.732E-04 0.117E-02 0.731E-04
      2       1      12   16381       4       4 0.146E+01 0.160E+01 0.170E-02 0.175E-02 0.139E-01 0.866E-03 0.105E-01 0.658E-03
      2       1      12    2053       4       4 0.172E+01 0.178E+01 0.586E-03 0.733E-03 0.301E-02 0.188E-03 0.297E-02 0.185E-03
      2       1      12     257       4       4 0.529E+00 0.551E+00 0.555E+00 0.579E+00 0.790E-03 0.494E-04 0.783E-03 0.490E-04
      2       1      12    4099       4       4 0.267E+01 0.274E+01 0.896E-03 0.918E-03 0.424E-02 0.265E-03 0.410E-02 0.256E-03
      2       1      12     509       4       4 0.320E+00 0.344E+00 0.125E-03 0.136E-03 0.831E-03 0.519E-04 0.800E-03 0.500E-04
      2       1      12    8191       4       4 0.111E+01 0.114E+01 0.113E-02 0.132E-02 0.375E-01 0.235E-02 0.799E-02 0.499E-03
      2       1      16    1021       4       4 0.387E+00 0.392E+00 0.163E-03 0.184E-03 0.120E-02 0.753E-04 0.117E-02 0.728E-04
      2       1      16   16381       4       4 0.149E+01 0.154E+01 0.165E-02 0.169E-02 0.115E-01 0.719E-03 0.114E-01 0.715E-03
      2       1      16    2053       4       4 0.191E+01 0.195E+01 0.510E-03 0.532E-03 0.572E-02 0.357E-03 0.318E-02 0.198E-03
      2       1      16     257       4       4 0.634E+00 0.650E+00 0.680E+00 0.702E+00 0.394E-02 0.246E-03 0.101E-02 0.630E-04
      2       1      16    4099       4       4 0.279E+01 0.289E+01 0.929E-03 0.108E-02 0.662E-02 0.414E-03 0.462E-02 0.288E-03
      2       1      16     509       4       4 0.277E+00 0.287E+00 0.120E-03 0.128E-03 0.822E-03 0.514E-04 0.803E-03 0.502E-04
      2       1      16    8191       4       4 0.110E+01 0.115E+01 0.113E-02 0.126E-02 0.839E-02 0.524E-03 0.696E-02 0.435E-03
      2       1       2    1021       4       4 0.218E+00 0.235E+00 0.131E-03 0.146E-03 0.814E-03 0.509E-04 0.798E-03 0.499E-04
      2       1       2   16381       4       4 0.149E+01 0.152E+01 0.110E-02 0.113E-02 0.959E-02 0.600E-03 0.913E-02 0.571E-03
      2       1       2    2053       4       4 0.999E+00 0.102E+01 0.289E-03 0.338E-03 0.145E-02 0.906E-04 0.142E-02 0.885E-04
      2       1       2     257       4       4 0.262E+00 0.267E+00 0.280E+00 0.289E+00 0.450E-03 0.281E-04 0.445E-03 0.278E-04
      2       1       2    4099       4       4 0.171E+01 0.171E+01 0.444E-03 0.486E-03 0.256E-02 0.160E-03 0.249E-02 0.155E-03
      2       1       2     509       4       4 0.167E+00 0.179E+00 0.805E-04 0.839E-04 0.427E-03 0.267E-04 0.419E-03 0.262E-04
      2       1       2    8191       4       4 0.889E+00 0.968E+00 0.608E-03 0.644E-03 0.562E-02 0.351E-03 0.543E-02 0.339E-03
      2       1      24    1021       4       4 0.553E+00 0.620E+00 0.181E-03 0.200E-03 0.837E-02 0.523E-03 0.188E-02 0.118E-03
      2       1      24   16381       4       4 0.179E+01 0.182E+01 0.209E-02 0.217E-02 0.159E-01 0.993E-03 0.127E-01 0.796E-03
      2       1      24    2053       4       4 0.230E+01 0.234E+01 0.746E-03 0.829E-03 0.146E-01 0.914E-03 0.449E-02 0.281E-03
      2       1      24     257       4       4 0.720E+00 0.764E+00 0.755E+00 0.777E+00 0.889E-02 0.556E-03 0.103E-02 0.644E-04
      2       1      24    4099       4       4 0.343E+01 0.352E+01 0.970E-03 0.110E-02 0.124E-01 0.777E-03 0.617E-02 0.386E-03
      2       1      24     509       4       4 0.393E+00 0.428E+00 0.127E-03 0.140E-03 0.112E-02 0.699E-04 0.107E-02 0.671E-04
      2       1      24    8191       4       4 0.125E+01 0.130E+01 0.143E-02 0.182E-02 0.156E-01 0.976E-03 0.956E-02 0.597E-03
      2       1       4    1021       4       4 0.279E+00 0.299E+00 0.123E-03 0.133E-03 0.894E-03 0.559E-04 0.849E-03 0.531E-04
      2       1       4   16381       4       4 0.132E+01 0.135E+01 0.113E-02 0.125E-02 0.790E-02 0.494E-03 0.749E-02 0.468E-03
      2       1       4    2053       4       4 0.119E+01 0.123E+01 0.402E-03 0.419E-03 0.195E-02 0.122E-03 0.186E-02 0.116E-03
      2       1       4     257       4       4 0.352E+00 0.357E+00 0.376E+00 0.385E+00 0.691E-03 0.432E-04 0.705E-03 0.440E-04
      2       1       4    4099       4       4 0.190E+01 0.192E+01 0.552E-03 0.567E-03 0.295E-02 0.184E-03 0.285E-02 0.178E-03
      2       1       4     509       4       4 0.215E+00 0.218E+00 0.950E-04 0.978E-04 0.596E-03 0.372E-04 0.589E-03 0.368E-04
      2       1       4    8191       4       4 0.905E+00 0.962E+00 0.718E-03 0.740E-03 0.456E-02 0.285E-03 0.445E-02 0.278E-03
      2       1       8    1021       4       4 0.322E+00 0.332E+00 0.132E-03 0.135E-03 0.905E-03 0.566E-04 0.870E-03 0.544E-04
      2       1       8   16381       4       4 0.140E+01 0.145E+01 0.139E-02 0.146E-02 0.922E-02 0.576E-03 0.858E-02 0.536E-03
      2       1       8    2053       4       4 0.144E+01 0.152E+01 0.442E-03 0.470E-03 0.275E-02 0.172E-03 0.255E-02 0.159E-03
      2       1       8     257       4       4 0.460E+00 0.486E+00 0.487E+00 0.519E+00 0.267E-02 0.167E-03 0.823E-03 0.514E-04
      2       1       8    4099       4       4 0.224E+01 0.237E+01 0.732E-03 0.798E-03 0.539E-02 0.337E-03 0.345E-02 0.216E-03
      2       1       8     509       4       4 0.241E+00 0.244E+00 0.101E-03 0.104E-03 0.589E-03 0.368E-04 0.580E-03 0.362E-04
      2       1       8    8191       4       4 0.994E+00 0.105E+01 0.893E-03 0.924E-03 0.503E-02 0.314E-03 0.489E-02 0.306E-03
      2      16       1    1021       4       4 0.198E+00 0.203E+00 0.355E-03 0.413E-03 0.453E-03 0.283E-04 0.435E-03 0.272E-04
      2      16       1   16381       4       4 0.176E+01 0.177E+01 0.181E-02 0.198E-02 0.174E-01 0.109E-02 0.173E-01 0.108E-02
      2      16       1    2053       4       4 0.101E+01 0.102E+01 0.505E-03 0.566E-03 0.130E-02 0.812E-04 0.119E-02 0.746E-04
      2      16       1     257       4       4 0.225E+00 0.227E+00 0.697E-01 0.699E-01 0.129E-03 0.806E-05 0.125E-03 0.781E-05
      2      16       1    4099       4       4 0.184E+01 0.186E+01 0.732E-03 0.811E-03 0.292E-02 0.182E-03 0.274E-02 0.171E-03
      2      16       1     509       4       4 0.140E+00 0.141E+00 0.324E-03 0.385E-03 0.209E-03 0.130E-04 0.205E-03 0.128E-04
      2      16       1    8191       4       4 0.995E+00 0.100E+01 0.881E-03 0.971E-03 0.554E-02 0.347E-03 0.553E-02 0.346E-03
      2       2       1    1021       4       4 0.190E+00 0.193E+00 0.241E-03 0.280E-03 0.389E-03 0.243E-04 0.380E-03 0.238E-04
      2       2       1   16381       4       4 0.158E+01 0.163E+01 0.145E-02 0.149E-02 0.126E-01 0.790E-03 0.120E-01 0.751E-03
      2       2       1    2053       4       4 0.956E+00 0.961E+00 0.351E-03 0.412E-03 0.115E-02 0.721E-04 0.102E-02 0.634E-04
      2       2       1     257       4       4 0.219E+00 0.223E+00 0.681E-01 0.683E-01 0.113E-03 0.703E-05 0.102E-03 0.639E-05
      2       2       1    4099       4       4 0.169E+01 0.170E+01 0.557E-03 0.619E-03 0.250E-02 0.156E-03 0.236E-02 0.147E-03
      2       2       1     509       4       4 0.136E+00 0.139E+00 0.219E-03 0.268E-03 0.177E-03 0.110E-04 0.174E-03 0.108E-04
      2       2       1    8191       4       4 0.883E+00 0.885E+00 0.715E-03 0.806E-03 0.480E-02 0.300E-03 0.476E-02 0.298E-03
      2       2      12    1021       4       4 0.430E+00 0.488E+00 0.294E-03 0.341E-03 0.115E-02 0.719E-04 0.110E-02 0.686E-04
      2       2      12   16381       4       4 0.155E+01 0.164E+01 0.205E-02 0.218E-02 0.157E-01 0.980E-03 0.120E-01 0.749E-03
      2       2      12    2053       4       4 0.172E+01 0.179E+01 0.661E-03 0.720E-03 0.883E-02 0.552E-03 0.300E-02 0.188E-03
      2       2      12     257       4       4 0.510E+00 0.525E+00 0.546E+00 0.585E+00 0.826E-03 0.516E-04 0.805E-03 0.503E-04
      2       2      12    4099       4       4 0.260E+01 0.267E+01 0.113E-02 0.139E-02 0.114E-01 0.712E-03 0.500E-02 0.312E-03
      2       2      12     509       4       4 0.330E+00 0.370E+00 0.242E-03 0.292E-03 0.905E-03 0.566E-04 0.876E-03 0.548E-04
      2       2      12    8191       4       4 0.114E+01 0.117E+01 0.135E-02 0.147E-02 0.122E-01 0.762E-03 0.821E-02 0.513E-03
      2       2       2    1021       4       4 0.227E+00 0.242E+00 0.289E-03 0.342E-03 0.974E-03 0.609E-04 0.985E-03 0.616E-04
      2       2       2   16381       4       4 0.154E+01 0.157E+01 0.145E-02 0.162E-02 0.103E-01 0.646E-03 0.101E-01 0.629E-03
      2       2       2    2053       4       4 0.101E+01 0.105E+01 0.453E-03 0.496E-03 0.163E-02 0.102E-03 0.160E-02 0.100E-03
      2       2       2     257       4       4 0.265E+00 0.267E+00 0.179E+00 0.278E+00 0.474E-03 0.297E-04 0.458E-03 0.286E-04
      2       2       2    4099       4       4 0.174E+01 0.175E+01 0.637E-03 0.722E-03 0.296E-02 0.185E-03 0.290E-02 0.181E-03
      2       2       2     509       4       4 0.178E+00 0.184E+00 0.203E-03 0.246E-03 0.525E-03 0.328E-04 0.514E-03 0.321E-04
      2       2       2    8191       4       4 0.849E+00 0.889E+00 0.778E-03 0.860E-03 0.459E-02 0.287E-03 0.444E-02 0.278E-03
      2       2       4    1021       4       4 0.285E+00 0.307E+00 0.264E-03 0.310E-03 0.926E-03 0.578E-04 0.897E-03 0.561E-04
      2       2       4   16381       4       4 0.144E+01 0.146E+01 0.158E-02 0.166E-02 0.964E-02 0.603E-03 0.910E-02 0.569E-03
      2       2       4    2053       4       4 0.121E+01 0.122E+01 0.565E-03 0.632E-03 0.220E-02 0.138E-03 0.210E-02 0.131E-03
      2       2       4     257       4       4 0.358E+00 0.364E+00 0.388E+00 0.402E+00 0.787E-03 0.492E-04 0.757E-03 0.473E-04
      2       2       4    4099       4       4 0.196E+01 0.198E+01 0.767E-03 0.814E-03 0.322E-02 0.201E-03 0.310E-02 0.194E-03
      2       2       4     509       4       4 0.211E+00 0.225E+00 0.227E-03 0.266E-03 0.572E-03 0.357E-04 0.571E-03 0.357E-04
      2       2       4    8191       4       4 0.897E+00 0.926E+00 0.970E-03 0.102E-02 0.469E-02 0.293E-03 0.438E-02 0.274E-03
      2       2       8    1021       4       4 0.324E+00 0.327E+00 0.282E-03 0.342E-03 0.878E-03 0.549E-04 0.863E-03 0.539E-04
      2       2       8   16381       4       4 0.147E+01 0.151E+01 0.173E-02 0.180E-02 0.973E-02 0.608E-03 0.910E-02 0.569E-03
      2       2       8    2053       4       4 0.139E+01 0.140E+01 0.622E-03 0.843E-03 0.266E-02 0.166E-03 0.262E-02 0.164E-03
      2       2       8     257       4       4 0.479E+00 0.495E+00 0.511E+00 0.527E+00 0.886E-03 0.554E-04 0.876E-03 0.548E-04
      2       2       8    4099       4       4 0.221E+01 0.234E+01 0.947E-03 0.110E-02 0.562E-02 0.351E-03 0.358E-02 0.224E-03
      2       2       8     509       4       4 0.236E+00 0.245E+00 0.239E-03 0.281E-03 0.586E-03 0.366E-04 0.573E-03 0.358E-04
      2       2       8    8191       4       4 0.963E+00 0.104E+01 0.110E-02 0.123E-02 0.478E-02 0.299E-03 0.456E-02 0.285E-03
      2       4       1    1021       4       4 0.191E+00 0.194E+00 0.264E-03 0.309E-03 0.399E-03 0.249E-04 0.387E-03 0.242E-04
      2       4       1   16381       4       4 0.161E+01 0.162E+01 0.166E-02 0.179E-02 0.155E-01 0.966E-03 0.154E-01 0.962E-03
      2       4       1    2053       4       4 0.971E+00 0.977E+00 0.396E-03 0.461E-03 0.117E-02 0.730E-04 0.108E-02 0.675E-04
      2       4       1     257       4       4 0.221E+00 0.224E+00 0.683E-01 0.689E-01 0.115E-03 0.717E-05 0.107E-03 0.668E-05
      2       4       1    4099       4       4 0.171E+01 0.171E+01 0.598E-03 0.668E-03 0.248E-02 0.155E-03 0.238E-02 0.149E-03
      2       4       1     509       4       4 0.138E+00 0.139E+00 0.230E-03 0.277E-03 0.191E-03 0.120E-04 0.198E-03 0.124E-04
      2       4       1    8191       4       4 0.904E+00 0.910E+00 0.761E-03 0.856E-03 0.506E-02 0.316E-03 0.496E-02 0.310E-03
      2       4       2    1021       4       4 0.233E+00 0.243E+00 0.302E-03 0.354E-03 0.850E-03 0.531E-04 0.832E-03 0.520E-04
      2       4       2   16381       4       4 0.155E+01 0.157E+01 0.143E-02 0.153E-02 0.108E-01 0.674E-03 0.105E-01 0.656E-03
      2       4       2    2053       4       4 0.101E+01 0.102E+01 0.457E-03 0.527E-03 0.159E-02 0.993E-04 0.157E-02 0.984E-04
      2       4       2     257       4       4 0.269E+00 0.272E+00 0.281E+00 0.284E+00 0.491E-03 0.307E-04 0.493E-03 0.308E-04
      2       4       2    4099       4       4 0.174E+01 0.174E+01 0.623E-03 0.660E-03 0.282E-02 0.176E-03 0.271E-02 0.169E-03
      2       4       2     509       4       4 0.175E+00 0.188E+00 0.241E-03 0.276E-03 0.475E-03 0.297E-04 0.459E-03 0.287E-04
      2       4       2    8191       4       4 0.892E+00 0.906E+00 0.835E-03 0.904E-03 0.480E-02 0.300E-03 0.462E-02 0.289E-03
      2       4       4    1021       4       4 0.277E+00 0.287E+00 0.289E-03 0.341E-03 0.938E-03 0.587E-04 0.916E-03 0.572E-04
      2       4       4   16381       4       4 0.149E+01 0.151E+01 0.163E-02 0.170E-02 0.983E-02 0.614E-03 0.934E-02 0.584E-03
      2       4       4    2053       4       4 0.121E+01 0.123E+01 0.603E-03 0.659E-03 0.201E-02 0.126E-03 0.197E-02 0.123E-03
      2       4       4     257       4       4 0.366E+00 0.382E+00 0.378E+00 0.381E+00 0.780E-03 0.487E-04 0.757E-03 0.473E-04
      2       4       4    4099       4       4 0.193E+01 0.195E+01 0.815E-03 0.869E-03 0.319E-02 0.200E-03 0.299E-02 0.187E-03
      2       4       4     509       4       4 0.220E+00 0.229E+00 0.258E-03 0.294E-03 0.630E-03 0.394E-04 0.618E-03 0.386E-04
      2       4       4    8191       4       4 0.927E+00 0.955E+00 0.102E-02 0.108E-02 0.503E-02 0.314E-03 0.481E-02 0.300E-03
      2       8       1    1021       4       4 0.197E+00 0.198E+00 0.305E-03 0.362E-03 0.445E-03 0.278E-04 0.414E-03 0.259E-04
      2       8       1   16381       4       4 0.170E+01 0.172E+01 0.164E-02 0.176E-02 0.145E-01 0.909E-03 0.142E-01 0.886E-03
      2       8       1    2053       4       4 0.997E+00 0.999E+00 0.444E-03 0.500E-03 0.122E-02 0.762E-04 0.112E-02 0.700E-04
      2       8       1     257       4       4 0.226E+00 0.227E+00 0.697E-01 0.702E-01 0.136E-03 0.851E-05 0.119E-03 0.744E-05
      2       8       1    4099       4       4 0.178E+01 0.179E+01 0.669E-03 0.725E-03 0.273E-02 0.171E-03 0.258E-02 0.161E-03
      2       8       1     509       4       4 0.139E+00 0.141E+00 0.273E-03 0.325E-03 0.201E-03 0.126E-04 0.194E-03 0.121E-04
      2       8       1    8191       4       4 0.955E+00 0.964E+00 0.870E-03 0.935E-03 0.553E-02 0.346E-03 0.531E-02 0.332E-03
      2       8       2    1021       4       4 0.228E+00 0.245E+00 0.350E-03 0.415E-03 0.911E-03 0.569E-04 0.906E-03 0.566E-04
      2       8       2   16381       4       4 0.163E+01 0.164E+01 0.153E-02 0.161E-02 0.967E-02 0.604E-03 0.882E-02 0.551E-03
      2       8       2    2053       4       4 0.104E+01 0.105E+01 0.518E-03 0.567E-03 0.159E-02 0.996E-04 0.157E-02 0.980E-04
      2       8       2     257       4       4 0.271E+00 0.272E+00 0.285E+00 0.285E+00 0.505E-03 0.315E-04 0.514E-03 0.321E-04
      2       8       2    4099       4       4 0.183E+01 0.184E+01 0.699E-03 0.766E-03 0.291E-02 0.182E-03 0.281E-02 0.176E-03
      2       8       2     509       4       4 0.174E+00 0.186E+00 0.256E-03 0.292E-03 0.487E-03 0.304E-04 0.479E-03 0.299E-04
      2       8       2    8191       4       4 0.955E+00 0.962E+00 0.961E-03 0.105E-02 0.547E-02 0.342E-03 0.529E-02 0.331E-03
