res2dct4=[      2       1    1024    1024       4       4 0.149E+00 0.595E+00 0.142E+00 0.568E+00 0.231E+00 0.144E-01 0.219E+00 0.137E-01
      2       1     128     128       4       4 0.281E-01 0.112E+00 0.241E-01 0.962E-01 0.169E-02 0.106E-03 0.164E-02 0.103E-03
      2       1    2048    2048       4       4 0.568E+00 0.227E+01 0.546E+00 0.218E+01 0.106E+01 0.665E-01 0.106E+01 0.665E-01
      2       1     256     256       4       4 0.374E-01 0.150E+00 0.331E-01 0.132E+00 0.874E-02 0.546E-03 0.916E-02 0.572E-03
      2       1      32      32       4       4 0.794E-02 0.317E-01 0.683E-02 0.273E-01 0.436E-04 0.273E-05 0.474E-04 0.297E-05
      2       1    4096    4096       4       4 0.184E+01 0.734E+01 0.182E+01 0.729E+01 0.495E+01 0.309E+00 0.500E+01 0.312E+00
      2       1     512     512       4       4 0.646E-01 0.258E+00 0.568E-01 0.227E+00 0.466E-01 0.291E-02 0.423E-01 0.264E-02
      2       1      64      64       4       4 0.152E-01 0.608E-01 0.131E-01 0.524E-01 0.304E-03 0.190E-04 0.299E-03 0.187E-04
      2      12    1024    1024       4       4 0.260E+00 0.103E+01 0.248E+00 0.988E+00 0.595E-01 0.372E-02 0.550E-01 0.344E-02
      2      12     128     128       4       4 0.363E-01 0.145E+00 0.317E-01 0.126E+00 0.113E-02 0.709E-04 0.113E-02 0.709E-04
      2      12    2048    2048       4       4 0.882E+00 0.352E+01 0.848E+00 0.339E+01 0.221E+00 0.138E-01 0.221E+00 0.138E-01
      2      12     256     256       4       4 0.538E-01 0.213E+00 0.480E-01 0.190E+00 0.447E-02 0.280E-03 0.377E-02 0.235E-03
      2      12      32      32       4       4 0.142E-01 0.557E-01 0.134E-01 0.524E-01 0.110E-02 0.685E-04 0.102E-02 0.635E-04
      2      12    4096    4096       4       4 0.297E+01 0.119E+02 0.295E+01 0.118E+02 0.944E+00 0.590E-01 0.917E+00 0.573E-01
      2      12     512     512       4       4 0.104E+00 0.412E+00 0.919E-01 0.364E+00 0.186E-01 0.116E-02 0.163E-01 0.102E-02
      2      12      64      64       4       4 0.241E-01 0.943E-01 0.219E-01 0.861E-01 0.137E-02 0.858E-04 0.136E-02 0.847E-04
      2      16    1024    1024       4       4 0.244E+00 0.970E+00 0.224E+00 0.891E+00 0.485E-01 0.303E-02 0.431E-01 0.269E-02
      2      16     128     128       4       4 0.379E-01 0.150E+00 0.313E-01 0.124E+00 0.130E-02 0.809E-04 0.127E-02 0.795E-04
      2      16    2048    2048       4       4 0.861E+00 0.344E+01 0.833E+00 0.333E+01 0.211E+00 0.132E-01 0.211E+00 0.132E-01
      2      16     256     256       4       4 0.515E-01 0.204E+00 0.470E-01 0.186E+00 0.390E-02 0.244E-03 0.353E-02 0.221E-03
      2      16      32      32       4       4 0.120E-01 0.473E-01 0.105E-01 0.413E-01 0.957E-03 0.598E-04 0.952E-03 0.595E-04
      2      16    4096    4096       4       4 0.285E+01 0.114E+02 0.279E+01 0.112E+02 0.975E+00 0.609E-01 0.948E+00 0.592E-01
      2      16     512     512       4       4 0.955E-01 0.378E+00 0.831E-01 0.328E+00 0.149E-01 0.930E-03 0.139E-01 0.869E-03
      2      16      64      64       4       4 0.206E-01 0.821E-01 0.184E-01 0.728E-01 0.120E-02 0.748E-04 0.122E-02 0.765E-04
      2       2    1024    1024       4       4 0.252E+00 0.101E+01 0.245E+00 0.979E+00 0.149E+00 0.930E-02 0.133E+00 0.831E-02
      2       2     128     128       4       4 0.322E-01 0.129E+00 0.281E-01 0.112E+00 0.189E-02 0.118E-03 0.181E-02 0.113E-03
      2       2    2048    2048       4       4 0.971E+00 0.388E+01 0.941E+00 0.376E+01 0.649E+00 0.406E-01 0.615E+00 0.384E-01
      2       2     256     256       4       4 0.463E-01 0.185E+00 0.417E-01 0.167E+00 0.578E-02 0.361E-03 0.549E-02 0.343E-03
      2       2      32      32       4       4 0.945E-02 0.377E-01 0.817E-02 0.326E-01 0.202E-03 0.126E-04 0.201E-03 0.126E-04
      2       2    4096    4096       4       4 0.295E+01 0.118E+02 0.295E+01 0.118E+02 0.291E+01 0.182E+00 0.287E+01 0.179E+00
      2       2     512     512       4       4 0.873E-01 0.349E+00 0.792E-01 0.316E+00 0.266E-01 0.167E-02 0.259E-01 0.162E-02
      2       2      64      64       4       4 0.170E-01 0.680E-01 0.148E-01 0.590E-01 0.808E-03 0.505E-04 0.703E-03 0.439E-04
      2      24    1024    1024       4       4 0.256E+00 0.101E+01 0.241E+00 0.954E+00 0.450E-01 0.281E-02 0.441E-01 0.275E-02
      2      24     128     128       4       4 0.428E-01 0.167E+00 0.408E-01 0.160E+00 0.314E-02 0.196E-03 0.302E-02 0.189E-03
      2      24    2048    2048       4       4 0.917E+00 0.365E+01 0.884E+00 0.352E+01 0.203E+00 0.127E-01 0.206E+00 0.129E-01
      2      24     256     256       4       4 0.618E-01 0.242E+00 0.568E-01 0.222E+00 0.460E-02 0.287E-03 0.474E-02 0.297E-03
      2      24      32      32       4       4 0.134E-01 0.511E-01 0.123E-01 0.470E-01 0.137E-02 0.859E-04 0.121E-02 0.757E-04
      2      24    4096    4096       4       4 0.288E+01 0.115E+02 0.285E+01 0.114E+02 0.954E+00 0.596E-01 0.932E+00 0.582E-01
      2      24     512     512       4       4 0.109E+00 0.425E+00 0.103E+00 0.405E+00 0.163E-01 0.102E-02 0.150E-01 0.936E-03
      2      24      64      64       4       4 0.354E-01 0.139E+00 0.317E-01 0.125E+00 0.195E-02 0.122E-03 0.195E-02 0.122E-03
      2       4    1024    1024       4       4 0.223E+00 0.890E+00 0.215E+00 0.857E+00 0.790E-01 0.494E-02 0.797E-01 0.498E-02
      2       4     128     128       4       4 0.310E-01 0.124E+00 0.271E-01 0.108E+00 0.122E-02 0.763E-04 0.112E-02 0.700E-04
      2       4    2048    2048       4       4 0.842E+00 0.337E+01 0.836E+00 0.334E+01 0.372E+00 0.232E-01 0.372E+00 0.232E-01
      2       4     256     256       4       4 0.457E-01 0.182E+00 0.401E-01 0.160E+00 0.606E-02 0.378E-03 0.385E-02 0.241E-03
      2       4      32      32       4       4 0.932E-02 0.371E-01 0.812E-02 0.324E-01 0.380E-03 0.237E-04 0.386E-03 0.241E-04
      2       4    4096    4096       4       4 0.300E+01 0.120E+02 0.296E+01 0.118E+02 0.163E+01 0.102E+00 0.162E+01 0.102E+00
      2       4     512     512       4       4 0.871E-01 0.347E+00 0.825E-01 0.329E+00 0.183E-01 0.114E-02 0.165E-01 0.103E-02
      2       4      64      64       4       4 0.169E-01 0.676E-01 0.149E-01 0.594E-01 0.578E-03 0.362E-04 0.536E-03 0.335E-04
      2       8    1024    1024       4       4 0.214E+00 0.853E+00 0.201E+00 0.803E+00 0.715E-01 0.447E-02 0.658E-01 0.411E-02
      2       8     128     128       4       4 0.316E-01 0.126E+00 0.272E-01 0.108E+00 0.126E-02 0.785E-04 0.117E-02 0.730E-04
      2       8    2048    2048       4       4 0.844E+00 0.337E+01 0.781E+00 0.312E+01 0.253E+00 0.158E-01 0.251E+00 0.157E-01
      2       8     256     256       4       4 0.465E-01 0.185E+00 0.412E-01 0.164E+00 0.608E-02 0.380E-03 0.558E-02 0.349E-03
      2       8      32      32       4       4 0.958E-02 0.380E-01 0.829E-02 0.328E-01 0.601E-03 0.376E-04 0.595E-03 0.372E-04
      2       8    4096    4096       4       4 0.279E+01 0.111E+02 0.277E+01 0.111E+02 0.105E+01 0.658E-01 0.108E+01 0.672E-01
      2       8     512     512       4       4 0.877E-01 0.349E+00 0.817E-01 0.325E+00 0.137E-01 0.856E-03 0.136E-01 0.849E-03
      2       8      64      64       4       4 0.166E-01 0.660E-01 0.148E-01 0.588E-01 0.556E-03 0.347E-04 0.551E-03 0.345E-04
      3       1    1024    1024       4       4 0.106E-02 0.404E-02 0.402E-04 0.520E-04 0.247E+00 0.154E-01 0.237E+00 0.148E-01
      3       1     128     128       4       4 0.792E-03 0.314E-02 0.876E-05 0.172E-04 0.143E-02 0.895E-04 0.147E-02 0.919E-04
      3       1    2048    2048       4       4 0.109E-02 0.403E-02 0.859E-04 0.106E-03 0.209E+01 0.131E+00 0.206E+01 0.129E+00
      3       1     256     256       4       4 0.875E-03 0.344E-02 0.139E-04 0.250E-04 0.775E-02 0.484E-03 0.797E-02 0.498E-03
      3       1      32      32       4       4 0.702E-03 0.280E-02 0.304E-05 0.691E-05 0.732E-04 0.457E-05 0.598E-04 0.374E-05
      3       1    4096    4096       4       4 0.929E-03 0.339E-02 0.945E-04 0.118E-03 0.520E+01 0.325E+00 0.520E+01 0.325E+00
      3       1     512     512       4       4 0.772E-03 0.293E-02 0.248E-04 0.370E-04 0.408E-01 0.255E-02 0.429E-01 0.268E-02
      3       1      64      64       4       4 0.906E-03 0.361E-02 0.370E-05 0.906E-05 0.302E-03 0.188E-04 0.293E-03 0.183E-04
      3      12    1024    1024       4       4 0.227E-02 0.882E-02 0.573E-04 0.851E-04 0.342E-01 0.213E-02 0.292E-01 0.183E-02
      3      12     128     128       4       4 0.346E-02 0.138E-01 0.113E-04 0.181E-04 0.566E-03 0.354E-04 0.525E-03 0.328E-04
      3      12    2048    2048       4       4 0.629E-03 0.216E-02 0.915E-04 0.113E-03 0.264E+00 0.165E-01 0.261E+00 0.163E-01
      3      12     256     256       4       4 0.557E-02 0.222E-01 0.197E-04 0.279E-04 0.211E-02 0.132E-03 0.200E-02 0.125E-03
      3      12      32      32       4       4 0.435E-02 0.174E-01 0.399E-05 0.906E-05 0.341E-03 0.213E-04 0.204E-03 0.127E-04
      3      12    4096    4096       4       4 0.596E-03 0.204E-02 0.965E-04 0.130E-03 0.853E+00 0.533E-01 0.836E+00 0.522E-01
      3      12     512     512       4       4 0.772E-03 0.294E-02 0.297E-04 0.429E-04 0.718E-02 0.449E-03 0.668E-02 0.417E-03
      3      12      64      64       4       4 0.409E-02 0.163E-01 0.447E-05 0.811E-05 0.476E-03 0.298E-04 0.401E-03 0.251E-04
      3      16    1024    1024       4       4 0.138E-02 0.522E-02 0.613E-04 0.930E-04 0.341E-01 0.213E-02 0.275E-01 0.172E-02
      3      16     128     128       4       4 0.239E-02 0.953E-02 0.110E-04 0.169E-04 0.542E-03 0.339E-04 0.481E-03 0.301E-04
      3      16    2048    2048       4       4 0.572E-03 0.191E-02 0.975E-04 0.122E-03 0.360E+00 0.225E-01 0.358E+00 0.224E-01
      3      16     256     256       4       4 0.311E-02 0.124E-01 0.181E-04 0.262E-04 0.198E-02 0.124E-03 0.150E-02 0.937E-04
      3      16      32      32       4       4 0.410E-02 0.164E-01 0.429E-05 0.811E-05 0.360E-03 0.225E-04 0.200E-03 0.125E-04
      3      16    4096    4096       4       4 0.649E-03 0.216E-02 0.121E-03 0.129E-03 0.103E+01 0.646E-01 0.973E+00 0.608E-01
      3      16     512     512       4       4 0.122E-02 0.475E-02 0.287E-04 0.439E-04 0.865E-02 0.541E-03 0.724E-02 0.452E-03
      3      16      64      64       4       4 0.407E-02 0.163E-01 0.393E-05 0.787E-05 0.471E-03 0.294E-04 0.335E-03 0.209E-04
      3       2    1024    1024       4       4 0.771E-03 0.288E-02 0.423E-04 0.579E-04 0.147E+00 0.919E-02 0.140E+00 0.875E-02
      3       2     128     128       4       4 0.268E-02 0.107E-01 0.846E-05 0.131E-04 0.114E-02 0.711E-04 0.119E-02 0.744E-04
      3       2    2048    2048       4       4 0.836E-03 0.300E-02 0.906E-04 0.111E-03 0.120E+01 0.747E-01 0.117E+01 0.730E-01
      3       2     256     256       4       4 0.844E-03 0.331E-02 0.148E-04 0.241E-04 0.480E-02 0.300E-03 0.484E-02 0.303E-03
      3       2      32      32       4       4 0.698E-03 0.278E-02 0.411E-05 0.715E-05 0.149E-03 0.930E-05 0.107E-03 0.668E-05
      3       2    4096    4096       4       4 0.862E-03 0.303E-02 0.115E-03 0.119E-03 0.318E+01 0.198E+00 0.317E+01 0.198E+00
      3       2     512     512       4       4 0.143E-02 0.555E-02 0.262E-04 0.360E-04 0.295E-01 0.184E-02 0.287E-01 0.179E-02
      3       2      64      64       4       4 0.304E-02 0.121E-01 0.399E-05 0.811E-05 0.481E-03 0.300E-04 0.512E-03 0.320E-04
      3      24    1024    1024       4       4 0.491E-03 0.173E-02 0.488E-04 0.629E-04 0.307E-01 0.192E-02 0.253E-01 0.158E-02
      3      24     128     128       4       4 0.398E-02 0.159E-01 0.103E-04 0.160E-04 0.132E-02 0.825E-04 0.532E-03 0.333E-04
      3      24    2048    2048       4       4 0.484E-03 0.156E-02 0.100E-03 0.123E-03 0.190E+00 0.118E-01 0.186E+00 0.116E-01
      3      24     256     256       4       4 0.426E-02 0.170E-01 0.175E-04 0.260E-04 0.186E-02 0.116E-03 0.128E-02 0.802E-04
      3      24      32      32       4       4 0.220E-02 0.877E-02 0.584E-05 0.112E-04 0.375E-03 0.234E-04 0.140E-03 0.875E-05
      3      24    4096    4096       4       4 0.116E-02 0.414E-02 0.135E-03 0.153E-03 0.712E+00 0.445E-01 0.695E+00 0.434E-01
      3      24     512     512       4       4 0.980E-03 0.375E-02 0.340E-04 0.470E-04 0.660E-02 0.413E-03 0.565E-02 0.353E-03
      3      24      64      64       4       4 0.472E-02 0.188E-01 0.381E-05 0.691E-05 0.635E-03 0.397E-04 0.353E-03 0.221E-04
      3       4    1024    1024       4       4 0.739E-03 0.275E-02 0.436E-04 0.591E-04 0.793E-01 0.496E-02 0.736E-01 0.460E-02
      3       4     128     128       4       4 0.396E-02 0.158E-01 0.972E-05 0.160E-04 0.115E-02 0.718E-04 0.111E-02 0.691E-04
      3       4    2048    2048       4       4 0.785E-03 0.275E-02 0.116E-03 0.124E-03 0.675E+00 0.422E-01 0.676E+00 0.423E-01
      3       4     256     256       4       4 0.646E-02 0.258E-01 0.158E-04 0.260E-04 0.402E-02 0.251E-03 0.398E-02 0.249E-03
      3       4      32      32       4       4 0.560E-02 0.224E-01 0.352E-05 0.715E-05 0.242E-03 0.151E-04 0.198E-03 0.124E-04
      3       4    4096    4096       4       4 0.774E-03 0.274E-02 0.103E-03 0.126E-03 0.173E+01 0.108E+00 0.174E+01 0.108E+00
      3       4     512     512       4       4 0.610E-02 0.243E-01 0.260E-04 0.372E-04 0.178E-01 0.111E-02 0.182E-01 0.114E-02
      3       4      64      64       4       4 0.445E-02 0.178E-01 0.423E-05 0.882E-05 0.489E-03 0.306E-04 0.445E-03 0.278E-04
      3       8    1024    1024       4       4 0.158E-02 0.610E-02 0.462E-04 0.558E-04 0.503E-01 0.314E-02 0.456E-01 0.285E-02
      3       8     128     128       4       4 0.580E-02 0.232E-01 0.978E-05 0.150E-04 0.721E-03 0.451E-04 0.648E-03 0.405E-04
      3       8    2048    2048       4       4 0.692E-03 0.241E-02 0.915E-04 0.112E-03 0.431E+00 0.269E-01 0.438E+00 0.274E-01
      3       8     256     256       4       4 0.403E-02 0.161E-01 0.178E-04 0.288E-04 0.288E-02 0.180E-03 0.270E-02 0.169E-03
      3       8      32      32       4       4 0.438E-02 0.175E-01 0.387E-05 0.715E-05 0.248E-03 0.155E-04 0.207E-03 0.129E-04
      3       8    4096    4096       4       4 0.736E-03 0.249E-02 0.127E-03 0.142E-03 0.116E+01 0.727E-01 0.113E+01 0.706E-01
      3       8     512     512       4       4 0.113E-02 0.439E-02 0.265E-04 0.360E-04 0.103E-01 0.641E-03 0.986E-02 0.616E-03
      3       8      64      64       4       4 0.445E-02 0.178E-01 0.447E-05 0.882E-05 0.420E-03 0.262E-04 0.374E-03 0.234E-04
];