      2       1       1    1021       4       4 0.186E+00 0.187E+00 0.106E-03 0.107E-03 0.385E-03 0.241E-04 0.369E-03 0.231E-04
      2       1       1   16381       4       4 0.156E+01 0.157E+01 0.129E-02 0.151E-02 0.135E-01 0.841E-03 0.133E-01 0.830E-03
      2       1       1    2053       4       4 0.951E+00 0.952E+00 0.232E-03 0.244E-03 0.108E-02 0.677E-04 0.987E-03 0.617E-04
      2       1       1     257       4       4 0.217E+00 0.218E+00 0.673E-01 0.677E-01 0.101E-03 0.629E-05 0.101E-03 0.629E-05
      2       1       1    4099       4       4 0.169E+01 0.170E+01 0.416E-03 0.417E-03 0.246E-02 0.154E-03 0.232E-02 0.145E-03
      2       1       1     509       4       4 0.134E+00 0.136E+00 0.818E-04 0.830E-04 0.171E-03 0.107E-04 0.169E-03 0.105E-04
      2       1       1    8191       4       4 0.877E+00 0.879E+00 0.534E-03 0.558E-03 0.497E-02 0.311E-03 0.484E-02 0.303E-03
      2       1      12    1021       4       4 0.451E+00 0.466E+00 0.163E-03 0.188E-03 0.119E-02 0.741E-04 0.111E-02 0.696E-04
      2       1      12   16381       4       4 0.151E+01 0.159E+01 0.179E-02 0.182E-02 0.145E-01 0.905E-03 0.113E-01 0.709E-03
      2       1      12    2053       4       4 0.171E+01 0.177E+01 0.522E-03 0.545E-03 0.519E-02 0.325E-03 0.271E-02 0.170E-03
      2       1      12     257       4       4 0.500E+00 0.522E+00 0.521E+00 0.571E+00 0.690E-03 0.431E-04 0.687E-03 0.429E-04
      2       1      12    4099       4       4 0.262E+01 0.273E+01 0.920E-03 0.984E-03 0.503E-02 0.314E-03 0.437E-02 0.273E-03
      2       1      12     509       4       4 0.322E+00 0.335E+00 0.124E-03 0.136E-03 0.855E-03 0.534E-04 0.811E-03 0.507E-04
      2       1      12    8191       4       4 0.109E+01 0.112E+01 0.102E-02 0.117E-02 0.243E-01 0.152E-02 0.734E-02 0.459E-03
      2       1      16    1021       4       4 0.435E+00 0.464E+00 0.179E-03 0.213E-03 0.137E-02 0.856E-04 0.132E-02 0.827E-04
      2       1      16   16381       4       4 0.141E+01 0.147E+01 0.161E-02 0.168E-02 0.121E-01 0.758E-03 0.104E-01 0.649E-03
      2       1      16    2053       4       4 0.190E+01 0.197E+01 0.624E-03 0.830E-03 0.479E-02 0.300E-03 0.317E-02 0.198E-03
      2       1      16     257       4       4 0.602E+00 0.627E+00 0.672E+00 0.684E+00 0.149E-02 0.933E-04 0.106E-02 0.663E-04
      2       1      16    4099       4       4 0.282E+01 0.296E+01 0.949E-03 0.101E-02 0.639E-02 0.399E-03 0.503E-02 0.314E-03
      2       1      16     509       4       4 0.278E+00 0.284E+00 0.127E-03 0.132E-03 0.877E-03 0.548E-04 0.836E-03 0.523E-04
      2       1      16    8191       4       4 0.106E+01 0.121E+01 0.105E-02 0.115E-02 0.722E-02 0.451E-03 0.605E-02 0.378E-03
      2       1       2    1021       4       4 0.219E+00 0.234E+00 0.147E-03 0.177E-03 0.927E-03 0.580E-04 0.924E-03 0.578E-04
      2       1       2   16381       4       4 0.150E+01 0.151E+01 0.123E-02 0.132E-02 0.107E-01 0.666E-03 0.103E-01 0.646E-03
      2       1       2    2053       4       4 0.991E+00 0.992E+00 0.295E-03 0.319E-03 0.148E-02 0.926E-04 0.139E-02 0.869E-04
      2       1       2     257       4       4 0.261E+00 0.262E+00 0.227E+00 0.276E+00 0.452E-03 0.283E-04 0.451E-03 0.282E-04
      2       1       2    4099       4       4 0.171E+01 0.173E+01 0.461E-03 0.465E-03 0.270E-02 0.169E-03 0.261E-02 0.163E-03
      2       1       2     509       4       4 0.169E+00 0.182E+00 0.840E-04 0.901E-04 0.439E-03 0.274E-04 0.427E-03 0.267E-04
      2       1       2    8191       4       4 0.879E+00 0.944E+00 0.625E-03 0.639E-03 0.502E-02 0.314E-03 0.492E-02 0.308E-03
      2       1      24    1021       4       4 0.560E+00 0.606E+00 0.204E-03 0.230E-03 0.984E-02 0.615E-03 0.238E-02 0.149E-03
      2       1      24   16381       4       4 0.178E+01 0.185E+01 0.198E-02 0.212E-02 0.156E-01 0.973E-03 0.132E-01 0.824E-03
      2       1      24    2053       4       4 0.225E+01 0.234E+01 0.663E-03 0.702E-03 0.154E-01 0.960E-03 0.437E-02 0.273E-03
      2       1      24     257       4       4 0.736E+00 0.783E+00 0.755E+00 0.778E+00 0.563E-02 0.352E-03 0.106E-02 0.660E-04
      2       1      24    4099       4       4 0.328E+01 0.340E+01 0.103E-02 0.114E-02 0.948E-02 0.592E-03 0.575E-02 0.359E-03
      2       1      24     509       4       4 0.388E+00 0.423E+00 0.128E-03 0.143E-03 0.109E-02 0.683E-04 0.109E-02 0.681E-04
      2       1      24    8191       4       4 0.131E+01 0.139E+01 0.137E-02 0.154E-02 0.165E-01 0.103E-02 0.966E-02 0.604E-03
      2       1       4    1021       4       4 0.275E+00 0.282E+00 0.124E-03 0.134E-03 0.859E-03 0.537E-04 0.831E-03 0.519E-04
      2       1       4   16381       4       4 0.143E+01 0.145E+01 0.122E-02 0.126E-02 0.842E-02 0.526E-03 0.830E-02 0.519E-03
      2       1       4    2053       4       4 0.120E+01 0.123E+01 0.430E-03 0.469E-03 0.196E-02 0.122E-03 0.190E-02 0.119E-03
      2       1       4     257       4       4 0.350E+00 0.361E+00 0.379E+00 0.385E+00 0.685E-03 0.428E-04 0.684E-03 0.428E-04
      2       1       4    4099       4       4 0.193E+01 0.198E+01 0.566E-03 0.603E-03 0.318E-02 0.198E-03 0.278E-02 0.174E-03
      2       1       4     509       4       4 0.210E+00 0.223E+00 0.965E-04 0.989E-04 0.550E-03 0.344E-04 0.540E-03 0.337E-04
      2       1       4    8191       4       4 0.875E+00 0.911E+00 0.726E-03 0.777E-03 0.455E-02 0.284E-03 0.448E-02 0.280E-03
      2       1       8    1021       4       4 0.324E+00 0.331E+00 0.146E-03 0.158E-03 0.885E-03 0.553E-04 0.862E-03 0.539E-04
      2       1       8   16381       4       4 0.144E+01 0.150E+01 0.139E-02 0.143E-02 0.976E-02 0.610E-03 0.965E-02 0.603E-03
      2       1       8    2053       4       4 0.145E+01 0.149E+01 0.437E-03 0.463E-03 0.274E-02 0.171E-03 0.263E-02 0.164E-03
      2       1       8     257       4       4 0.486E+00 0.504E+00 0.510E+00 0.538E+00 0.918E-03 0.574E-04 0.946E-03 0.591E-04
      2       1       8    4099       4       4 0.221E+01 0.228E+01 0.718E-03 0.740E-03 0.350E-02 0.219E-03 0.339E-02 0.212E-03
      2       1       8     509       4       4 0.246E+00 0.258E+00 0.107E-03 0.112E-03 0.602E-03 0.376E-04 0.602E-03 0.376E-04
      2       1       8    8191       4       4 0.950E+00 0.985E+00 0.891E-03 0.941E-03 0.495E-02 0.309E-03 0.485E-02 0.303E-03
      2      16       1    1021       4       4 0.197E+00 0.200E+00 0.368E-03 0.429E-03 0.465E-03 0.290E-04 0.439E-03 0.274E-04
      2      16       1   16381       4       4 0.177E+01 0.177E+01 0.187E-02 0.203E-02 0.156E-01 0.976E-03 0.153E-01 0.958E-03
      2      16       1    2053       4       4 0.101E+01 0.101E+01 0.494E-03 0.559E-03 0.130E-02 0.813E-04 0.119E-02 0.744E-04
      2      16       1     257       4       4 0.227E+00 0.235E+00 0.697E-01 0.698E-01 0.134E-03 0.836E-05 0.122E-03 0.761E-05
      2      16       1    4099       4       4 0.183E+01 0.184E+01 0.764E-03 0.851E-03 0.314E-02 0.196E-03 0.299E-02 0.187E-03
      2      16       1     509       4       4 0.139E+00 0.140E+00 0.323E-03 0.372E-03 0.207E-03 0.129E-04 0.195E-03 0.122E-04
      2      16       1    8191       4       4 0.985E+00 0.990E+00 0.963E-03 0.104E-02 0.596E-02 0.372E-03 0.569E-02 0.356E-03
      2       2       1    1021       4       4 0.188E+00 0.192E+00 0.234E-03 0.274E-03 0.394E-03 0.246E-04 0.373E-03 0.233E-04
      2       2       1   16381       4       4 0.157E+01 0.159E+01 0.150E-02 0.164E-02 0.134E-01 0.835E-03 0.130E-01 0.813E-03
      2       2       1    2053       4       4 0.955E+00 0.959E+00 0.368E-03 0.409E-03 0.110E-02 0.687E-04 0.998E-03 0.624E-04
      2       2       1     257       4       4 0.218E+00 0.221E+00 0.676E-01 0.679E-01 0.105E-03 0.659E-05 0.102E-03 0.636E-05
      2       2       1    4099       4       4 0.168E+01 0.169E+01 0.578E-03 0.619E-03 0.249E-02 0.156E-03 0.234E-02 0.146E-03
      2       2       1     509       4       4 0.137E+00 0.142E+00 0.212E-03 0.251E-03 0.179E-03 0.112E-04 0.189E-03 0.118E-04
      2       2       1    8191       4       4 0.880E+00 0.884E+00 0.737E-03 0.791E-03 0.499E-02 0.312E-03 0.487E-02 0.304E-03
      2       2      12    1021       4       4 0.445E+00 0.477E+00 0.307E-03 0.373E-03 0.219E-02 0.137E-03 0.120E-02 0.750E-04
      2       2      12   16381       4       4 0.153E+01 0.164E+01 0.206E-02 0.218E-02 0.130E-01 0.814E-03 0.122E-01 0.761E-03
      2       2      12    2053       4       4 0.171E+01 0.185E+01 0.702E-03 0.738E-03 0.105E-01 0.657E-03 0.296E-02 0.185E-03
      2       2      12     257       4       4 0.573E+00 0.594E+00 0.586E+00 0.603E+00 0.298E-02 0.186E-03 0.830E-03 0.519E-04
      2       2      12    4099       4       4 0.260E+01 0.269E+01 0.109E-02 0.117E-02 0.123E-01 0.766E-03 0.483E-02 0.302E-03
      2       2      12     509       4       4 0.350E+00 0.359E+00 0.282E-03 0.355E-03 0.988E-03 0.618E-04 0.963E-03 0.602E-04
      2       2      12    8191       4       4 0.109E+01 0.118E+01 0.123E-02 0.132E-02 0.125E-01 0.781E-03 0.736E-02 0.460E-03
      2       2       2    1021       4       4 0.222E+00 0.247E+00 0.274E-03 0.308E-03 0.971E-03 0.607E-04 0.962E-03 0.601E-04
      2       2       2   16381       4       4 0.153E+01 0.154E+01 0.141E-02 0.146E-02 0.107E-01 0.666E-03 0.105E-01 0.658E-03
      2       2       2    2053       4       4 0.100E+01 0.101E+01 0.435E-03 0.484E-03 0.161E-02 0.101E-03 0.150E-02 0.936E-04
      2       2       2     257       4       4 0.268E+00 0.287E+00 0.282E+00 0.299E+00 0.545E-03 0.341E-04 0.529E-03 0.331E-04
      2       2       2    4099       4       4 0.174E+01 0.174E+01 0.643E-03 0.709E-03 0.275E-02 0.172E-03 0.267E-02 0.167E-03
      2       2       2     509       4       4 0.171E+00 0.185E+00 0.209E-03 0.255E-03 0.442E-03 0.276E-04 0.471E-03 0.294E-04
      2       2       2    8191       4       4 0.871E+00 0.897E+00 0.795E-03 0.850E-03 0.490E-02 0.306E-03 0.470E-02 0.294E-03
      2       2       4    1021       4       4 0.269E+00 0.284E+00 0.267E-03 0.321E-03 0.123E-02 0.771E-04 0.121E-02 0.757E-04
      2       2       4   16381       4       4 0.149E+01 0.151E+01 0.153E-02 0.165E-02 0.102E-01 0.639E-03 0.102E-01 0.640E-03
      2       2       4    2053       4       4 0.121E+01 0.126E+01 0.520E-03 0.569E-03 0.231E-02 0.144E-03 0.218E-02 0.136E-03
      2       2       4     257       4       4 0.351E+00 0.360E+00 0.369E+00 0.380E+00 0.695E-03 0.435E-04 0.664E-03 0.415E-04
      2       2       4    4099       4       4 0.193E+01 0.198E+01 0.794E-03 0.903E-03 0.316E-02 0.198E-03 0.295E-02 0.184E-03
      2       2       4     509       4       4 0.199E+00 0.203E+00 0.225E-03 0.260E-03 0.467E-03 0.292E-04 0.461E-03 0.288E-04
      2       2       4    8191       4       4 0.924E+00 0.935E+00 0.998E-03 0.104E-02 0.550E-02 0.344E-03 0.545E-02 0.341E-03
      2       2       8    1021       4       4 0.334E+00 0.340E+00 0.295E-03 0.353E-03 0.961E-03 0.601E-04 0.887E-03 0.555E-04
      2       2       8   16381       4       4 0.145E+01 0.156E+01 0.165E-02 0.182E-02 0.859E-02 0.537E-03 0.823E-02 0.514E-03
      2       2       8    2053       4       4 0.144E+01 0.149E+01 0.608E-03 0.689E-03 0.267E-02 0.167E-03 0.258E-02 0.162E-03
      2       2       8     257       4       4 0.451E+00 0.487E+00 0.479E+00 0.530E+00 0.823E-03 0.514E-04 0.752E-03 0.470E-04
      2       2       8    4099       4       4 0.221E+01 0.229E+01 0.989E-03 0.103E-02 0.399E-02 0.250E-03 0.315E-02 0.197E-03
      2       2       8     509       4       4 0.241E+00 0.243E+00 0.245E-03 0.291E-03 0.598E-03 0.374E-04 0.579E-03 0.362E-04
      2       2       8    8191       4       4 0.971E+00 0.102E+01 0.109E-02 0.114E-02 0.538E-02 0.336E-03 0.536E-02 0.335E-03
      2       4       1    1021       4       4 0.189E+00 0.191E+00 0.263E-03 0.302E-03 0.411E-03 0.257E-04 0.399E-03 0.249E-04
      2       4       1   16381       4       4 0.160E+01 0.161E+01 0.158E-02 0.165E-02 0.129E-01 0.807E-03 0.126E-01 0.788E-03
      2       4       1    2053       4       4 0.966E+00 0.978E+00 0.402E-03 0.447E-03 0.117E-02 0.734E-04 0.108E-02 0.672E-04
      2       4       1     257       4       4 0.224E+00 0.233E+00 0.683E-01 0.685E-01 0.118E-03 0.738E-05 0.104E-03 0.648E-05
      2       4       1    4099       4       4 0.171E+01 0.172E+01 0.599E-03 0.651E-03 0.262E-02 0.164E-03 0.246E-02 0.154E-03
      2       4       1     509       4       4 0.136E+00 0.138E+00 0.244E-03 0.295E-03 0.190E-03 0.119E-04 0.190E-03 0.119E-04
      2       4       1    8191       4       4 0.899E+00 0.903E+00 0.784E-03 0.835E-03 0.521E-02 0.326E-03 0.505E-02 0.316E-03
      2       4       2    1021       4       4 0.232E+00 0.244E+00 0.299E-03 0.400E-03 0.924E-03 0.578E-04 0.872E-03 0.545E-04
      2       4       2   16381       4       4 0.159E+01 0.162E+01 0.153E-02 0.161E-02 0.105E-01 0.657E-03 0.103E-01 0.644E-03
      2       4       2    2053       4       4 0.101E+01 0.102E+01 0.442E-03 0.498E-03 0.168E-02 0.105E-03 0.162E-02 0.101E-03
      2       4       2     257       4       4 0.269E+00 0.273E+00 0.229E+00 0.280E+00 0.497E-03 0.310E-04 0.506E-03 0.316E-04
      2       4       2    4099       4       4 0.173E+01 0.174E+01 0.648E-03 0.693E-03 0.270E-02 0.169E-03 0.259E-02 0.162E-03
      2       4       2     509       4       4 0.173E+00 0.179E+00 0.239E-03 0.279E-03 0.435E-03 0.272E-04 0.428E-03 0.268E-04
      2       4       2    8191       4       4 0.868E+00 0.920E+00 0.836E-03 0.945E-03 0.480E-02 0.300E-03 0.445E-02 0.278E-03
      2       4       4    1021       4       4 0.288E+00 0.302E+00 0.279E-03 0.316E-03 0.957E-03 0.598E-04 0.924E-03 0.578E-04
      2       4       4   16381       4       4 0.157E+01 0.164E+01 0.165E-02 0.176E-02 0.994E-02 0.621E-03 0.994E-02 0.622E-03
      2       4       4    2053       4       4 0.122E+01 0.124E+01 0.605E-03 0.647E-03 0.223E-02 0.139E-03 0.208E-02 0.130E-03
      2       4       4     257       4       4 0.355E+00 0.363E+00 0.373E+00 0.382E+00 0.696E-03 0.435E-04 0.699E-03 0.437E-04
      2       4       4    4099       4       4 0.190E+01 0.194E+01 0.786E-03 0.891E-03 0.312E-02 0.195E-03 0.296E-02 0.185E-03
      2       4       4     509       4       4 0.207E+00 0.224E+00 0.240E-03 0.277E-03 0.502E-03 0.314E-04 0.490E-03 0.306E-04
      2       4       4    8191       4       4 0.890E+00 0.894E+00 0.105E-02 0.112E-02 0.456E-02 0.285E-03 0.455E-02 0.284E-03
      2       8       1    1021       4       4 0.195E+00 0.198E+00 0.314E-03 0.363E-03 0.467E-03 0.292E-04 0.421E-03 0.263E-04
      2       8       1   16381       4       4 0.170E+01 0.171E+01 0.163E-02 0.183E-02 0.137E-01 0.856E-03 0.135E-01 0.846E-03
      2       8       1    2053       4       4 0.991E+00 0.999E+00 0.466E-03 0.560E-03 0.124E-02 0.778E-04 0.111E-02 0.696E-04
      2       8       1     257       4       4 0.225E+00 0.229E+00 0.696E-01 0.708E-01 0.141E-03 0.882E-05 0.118E-03 0.738E-05
      2       8       1    4099       4       4 0.177E+01 0.178E+01 0.664E-03 0.715E-03 0.271E-02 0.170E-03 0.254E-02 0.159E-03
      2       8       1     509       4       4 0.150E+00 0.154E+00 0.295E-03 0.336E-03 0.268E-03 0.168E-04 0.259E-03 0.162E-04
      2       8       1    8191       4       4 0.956E+00 0.964E+00 0.872E-03 0.953E-03 0.562E-02 0.351E-03 0.538E-02 0.336E-03
      2       8       2    1021       4       4 0.236E+00 0.245E+00 0.355E-03 0.451E-03 0.103E-02 0.641E-04 0.102E-02 0.637E-04
      2       8       2   16381       4       4 0.167E+01 0.171E+01 0.167E-02 0.178E-02 0.109E-01 0.678E-03 0.105E-01 0.659E-03
      2       8       2    2053       4       4 0.105E+01 0.108E+01 0.529E-03 0.586E-03 0.171E-02 0.107E-03 0.161E-02 0.100E-03
      2       8       2     257       4       4 0.282E+00 0.296E+00 0.243E+00 0.307E+00 0.641E-03 0.401E-04 0.648E-03 0.405E-04
      2       8       2    4099       4       4 0.181E+01 0.182E+01 0.724E-03 0.800E-03 0.277E-02 0.173E-03 0.264E-02 0.165E-03
      2       8       2     509       4       4 0.175E+00 0.178E+00 0.274E-03 0.313E-03 0.443E-03 0.277E-04 0.438E-03 0.274E-04
      2       8       2    8191       4       4 0.975E+00 0.101E+01 0.992E-03 0.106E-02 0.599E-02 0.375E-03 0.586E-02 0.367E-03
