res2dcp3=[      2       1       1    1021    1021       4       4 0.136E+01 0.137E+01 0.124E+01 0.125E+01 0.788E+00 0.493E-01 0.789E+00 0.493E-01
      2       1       1     127     127       4       4 0.122E+00 0.123E+00 0.104E+00 0.104E+00 0.961E-02 0.600E-03 0.960E-02 0.600E-03
      2       1       1    2053    2053       4       4 0.824E+01 0.834E+01 0.719E+01 0.725E+01 0.500E+01 0.312E+00 0.500E+01 0.312E+00
      2       1       1     257     257       4       4 0.430E+00 0.432E+00 0.453E+00 0.456E+00 0.507E-01 0.317E-02 0.504E-01 0.315E-02
      2       1       1      31      31       4       4 0.453E-01 0.459E-01 0.448E-01 0.451E-01 0.463E-03 0.290E-04 0.467E-03 0.292E-04
      2       1       1    4099    4099       4       4 0.952E+01 0.955E+01 0.681E+01 0.684E+01 0.229E+02 0.143E+01 0.229E+02 0.143E+01
      2       1       1     509     509       4       4 0.442E+00 0.444E+00 0.390E+00 0.392E+00 0.175E+00 0.110E-01 0.177E+00 0.111E-01
      2       1       1      67      67       4       4 0.342E-01 0.346E-01 0.284E-01 0.286E-01 0.361E-02 0.226E-03 0.374E-02 0.234E-03
      2       1      12    1021    1021       4       4 0.140E+01 0.144E+01 0.135E+01 0.136E+01 0.136E+00 0.850E-02 0.133E+00 0.831E-02
      2       1      12     127     127       4       4 0.189E+00 0.193E+00 0.179E+00 0.185E+00 0.435E-02 0.272E-03 0.415E-02 0.259E-03
      2       1      12    2053    2053       4       4 0.557E+01 0.602E+01 0.536E+01 0.564E+01 0.800E+00 0.500E-01 0.791E+00 0.494E-01
      2       1      12     257     257       4       4 0.161E+01 0.167E+01 0.174E+01 0.179E+01 0.172E-01 0.108E-02 0.156E-01 0.978E-03
      2       1      12      31      31       4       4 0.938E-01 0.947E-01 0.965E-01 0.103E+00 0.100E-02 0.625E-04 0.101E-02 0.632E-04
      2       1      12    4099    4099       4       4 0.188E+02 0.191E+02 0.186E+02 0.191E+02 0.350E+01 0.219E+00 0.330E+01 0.206E+00
      2       1      12     509     509       4       4 0.708E+00 0.760E+00 0.673E+00 0.712E+00 0.370E-01 0.231E-02 0.382E-01 0.239E-02
      2       1      12      67      67       4       4 0.128E+00 0.131E+00 0.122E+00 0.131E+00 0.231E-02 0.145E-03 0.217E-02 0.135E-03
      2       1      16    1021    1021       4       4 0.146E+01 0.151E+01 0.139E+01 0.140E+01 0.119E+00 0.746E-02 0.116E+00 0.726E-02
      2       1      16     127     127       4       4 0.264E+00 0.276E+00 0.259E+00 0.269E+00 0.401E-02 0.250E-03 0.383E-02 0.239E-03
      2       1      16    2053    2053       4       4 0.573E+01 0.578E+01 0.538E+01 0.553E+01 0.597E+00 0.373E-01 0.611E+00 0.382E-01
      2       1      16     257     257       4       4 0.188E+01 0.193E+01 0.209E+01 0.211E+01 0.157E-01 0.980E-03 0.151E-01 0.946E-03
      2       1      16      31      31       4       4 0.130E+00 0.131E+00 0.129E+00 0.133E+00 0.102E-02 0.640E-04 0.100E-02 0.627E-04
      2       1      16    4099    4099       4       4 0.171E+02 0.174E+02 0.168E+02 0.174E+02 0.366E+01 0.229E+00 0.300E+01 0.188E+00
      2       1      16     509     509       4       4 0.640E+00 0.717E+00 0.642E+00 0.697E+00 0.305E-01 0.191E-02 0.314E-01 0.196E-02
      2       1      16      67      67       4       4 0.145E+00 0.161E+00 0.139E+00 0.146E+00 0.256E-02 0.160E-03 0.239E-02 0.149E-03
      2       1       2    1021    1021       4       4 0.206E+01 0.209E+01 0.186E+01 0.188E+01 0.510E+00 0.319E-01 0.513E+00 0.321E-01
      2       1       2     127     127       4       4 0.141E+00 0.142E+00 0.111E+00 0.111E+00 0.605E-02 0.378E-03 0.621E-02 0.388E-03
      2       1       2    2053    2053       4       4 0.109E+02 0.114E+02 0.914E+01 0.917E+01 0.313E+01 0.196E+00 0.312E+01 0.195E+00
      2       1       2     257     257       4       4 0.678E+00 0.682E+00 0.705E+00 0.713E+00 0.330E-01 0.206E-02 0.333E-01 0.208E-02
      2       1       2      31      31       4       4 0.527E-01 0.531E-01 0.516E-01 0.516E-01 0.459E-03 0.287E-04 0.473E-03 0.295E-04
      2       1       2    4099    4099       4       4 0.205E+02 0.208E+02 0.136E+02 0.137E+02 0.143E+02 0.895E+00 0.142E+02 0.889E+00
      2       1       2     509     509       4       4 0.660E+00 0.666E+00 0.592E+00 0.596E+00 0.118E+00 0.735E-02 0.117E+00 0.733E-02
      2       1       2      67      67       4       4 0.423E-01 0.430E-01 0.191E-01 0.193E-01 0.232E-02 0.145E-03 0.236E-02 0.147E-03
      2       1      24    1021    1021       4       4 0.170E+01 0.176E+01 0.161E+01 0.166E+01 0.113E+00 0.708E-02 0.104E+00 0.652E-02
      2       1      24     127     127       4       4 0.361E+00 0.377E+00 0.348E+00 0.362E+00 0.853E-02 0.533E-03 0.448E-02 0.280E-03
      2       1      24    2053    2053       4       4 0.622E+01 0.626E+01 0.599E+01 0.610E+01 0.593E+00 0.370E-01 0.567E+00 0.354E-01
      2       1      24     257     257       4       4 0.239E+01 0.243E+01 0.260E+01 0.264E+01 0.133E-01 0.832E-03 0.123E-01 0.767E-03
      2       1      24      31      31       4       4 0.171E+00 0.177E+00 0.181E+00 0.217E+00 0.163E-02 0.102E-03 0.163E-02 0.102E-03
      2       1      24    4099    4099       4       4 0.186E+02 0.203E+02 0.175E+02 0.198E+02 0.263E+01 0.164E+00 0.236E+01 0.148E+00
      2       1      24     509     509       4       4 0.913E+00 0.922E+00 0.945E+00 0.996E+00 0.339E-01 0.212E-02 0.326E-01 0.204E-02
      2       1      24      67      67       4       4 0.170E+00 0.192E+00 0.166E+00 0.184E+00 0.322E-02 0.201E-03 0.326E-02 0.204E-03
      2       1       4    1021    1021       4       4 0.142E+01 0.143E+01 0.139E+01 0.141E+01 0.298E+00 0.186E-01 0.275E+00 0.172E-01
      2       1       4     127     127       4       4 0.134E+00 0.136E+00 0.898E-01 0.110E+00 0.428E-02 0.268E-03 0.422E-02 0.264E-03
      2       1       4    2053    2053       4       4 0.727E+01 0.731E+01 0.610E+01 0.744E+01 0.200E+01 0.125E+00 0.204E+01 0.128E+00
      2       1       4     257     257       4       4 0.988E+00 0.102E+01 0.105E+01 0.110E+01 0.199E-01 0.124E-02 0.201E-01 0.126E-02
      2       1       4      31      31       4       4 0.515E-01 0.519E-01 0.510E-01 0.514E-01 0.543E-03 0.340E-04 0.527E-03 0.329E-04
      2       1       4    4099    4099       4       4 0.203E+02 0.217E+02 0.133E+02 0.136E+02 0.100E+02 0.628E+00 0.994E+01 0.621E+00
      2       1       4     509     509       4       4 0.569E+00 0.602E+00 0.555E+00 0.578E+00 0.710E-01 0.444E-02 0.693E-01 0.433E-02
      2       1       4      67      67       4       4 0.681E-01 0.692E-01 0.590E-01 0.628E-01 0.156E-02 0.974E-04 0.161E-02 0.101E-03
      2       1       8    1021    1021       4       4 0.121E+01 0.124E+01 0.114E+01 0.115E+01 0.188E+00 0.117E-01 0.184E+00 0.115E-01
      2       1       8     127     127       4       4 0.188E+00 0.190E+00 0.191E+00 0.200E+00 0.410E-02 0.256E-03 0.415E-02 0.259E-03
      2       1       8    2053    2053       4       4 0.603E+01 0.615E+01 0.564E+01 0.578E+01 0.102E+01 0.635E-01 0.110E+01 0.686E-01
      2       1       8     257     257       4       4 0.131E+01 0.135E+01 0.136E+01 0.144E+01 0.196E-01 0.122E-02 0.183E-01 0.115E-02
      2       1       8      31      31       4       4 0.838E-01 0.860E-01 0.882E-01 0.940E-01 0.591E-03 0.369E-04 0.567E-03 0.355E-04
      2       1       8    4099    4099       4       4 0.179E+02 0.183E+02 0.176E+02 0.178E+02 0.435E+01 0.272E+00 0.418E+01 0.261E+00
      2       1       8     509     509       4       4 0.528E+00 0.557E+00 0.496E+00 0.523E+00 0.534E-01 0.334E-02 0.493E-01 0.308E-02
      2       1       8      67      67       4       4 0.633E-01 0.642E-01 0.580E-01 0.593E-01 0.191E-02 0.119E-03 0.190E-02 0.119E-03
      2      16       1    1021    1021       4       4 0.301E+00 0.303E+00 0.259E+00 0.259E+00 0.990E-01 0.619E-02 0.957E-01 0.598E-02
      2      16       1     127     127       4       4 0.896E-01 0.951E-01 0.722E-01 0.727E-01 0.177E-02 0.111E-03 0.158E-02 0.989E-04
      2      16       1    2053    2053       4       4 0.140E+01 0.140E+01 0.119E+01 0.124E+01 0.601E+00 0.376E-01 0.589E+00 0.368E-01
      2      16       1     257     257       4       4 0.294E+00 0.309E+00 0.307E+00 0.307E+00 0.687E-02 0.429E-03 0.618E-02 0.386E-03
      2      16       1      31      31       4       4 0.381E-01 0.434E-01 0.353E-01 0.358E-01 0.620E-03 0.387E-04 0.520E-03 0.325E-04
      2      16       1     509     509       4       4 0.178E+00 0.180E+00 0.145E+00 0.145E+00 0.226E-01 0.141E-02 0.210E-01 0.131E-02
      2      16       1      67      67       4       4 0.273E-01 0.297E-01 0.206E-01 0.211E-01 0.997E-03 0.623E-04 0.894E-03 0.559E-04
      2       2       1    1021    1021       4       4 0.620E+00 0.623E+00 0.491E+00 0.493E+00 0.593E+00 0.371E-01 0.592E+00 0.370E-01
      2       2       1     127     127       4       4 0.892E-01 0.924E-01 0.710E-01 0.729E-01 0.708E-02 0.443E-03 0.704E-02 0.440E-03
      2       2       1    2053    2053       4       4 0.322E+01 0.324E+01 0.251E+01 0.253E+01 0.351E+01 0.219E+00 0.344E+01 0.215E+00
      2       2       1     257     257       4       4 0.295E+00 0.297E+00 0.308E+00 0.311E+00 0.381E-01 0.238E-02 0.375E-01 0.234E-02
      2       2       1      31      31       4       4 0.368E-01 0.394E-01 0.345E-01 0.347E-01 0.415E-03 0.259E-04 0.383E-03 0.239E-04
      2       2       1    4099    4099       4       4 0.763E+01 0.764E+01 0.384E+01 0.386E+01 0.183E+02 0.114E+01 0.185E+02 0.115E+01
      2       2       1     509     509       4       4 0.260E+00 0.265E+00 0.208E+00 0.212E+00 0.139E+00 0.868E-02 0.138E+00 0.861E-02
      2       2       1      67      67       4       4 0.267E-01 0.291E-01 0.200E-01 0.211E-01 0.278E-02 0.174E-03 0.264E-02 0.165E-03
      2       2      12    1021    1021       4       4 0.736E+00 0.790E+00 0.499E+00 0.506E+00 0.181E+01 0.113E+00 0.184E+01 0.115E+00
      2       2      12     127     127       4       4 0.150E+00 0.163E+00 0.126E+00 0.137E+00 0.137E-01 0.855E-03 0.233E-01 0.146E-02
      2       2      12    2053    2053       4       4 0.352E+01 0.382E+01 0.250E+01 0.253E+01 0.465E+01 0.291E+00 0.433E+01 0.270E+00
      2       2      12     257     257       4       4 0.531E+00 0.550E+00 0.552E+00 0.562E+00 0.534E-01 0.334E-02 0.430E-01 0.269E-02
      2       2      12      31      31       4       4 0.113E+00 0.121E+00 0.109E+00 0.116E+00 0.532E-02 0.332E-03 0.123E-01 0.767E-03
      2       2      12    4099    4099       4       4 0.109E+02 0.115E+02 0.444E+01 0.477E+01 0.161E+02 0.101E+01 0.152E+02 0.952E+00
      2       2      12     509     509       4       4 0.511E+00 0.521E+00 0.453E+00 0.549E+00 0.598E+00 0.374E-01 0.599E+00 0.375E-01
      2       2      12      67      67       4       4 0.945E-01 0.103E+00 0.888E-01 0.991E-01 0.832E-02 0.520E-03 0.770E-02 0.482E-03
      2       2       2    1021    1021       4       4 0.788E+00 0.801E+00 0.428E+00 0.433E+00 0.115E+01 0.722E-01 0.102E+01 0.636E-01
      2       2       2     127     127       4       4 0.977E-01 0.982E-01 0.742E-01 0.762E-01 0.741E-02 0.463E-03 0.715E-02 0.447E-03
      2       2       2    2053    2053       4       4 0.413E+01 0.416E+01 0.234E+01 0.241E+01 0.341E+01 0.213E+00 0.347E+01 0.217E+00
      2       2       2     257     257       4       4 0.321E+00 0.325E+00 0.318E+00 0.321E+00 0.412E-01 0.257E-02 0.402E-01 0.251E-02
      2       2       2      31      31       4       4 0.393E-01 0.413E-01 0.360E-01 0.361E-01 0.857E-03 0.535E-04 0.725E-03 0.453E-04
      2       2       2    4099    4099       4       4 0.130E+02 0.133E+02 0.691E+01 0.714E+01 0.192E+02 0.120E+01 0.196E+02 0.122E+01
      2       2       2     509     509       4       4 0.309E+00 0.312E+00 0.233E+00 0.237E+00 0.306E+00 0.191E-01 0.325E+00 0.203E-01
      2       2       2      67      67       4       4 0.313E-01 0.332E-01 0.134E-01 0.220E-01 0.296E-02 0.185E-03 0.264E-02 0.165E-03
      2       2       4    1021    1021       4       4 0.626E+00 0.638E+00 0.261E+00 0.276E+00 0.161E+01 0.101E+00 0.164E+01 0.102E+00
      2       2       4     127     127       4       4 0.990E-01 0.102E+00 0.773E-01 0.800E-01 0.813E-02 0.508E-03 0.781E-02 0.488E-03
      2       2       4    2053    2053       4       4 0.353E+01 0.383E+01 0.228E+01 0.239E+01 0.427E+01 0.267E+00 0.421E+01 0.263E+00
      2       2       4     257     257       4       4 0.415E+00 0.425E+00 0.426E+00 0.451E+00 0.379E-01 0.237E-02 0.364E-01 0.227E-02
      2       2       4      31      31       4       4 0.613E-01 0.633E-01 0.605E-01 0.627E-01 0.183E-02 0.114E-03 0.161E-02 0.101E-03
      2       2       4    4099    4099       4       4 0.111E+02 0.113E+02 0.558E+01 0.574E+01 0.162E+02 0.101E+01 0.163E+02 0.102E+01
      2       2       4     509     509       4       4 0.400E+00 0.421E+00 0.311E+00 0.328E+00 0.442E+00 0.276E-01 0.455E+00 0.284E-01
      2       2       4      67      67       4       4 0.564E-01 0.582E-01 0.463E-01 0.482E-01 0.378E-02 0.236E-03 0.349E-02 0.218E-03
      2       2       8    1021    1021       4       4 0.680E+00 0.700E+00 0.537E+00 0.565E+00 0.154E+01 0.962E-01 0.158E+01 0.989E-01
      2       2       8     127     127       4       4 0.132E+00 0.133E+00 0.115E+00 0.115E+00 0.795E-02 0.497E-03 0.768E-02 0.480E-03
      2       2       8    2053    2053       4       4 0.319E+01 0.334E+01 0.213E+01 0.223E+01 0.414E+01 0.259E+00 0.379E+01 0.237E+00
      2       2       8     257     257       4       4 0.467E+00 0.483E+00 0.513E+00 0.520E+00 0.363E-01 0.227E-02 0.340E-01 0.213E-02
      2       2       8      31      31       4       4 0.613E-01 0.618E-01 0.589E-01 0.596E-01 0.228E-02 0.142E-03 0.192E-02 0.120E-03
      2       2       8    4099    4099       4       4 0.105E+02 0.113E+02 0.461E+01 0.488E+01 0.160E+02 0.100E+01 0.157E+02 0.980E+00
      2       2       8     509     509       4       4 0.408E+00 0.419E+00 0.336E+00 0.351E+00 0.453E+00 0.283E-01 0.464E+00 0.290E-01
      2       2       8      67      67       4       4 0.869E-01 0.900E-01 0.749E-01 0.797E-01 0.504E-02 0.315E-03 0.467E-02 0.292E-03
      2       4       1    1021    1021       4       4 0.434E+00 0.443E+00 0.338E+00 0.341E+00 0.322E+00 0.202E-01 0.318E+00 0.199E-01
      2       4       1     127     127       4       4 0.897E-01 0.954E-01 0.714E-01 0.721E-01 0.418E-02 0.261E-03 0.395E-02 0.247E-03
      2       4       1    2053    2053       4       4 0.211E+01 0.214E+01 0.175E+01 0.177E+01 0.181E+01 0.113E+00 0.179E+01 0.112E+00
      2       4       1     257     257       4       4 0.288E+00 0.291E+00 0.303E+00 0.303E+00 0.213E-01 0.133E-02 0.206E-01 0.129E-02
      2       4       1      31      31       4       4 0.372E-01 0.404E-01 0.343E-01 0.345E-01 0.331E-03 0.207E-04 0.297E-03 0.185E-04
      2       4       1    4099    4099       4       4 0.473E+01 0.475E+01 0.300E+01 0.303E+01 0.886E+01 0.554E+00 0.877E+01 0.548E+00
      2       4       1     509     509       4       4 0.195E+00 0.198E+00 0.155E+00 0.156E+00 0.744E-01 0.465E-02 0.734E-01 0.459E-02
      2       4       1      67      67       4       4 0.279E-01 0.317E-01 0.198E-01 0.211E-01 0.148E-02 0.923E-04 0.141E-02 0.883E-04
      2       4       2    1021    1021       4       4 0.579E+00 0.591E+00 0.327E+00 0.329E+00 0.616E+00 0.385E-01 0.683E+00 0.427E-01
      2       4       2     127     127       4       4 0.969E-01 0.975E-01 0.762E-01 0.764E-01 0.678E-02 0.424E-03 0.642E-02 0.401E-03
      2       4       2    2053    2053       4       4 0.217E+01 0.221E+01 0.172E+01 0.175E+01 0.245E+01 0.153E+00 0.252E+01 0.158E+00
      2       4       2     257     257       4       4 0.310E+00 0.313E+00 0.313E+00 0.319E+00 0.335E-01 0.209E-02 0.324E-01 0.202E-02
      2       4       2      31      31       4       4 0.403E-01 0.428E-01 0.360E-01 0.362E-01 0.164E-02 0.102E-03 0.148E-02 0.923E-04
      2       4       2    4099    4099       4       4 0.767E+01 0.790E+01 0.355E+01 0.366E+01 0.138E+02 0.861E+00 0.132E+02 0.824E+00
      2       4       2     509     509       4       4 0.239E+00 0.243E+00 0.171E+00 0.173E+00 0.124E+00 0.776E-02 0.132E+00 0.828E-02
      2       4       2      67      67       4       4 0.621E-01 0.710E-01 0.553E-01 0.740E-01 0.300E-02 0.187E-03 0.274E-02 0.171E-03
      2       4       4    1021    1021       4       4 0.591E+00 0.618E+00 0.428E+00 0.453E+00 0.591E+00 0.370E-01 0.595E+00 0.372E-01
      2       4       4     127     127       4       4 0.966E-01 0.970E-01 0.775E-01 0.783E-01 0.724E-02 0.453E-03 0.679E-02 0.425E-03
      2       4       4    2053    2053       4       4 0.234E+01 0.237E+01 0.178E+01 0.180E+01 0.329E+01 0.206E+00 0.346E+01 0.216E+00
      2       4       4     257     257       4       4 0.403E+00 0.409E+00 0.429E+00 0.442E+00 0.306E-01 0.191E-02 0.299E-01 0.187E-02
      2       4       4      31      31       4       4 0.394E-01 0.417E-01 0.356E-01 0.357E-01 0.490E-02 0.306E-03 0.216E-02 0.135E-03
      2       4       4    4099    4099       4       4 0.644E+01 0.649E+01 0.280E+01 0.283E+01 0.122E+02 0.762E+00 0.124E+02 0.776E+00
      2       4       4     509     509       4       4 0.285E+00 0.297E+00 0.220E+00 0.238E+00 0.216E+00 0.135E-01 0.207E+00 0.130E-01
      2       4       4      67      67       4       4 0.987E-01 0.101E+00 0.869E-01 0.911E-01 0.381E-02 0.238E-03 0.344E-02 0.215E-03
      2       8       1    1021    1021       4       4 0.299E+00 0.302E+00 0.247E+00 0.247E+00 0.173E+00 0.108E-01 0.168E+00 0.105E-01
      2       8       1     127     127       4       4 0.903E-01 0.927E-01 0.728E-01 0.741E-01 0.239E-02 0.149E-03 0.229E-02 0.143E-03
      2       8       1    2053    2053       4       4 0.164E+01 0.165E+01 0.141E+01 0.142E+01 0.982E+00 0.614E-01 0.966E+00 0.604E-01
      2       8       1     257     257       4       4 0.290E+00 0.297E+00 0.305E+00 0.308E+00 0.122E-01 0.764E-03 0.115E-01 0.720E-03
      2       8       1      31      31       4       4 0.382E-01 0.428E-01 0.348E-01 0.350E-01 0.397E-03 0.248E-04 0.339E-03 0.212E-04
      2       8       1    4099    4099       4       4 0.333E+01 0.333E+01 0.244E+01 0.245E+01 0.539E+01 0.337E+00 0.536E+01 0.335E+00
      2       8       1     509     509       4       4 0.187E+00 0.190E+00 0.149E+00 0.151E+00 0.414E-01 0.258E-02 0.406E-01 0.254E-02
      2       8       1      67      67       4       4 0.278E-01 0.311E-01 0.195E-01 0.210E-01 0.111E-02 0.694E-04 0.102E-02 0.639E-04
      2       8       2    1021    1021       4       4 0.388E+00 0.395E+00 0.276E+00 0.278E+00 0.308E+00 0.192E-01 0.304E+00 0.190E-01
      2       8       2     127     127       4       4 0.944E-01 0.950E-01 0.760E-01 0.767E-01 0.417E-02 0.260E-03 0.392E-02 0.245E-03
      2       8       2    2053    2053       4       4 0.216E+01 0.222E+01 0.170E+01 0.175E+01 0.125E+01 0.783E-01 0.123E+01 0.767E-01
      2       8       2     257     257       4       4 0.304E+00 0.306E+00 0.352E+00 0.466E+00 0.202E-01 0.126E-02 0.192E-01 0.120E-02
      2       8       2      31      31       4       4 0.398E-01 0.419E-01 0.355E-01 0.356E-01 0.179E-02 0.112E-03 0.166E-02 0.104E-03
      2       8       2    4099    4099       4       4 0.490E+01 0.496E+01 0.356E+01 0.360E+01 0.565E+01 0.353E+00 0.550E+01 0.344E+00
      2       8       2     509     509       4       4 0.224E+00 0.227E+00 0.162E+00 0.163E+00 0.543E-01 0.340E-02 0.523E-01 0.327E-02
      2       8       2      67      67       4       4 0.309E-01 0.320E-01 0.214E-01 0.228E-01 0.266E-02 0.166E-03 0.252E-02 0.157E-03
      3       1       1    1021    1021       4       4 0.114E-02 0.367E-02 0.000E+00 0.000E+00 0.803E+00 0.502E-01 0.818E+00 0.511E-01
      3       1       1     127     127       4       4 0.929E-03 0.357E-02 0.238E-06 0.954E-06 0.757E-02 0.473E-03 0.780E-02 0.488E-03
      3       1       1    2053    2053       4       4 0.163E-02 0.383E-02 0.000E+00 0.000E+00 0.489E+01 0.306E+00 0.498E+01 0.311E+00
      3       1       1     257     257       4       4 0.954E-03 0.355E-02 0.000E+00 0.000E+00 0.447E-01 0.279E-02 0.456E-01 0.285E-02
      3       1       1      31      31       4       4 0.744E-03 0.293E-02 0.238E-06 0.954E-06 0.290E-03 0.181E-04 0.208E-03 0.130E-04
      3       1       1    4099    4099       4       4 0.320E-02 0.569E-02 0.238E-06 0.954E-06 0.353E+02 0.220E+01 0.355E+02 0.222E+01
      3       1       1     509     509       4       4 0.101E-02 0.350E-02 0.000E+00 0.000E+00 0.156E+00 0.977E-02 0.159E+00 0.992E-02
      3       1       1      67      67       4       4 0.965E-03 0.380E-02 0.000E+00 0.000E+00 0.431E-02 0.270E-03 0.423E-02 0.264E-03
      3       1      12    1021    1021       4       4 0.141E-02 0.420E-02 0.000E+00 0.000E+00 0.171E+00 0.107E-01 0.158E+00 0.986E-02
      3       1      12     127     127       4       4 0.382E-02 0.151E-01 0.298E-06 0.119E-05 0.290E-02 0.181E-03 0.272E-02 0.170E-03
      3       1      12    2053    2053       4       4 0.154E-02 0.377E-02 0.000E+00 0.000E+00 0.883E+00 0.552E-01 0.878E+00 0.548E-01
      3       1      12     257     257       4       4 0.447E-02 0.175E-01 0.298E-06 0.119E-05 0.102E-01 0.635E-03 0.945E-02 0.590E-03
      3       1      12      31      31       4       4 0.623E-02 0.249E-01 0.000E+00 0.000E+00 0.568E-03 0.355E-04 0.298E-03 0.186E-04
      3       1      12    4099    4099       4       4 0.329E-02 0.515E-02 0.000E+00 0.000E+00 0.521E+01 0.326E+00 0.504E+01 0.315E+00
      3       1      12     509     509       4       4 0.681E-02 0.265E-01 0.000E+00 0.000E+00 0.349E-01 0.218E-02 0.314E-01 0.196E-02
      3       1      12      67      67       4       4 0.434E-02 0.173E-01 0.238E-06 0.954E-06 0.163E-02 0.102E-03 0.122E-02 0.763E-04
      3       1      16    1021    1021       4       4 0.243E-02 0.861E-02 0.000E+00 0.000E+00 0.162E+00 0.101E-01 0.147E+00 0.919E-02
      3       1      16     127     127       4       4 0.357E-02 0.141E-01 0.000E+00 0.000E+00 0.269E-02 0.168E-03 0.232E-02 0.145E-03
      3       1      16    2053    2053       4       4 0.150E-02 0.289E-02 0.000E+00 0.000E+00 0.782E+00 0.489E-01 0.771E+00 0.482E-01
      3       1      16     257     257       4       4 0.389E-02 0.151E-01 0.000E+00 0.000E+00 0.129E-01 0.807E-03 0.119E-01 0.741E-03
      3       1      16      31      31       4       4 0.449E-02 0.179E-01 0.238E-06 0.954E-06 0.635E-03 0.397E-04 0.364E-03 0.227E-04
      3       1      16    4099    4099       4       4 0.365E-02 0.621E-02 0.000E+00 0.000E+00 0.441E+01 0.275E+00 0.423E+01 0.264E+00
      3       1      16     509     509       4       4 0.402E-02 0.155E-01 0.000E+00 0.000E+00 0.417E-01 0.261E-02 0.393E-01 0.246E-02
      3       1      16      67      67       4       4 0.428E-02 0.171E-01 0.000E+00 0.000E+00 0.140E-02 0.877E-04 0.117E-02 0.731E-04
      3       1       2    1021    1021       4       4 0.109E-02 0.339E-02 0.238E-06 0.954E-06 0.460E+00 0.288E-01 0.463E+00 0.290E-01
      3       1       2     127     127       4       4 0.252E-02 0.993E-02 0.000E+00 0.000E+00 0.493E-02 0.308E-03 0.490E-02 0.306E-03
      3       1       2    2053    2053       4       4 0.168E-02 0.428E-02 0.000E+00 0.000E+00 0.271E+01 0.169E+00 0.277E+01 0.173E+00
      3       1       2     257     257       4       4 0.160E-02 0.609E-02 0.000E+00 0.000E+00 0.271E-01 0.169E-02 0.268E-01 0.168E-02
      3       1       2      31      31       4       4 0.382E-02 0.152E-01 0.000E+00 0.000E+00 0.360E-03 0.225E-04 0.227E-03 0.142E-04
      3       1       2    4099    4099       4       4 0.338E-02 0.593E-02 0.000E+00 0.000E+00 0.190E+02 0.118E+01 0.189E+02 0.118E+01
      3       1       2     509     509       4       4 0.120E-02 0.425E-02 0.000E+00 0.000E+00 0.870E-01 0.544E-02 0.880E-01 0.550E-02
      3       1       2      67      67       4       4 0.347E-02 0.138E-01 0.000E+00 0.000E+00 0.273E-02 0.171E-03 0.249E-02 0.155E-03
      3       1      24    1021    1021       4       4 0.195E-02 0.627E-02 0.000E+00 0.000E+00 0.176E+00 0.110E-01 0.165E+00 0.103E-01
      3       1      24     127     127       4       4 0.238E-02 0.925E-02 0.000E+00 0.000E+00 0.451E-02 0.282E-03 0.230E-02 0.144E-03
      3       1      24    2053    2053       4       4 0.192E-02 0.332E-02 0.000E+00 0.000E+00 0.852E+00 0.532E-01 0.834E+00 0.521E-01
      3       1      24     257     257       4       4 0.890E-03 0.306E-02 0.000E+00 0.000E+00 0.106E-01 0.663E-03 0.906E-02 0.566E-03
      3       1      24      31      31       4       4 0.337E-02 0.134E-01 0.000E+00 0.000E+00 0.633E-03 0.395E-04 0.332E-03 0.207E-04
      3       1      24    4099    4099       4       4 0.368E-02 0.554E-02 0.000E+00 0.000E+00 0.369E+01 0.231E+00 0.349E+01 0.218E+00
      3       1      24     509     509       4       4 0.160E-02 0.575E-02 0.000E+00 0.000E+00 0.373E-01 0.233E-02 0.339E-01 0.212E-02
      3       1      24      67      67       4       4 0.296E-02 0.117E-01 0.000E+00 0.000E+00 0.153E-02 0.957E-04 0.175E-02 0.109E-03
      3       1       4    1021    1021       4       4 0.112E-02 0.319E-02 0.000E+00 0.000E+00 0.291E+00 0.182E-01 0.283E+00 0.177E-01
      3       1       4     127     127       4       4 0.356E-02 0.141E-01 0.000E+00 0.000E+00 0.432E-02 0.270E-03 0.413E-02 0.258E-03
      3       1       4    2053    2053       4       4 0.158E-02 0.349E-02 0.000E+00 0.000E+00 0.159E+01 0.996E-01 0.161E+01 0.101E+00
      3       1       4     257     257       4       4 0.406E-02 0.159E-01 0.000E+00 0.000E+00 0.191E-01 0.120E-02 0.187E-01 0.117E-02
      3       1       4      31      31       4       4 0.422E-02 0.168E-01 0.000E+00 0.000E+00 0.380E-03 0.238E-04 0.238E-03 0.149E-04
      3       1       4    4099    4099       4       4 0.327E-02 0.551E-02 0.238E-06 0.954E-06 0.107E+02 0.668E+00 0.106E+02 0.661E+00
      3       1       4     509     509       4       4 0.119E-02 0.419E-02 0.000E+00 0.000E+00 0.540E-01 0.338E-02 0.531E-01 0.332E-02
      3       1       4      67      67       4       4 0.505E-02 0.202E-01 0.298E-06 0.119E-05 0.197E-02 0.123E-03 0.186E-02 0.116E-03
      3       1       8    1021    1021       4       4 0.254E-02 0.878E-02 0.000E+00 0.000E+00 0.201E+00 0.126E-01 0.193E+00 0.121E-01
      3       1       8     127     127       4       4 0.349E-02 0.138E-01 0.000E+00 0.000E+00 0.258E-02 0.162E-03 0.235E-02 0.147E-03
      3       1       8    2053    2053       4       4 0.157E-02 0.401E-02 0.000E+00 0.000E+00 0.105E+01 0.656E-01 0.105E+01 0.657E-01
      3       1       8     257     257       4       4 0.465E-02 0.181E-01 0.000E+00 0.000E+00 0.151E-01 0.946E-03 0.144E-01 0.901E-03
      3       1       8      31      31       4       4 0.538E-02 0.215E-01 0.238E-06 0.954E-06 0.418E-03 0.261E-04 0.220E-03 0.137E-04
      3       1       8    4099    4099       4       4 0.335E-02 0.511E-02 0.238E-06 0.954E-06 0.657E+01 0.411E+00 0.643E+01 0.402E+00
      3       1       8     509     509       4       4 0.884E-03 0.296E-02 0.000E+00 0.000E+00 0.386E-01 0.241E-02 0.366E-01 0.229E-02
      3       1       8      67      67       4       4 0.727E-02 0.290E-01 0.000E+00 0.000E+00 0.179E-02 0.112E-03 0.146E-02 0.912E-04
      3      16       1    1021    1021       4       4 0.436E-01 0.167E+00 0.000E+00 0.000E+00 0.193E+00 0.121E-01 0.162E+00 0.101E-01
      3      16       1     127     127       4       4 0.420E-01 0.168E+00 0.000E+00 0.000E+00 0.494E-02 0.309E-03 0.334E-02 0.209E-03
      3      16       1    2053    2053       4       4 0.541E-01 0.186E+00 0.238E-06 0.954E-06 0.958E+00 0.599E-01 0.908E+00 0.568E-01
      3      16       1     257     257       4       4 0.339E-01 0.134E+00 0.000E+00 0.000E+00 0.185E-01 0.116E-02 0.155E-01 0.971E-03
      3      16       1      31      31       4       4 0.220E-01 0.875E-01 0.000E+00 0.000E+00 0.241E-02 0.150E-03 0.116E-02 0.723E-04
      3      16       1     509     509       4       4 0.160E-01 0.592E-01 0.000E+00 0.000E+00 0.543E-01 0.339E-02 0.414E-01 0.259E-02
      3      16       1      67      67       4       4 0.148E-01 0.591E-01 0.000E+00 0.000E+00 0.286E-02 0.179E-03 0.188E-02 0.118E-03
      3       2       1    1021    1021       4       4 0.596E-02 0.184E-01 0.298E-06 0.119E-05 0.637E+00 0.398E-01 0.592E+00 0.370E-01
      3       2       1     127     127       4       4 0.526E-02 0.207E-01 0.000E+00 0.000E+00 0.640E-02 0.400E-03 0.608E-02 0.380E-03
      3       2       1    2053    2053       4       4 0.944E-02 0.185E-01 0.000E+00 0.000E+00 0.327E+01 0.204E+00 0.317E+01 0.198E+00
      3       2       1     257     257       4       4 0.808E-02 0.320E-01 0.000E+00 0.000E+00 0.564E-01 0.352E-02 0.309E-01 0.193E-02
      3       2       1      31      31       4       4 0.453E-02 0.179E-01 0.000E+00 0.000E+00 0.271E-02 0.170E-03 0.534E-03 0.334E-04
      3       2       1    4099    4099       4       4 0.948E-02 0.225E-01 0.000E+00 0.000E+00 0.206E+02 0.128E+01 0.202E+02 0.126E+01
      3       2       1     509     509       4       4 0.513E-02 0.188E-01 0.000E+00 0.000E+00 0.108E+00 0.674E-02 0.995E-01 0.622E-02
      3       2       1      67      67       4       4 0.779E-02 0.310E-01 0.000E+00 0.000E+00 0.129E-01 0.809E-03 0.303E-02 0.189E-03
      3       2      12    1021    1021       4       4 0.765E-02 0.236E-01 0.000E+00 0.000E+00 0.276E+00 0.172E-01 0.237E+00 0.148E-01
      3       2      12     127     127       4       4 0.844E-02 0.334E-01 0.298E-06 0.119E-05 0.476E-02 0.298E-03 0.420E-02 0.263E-03
      3       2      12    2053    2053       4       4 0.121E-01 0.239E-01 0.000E+00 0.000E+00 0.138E+01 0.865E-01 0.123E+01 0.769E-01
      3       2      12     257     257       4       4 0.579E-02 0.225E-01 0.238E-06 0.954E-06 0.164E-01 0.102E-02 0.151E-01 0.943E-03
      3       2      12      31      31       4       4 0.934E-02 0.373E-01 0.536E-06 0.119E-05 0.109E-01 0.681E-03 0.827E-03 0.517E-04
      3       2      12    4099    4099       4       4 0.122E-01 0.316E-01 0.000E+00 0.000E+00 0.635E+01 0.397E+00 0.589E+01 0.368E+00
      3       2      12     509     509       4       4 0.413E-02 0.146E-01 0.000E+00 0.000E+00 0.580E-01 0.362E-02 0.520E-01 0.325E-02
      3       2      12      67      67       4       4 0.800E-02 0.319E-01 0.000E+00 0.000E+00 0.229E-02 0.143E-03 0.227E-02 0.142E-03
      3       2       2    1021    1021       4       4 0.465E-02 0.128E-01 0.000E+00 0.000E+00 0.387E+00 0.242E-01 0.353E+00 0.221E-01
      3       2       2     127     127       4       4 0.470E-02 0.185E-01 0.000E+00 0.000E+00 0.606E-02 0.379E-03 0.567E-02 0.354E-03
      3       2       2    2053    2053       4       4 0.888E-02 0.185E-01 0.000E+00 0.000E+00 0.212E+01 0.133E+00 0.201E+01 0.125E+00
      3       2       2     257     257       4       4 0.548E-02 0.214E-01 0.238E-06 0.954E-06 0.217E-01 0.136E-02 0.209E-01 0.131E-02
      3       2       2      31      31       4       4 0.642E-02 0.256E-01 0.000E+00 0.000E+00 0.820E-03 0.512E-04 0.683E-03 0.427E-04
      3       2       2    4099    4099       4       4 0.101E-01 0.327E-01 0.000E+00 0.000E+00 0.122E+02 0.765E+00 0.118E+02 0.738E+00
      3       2       2     509     509       4       4 0.529E-02 0.195E-01 0.000E+00 0.000E+00 0.776E-01 0.485E-02 0.728E-01 0.455E-02
      3       2       2      67      67       4       4 0.804E-02 0.321E-01 0.238E-06 0.954E-06 0.287E-02 0.179E-03 0.256E-02 0.160E-03
      3       2       4    1021    1021       4       4 0.636E-02 0.195E-01 0.000E+00 0.000E+00 0.294E+00 0.184E-01 0.251E+00 0.157E-01
      3       2       4     127     127       4       4 0.832E-02 0.329E-01 0.000E+00 0.000E+00 0.522E-02 0.327E-03 0.482E-02 0.301E-03
      3       2       4    2053    2053       4       4 0.986E-02 0.218E-01 0.000E+00 0.000E+00 0.148E+01 0.926E-01 0.132E+01 0.826E-01
      3       2       4     257     257       4       4 0.570E-02 0.223E-01 0.000E+00 0.000E+00 0.219E-01 0.137E-02 0.206E-01 0.129E-02
      3       2       4      31      31       4       4 0.103E-01 0.411E-01 0.238E-06 0.954E-06 0.994E-03 0.621E-04 0.705E-03 0.441E-04
      3       2       4    4099    4099       4       4 0.675E-02 0.187E-01 0.298E-06 0.119E-05 0.810E+01 0.506E+00 0.766E+01 0.479E+00
      3       2       4     509     509       4       4 0.739E-02 0.278E-01 0.000E+00 0.000E+00 0.596E-01 0.372E-02 0.510E-01 0.319E-02
      3       2       4      67      67       4       4 0.122E-01 0.485E-01 0.000E+00 0.000E+00 0.248E-02 0.155E-03 0.220E-02 0.138E-03
      3       2       8    1021    1021       4       4 0.695E-02 0.208E-01 0.000E+00 0.000E+00 0.241E+00 0.150E-01 0.205E+00 0.128E-01
      3       2       8     127     127       4       4 0.754E-02 0.300E-01 0.000E+00 0.000E+00 0.440E-02 0.275E-03 0.389E-02 0.243E-03
      3       2       8    2053    2053       4       4 0.916E-02 0.218E-01 0.000E+00 0.000E+00 0.126E+01 0.786E-01 0.111E+01 0.695E-01
      3       2       8     257     257       4       4 0.477E-02 0.187E-01 0.000E+00 0.000E+00 0.178E-01 0.112E-02 0.166E-01 0.104E-02
      3       2       8      31      31       4       4 0.717E-02 0.286E-01 0.000E+00 0.000E+00 0.107E-02 0.667E-04 0.779E-03 0.487E-04
      3       2       8    4099    4099       4       4 0.975E-02 0.182E-01 0.000E+00 0.000E+00 0.604E+01 0.377E+00 0.560E+01 0.350E+00
      3       2       8     509     509       4       4 0.511E-02 0.181E-01 0.000E+00 0.000E+00 0.562E-01 0.352E-02 0.504E-01 0.315E-02
      3       2       8      67      67       4       4 0.702E-02 0.280E-01 0.000E+00 0.000E+00 0.622E-02 0.389E-03 0.191E-02 0.119E-03
      3       4       1    1021    1021       4       4 0.330E-01 0.127E+00 0.238E-06 0.954E-06 0.336E+00 0.210E-01 0.308E+00 0.192E-01
      3       4       1     127     127       4       4 0.895E-02 0.356E-01 0.000E+00 0.000E+00 0.498E-02 0.312E-03 0.434E-02 0.271E-03
      3       4       1    2053    2053       4       4 0.144E-01 0.373E-01 0.000E+00 0.000E+00 0.202E+01 0.126E+00 0.187E+01 0.117E+00
      3       4       1     257     257       4       4 0.978E-02 0.387E-01 0.000E+00 0.000E+00 0.211E-01 0.132E-02 0.187E-01 0.117E-02
      3       4       1      31      31       4       4 0.103E-01 0.410E-01 0.238E-06 0.954E-06 0.825E-03 0.516E-04 0.621E-03 0.388E-04
      3       4       1    4099    4099       4       4 0.168E-01 0.597E-01 0.000E+00 0.000E+00 0.123E+02 0.772E+00 0.120E+02 0.748E+00
      3       4       1     509     509       4       4 0.103E-01 0.398E-01 0.000E+00 0.000E+00 0.717E-01 0.448E-02 0.671E-01 0.419E-02
      3       4       1      67      67       4       4 0.151E-01 0.601E-01 0.000E+00 0.000E+00 0.726E-02 0.454E-03 0.248E-02 0.155E-03
      3       4       2    1021    1021       4       4 0.106E-01 0.356E-01 0.000E+00 0.000E+00 0.259E+00 0.162E-01 0.227E+00 0.142E-01
      3       4       2     127     127       4       4 0.122E-01 0.485E-01 0.238E-06 0.954E-06 0.514E-02 0.321E-03 0.449E-02 0.281E-03
      3       4       2    2053    2053       4       4 0.163E-01 0.356E-01 0.238E-06 0.954E-06 0.140E+01 0.877E-01 0.129E+01 0.803E-01
      3       4       2     257     257       4       4 0.160E-01 0.633E-01 0.000E+00 0.000E+00 0.302E-01 0.189E-02 0.193E-01 0.121E-02
      3       4       2      31      31       4       4 0.161E-01 0.640E-01 0.000E+00 0.000E+00 0.101E-02 0.632E-04 0.788E-03 0.492E-04
      3       4       2    4099    4099       4       4 0.131E-01 0.412E-01 0.000E+00 0.000E+00 0.808E+01 0.505E+00 0.749E+01 0.468E+00
      3       4       2     509     509       4       4 0.157E-01 0.610E-01 0.000E+00 0.000E+00 0.559E-01 0.349E-02 0.457E-01 0.285E-02
      3       4       2      67      67       4       4 0.176E-01 0.702E-01 0.000E+00 0.000E+00 0.234E-02 0.146E-03 0.200E-02 0.125E-03
      3       4       4    1021    1021       4       4 0.153E-01 0.529E-01 0.000E+00 0.000E+00 0.240E+00 0.150E-01 0.216E+00 0.135E-01
      3       4       4     127     127       4       4 0.116E-01 0.460E-01 0.000E+00 0.000E+00 0.368E-02 0.230E-03 0.311E-02 0.195E-03
      3       4       4    2053    2053       4       4 0.212E-01 0.610E-01 0.000E+00 0.000E+00 0.113E+01 0.708E-01 0.993E+00 0.621E-01
      3       4       4     257     257       4       4 0.111E-01 0.439E-01 0.000E+00 0.000E+00 0.136E-01 0.852E-03 0.115E-01 0.720E-03
      3       4       4      31      31       4       4 0.126E-01 0.502E-01 0.000E+00 0.000E+00 0.905E-03 0.565E-04 0.680E-03 0.425E-04
      3       4       4    4099    4099       4       4 0.180E-01 0.420E-01 0.000E+00 0.000E+00 0.570E+01 0.356E+00 0.520E+01 0.325E+00
      3       4       4     509     509       4       4 0.900E-02 0.341E-01 0.000E+00 0.000E+00 0.445E-01 0.278E-02 0.364E-01 0.228E-02
      3       4       4      67      67       4       4 0.129E-01 0.515E-01 0.000E+00 0.000E+00 0.237E-02 0.148E-03 0.190E-02 0.119E-03
      3       8       1    1021    1021       4       4 0.226E-01 0.841E-01 0.000E+00 0.000E+00 0.267E+00 0.167E-01 0.236E+00 0.148E-01
      3       8       1     127     127       4       4 0.208E-01 0.827E-01 0.000E+00 0.000E+00 0.558E-02 0.349E-03 0.445E-02 0.278E-03
      3       8       1    2053    2053       4       4 0.376E-01 0.119E+00 0.000E+00 0.000E+00 0.132E+01 0.826E-01 0.119E+01 0.745E-01
      3       8       1     257     257       4       4 0.808E-02 0.318E-01 0.000E+00 0.000E+00 0.153E-01 0.957E-03 0.127E-01 0.795E-03
      3       8       1      31      31       4       4 0.222E-01 0.889E-01 0.000E+00 0.000E+00 0.128E-01 0.802E-03 0.932E-03 0.582E-04
      3       8       1    4099    4099       4       4 0.213E-01 0.367E-01 0.000E+00 0.000E+00 0.759E+01 0.474E+00 0.732E+01 0.457E+00
      3       8       1     509     509       4       4 0.910E-02 0.343E-01 0.000E+00 0.000E+00 0.516E-01 0.322E-02 0.409E-01 0.256E-02
      3       8       1      67      67       4       4 0.176E-01 0.703E-01 0.000E+00 0.000E+00 0.281E-02 0.175E-03 0.166E-02 0.104E-03
      3       8       2    1021    1021       4       4 0.309E-01 0.113E+00 0.000E+00 0.000E+00 0.215E+00 0.135E-01 0.188E+00 0.118E-01
      3       8       2     127     127       4       4 0.173E-01 0.689E-01 0.000E+00 0.000E+00 0.519E-02 0.324E-03 0.385E-02 0.240E-03
      3       8       2    2053    2053       4       4 0.261E-01 0.780E-01 0.000E+00 0.000E+00 0.105E+01 0.655E-01 0.932E+00 0.582E-01
      3       8       2     257     257       4       4 0.115E-01 0.455E-01 0.000E+00 0.000E+00 0.144E-01 0.903E-03 0.115E-01 0.719E-03
      3       8       2      31      31       4       4 0.134E-01 0.533E-01 0.000E+00 0.000E+00 0.168E-02 0.105E-03 0.892E-03 0.557E-04
      3       8       2    4099    4099       4       4 0.146E-01 0.342E-01 0.000E+00 0.000E+00 0.540E+01 0.338E+00 0.498E+01 0.312E+00
      3       8       2     509     509       4       4 0.917E-02 0.346E-01 0.000E+00 0.000E+00 0.473E-01 0.296E-02 0.367E-01 0.229E-02
      3       8       2      67      67       4       4 0.136E-01 0.541E-01 0.000E+00 0.000E+00 0.291E-02 0.182E-03 0.170E-02 0.106E-03];
