      1       1     128     128     128       4 0.180E-04 0.329E-04 0.000E+00 0.000E+00 0.158E+00 0.395E-01 0.160E+00 0.400E-01
      1       1      16      16      16       4 0.441E-05 0.148E-04 0.000E+00 0.000E+00 0.190E-03 0.474E-04 0.191E-03 0.478E-04
      1       1     256     256     256       4 0.248E-04 0.401E-04 0.000E+00 0.000E+00 0.173E+01 0.433E+00 0.195E+01 0.487E+00
      1       1      32      32      32       4 0.596E-05 0.169E-04 0.298E-06 0.119E-05 0.150E-02 0.374E-03 0.168E-02 0.419E-03
      1       1     512     512     512       4 0.333E-04 0.482E-04 0.238E-06 0.954E-06 0.197E+02 0.492E+01 0.214E+02 0.534E+01
      1       1      64      64      64       4 0.620E-05 0.150E-04 0.000E+00 0.000E+00 0.127E-01 0.318E-02 0.143E-01 0.358E-02
      1       1       8       8       8       4 0.322E-05 0.110E-04 0.000E+00 0.000E+00 0.422E-04 0.106E-04 0.317E-04 0.793E-05
      1      12     128     128     128       4 0.210E-04 0.398E-04 0.000E+00 0.000E+00 0.201E-01 0.502E-02 0.201E-01 0.502E-02
      1      12      16      16      16       4 0.626E-05 0.191E-04 0.000E+00 0.000E+00 0.139E-03 0.347E-04 0.124E-03 0.310E-04
      1      12     256     256     256       4 0.280E-04 0.460E-04 0.000E+00 0.000E+00 0.249E+00 0.622E-01 0.342E+00 0.856E-01
      1      12      32      32      32       4 0.775E-05 0.222E-04 0.000E+00 0.000E+00 0.718E-03 0.179E-03 0.498E-03 0.125E-03
      1      12     512     512     512       4 0.353E-04 0.510E-04 0.238E-06 0.954E-06 0.261E+01 0.652E+00 0.330E+01 0.825E+00
      1      12      64      64      64       4 0.840E-05 0.188E-04 0.000E+00 0.000E+00 0.290E-02 0.724E-03 0.285E-02 0.713E-03
      1      12       8       8       8       4 0.447E-05 0.129E-04 0.000E+00 0.000E+00 0.761E-04 0.190E-04 0.632E-04 0.158E-04
      1      16     128     128     128       4 0.212E-04 0.401E-04 0.000E+00 0.000E+00 0.156E-01 0.390E-02 0.148E-01 0.370E-02
      1      16      16      16      16       4 0.110E-04 0.370E-04 0.000E+00 0.000E+00 0.111E-03 0.278E-04 0.105E-03 0.263E-04
      1      16     256     256     256       4 0.286E-04 0.470E-04 0.000E+00 0.000E+00 0.233E+00 0.582E-01 0.353E+00 0.882E-01
      1      16      32      32      32       4 0.721E-05 0.200E-04 0.000E+00 0.000E+00 0.373E-03 0.933E-04 0.359E-03 0.897E-04
      1      16     512     512     512       4 0.355E-04 0.520E-04 0.000E+00 0.000E+00 0.335E+01 0.837E+00 0.393E+01 0.981E+00
      1      16      64      64      64       4 0.697E-05 0.160E-04 0.000E+00 0.000E+00 0.261E-02 0.653E-03 0.220E-02 0.551E-03
      1      16       8       8       8       4 0.370E-05 0.110E-04 0.000E+00 0.000E+00 0.961E-04 0.240E-04 0.768E-04 0.192E-04
      1       2     128     128     128       4 0.188E-04 0.360E-04 0.000E+00 0.000E+00 0.872E-01 0.218E-01 0.847E-01 0.212E-01
      1       2      16      16      16       4 0.530E-05 0.160E-04 0.000E+00 0.000E+00 0.129E-03 0.322E-04 0.149E-03 0.372E-04
      1       2     256     256     256       4 0.244E-04 0.410E-04 0.000E+00 0.000E+00 0.103E+01 0.257E+00 0.118E+01 0.295E+00
      1       2      32      32      32       4 0.674E-05 0.188E-04 0.000E+00 0.000E+00 0.835E-03 0.209E-03 0.933E-03 0.233E-03
      1       2     512     512     512       4 0.352E-04 0.489E-04 0.000E+00 0.000E+00 0.114E+02 0.284E+01 0.125E+02 0.313E+01
      1       2      64      64      64       4 0.650E-05 0.160E-04 0.000E+00 0.000E+00 0.679E-02 0.170E-02 0.776E-02 0.194E-02
      1       2       8       8       8       4 0.274E-05 0.110E-04 0.000E+00 0.000E+00 0.401E-04 0.100E-04 0.300E-04 0.751E-05
      1      24     128     128     128       4 0.207E-04 0.401E-04 0.000E+00 0.000E+00 0.142E-01 0.354E-02 0.149E-01 0.372E-02
      1      24      16      16      16       4 0.697E-05 0.219E-04 0.298E-06 0.119E-05 0.445E-02 0.111E-02 0.115E-03 0.287E-04
      1      24     256     256     256       4 0.278E-04 0.501E-04 0.000E+00 0.000E+00 0.181E+00 0.452E-01 0.278E+00 0.695E-01
      1      24      32      32      32       4 0.757E-05 0.210E-04 0.000E+00 0.000E+00 0.417E-03 0.104E-03 0.344E-03 0.859E-04
      1      24     512     512     512       4 0.355E-04 0.520E-04 0.000E+00 0.000E+00 0.232E+01 0.581E+00 0.301E+01 0.753E+00
      1      24      64      64      64       4 0.829E-05 0.200E-04 0.000E+00 0.000E+00 0.200E-02 0.500E-03 0.207E-02 0.517E-03
      1      24       8       8       8       4 0.393E-05 0.129E-04 0.000E+00 0.000E+00 0.101E-03 0.253E-04 0.639E-04 0.160E-04
      1       4     128     128     128       4 0.202E-04 0.360E-04 0.000E+00 0.000E+00 0.487E-01 0.122E-01 0.484E-01 0.121E-01
      1       4      16      16      16       4 0.554E-05 0.169E-04 0.000E+00 0.000E+00 0.158E-03 0.395E-04 0.176E-03 0.440E-04
      1       4     256     256     256       4 0.245E-04 0.410E-04 0.000E+00 0.000E+00 0.600E+00 0.150E+00 0.703E+00 0.176E+00
      1       4      32      32      32       4 0.668E-05 0.179E-04 0.000E+00 0.000E+00 0.821E-03 0.205E-03 0.914E-03 0.228E-03
      1       4     512     512     512       4 0.355E-04 0.489E-04 0.000E+00 0.000E+00 0.630E+01 0.158E+01 0.710E+01 0.177E+01
      1       4      64      64      64       4 0.715E-05 0.169E-04 0.238E-06 0.954E-06 0.469E-02 0.117E-02 0.485E-02 0.121E-02
      1       4       8       8       8       4 0.370E-05 0.100E-04 0.238E-06 0.954E-06 0.641E-04 0.160E-04 0.758E-04 0.190E-04
      1       8     128     128     128       4 0.200E-04 0.379E-04 0.000E+00 0.000E+00 0.286E-01 0.716E-02 0.267E-01 0.668E-02
      1       8      16      16      16       4 0.668E-05 0.200E-04 0.000E+00 0.000E+00 0.141E-03 0.353E-04 0.109E-03 0.273E-04
      1       8     256     256     256       4 0.263E-04 0.441E-04 0.000E+00 0.000E+00 0.363E+00 0.908E-01 0.452E+00 0.113E+00
      1       8      32      32      32       4 0.668E-05 0.179E-04 0.000E+00 0.000E+00 0.510E-03 0.127E-03 0.493E-03 0.123E-03
      1       8     512     512     512       4 0.362E-04 0.520E-04 0.000E+00 0.000E+00 0.415E+01 0.104E+01 0.480E+01 0.120E+01
      1       8      64      64      64       4 0.799E-05 0.191E-04 0.000E+00 0.000E+00 0.303E-02 0.758E-03 0.265E-02 0.661E-03
      1       8       8       8       8       4 0.423E-05 0.131E-04 0.000E+00 0.000E+00 0.777E-04 0.194E-04 0.768E-04 0.192E-04
      2       1     128     128     128       4 0.349E+00 0.140E+01 0.284E+00 0.114E+01 0.115E+00 0.287E-01 0.131E+00 0.327E-01
      2       1      16      16      16       4 0.293E-02 0.116E-01 0.243E-02 0.965E-02 0.713E-04 0.178E-04 0.691E-04 0.173E-04
      2       1     256     256     256       4 0.135E+01 0.539E+01 0.134E+01 0.535E+01 0.134E+01 0.335E+00 0.139E+01 0.347E+00
      2       1      32      32      32       4 0.153E-01 0.610E-01 0.129E-01 0.515E-01 0.750E-03 0.188E-03 0.773E-03 0.193E-03
      2       1     512     512     512       4 0.461E+01 0.184E+02 0.453E+01 0.181E+02 0.116E+02 0.291E+01 0.118E+02 0.294E+01
      2       1      64      64      64       4 0.617E-01 0.247E+00 0.530E-01 0.212E+00 0.101E-01 0.252E-02 0.105E-01 0.263E-02
      2       1       8       8       8       4 0.216E-02 0.855E-02 0.181E-02 0.716E-02 0.596E-05 0.149E-05 0.620E-05 0.155E-05
      2      12     128     128     128       4 0.567E+00 0.227E+01 0.466E+00 0.186E+01 0.197E-01 0.492E-02 0.224E-01 0.559E-02
      2      12      16      16      16       4 0.884E-02 0.343E-01 0.770E-02 0.297E-01 0.276E-03 0.690E-04 0.249E-03 0.622E-04
      2      12     256     256     256       4 0.208E+01 0.831E+01 0.198E+01 0.791E+01 0.216E+00 0.539E-01 0.202E+00 0.504E-01
      2      12      32      32      32       4 0.302E-01 0.119E+00 0.279E-01 0.110E+00 0.541E-03 0.135E-03 0.460E-03 0.115E-03
      2      12     512     512     512       4 0.755E+01 0.302E+02 0.746E+01 0.298E+02 0.177E+01 0.444E+00 0.176E+01 0.441E+00
      2      12      64      64      64       4 0.115E+00 0.459E+00 0.109E+00 0.432E+00 0.277E-02 0.693E-03 0.394E-02 0.985E-03
      2      12       8       8       8       4 0.751E-02 0.285E-01 0.623E-02 0.235E-01 0.589E-03 0.147E-03 0.415E-03 0.104E-03
      2      16     128     128     128       4 0.510E+00 0.203E+01 0.427E+00 0.171E+01 0.200E-01 0.499E-02 0.192E-01 0.480E-02
      2      16      16      16      16       4 0.689E-02 0.265E-01 0.619E-02 0.237E-01 0.258E-03 0.644E-04 0.204E-03 0.510E-04
      2      16     256     256     256       4 0.159E+01 0.635E+01 0.156E+01 0.625E+01 0.211E+00 0.528E-01 0.195E+00 0.488E-01
      2      16      32      32      32       4 0.281E-01 0.111E+00 0.253E-01 0.100E+00 0.586E-03 0.146E-03 0.601E-03 0.150E-03
      2      16     512     512     512       4 0.538E+01 0.215E+02 0.537E+01 0.215E+02 0.191E+01 0.477E+00 0.182E+01 0.455E+00
      2      16      64      64      64       4 0.101E+00 0.403E+00 0.849E-01 0.337E+00 0.356E-02 0.889E-03 0.372E-02 0.931E-03
      2      16       8       8       8       4 0.558E-02 0.212E-01 0.494E-02 0.187E-01 0.382E-03 0.955E-04 0.303E-03 0.758E-04
      2       2     128     128     128       4 0.576E+00 0.230E+01 0.473E+00 0.189E+01 0.660E-01 0.165E-01 0.713E-01 0.178E-01
      2       2      16      16      16       4 0.577E-02 0.229E-01 0.512E-02 0.203E-01 0.136E-03 0.340E-04 0.135E-03 0.338E-04
      2       2     256     256     256       4 0.216E+01 0.866E+01 0.217E+01 0.866E+01 0.803E+00 0.201E+00 0.785E+00 0.196E+00
      2       2      32      32      32       4 0.210E-01 0.839E-01 0.182E-01 0.725E-01 0.482E-03 0.120E-03 0.534E-03 0.134E-03
      2       2     512     512     512       4 0.735E+01 0.294E+02 0.753E+01 0.301E+02 0.668E+01 0.167E+01 0.696E+01 0.174E+01
      2       2      64      64      64       4 0.874E-01 0.349E+00 0.753E-01 0.301E+00 0.550E-02 0.137E-02 0.614E-02 0.153E-02
      2       2       8       8       8       4 0.415E-02 0.164E-01 0.362E-02 0.143E-01 0.827E-04 0.207E-04 0.770E-04 0.193E-04
      2      24     128     128     128       4 0.528E+00 0.210E+01 0.454E+00 0.180E+01 0.202E-01 0.506E-02 0.214E-01 0.534E-02
      2      24      16      16      16       4 0.975E-02 0.367E-01 0.876E-02 0.330E-01 0.560E-03 0.140E-03 0.534E-03 0.134E-03
      2      24     256     256     256       4 0.182E+01 0.727E+01 0.171E+01 0.684E+01 0.188E+00 0.470E-01 0.183E+00 0.459E-01
      2      24      32      32      32       4 0.335E-01 0.132E+00 0.309E-01 0.121E+00 0.115E-02 0.288E-03 0.110E-02 0.275E-03
      2      24     512     512     512       4 0.631E+01 0.252E+02 0.630E+01 0.252E+02 0.159E+01 0.397E+00 0.187E+01 0.468E+00
      2      24      64      64      64       4 0.125E+00 0.497E+00 0.114E+00 0.450E+00 0.279E-02 0.697E-03 0.499E-02 0.125E-02
      2      24       8       8       8       4 0.722E-02 0.262E-01 0.652E-02 0.235E-01 0.600E-03 0.150E-03 0.499E-03 0.125E-03
      2       4     128     128     128       4 0.485E+00 0.194E+01 0.418E+00 0.167E+01 0.432E-01 0.108E-01 0.446E-01 0.112E-01
      2       4      16      16      16       4 0.588E-02 0.232E-01 0.537E-02 0.212E-01 0.138E-03 0.345E-04 0.135E-03 0.337E-04
      2       4     256     256     256       4 0.176E+01 0.705E+01 0.195E+01 0.779E+01 0.416E+00 0.104E+00 0.396E+00 0.989E-01
      2       4      32      32      32       4 0.226E-01 0.901E-01 0.197E-01 0.783E-01 0.450E-03 0.112E-03 0.550E-03 0.138E-03
      2       4     512     512     512       4 0.650E+01 0.260E+02 0.642E+01 0.257E+02 0.359E+01 0.898E+00 0.376E+01 0.939E+00
      2       4      64      64      64       4 0.895E-01 0.358E+00 0.802E-01 0.320E+00 0.388E-02 0.969E-03 0.472E-02 0.118E-02
      2       4       8       8       8       4 0.428E-02 0.168E-01 0.376E-02 0.147E-01 0.122E-03 0.305E-04 0.839E-04 0.210E-04
      2       8     128     128     128       4 0.405E+00 0.162E+01 0.331E+00 0.132E+01 0.250E-01 0.624E-02 0.254E-01 0.634E-02
      2       8      16      16      16       4 0.529E-02 0.206E-01 0.482E-02 0.187E-01 0.156E-03 0.389E-04 0.157E-03 0.392E-04
      2       8     256     256     256       4 0.164E+01 0.657E+01 0.161E+01 0.644E+01 0.245E+00 0.612E-01 0.252E+00 0.629E-01
      2       8      32      32      32       4 0.194E-01 0.770E-01 0.171E-01 0.679E-01 0.559E-03 0.140E-03 0.580E-03 0.145E-03
      2       8     512     512     512       4 0.573E+01 0.229E+02 0.569E+01 0.228E+02 0.212E+01 0.531E+00 0.212E+01 0.530E+00
      2       8      64      64      64       4 0.749E-01 0.299E+00 0.672E-01 0.268E+00 0.395E-02 0.988E-03 0.410E-02 0.102E-02
      2       8       8       8       8       4 0.353E-02 0.136E-01 0.301E-02 0.115E-01 0.139E-03 0.346E-04 0.133E-03 0.333E-04
      3       1     128     128     128       4 0.883E-03 0.338E-02 0.231E-04 0.360E-04 0.111E+00 0.278E-01 0.975E-01 0.244E-01
      3       1      16      16      16       4 0.782E-03 0.313E-02 0.155E-05 0.405E-05 0.808E-04 0.202E-04 0.684E-04 0.171E-04
      3       1     256     256     256       4 0.106E-02 0.404E-02 0.320E-04 0.420E-04 0.131E+01 0.328E+00 0.130E+01 0.325E+00
      3       1      32      32      32       4 0.769E-03 0.306E-02 0.501E-05 0.110E-04 0.822E-03 0.206E-03 0.795E-03 0.199E-03
      3       1     512     512     512       4 0.870E-03 0.322E-02 0.515E-04 0.660E-04 0.198E+02 0.496E+01 0.199E+02 0.496E+01
      3       1      64      64      64       4 0.835E-03 0.331E-02 0.602E-05 0.119E-04 0.844E-02 0.211E-02 0.838E-02 0.209E-02
      3       1       8       8       8       4 0.833E-03 0.333E-02 0.149E-05 0.405E-05 0.169E-04 0.423E-05 0.978E-05 0.244E-05
      3      12     128     128     128       4 0.140E-02 0.546E-02 0.242E-04 0.379E-04 0.134E-01 0.335E-02 0.114E-01 0.285E-02
      3      12      16      16      16       4 0.315E-02 0.126E-01 0.626E-05 0.129E-04 0.149E-03 0.373E-04 0.851E-04 0.213E-04
      3      12     256     256     256       4 0.638E-03 0.235E-02 0.516E-04 0.958E-04 0.219E+00 0.547E-01 0.217E+00 0.544E-01
      3      12      32      32      32       4 0.409E-02 0.163E-01 0.721E-05 0.160E-04 0.304E-03 0.760E-04 0.222E-03 0.556E-04
      3      12     512     512     512       4 0.941E-03 0.351E-02 0.542E-04 0.720E-04 0.286E+01 0.715E+00 0.284E+01 0.710E+00
      3      12      64      64      64       4 0.870E-02 0.348E-01 0.727E-05 0.169E-04 0.464E-02 0.116E-02 0.163E-02 0.406E-03
      3      12       8       8       8       4 0.338E-02 0.135E-01 0.715E-06 0.191E-05 0.181E-04 0.453E-05 0.129E-04 0.322E-05
      3      16     128     128     128       4 0.115E-02 0.442E-02 0.268E-04 0.331E-04 0.141E-01 0.353E-02 0.116E-01 0.289E-02
      3      16      16      16      16       4 0.426E-02 0.170E-01 0.578E-05 0.122E-04 0.141E-03 0.353E-04 0.820E-04 0.205E-04
      3      16     256     256     256       4 0.603E-03 0.220E-02 0.532E-04 0.820E-04 0.204E+00 0.510E-01 0.200E+00 0.501E-01
      3      16      32      32      32       4 0.392E-02 0.157E-01 0.650E-05 0.131E-04 0.287E-03 0.718E-04 0.218E-03 0.545E-04
      3      16     512     512     512       4 0.113E-02 0.424E-02 0.575E-04 0.730E-04 0.310E+01 0.774E+00 0.308E+01 0.771E+00
      3      16      64      64      64       4 0.193E-02 0.771E-02 0.703E-05 0.160E-04 0.165E-02 0.412E-03 0.132E-02 0.330E-03
      3      16       8       8       8       4 0.447E-02 0.179E-01 0.155E-05 0.310E-05 0.198E-04 0.495E-05 0.150E-04 0.376E-05
      3       2     128     128     128       4 0.765E-03 0.291E-02 0.250E-04 0.350E-04 0.713E-01 0.178E-01 0.624E-01 0.156E-01
      3       2      16      16      16       4 0.358E-02 0.143E-01 0.459E-05 0.906E-05 0.982E-04 0.246E-04 0.730E-04 0.182E-04
      3       2     256     256     256       4 0.859E-03 0.324E-02 0.343E-04 0.420E-04 0.725E+00 0.181E+00 0.727E+00 0.182E+00
      3       2      32      32      32       4 0.293E-02 0.117E-01 0.626E-05 0.150E-04 0.528E-03 0.132E-03 0.507E-03 0.127E-03
      3       2     512     512     512       4 0.959E-03 0.354E-02 0.553E-04 0.660E-04 0.126E+02 0.314E+01 0.127E+02 0.317E+01
      3       2      64      64      64       4 0.141E-02 0.560E-02 0.703E-05 0.160E-04 0.454E-02 0.114E-02 0.470E-02 0.117E-02
      3       2       8       8       8       4 0.337E-02 0.135E-01 0.101E-05 0.191E-05 0.172E-04 0.429E-05 0.882E-05 0.221E-05
      3      24     128     128     128       4 0.137E-02 0.532E-02 0.405E-04 0.751E-04 0.123E-01 0.308E-02 0.109E-01 0.274E-02
      3      24      16      16      16       4 0.507E-02 0.203E-01 0.626E-05 0.129E-04 0.130E-03 0.324E-04 0.784E-04 0.196E-04
      3      24     256     256     256       4 0.414E-03 0.146E-02 0.382E-04 0.520E-04 0.182E+00 0.455E-01 0.183E+00 0.458E-01
      3      24      32      32      32       4 0.416E-02 0.166E-01 0.852E-05 0.131E-04 0.267E-03 0.668E-04 0.216E-03 0.541E-04
      3      24     512     512     512       4 0.947E-03 0.352E-02 0.528E-04 0.689E-04 0.257E+01 0.641E+00 0.258E+01 0.645E+00
      3      24      64      64      64       4 0.374E-02 0.149E-01 0.775E-05 0.169E-04 0.135E-02 0.338E-03 0.117E-02 0.292E-03
      3      24       8       8       8       4 0.417E-02 0.167E-01 0.101E-05 0.310E-05 0.241E-04 0.602E-05 0.110E-04 0.274E-05
      3       4     128     128     128       4 0.157E-02 0.616E-02 0.222E-04 0.339E-04 0.316E-01 0.789E-02 0.272E-01 0.680E-02
      3       4      16      16      16       4 0.362E-02 0.145E-01 0.530E-05 0.110E-04 0.132E-03 0.330E-04 0.870E-04 0.218E-04
      3       4     256     256     256       4 0.716E-03 0.266E-02 0.353E-04 0.441E-04 0.476E+00 0.119E+00 0.471E+00 0.118E+00
      3       4      32      32      32       4 0.512E-02 0.204E-01 0.626E-05 0.129E-04 0.522E-03 0.130E-03 0.464E-03 0.116E-03
      3       4     512     512     512       4 0.907E-03 0.337E-02 0.525E-04 0.660E-04 0.628E+01 0.157E+01 0.628E+01 0.157E+01
      3       4      64      64      64       4 0.235E-02 0.937E-02 0.751E-05 0.160E-04 0.275E-02 0.687E-03 0.287E-02 0.718E-03
      3       4       8       8       8       4 0.645E-02 0.258E-01 0.954E-06 0.191E-05 0.143E-04 0.358E-05 0.100E-04 0.250E-05
      3       8     128     128     128       4 0.856E-03 0.327E-02 0.265E-04 0.360E-04 0.202E-01 0.505E-02 0.174E-01 0.435E-02
      3       8      16      16      16       4 0.449E-02 0.180E-01 0.578E-05 0.119E-04 0.122E-03 0.305E-04 0.958E-04 0.240E-04
      3       8     256     256     256       4 0.654E-03 0.243E-02 0.370E-04 0.439E-04 0.320E+00 0.800E-01 0.314E+00 0.785E-01
      3       8      32      32      32       4 0.419E-02 0.167E-01 0.876E-05 0.172E-04 0.358E-03 0.895E-04 0.332E-03 0.830E-04
      3       8     512     512     512       4 0.968E-03 0.359E-02 0.582E-04 0.730E-04 0.395E+01 0.986E+00 0.398E+01 0.995E+00
      3       8      64      64      64       4 0.389E-02 0.155E-01 0.721E-05 0.160E-04 0.161E-02 0.403E-03 0.155E-02 0.388E-03
      3       8       8       8       8       4 0.853E-02 0.341E-01 0.149E-05 0.405E-05 0.198E-04 0.495E-05 0.100E-04 0.250E-05
