res2dct5=[      2       1    1024    1024       4       4 0.150E+00 0.598E+00 0.140E+00 0.561E+00 0.234E+00 0.146E-01 0.220E+00 0.138E-01
      2       1     128     128       4       4 0.281E-01 0.112E+00 0.240E-01 0.958E-01 0.164E-02 0.102E-03 0.165E-02 0.103E-03
      2       1    2048    2048       4       4 0.569E+00 0.227E+01 0.554E+00 0.222E+01 0.108E+01 0.674E-01 0.108E+01 0.675E-01
      2       1     256     256       4       4 0.375E-01 0.150E+00 0.331E-01 0.132E+00 0.893E-02 0.558E-03 0.883E-02 0.552E-03
      2       1      32      32       4       4 0.796E-02 0.318E-01 0.681E-02 0.272E-01 0.472E-04 0.295E-05 0.463E-04 0.289E-05
      2       1    4096    4096       4       4 0.184E+01 0.736E+01 0.183E+01 0.731E+01 0.494E+01 0.309E+00 0.498E+01 0.311E+00
      2       1     512     512       4       4 0.651E-01 0.260E+00 0.573E-01 0.229E+00 0.458E-01 0.287E-02 0.429E-01 0.268E-02
      2       1      64      64       4       4 0.153E-01 0.610E-01 0.132E-01 0.526E-01 0.304E-03 0.190E-04 0.304E-03 0.190E-04
      2      12    1024    1024       4       4 0.263E+00 0.105E+01 0.242E+00 0.964E+00 0.578E-01 0.361E-02 0.567E-01 0.354E-02
      2      12     128     128       4       4 0.367E-01 0.146E+00 0.332E-01 0.132E+00 0.111E-02 0.692E-04 0.107E-02 0.667E-04
      2      12    2048    2048       4       4 0.903E+00 0.361E+01 0.839E+00 0.335E+01 0.214E+00 0.134E-01 0.214E+00 0.134E-01
      2      12     256     256       4       4 0.524E-01 0.208E+00 0.479E-01 0.190E+00 0.410E-02 0.256E-03 0.319E-02 0.199E-03
      2      12      32      32       4       4 0.140E-01 0.549E-01 0.125E-01 0.490E-01 0.881E-03 0.551E-04 0.858E-03 0.536E-04
      2      12    4096    4096       4       4 0.305E+01 0.122E+02 0.296E+01 0.118E+02 0.921E+00 0.576E-01 0.909E+00 0.568E-01
      2      12     512     512       4       4 0.104E+00 0.414E+00 0.934E-01 0.370E+00 0.178E-01 0.111E-02 0.165E-01 0.103E-02
      2      12      64      64       4       4 0.235E-01 0.925E-01 0.209E-01 0.818E-01 0.122E-02 0.761E-04 0.119E-02 0.746E-04
      2      16    1024    1024       4       4 0.239E+00 0.951E+00 0.221E+00 0.881E+00 0.421E-01 0.263E-02 0.412E-01 0.258E-02
      2      16     128     128       4       4 0.363E-01 0.144E+00 0.309E-01 0.123E+00 0.164E-02 0.102E-03 0.175E-02 0.110E-03
      2      16    2048    2048       4       4 0.870E+00 0.348E+01 0.833E+00 0.333E+01 0.231E+00 0.144E-01 0.233E+00 0.146E-01
      2      16     256     256       4       4 0.513E-01 0.203E+00 0.471E-01 0.187E+00 0.367E-02 0.229E-03 0.342E-02 0.214E-03
      2      16      32      32       4       4 0.121E-01 0.478E-01 0.107E-01 0.423E-01 0.919E-03 0.574E-04 0.894E-03 0.559E-04
      2      16    4096    4096       4       4 0.287E+01 0.115E+02 0.280E+01 0.112E+02 0.893E+00 0.558E-01 0.890E+00 0.556E-01
      2      16     512     512       4       4 0.101E+00 0.400E+00 0.883E-01 0.350E+00 0.166E-01 0.104E-02 0.106E-01 0.661E-03
      2      16      64      64       4       4 0.210E-01 0.836E-01 0.182E-01 0.721E-01 0.116E-02 0.727E-04 0.116E-02 0.727E-04
      2       2    1024    1024       4       4 0.221E+00 0.883E+00 0.215E+00 0.860E+00 0.147E+00 0.919E-02 0.144E+00 0.899E-02
      2       2     128     128       4       4 0.324E-01 0.129E+00 0.279E-01 0.112E+00 0.186E-02 0.116E-03 0.173E-02 0.108E-03
      2       2    2048    2048       4       4 0.959E+00 0.383E+01 0.957E+00 0.383E+01 0.646E+00 0.404E-01 0.659E+00 0.412E-01
      2       2     256     256       4       4 0.463E-01 0.185E+00 0.416E-01 0.166E+00 0.583E-02 0.365E-03 0.543E-02 0.339E-03
      2       2      32      32       4       4 0.960E-02 0.383E-01 0.833E-02 0.332E-01 0.397E-03 0.248E-04 0.410E-03 0.256E-04
      2       2    4096    4096       4       4 0.296E+01 0.118E+02 0.294E+01 0.117E+02 0.288E+01 0.180E+00 0.285E+01 0.178E+00
      2       2     512     512       4       4 0.874E-01 0.349E+00 0.794E-01 0.317E+00 0.261E-01 0.163E-02 0.259E-01 0.162E-02
      2       2      64      64       4       4 0.170E-01 0.678E-01 0.146E-01 0.583E-01 0.382E-03 0.239E-04 0.435E-03 0.272E-04
      2      24    1024    1024       4       4 0.260E+00 0.103E+01 0.249E+00 0.988E+00 0.513E-01 0.321E-02 0.488E-01 0.305E-02
      2      24     128     128       4       4 0.424E-01 0.167E+00 0.379E-01 0.149E+00 0.284E-02 0.177E-03 0.269E-02 0.168E-03
      2      24    2048    2048       4       4 0.919E+00 0.366E+01 0.886E+00 0.353E+01 0.215E+00 0.134E-01 0.213E+00 0.133E-01
      2      24     256     256       4       4 0.617E-01 0.240E+00 0.530E-01 0.208E+00 0.568E-02 0.355E-03 0.564E-02 0.352E-03
      2      24      32      32       4       4 0.139E-01 0.533E-01 0.131E-01 0.507E-01 0.183E-02 0.114E-03 0.167E-02 0.104E-03
      2      24    4096    4096       4       4 0.324E+01 0.129E+02 0.283E+01 0.113E+02 0.852E+00 0.532E-01 0.960E+00 0.600E-01
      2      24     512     512       4       4 0.117E+00 0.461E+00 0.102E+00 0.404E+00 0.179E-01 0.112E-02 0.168E-01 0.105E-02
      2      24      64      64       4       4 0.356E-01 0.140E+00 0.321E-01 0.126E+00 0.161E-02 0.100E-03 0.148E-02 0.927E-04
      2       4    1024    1024       4       4 0.222E+00 0.888E+00 0.213E+00 0.852E+00 0.789E-01 0.493E-02 0.727E-01 0.454E-02
      2       4     128     128       4       4 0.312E-01 0.124E+00 0.270E-01 0.108E+00 0.128E-02 0.802E-04 0.118E-02 0.739E-04
      2       4    2048    2048       4       4 0.833E+00 0.333E+01 0.824E+00 0.330E+01 0.364E+00 0.228E-01 0.368E+00 0.230E-01
      2       4     256     256       4       4 0.460E-01 0.183E+00 0.395E-01 0.158E+00 0.587E-02 0.367E-03 0.405E-02 0.253E-03
      2       4      32      32       4       4 0.943E-02 0.376E-01 0.823E-02 0.328E-01 0.408E-03 0.255E-04 0.408E-03 0.255E-04
      2       4    4096    4096       4       4 0.299E+01 0.120E+02 0.295E+01 0.118E+02 0.164E+01 0.103E+00 0.162E+01 0.101E+00
      2       4     512     512       4       4 0.874E-01 0.349E+00 0.825E-01 0.329E+00 0.181E-01 0.113E-02 0.191E-01 0.119E-02
      2       4      64      64       4       4 0.169E-01 0.673E-01 0.148E-01 0.589E-01 0.570E-03 0.356E-04 0.603E-03 0.377E-04
      2       8    1024    1024       4       4 0.221E+00 0.884E+00 0.213E+00 0.850E+00 0.546E-01 0.341E-02 0.497E-01 0.311E-02
      2       8     128     128       4       4 0.312E-01 0.124E+00 0.270E-01 0.107E+00 0.112E-02 0.697E-04 0.112E-02 0.700E-04
      2       8    2048    2048       4       4 0.849E+00 0.339E+01 0.785E+00 0.314E+01 0.248E+00 0.155E-01 0.244E+00 0.153E-01
      2       8     256     256       4       4 0.465E-01 0.185E+00 0.410E-01 0.163E+00 0.502E-02 0.314E-03 0.415E-02 0.260E-03
      2       8      32      32       4       4 0.980E-02 0.389E-01 0.838E-02 0.332E-01 0.515E-03 0.322E-04 0.514E-03 0.321E-04
      2       8    4096    4096       4       4 0.278E+01 0.111E+02 0.275E+01 0.110E+02 0.106E+01 0.662E-01 0.104E+01 0.648E-01
      2       8     512     512       4       4 0.912E-01 0.363E+00 0.821E-01 0.326E+00 0.145E-01 0.907E-03 0.212E-01 0.133E-02
      2       8      64      64       4       4 0.168E-01 0.670E-01 0.149E-01 0.593E-01 0.736E-03 0.460E-04 0.670E-03 0.419E-04
      3       1    1024    1024       4       4 0.986E-03 0.374E-02 0.405E-04 0.520E-04 0.247E+00 0.154E-01 0.237E+00 0.148E-01
      3       1     128     128       4       4 0.863E-03 0.342E-02 0.846E-05 0.160E-04 0.143E-02 0.894E-04 0.143E-02 0.894E-04
      3       1    2048    2048       4       4 0.942E-03 0.344E-02 0.899E-04 0.106E-03 0.211E+01 0.132E+00 0.208E+01 0.130E+00
      3       1     256     256       4       4 0.861E-03 0.339E-02 0.143E-04 0.260E-04 0.793E-02 0.495E-03 0.792E-02 0.495E-03
      3       1      32      32       4       4 0.800E-03 0.319E-02 0.322E-05 0.691E-05 0.744E-04 0.465E-05 0.610E-04 0.381E-05
      3       1    4096    4096       4       4 0.840E-03 0.299E-02 0.983E-04 0.125E-03 0.520E+01 0.325E+00 0.521E+01 0.325E+00
      3       1     512     512       4       4 0.784E-03 0.297E-02 0.238E-04 0.360E-04 0.404E-01 0.252E-02 0.422E-01 0.264E-02
      3       1      64      64       4       4 0.821E-03 0.327E-02 0.328E-05 0.691E-05 0.330E-03 0.206E-04 0.302E-03 0.189E-04
      3      12    1024    1024       4       4 0.137E-02 0.524E-02 0.475E-04 0.620E-04 0.344E-01 0.215E-02 0.302E-01 0.189E-02
      3      12     128     128       4       4 0.268E-02 0.107E-01 0.113E-04 0.191E-04 0.589E-03 0.368E-04 0.523E-03 0.327E-04
      3      12    2048    2048       4       4 0.609E-03 0.206E-02 0.106E-03 0.154E-03 0.271E+00 0.170E-01 0.270E+00 0.169E-01
      3      12     256     256       4       4 0.224E-02 0.890E-02 0.200E-04 0.279E-04 0.205E-02 0.128E-03 0.161E-02 0.101E-03
      3      12      32      32       4       4 0.357E-02 0.142E-01 0.525E-05 0.100E-04 0.313E-03 0.195E-04 0.207E-03 0.129E-04
      3      12    4096    4096       4       4 0.692E-03 0.243E-02 0.964E-04 0.116E-03 0.861E+00 0.538E-01 0.841E+00 0.526E-01
      3      12     512     512       4       4 0.326E-02 0.129E-01 0.287E-04 0.408E-04 0.742E-02 0.464E-03 0.709E-02 0.443E-03
      3      12      64      64       4       4 0.442E-02 0.177E-01 0.525E-05 0.110E-04 0.465E-03 0.291E-04 0.394E-03 0.246E-04
      3      16    1024    1024       4       4 0.150E-02 0.579E-02 0.485E-04 0.620E-04 0.335E-01 0.210E-02 0.293E-01 0.183E-02
      3      16     128     128       4       4 0.329E-02 0.131E-01 0.942E-05 0.138E-04 0.563E-03 0.352E-04 0.446E-03 0.279E-04
      3      16    2048    2048       4       4 0.567E-03 0.185E-02 0.123E-03 0.136E-03 0.363E+00 0.227E-01 0.366E+00 0.229E-01
      3      16     256     256       4       4 0.920E-03 0.363E-02 0.178E-04 0.231E-04 0.262E-02 0.164E-03 0.155E-02 0.966E-04
      3      16      32      32       4       4 0.429E-02 0.171E-01 0.105E-04 0.341E-04 0.391E-03 0.244E-04 0.232E-03 0.145E-04
      3      16    4096    4096       4       4 0.692E-03 0.230E-02 0.129E-03 0.147E-03 0.100E+01 0.626E-01 0.981E+00 0.613E-01
      3      16     512     512       4       4 0.973E-03 0.375E-02 0.307E-04 0.420E-04 0.769E-02 0.481E-03 0.712E-02 0.445E-03
      3      16      64      64       4       4 0.391E-02 0.156E-01 0.346E-05 0.691E-05 0.521E-03 0.325E-04 0.385E-03 0.241E-04
      3       2    1024    1024       4       4 0.784E-03 0.293E-02 0.450E-04 0.570E-04 0.146E+00 0.913E-02 0.125E+00 0.780E-02
      3       2     128     128       4       4 0.231E-02 0.921E-02 0.978E-05 0.141E-04 0.161E-02 0.101E-03 0.158E-02 0.987E-04
      3       2    2048    2048       4       4 0.823E-03 0.296E-02 0.843E-04 0.106E-03 0.118E+01 0.740E-01 0.116E+01 0.728E-01
      3       2     256     256       4       4 0.946E-03 0.370E-02 0.145E-04 0.229E-04 0.484E-02 0.302E-03 0.486E-02 0.303E-03
      3       2      32      32       4       4 0.364E-02 0.145E-01 0.364E-05 0.620E-05 0.148E-03 0.925E-05 0.119E-03 0.742E-05
      3       2    4096    4096       4       4 0.839E-03 0.294E-02 0.118E-03 0.121E-03 0.318E+01 0.199E+00 0.318E+01 0.199E+00
      3       2     512     512       4       4 0.879E-03 0.340E-02 0.280E-04 0.348E-04 0.341E-01 0.213E-02 0.320E-01 0.200E-02
      3       2      64      64       4       4 0.341E-02 0.136E-01 0.346E-05 0.691E-05 0.317E-03 0.198E-04 0.275E-03 0.172E-04
      3      24    1024    1024       4       4 0.221E-02 0.855E-02 0.715E-04 0.101E-03 0.307E-01 0.192E-02 0.254E-01 0.159E-02
      3      24     128     128       4       4 0.368E-02 0.147E-01 0.113E-04 0.191E-04 0.615E-03 0.384E-04 0.464E-03 0.290E-04
      3      24    2048    2048       4       4 0.522E-03 0.167E-02 0.132E-03 0.152E-03 0.207E+00 0.129E-01 0.201E+00 0.125E-01
      3      24     256     256       4       4 0.624E-02 0.249E-01 0.217E-04 0.329E-04 0.188E-02 0.118E-03 0.140E-02 0.872E-04
      3      24      32      32       4       4 0.524E-02 0.210E-01 0.459E-05 0.811E-05 0.520E-03 0.325E-04 0.222E-03 0.139E-04
      3      24    4096    4096       4       4 0.964E-03 0.349E-02 0.107E-03 0.133E-03 0.789E+00 0.493E-01 0.783E+00 0.489E-01
      3      24     512     512       4       4 0.359E-02 0.142E-01 0.285E-04 0.370E-04 0.717E-02 0.448E-03 0.549E-02 0.343E-03
      3      24      64      64       4       4 0.390E-02 0.156E-01 0.370E-05 0.787E-05 0.652E-03 0.407E-04 0.395E-03 0.247E-04
      3       4    1024    1024       4       4 0.730E-03 0.269E-02 0.478E-04 0.582E-04 0.774E-01 0.484E-02 0.751E-01 0.469E-02
      3       4     128     128       4       4 0.551E-02 0.220E-01 0.112E-04 0.188E-04 0.110E-02 0.686E-04 0.120E-02 0.752E-04
      3       4    2048    2048       4       4 0.784E-03 0.274E-02 0.111E-03 0.119E-03 0.652E+00 0.408E-01 0.651E+00 0.407E-01
      3       4     256     256       4       4 0.442E-02 0.176E-01 0.184E-04 0.260E-04 0.356E-02 0.223E-03 0.347E-02 0.217E-03
      3       4      32      32       4       4 0.461E-02 0.184E-01 0.328E-05 0.596E-05 0.243E-03 0.152E-04 0.193E-03 0.120E-04
      3       4    4096    4096       4       4 0.778E-03 0.276E-02 0.981E-04 0.140E-03 0.177E+01 0.111E+00 0.177E+01 0.111E+00
      3       4     512     512       4       4 0.363E-02 0.144E-01 0.262E-04 0.370E-04 0.181E-01 0.113E-02 0.173E-01 0.108E-02
      3       4      64      64       4       4 0.334E-02 0.133E-01 0.376E-05 0.715E-05 0.471E-03 0.295E-04 0.404E-03 0.253E-04
      3       8    1024    1024       4       4 0.635E-03 0.232E-02 0.458E-04 0.572E-04 0.501E-01 0.313E-02 0.455E-01 0.284E-02
      3       8     128     128       4       4 0.393E-02 0.157E-01 0.954E-05 0.150E-04 0.756E-03 0.473E-04 0.660E-03 0.412E-04
      3       8    2048    2048       4       4 0.722E-03 0.249E-02 0.125E-03 0.127E-03 0.437E+00 0.273E-01 0.433E+00 0.271E-01
      3       8     256     256       4       4 0.346E-02 0.138E-01 0.195E-04 0.260E-04 0.292E-02 0.183E-03 0.276E-02 0.173E-03
      3       8      32      32       4       4 0.739E-02 0.295E-01 0.453E-05 0.906E-05 0.262E-03 0.164E-04 0.195E-03 0.122E-04
      3       8    4096    4096       4       4 0.744E-03 0.264E-02 0.978E-04 0.118E-03 0.116E+01 0.725E-01 0.113E+01 0.705E-01
      3       8     512     512       4       4 0.366E-02 0.145E-01 0.275E-04 0.370E-04 0.109E-01 0.679E-03 0.104E-01 0.648E-03
      3       8      64      64       4       4 0.718E-02 0.287E-01 0.477E-05 0.906E-05 0.395E-03 0.247E-04 0.343E-03 0.215E-04
];