      2       1       1    1021       4       4 0.187E+00 0.188E+00 0.106E-03 0.109E-03 0.391E-03 0.244E-04 0.374E-03 0.234E-04
      2       1       1   16381       4       4 0.158E+01 0.164E+01 0.125E-02 0.134E-02 0.126E-01 0.787E-03 0.121E-01 0.758E-03
      2       1       1    2053       4       4 0.955E+00 0.958E+00 0.224E-03 0.242E-03 0.111E-02 0.692E-04 0.101E-02 0.628E-04
      2       1       1     257       4       4 0.217E+00 0.218E+00 0.675E-01 0.678E-01 0.103E-03 0.642E-05 0.982E-04 0.614E-05
      2       1       1    4099       4       4 0.168E+01 0.168E+01 0.403E-03 0.414E-03 0.247E-02 0.155E-03 0.233E-02 0.145E-03
      2       1       1     509       4       4 0.134E+00 0.135E+00 0.805E-04 0.811E-04 0.179E-03 0.112E-04 0.166E-03 0.104E-04
      2       1       1    8191       4       4 0.875E+00 0.876E+00 0.534E-03 0.560E-03 0.499E-02 0.312E-03 0.485E-02 0.303E-03
      2       1      12    1021       4       4 0.437E+00 0.475E+00 0.159E-03 0.172E-03 0.126E-02 0.787E-04 0.121E-02 0.757E-04
      2       1      12   16381       4       4 0.157E+01 0.161E+01 0.186E-02 0.193E-02 0.112E-01 0.702E-03 0.108E-01 0.674E-03
      2       1      12    2053       4       4 0.172E+01 0.183E+01 0.507E-03 0.539E-03 0.271E-02 0.170E-03 0.262E-02 0.164E-03
      2       1      12     257       4       4 0.517E+00 0.546E+00 0.548E+00 0.601E+00 0.669E-03 0.418E-04 0.688E-03 0.430E-04
      2       1      12    4099       4       4 0.262E+01 0.272E+01 0.898E-03 0.911E-03 0.827E-02 0.517E-03 0.435E-02 0.272E-03
      2       1      12     509       4       4 0.310E+00 0.336E+00 0.124E-03 0.130E-03 0.787E-03 0.492E-04 0.782E-03 0.489E-04
      2       1      12    8191       4       4 0.111E+01 0.113E+01 0.993E-03 0.102E-02 0.226E-01 0.141E-02 0.695E-02 0.434E-03
      2       1      16    1021       4       4 0.384E+00 0.396E+00 0.160E-03 0.176E-03 0.116E-02 0.724E-04 0.113E-02 0.704E-04
      2       1      16   16381       4       4 0.149E+01 0.158E+01 0.171E-02 0.178E-02 0.103E-01 0.646E-03 0.101E-01 0.632E-03
      2       1      16    2053       4       4 0.189E+01 0.193E+01 0.613E-03 0.857E-03 0.521E-02 0.325E-03 0.329E-02 0.206E-03
      2       1      16     257       4       4 0.594E+00 0.621E+00 0.648E+00 0.672E+00 0.967E-03 0.604E-04 0.962E-03 0.601E-04
      2       1      16    4099       4       4 0.285E+01 0.288E+01 0.106E-02 0.116E-02 0.106E-01 0.663E-03 0.457E-02 0.285E-03
      2       1      16     509       4       4 0.296E+00 0.338E+00 0.123E-03 0.128E-03 0.896E-03 0.560E-04 0.868E-03 0.542E-04
      2       1      16    8191       4       4 0.101E+01 0.107E+01 0.953E-03 0.106E-02 0.859E-02 0.537E-03 0.555E-02 0.347E-03
      2       1       2    1021       4       4 0.219E+00 0.236E+00 0.128E-03 0.181E-03 0.788E-03 0.492E-04 0.771E-03 0.482E-04
      2       1       2   16381       4       4 0.151E+01 0.154E+01 0.113E-02 0.118E-02 0.996E-02 0.622E-03 0.990E-02 0.619E-03
      2       1       2    2053       4       4 0.991E+00 0.994E+00 0.267E-03 0.300E-03 0.150E-02 0.940E-04 0.140E-02 0.878E-04
      2       1       2     257       4       4 0.261E+00 0.262E+00 0.226E+00 0.276E+00 0.456E-03 0.285E-04 0.448E-03 0.280E-04
      2       1       2    4099       4       4 0.170E+01 0.170E+01 0.444E-03 0.471E-03 0.253E-02 0.158E-03 0.246E-02 0.154E-03
      2       1       2     509       4       4 0.168E+00 0.181E+00 0.840E-04 0.901E-04 0.437E-03 0.273E-04 0.427E-03 0.267E-04
      2       1       2    8191       4       4 0.863E+00 0.887E+00 0.615E-03 0.626E-03 0.472E-02 0.295E-03 0.465E-02 0.291E-03
      2       1      24    1021       4       4 0.539E+00 0.564E+00 0.207E-03 0.238E-03 0.649E-02 0.406E-03 0.231E-02 0.144E-03
      2       1      24   16381       4       4 0.177E+01 0.182E+01 0.206E-02 0.220E-02 0.132E-01 0.823E-03 0.125E-01 0.782E-03
      2       1      24    2053       4       4 0.225E+01 0.237E+01 0.676E-03 0.687E-03 0.161E-01 0.101E-02 0.433E-02 0.271E-03
      2       1      24     257       4       4 0.742E+00 0.772E+00 0.763E+00 0.776E+00 0.849E-02 0.531E-03 0.109E-02 0.684E-04
      2       1      24    4099       4       4 0.348E+01 0.354E+01 0.100E-02 0.113E-02 0.123E-01 0.767E-03 0.602E-02 0.376E-03
      2       1      24     509       4       4 0.375E+00 0.394E+00 0.135E-03 0.144E-03 0.120E-02 0.749E-04 0.115E-02 0.722E-04
      2       1      24    8191       4       4 0.131E+01 0.140E+01 0.138E-02 0.162E-02 0.163E-01 0.102E-02 0.927E-02 0.580E-03
      2       1       4    1021       4       4 0.276E+00 0.305E+00 0.125E-03 0.130E-03 0.883E-03 0.552E-04 0.850E-03 0.531E-04
      2       1       4   16381       4       4 0.141E+01 0.145E+01 0.124E-02 0.130E-02 0.982E-02 0.614E-03 0.998E-02 0.624E-03
      2       1       4    2053       4       4 0.119E+01 0.123E+01 0.393E-03 0.419E-03 0.218E-02 0.136E-03 0.204E-02 0.127E-03
      2       1       4     257       4       4 0.345E+00 0.361E+00 0.369E+00 0.384E+00 0.657E-03 0.411E-04 0.616E-03 0.385E-04
      2       1       4    4099       4       4 0.191E+01 0.193E+01 0.609E-03 0.621E-03 0.313E-02 0.196E-03 0.288E-02 0.180E-03
      2       1       4     509       4       4 0.210E+00 0.222E+00 0.954E-04 0.989E-04 0.554E-03 0.346E-04 0.544E-03 0.340E-04
      2       1       4    8191       4       4 0.874E+00 0.939E+00 0.718E-03 0.743E-03 0.453E-02 0.283E-03 0.455E-02 0.285E-03
      2       1       8    1021       4       4 0.329E+00 0.365E+00 0.149E-03 0.192E-03 0.132E-02 0.824E-04 0.127E-02 0.792E-04
      2       1       8   16381       4       4 0.148E+01 0.151E+01 0.139E-02 0.142E-02 0.936E-02 0.585E-03 0.895E-02 0.559E-03
      2       1       8    2053       4       4 0.142E+01 0.148E+01 0.444E-03 0.464E-03 0.265E-02 0.166E-03 0.250E-02 0.156E-03
      2       1       8     257       4       4 0.480E+00 0.508E+00 0.509E+00 0.547E+00 0.870E-03 0.544E-04 0.824E-03 0.515E-04
      2       1       8    4099       4       4 0.226E+01 0.236E+01 0.710E-03 0.745E-03 0.363E-02 0.227E-03 0.351E-02 0.219E-03
      2       1       8     509       4       4 0.243E+00 0.251E+00 0.109E-03 0.111E-03 0.636E-03 0.397E-04 0.609E-03 0.381E-04
      2       1       8    8191       4       4 0.959E+00 0.996E+00 0.854E-03 0.934E-03 0.483E-02 0.302E-03 0.482E-02 0.301E-03
      2      16       1    1021       4       4 0.198E+00 0.205E+00 0.360E-03 0.416E-03 0.460E-03 0.288E-04 0.443E-03 0.277E-04
      2      16       1   16381       4       4 0.177E+01 0.178E+01 0.182E-02 0.195E-02 0.152E-01 0.950E-03 0.151E-01 0.941E-03
      2      16       1    2053       4       4 0.101E+01 0.101E+01 0.498E-03 0.558E-03 0.126E-02 0.787E-04 0.119E-02 0.743E-04
      2      16       1     257       4       4 0.226E+00 0.227E+00 0.112E+00 0.238E+00 0.149E-03 0.930E-05 0.122E-03 0.763E-05
      2      16       1    4099       4       4 0.182E+01 0.182E+01 0.730E-03 0.836E-03 0.280E-02 0.175E-03 0.266E-02 0.166E-03
      2      16       1     509       4       4 0.139E+00 0.141E+00 0.335E-03 0.393E-03 0.216E-03 0.135E-04 0.198E-03 0.124E-04
      2      16       1    8191       4       4 0.988E+00 0.101E+01 0.961E-03 0.108E-02 0.577E-02 0.361E-03 0.560E-02 0.350E-03
      2       2       1    1021       4       4 0.188E+00 0.190E+00 0.241E-03 0.280E-03 0.395E-03 0.247E-04 0.376E-03 0.235E-04
      2       2       1   16381       4       4 0.157E+01 0.157E+01 0.146E-02 0.165E-02 0.125E-01 0.784E-03 0.123E-01 0.767E-03
      2       2       1    2053       4       4 0.957E+00 0.960E+00 0.371E-03 0.419E-03 0.112E-02 0.703E-04 0.100E-02 0.626E-04
      2       2       1     257       4       4 0.219E+00 0.221E+00 0.679E-01 0.682E-01 0.107E-03 0.671E-05 0.102E-03 0.636E-05
      2       2       1    4099       4       4 0.168E+01 0.169E+01 0.568E-03 0.618E-03 0.259E-02 0.162E-03 0.247E-02 0.155E-03
      2       2       1     509       4       4 0.136E+00 0.138E+00 0.208E-03 0.240E-03 0.179E-03 0.112E-04 0.172E-03 0.108E-04
      2       2       1    8191       4       4 0.885E+00 0.893E+00 0.730E-03 0.770E-03 0.516E-02 0.323E-03 0.494E-02 0.309E-03
      2       2      12    1021       4       4 0.446E+00 0.474E+00 0.315E-03 0.376E-03 0.400E-02 0.250E-03 0.125E-02 0.780E-04
      2       2      12   16381       4       4 0.151E+01 0.159E+01 0.218E-02 0.227E-02 0.140E-01 0.872E-03 0.113E-01 0.708E-03
      2       2      12    2053       4       4 0.171E+01 0.181E+01 0.718E-03 0.894E-03 0.699E-02 0.437E-03 0.305E-02 0.191E-03
      2       2      12     257       4       4 0.580E+00 0.595E+00 0.585E+00 0.600E+00 0.709E-02 0.443E-03 0.847E-03 0.529E-04
      2       2      12    4099       4       4 0.263E+01 0.269E+01 0.115E-02 0.123E-02 0.113E-01 0.707E-03 0.523E-02 0.327E-03
      2       2      12     509       4       4 0.318E+00 0.350E+00 0.277E-03 0.317E-03 0.914E-03 0.571E-04 0.880E-03 0.550E-04
      2       2      12    8191       4       4 0.109E+01 0.115E+01 0.122E-02 0.126E-02 0.196E-01 0.123E-02 0.837E-02 0.523E-03
      2       2       2    1021       4       4 0.230E+00 0.239E+00 0.294E-03 0.367E-03 0.936E-03 0.585E-04 0.910E-03 0.568E-04
      2       2       2   16381       4       4 0.148E+01 0.153E+01 0.140E-02 0.147E-02 0.947E-02 0.592E-03 0.930E-02 0.581E-03
      2       2       2    2053       4       4 0.102E+01 0.106E+01 0.440E-03 0.486E-03 0.152E-02 0.948E-04 0.141E-02 0.883E-04
      2       2       2     257       4       4 0.264E+00 0.265E+00 0.180E+00 0.279E+00 0.480E-03 0.300E-04 0.467E-03 0.292E-04
      2       2       2    4099       4       4 0.173E+01 0.174E+01 0.622E-03 0.677E-03 0.276E-02 0.172E-03 0.262E-02 0.164E-03
      2       2       2     509       4       4 0.171E+00 0.184E+00 0.205E-03 0.248E-03 0.478E-03 0.299E-04 0.462E-03 0.288E-04
      2       2       2    8191       4       4 0.905E+00 0.910E+00 0.861E-03 0.945E-03 0.503E-02 0.314E-03 0.504E-02 0.315E-03
      2       2       4    1021       4       4 0.262E+00 0.263E+00 0.261E-03 0.306E-03 0.800E-03 0.500E-04 0.754E-03 0.471E-04
      2       2       4   16381       4       4 0.148E+01 0.153E+01 0.152E-02 0.159E-02 0.993E-02 0.621E-03 0.989E-02 0.618E-03
      2       2       4    2053       4       4 0.120E+01 0.124E+01 0.502E-03 0.589E-03 0.251E-02 0.157E-03 0.237E-02 0.148E-03
      2       2       4     257       4       4 0.359E+00 0.364E+00 0.378E+00 0.382E+00 0.696E-03 0.435E-04 0.725E-03 0.453E-04
      2       2       4    4099       4       4 0.191E+01 0.192E+01 0.819E-03 0.932E-03 0.314E-02 0.196E-03 0.303E-02 0.189E-03
      2       2       4     509       4       4 0.219E+00 0.225E+00 0.245E-03 0.304E-03 0.610E-03 0.381E-04 0.621E-03 0.388E-04
      2       2       4    8191       4       4 0.915E+00 0.965E+00 0.964E-03 0.102E-02 0.497E-02 0.311E-03 0.484E-02 0.302E-03
      2       2       8    1021       4       4 0.332E+00 0.350E+00 0.288E-03 0.355E-03 0.152E-02 0.949E-04 0.877E-03 0.548E-04
      2       2       8   16381       4       4 0.141E+01 0.149E+01 0.167E-02 0.174E-02 0.985E-02 0.616E-03 0.959E-02 0.599E-03
      2       2       8    2053       4       4 0.145E+01 0.150E+01 0.583E-03 0.647E-03 0.269E-02 0.168E-03 0.253E-02 0.158E-03
      2       2       8     257       4       4 0.469E+00 0.493E+00 0.495E+00 0.518E+00 0.804E-03 0.503E-04 0.823E-03 0.515E-04
      2       2       8    4099       4       4 0.227E+01 0.230E+01 0.101E-02 0.122E-02 0.365E-02 0.228E-03 0.365E-02 0.228E-03
      2       2       8     509       4       4 0.244E+00 0.253E+00 0.232E-03 0.275E-03 0.606E-03 0.379E-04 0.622E-03 0.389E-04
      2       2       8    8191       4       4 0.921E+00 0.997E+00 0.936E-03 0.105E-02 0.432E-02 0.270E-03 0.409E-02 0.255E-03
      2       4       1    1021       4       4 0.190E+00 0.193E+00 0.265E-03 0.308E-03 0.405E-03 0.253E-04 0.407E-03 0.254E-04
      2       4       1   16381       4       4 0.160E+01 0.162E+01 0.157E-02 0.173E-02 0.136E-01 0.853E-03 0.133E-01 0.832E-03
      2       4       1    2053       4       4 0.966E+00 0.969E+00 0.414E-03 0.483E-03 0.117E-02 0.730E-04 0.106E-02 0.665E-04
      2       4       1     257       4       4 0.219E+00 0.223E+00 0.678E-01 0.684E-01 0.117E-03 0.730E-05 0.108E-03 0.674E-05
      2       4       1    4099       4       4 0.171E+01 0.172E+01 0.595E-03 0.637E-03 0.260E-02 0.163E-03 0.240E-02 0.150E-03
      2       4       1     509       4       4 0.137E+00 0.140E+00 0.231E-03 0.265E-03 0.186E-03 0.116E-04 0.179E-03 0.112E-04
      2       4       1    8191       4       4 0.901E+00 0.904E+00 0.787E-03 0.839E-03 0.516E-02 0.322E-03 0.503E-02 0.314E-03
      2       4       2    1021       4       4 0.232E+00 0.246E+00 0.301E-03 0.379E-03 0.983E-03 0.614E-04 0.983E-03 0.615E-04
      2       4       2   16381       4       4 0.147E+01 0.147E+01 0.145E-02 0.159E-02 0.913E-02 0.571E-03 0.868E-02 0.543E-03
      2       4       2    2053       4       4 0.103E+01 0.105E+01 0.455E-03 0.516E-03 0.166E-02 0.104E-03 0.161E-02 0.101E-03
      2       4       2     257       4       4 0.272E+00 0.273E+00 0.280E+00 0.281E+00 0.498E-03 0.311E-04 0.513E-03 0.321E-04
      2       4       2    4099       4       4 0.174E+01 0.176E+01 0.650E-03 0.691E-03 0.274E-02 0.171E-03 0.260E-02 0.162E-03
      2       4       2     509       4       4 0.177E+00 0.193E+00 0.249E-03 0.297E-03 0.497E-03 0.311E-04 0.464E-03 0.290E-04
      2       4       2    8191       4       4 0.910E+00 0.922E+00 0.892E-03 0.971E-03 0.528E-02 0.330E-03 0.527E-02 0.329E-03
      2       4       4    1021       4       4 0.282E+00 0.283E+00 0.305E-03 0.353E-03 0.135E-02 0.843E-04 0.129E-02 0.808E-04
      2       4       4   16381       4       4 0.145E+01 0.150E+01 0.162E-02 0.175E-02 0.920E-02 0.575E-03 0.912E-02 0.570E-03
      2       4       4    2053       4       4 0.121E+01 0.123E+01 0.598E-03 0.664E-03 0.395E-02 0.247E-03 0.200E-02 0.125E-03
      2       4       4     257       4       4 0.369E+00 0.381E+00 0.380E+00 0.384E+00 0.839E-03 0.525E-04 0.802E-03 0.501E-04
      2       4       4    4099       4       4 0.193E+01 0.198E+01 0.792E-03 0.844E-03 0.306E-02 0.191E-03 0.289E-02 0.181E-03
      2       4       4     509       4       4 0.225E+00 0.237E+00 0.252E-03 0.287E-03 0.678E-03 0.424E-04 0.672E-03 0.420E-04
      2       4       4    8191       4       4 0.886E+00 0.940E+00 0.929E-03 0.997E-03 0.513E-02 0.321E-03 0.485E-02 0.303E-03
      2       8       1    1021       4       4 0.196E+00 0.199E+00 0.308E-03 0.363E-03 0.434E-03 0.271E-04 0.462E-03 0.289E-04
      2       8       1   16381       4       4 0.169E+01 0.171E+01 0.172E-02 0.187E-02 0.152E-01 0.952E-03 0.151E-01 0.941E-03
      2       8       1    2053       4       4 0.994E+00 0.999E+00 0.466E-03 0.542E-03 0.125E-02 0.779E-04 0.111E-02 0.695E-04
      2       8       1     257       4       4 0.225E+00 0.230E+00 0.694E-01 0.701E-01 0.122E-03 0.763E-05 0.117E-03 0.732E-05
      2       8       1    4099       4       4 0.177E+01 0.177E+01 0.667E-03 0.720E-03 0.283E-02 0.177E-03 0.270E-02 0.169E-03
      2       8       1     509       4       4 0.138E+00 0.139E+00 0.275E-03 0.322E-03 0.199E-03 0.124E-04 0.189E-03 0.118E-04
      2       8       1    8191       4       4 0.951E+00 0.965E+00 0.870E-03 0.936E-03 0.569E-02 0.355E-03 0.543E-02 0.340E-03
      2       8       2    1021       4       4 0.229E+00 0.245E+00 0.323E-03 0.400E-03 0.942E-03 0.589E-04 0.935E-03 0.585E-04
      2       8       2   16381       4       4 0.171E+01 0.174E+01 0.157E-02 0.162E-02 0.110E-01 0.689E-03 0.110E-01 0.690E-03
      2       8       2    2053       4       4 0.102E+01 0.103E+01 0.498E-03 0.549E-03 0.179E-02 0.112E-03 0.164E-02 0.102E-03
      2       8       2     257       4       4 0.274E+00 0.284E+00 0.285E+00 0.287E+00 0.515E-03 0.322E-04 0.511E-03 0.319E-04
      2       8       2    4099       4       4 0.182E+01 0.183E+01 0.737E-03 0.792E-03 0.298E-02 0.186E-03 0.286E-02 0.178E-03
      2       8       2     509       4       4 0.179E+00 0.196E+00 0.269E-03 0.309E-03 0.474E-03 0.296E-04 0.474E-03 0.296E-04
      2       8       2    8191       4       4 0.981E+00 0.986E+00 0.100E-02 0.108E-02 0.556E-02 0.348E-03 0.550E-02 0.344E-03
