      2       1       1    1021       4       4 0.499E-01 0.199E+00 0.913E-04 0.124E-03 0.437E-03 0.273E-04 0.426E-03 0.266E-04
      2       1       1   16381       4       4 0.432E+00 0.172E+01 0.113E-02 0.127E-02 0.127E-01 0.795E-03 0.122E-01 0.762E-03
      2       1       1    2053       4       4 0.257E+00 0.103E+01 0.234E-03 0.281E-03 0.124E-02 0.773E-04 0.109E-02 0.683E-04
      2       1       1     257       4       4 0.580E-01 0.232E+00 0.180E-01 0.718E-01 0.117E-03 0.729E-05 0.103E-03 0.647E-05
      2       1       1    4099       4       4 0.455E+00 0.182E+01 0.387E-03 0.439E-03 0.283E-02 0.177E-03 0.273E-02 0.171E-03
      2       1       1     509       4       4 0.361E-01 0.144E+00 0.653E-04 0.911E-04 0.239E-03 0.149E-04 0.202E-03 0.127E-04
      2       1       1    8191       4       4 0.241E+00 0.963E+00 0.537E-03 0.559E-03 0.554E-02 0.346E-03 0.536E-02 0.335E-03
      2       1      12    1021       4       4 0.111E+00 0.442E+00 0.122E-03 0.146E-03 0.128E-02 0.797E-04 0.121E-02 0.759E-04
      2       1      12   16381       4       4 0.380E+00 0.151E+01 0.205E-02 0.221E-02 0.103E-01 0.645E-03 0.102E-01 0.635E-03
      2       1      12    2053       4       4 0.444E+00 0.178E+01 0.472E-03 0.479E-03 0.293E-02 0.183E-03 0.283E-02 0.177E-03
      2       1      12     257       4       4 0.123E+00 0.492E+00 0.135E+00 0.540E+00 0.797E-03 0.498E-04 0.825E-03 0.516E-04
      2       1      12    4099       4       4 0.587E+00 0.234E+01 0.898E-03 0.934E-03 0.186E-01 0.116E-02 0.420E-02 0.263E-03
      2       1      12     509       4       4 0.754E-01 0.301E+00 0.790E-04 0.106E-03 0.760E-03 0.475E-04 0.720E-03 0.450E-04
      2       1      12    8191       4       4 0.267E+00 0.106E+01 0.797E-03 0.912E-03 0.711E-02 0.444E-03 0.702E-02 0.438E-03
      2       1      16    1021       4       4 0.938E-01 0.374E+00 0.138E-03 0.163E-03 0.123E-02 0.766E-04 0.114E-02 0.712E-04
      2       1      16   16381       4       4 0.343E+00 0.137E+01 0.158E-02 0.165E-02 0.904E-02 0.565E-03 0.858E-02 0.536E-03
      2       1      16    2053       4       4 0.470E+00 0.188E+01 0.605E-03 0.653E-03 0.351E-02 0.219E-03 0.311E-02 0.194E-03
      2       1      16     257       4       4 0.140E+00 0.561E+00 0.144E+00 0.575E+00 0.894E-03 0.559E-04 0.897E-03 0.561E-04
      2       1      16    4099       4       4 0.631E+00 0.252E+01 0.111E-02 0.143E-02 0.471E-02 0.294E-03 0.445E-02 0.278E-03
      2       1      16     509       4       4 0.730E-01 0.291E+00 0.872E-04 0.105E-03 0.929E-03 0.581E-04 0.881E-03 0.550E-04
      2       1      16    8191       4       4 0.243E+00 0.971E+00 0.778E-03 0.790E-03 0.456E-02 0.285E-03 0.452E-02 0.282E-03
      2       1       2    1021       4       4 0.567E-01 0.226E+00 0.133E-03 0.147E-03 0.868E-03 0.542E-04 0.881E-03 0.551E-04
      2       1       2   16381       4       4 0.417E+00 0.166E+01 0.125E-02 0.130E-02 0.127E-01 0.791E-03 0.125E-01 0.778E-03
      2       1       2    2053       4       4 0.266E+00 0.106E+01 0.228E-03 0.246E-03 0.161E-02 0.101E-03 0.157E-02 0.980E-04
      2       1       2     257       4       4 0.751E-01 0.300E+00 0.728E-01 0.291E+00 0.482E-03 0.301E-04 0.470E-03 0.294E-04
      2       1       2    4099       4       4 0.461E+00 0.184E+01 0.431E-03 0.445E-03 0.295E-02 0.184E-03 0.282E-02 0.176E-03
      2       1       2     509       4       4 0.430E-01 0.172E+00 0.508E-04 0.679E-04 0.384E-03 0.240E-04 0.382E-03 0.239E-04
      2       1       2    8191       4       4 0.238E+00 0.947E+00 0.756E-03 0.813E-03 0.868E-02 0.542E-03 0.852E-02 0.532E-03
      2       1      24    1021       4       4 0.121E+00 0.483E+00 0.158E-03 0.170E-03 0.169E-02 0.105E-03 0.161E-02 0.101E-03
      2       1      24   16381       4       4 0.414E+00 0.165E+01 0.192E-02 0.199E-02 0.169E-01 0.106E-02 0.149E-01 0.932E-03
      2       1      24    2053       4       4 0.489E+00 0.195E+01 0.679E-03 0.885E-03 0.567E-02 0.354E-03 0.388E-02 0.243E-03
      2       1      24     257       4       4 0.155E+00 0.619E+00 0.178E+00 0.711E+00 0.220E-02 0.137E-03 0.123E-02 0.771E-04
      2       1      24    4099       4       4 0.883E+00 0.352E+01 0.133E-02 0.144E-02 0.727E-02 0.455E-03 0.649E-02 0.405E-03
      2       1      24     509       4       4 0.894E-01 0.357E+00 0.975E-04 0.112E-03 0.118E-02 0.735E-04 0.117E-02 0.734E-04
      2       1      24    8191       4       4 0.339E+00 0.135E+01 0.141E-02 0.163E-02 0.116E-01 0.725E-03 0.969E-02 0.606E-03
      2       1       4    1021       4       4 0.683E-01 0.272E+00 0.995E-04 0.114E-03 0.784E-03 0.490E-04 0.784E-03 0.490E-04
      2       1       4   16381       4       4 0.379E+00 0.151E+01 0.131E-02 0.142E-02 0.106E-01 0.662E-03 0.974E-02 0.609E-03
      2       1       4    2053       4       4 0.313E+00 0.125E+01 0.332E-03 0.373E-03 0.247E-02 0.154E-03 0.244E-02 0.153E-03
      2       1       4     257       4       4 0.906E-01 0.362E+00 0.958E-01 0.383E+00 0.718E-03 0.449E-04 0.725E-03 0.453E-04
      2       1       4    4099       4       4 0.494E+00 0.197E+01 0.600E-03 0.660E-03 0.297E-02 0.186E-03 0.304E-02 0.190E-03
      2       1       4     509       4       4 0.520E-01 0.208E+00 0.705E-04 0.789E-04 0.729E-03 0.456E-04 0.688E-03 0.430E-04
      2       1       4    8191       4       4 0.219E+00 0.872E+00 0.717E-03 0.757E-03 0.403E-02 0.252E-03 0.372E-02 0.232E-03
      2       1       8    1021       4       4 0.906E-01 0.361E+00 0.119E-03 0.132E-03 0.104E-02 0.649E-04 0.974E-03 0.609E-04
      2       1       8   16381       4       4 0.386E+00 0.154E+01 0.126E-02 0.130E-02 0.102E-01 0.638E-03 0.104E-01 0.647E-03
      2       1       8    2053       4       4 0.368E+00 0.147E+01 0.387E-03 0.401E-03 0.248E-02 0.155E-03 0.246E-02 0.154E-03
      2       1       8     257       4       4 0.112E+00 0.447E+00 0.117E+00 0.466E+00 0.853E-03 0.533E-04 0.790E-03 0.494E-04
      2       1       8    4099       4       4 0.550E+00 0.219E+01 0.710E-03 0.745E-03 0.377E-02 0.236E-03 0.362E-02 0.226E-03
      2       1       8     509       4       4 0.620E-01 0.248E+00 0.688E-04 0.861E-04 0.624E-03 0.390E-04 0.624E-03 0.390E-04
      2       1       8    8191       4       4 0.244E+00 0.970E+00 0.849E-03 0.874E-03 0.549E-02 0.343E-03 0.526E-02 0.329E-03
      3       1       1    1021       4       4 0.848E-03 0.301E-02 0.161E-03 0.180E-03 0.405E-03 0.253E-04 0.407E-03 0.254E-04
      3       1       1 1048573       4       4 0.143E+00 0.146E+00 0.140E+00 0.142E+00 0.125E+01 0.779E-01 0.126E+01 0.787E-01
      3       1       1  131071       4       4 0.143E-01 0.171E-01 0.132E-01 0.135E-01 0.110E+00 0.689E-02 0.110E+00 0.685E-02
      3       1       1   16381       4       4 0.249E-02 0.508E-02 0.157E-02 0.187E-02 0.101E-01 0.633E-03 0.102E-01 0.638E-03
      3       1       1    2053       4       4 0.110E-02 0.296E-02 0.395E-03 0.449E-03 0.125E-02 0.781E-04 0.122E-02 0.760E-04
      3       1       1     257       4       4 0.576E-03 0.220E-02 0.340E-04 0.451E-04 0.105E-03 0.656E-05 0.870E-04 0.544E-05
      3       1       1  262147       4       4 0.441E-01 0.495E-01 0.434E-01 0.459E-01 0.511E+00 0.319E-01 0.503E+00 0.315E-01
      3       1       1   32771       4       4 0.650E-02 0.976E-02 0.534E-02 0.638E-02 0.449E-01 0.281E-02 0.439E-01 0.274E-02
      3       1       1    4099       4       4 0.152E-02 0.395E-02 0.584E-03 0.630E-03 0.435E-02 0.272E-03 0.407E-02 0.254E-03
      3       1       1     509       4       4 0.796E-03 0.302E-02 0.570E-04 0.749E-04 0.155E-03 0.969E-05 0.138E-03 0.864E-05
      3       1       1  524287       4       4 0.620E-01 0.688E-01 0.586E-01 0.598E-01 0.538E+00 0.336E-01 0.536E+00 0.335E-01
      3       1       1   65537       4       4 0.102E-01 0.139E-01 0.955E-02 0.105E-01 0.108E+00 0.674E-02 0.106E+00 0.663E-02
      3       1       1    8191       4       4 0.139E-02 0.339E-02 0.854E-03 0.956E-03 0.477E-02 0.298E-03 0.473E-02 0.295E-03
      3       1      12    1021       4       4 0.661E-02 0.259E-01 0.197E-03 0.234E-03 0.535E-03 0.335E-04 0.513E-03 0.321E-04
      3       1      12 1048573       4       4 0.145E+00 0.148E+00 0.141E+00 0.143E+00 0.129E+01 0.804E-01 0.129E+01 0.809E-01
      3       1      12  131071       4       4 0.191E-01 0.354E-01 0.138E-01 0.143E-01 0.115E+00 0.717E-02 0.114E+00 0.715E-02
      3       1      12   16381       4       4 0.703E-02 0.232E-01 0.158E-02 0.172E-02 0.107E-01 0.667E-03 0.106E-01 0.665E-03
      3       1      12    2053       4       4 0.369E-02 0.134E-01 0.403E-03 0.433E-03 0.127E-02 0.795E-04 0.124E-02 0.772E-04
      3       1      12     257       4       4 0.444E-02 0.177E-01 0.405E-04 0.670E-04 0.143E-03 0.896E-05 0.944E-04 0.590E-05
      3       1      12  262147       4       4 0.469E-01 0.569E-01 0.445E-01 0.466E-01 0.533E+00 0.333E-01 0.528E+00 0.330E-01
      3       1      12   32771       4       4 0.101E-01 0.239E-01 0.543E-02 0.657E-02 0.475E-01 0.297E-02 0.465E-01 0.291E-02
      3       1      12    4099       4       4 0.706E-02 0.263E-01 0.631E-03 0.730E-03 0.469E-02 0.293E-03 0.459E-02 0.287E-03
      3       1      12     509       4       4 0.546E-02 0.217E-01 0.696E-04 0.116E-03 0.180E-03 0.113E-04 0.151E-03 0.946E-05
      3       1      12  524287       4       4 0.656E-01 0.786E-01 0.601E-01 0.613E-01 0.556E+00 0.348E-01 0.555E+00 0.347E-01
      3       1      12   65537       4       4 0.154E-01 0.347E-01 0.963E-02 0.107E-01 0.114E+00 0.715E-02 0.114E+00 0.712E-02
      3       1      12    8191       4       4 0.375E-02 0.125E-01 0.802E-03 0.873E-03 0.495E-02 0.309E-03 0.486E-02 0.304E-03
      3       1      16    1021       4       4 0.442E-02 0.173E-01 0.156E-03 0.220E-03 0.391E-03 0.245E-04 0.368E-03 0.230E-04
      3       1      16 1048573       4       4 0.144E+00 0.147E+00 0.140E+00 0.142E+00 0.129E+01 0.807E-01 0.130E+01 0.812E-01
      3       1      16  131071       4       4 0.171E-01 0.289E-01 0.135E-01 0.139E-01 0.113E+00 0.707E-02 0.113E+00 0.706E-02
      3       1      16   16381       4       4 0.594E-02 0.187E-01 0.167E-02 0.189E-02 0.107E-01 0.668E-03 0.105E-01 0.658E-03
      3       1      16    2053       4       4 0.482E-02 0.180E-01 0.396E-03 0.446E-03 0.119E-02 0.741E-04 0.120E-02 0.750E-04
      3       1      16     257       4       4 0.453E-02 0.180E-01 0.505E-04 0.639E-04 0.169E-03 0.105E-04 0.149E-03 0.928E-05
      3       1      16  262147       4       4 0.469E-01 0.558E-01 0.450E-01 0.467E-01 0.531E+00 0.332E-01 0.525E+00 0.328E-01
      3       1      16   32771       4       4 0.998E-02 0.236E-01 0.543E-02 0.653E-02 0.474E-01 0.296E-02 0.465E-01 0.291E-02
      3       1      16    4099       4       4 0.603E-02 0.222E-01 0.623E-03 0.728E-03 0.461E-02 0.288E-03 0.465E-02 0.291E-03
      3       1      16     509       4       4 0.438E-02 0.173E-01 0.682E-04 0.908E-04 0.175E-03 0.110E-04 0.167E-03 0.104E-04
      3       1      16  524287       4       4 0.659E-01 0.781E-01 0.604E-01 0.614E-01 0.555E+00 0.347E-01 0.555E+00 0.347E-01
      3       1      16   65537       4       4 0.132E-01 0.260E-01 0.952E-02 0.106E-01 0.112E+00 0.702E-02 0.112E+00 0.699E-02
      3       1      16    8191       4       4 0.479E-02 0.169E-01 0.776E-03 0.800E-03 0.496E-02 0.310E-03 0.486E-02 0.303E-03
      3       1       2    1021       4       4 0.338E-02 0.131E-01 0.160E-03 0.226E-03 0.378E-03 0.236E-04 0.367E-03 0.229E-04
      3       1       2 1048573       4       4 0.141E+00 0.146E+00 0.137E+00 0.139E+00 0.125E+01 0.780E-01 0.127E+01 0.792E-01
      3       1       2  131071       4       4 0.147E-01 0.193E-01 0.136E-01 0.142E-01 0.109E+00 0.684E-02 0.109E+00 0.680E-02
      3       1       2   16381       4       4 0.441E-02 0.129E-01 0.159E-02 0.172E-02 0.106E-01 0.665E-03 0.100E-01 0.627E-03
      3       1       2    2053       4       4 0.365E-02 0.134E-01 0.385E-03 0.461E-03 0.124E-02 0.773E-04 0.119E-02 0.744E-04
      3       1       2     257       4       4 0.332E-02 0.131E-01 0.383E-04 0.541E-04 0.158E-03 0.986E-05 0.999E-04 0.624E-05
      3       1       2  262147       4       4 0.442E-01 0.499E-01 0.433E-01 0.459E-01 0.512E+00 0.320E-01 0.504E+00 0.315E-01
      3       1       2   32771       4       4 0.863E-02 0.185E-01 0.536E-02 0.625E-02 0.450E-01 0.281E-02 0.440E-01 0.275E-02
      3       1       2    4099       4       4 0.373E-02 0.129E-01 0.575E-03 0.660E-03 0.434E-02 0.271E-03 0.425E-02 0.266E-03
      3       1       2     509       4       4 0.331E-02 0.130E-01 0.671E-04 0.901E-04 0.167E-03 0.104E-04 0.160E-03 0.100E-04
      3       1       2  524287       4       4 0.626E-01 0.700E-01 0.591E-01 0.610E-01 0.534E+00 0.334E-01 0.530E+00 0.331E-01
      3       1       2   65537       4       4 0.106E-01 0.165E-01 0.925E-02 0.104E-01 0.109E+00 0.681E-02 0.107E+00 0.671E-02
      3       1       2    8191       4       4 0.151E-02 0.389E-02 0.861E-03 0.958E-03 0.474E-02 0.297E-03 0.476E-02 0.297E-03
      3       1      24    1021       4       4 0.423E-02 0.165E-01 0.169E-03 0.233E-03 0.425E-03 0.266E-04 0.400E-03 0.250E-04
      3       1      24 1048573       4       4 0.145E+00 0.151E+00 0.141E+00 0.143E+00 0.129E+01 0.806E-01 0.129E+01 0.809E-01
      3       1      24  131071       4       4 0.176E-01 0.302E-01 0.137E-01 0.142E-01 0.114E+00 0.711E-02 0.114E+00 0.710E-02
      3       1      24   16381       4       4 0.572E-02 0.179E-01 0.163E-02 0.173E-02 0.108E-01 0.674E-03 0.107E-01 0.667E-03
      3       1      24    2053       4       4 0.452E-02 0.167E-01 0.415E-03 0.429E-03 0.127E-02 0.795E-04 0.122E-02 0.765E-04
      3       1      24     257       4       4 0.409E-02 0.162E-01 0.508E-04 0.861E-04 0.149E-03 0.933E-05 0.966E-04 0.603E-05
      3       1      24  262147       4       4 0.483E-01 0.625E-01 0.447E-01 0.470E-01 0.536E+00 0.335E-01 0.529E+00 0.331E-01
      3       1      24   32771       4       4 0.108E-01 0.264E-01 0.611E-02 0.877E-02 0.516E-01 0.323E-02 0.505E-01 0.316E-02
      3       1      24    4099       4       4 0.428E-02 0.143E-01 0.888E-03 0.939E-03 0.589E-02 0.368E-03 0.575E-02 0.360E-03
      3       1      24     509       4       4 0.412E-02 0.163E-01 0.692E-04 0.930E-04 0.179E-03 0.112E-04 0.165E-03 0.103E-04
      3       1      24  524287       4       4 0.670E-01 0.829E-01 0.608E-01 0.619E-01 0.555E+00 0.347E-01 0.556E+00 0.348E-01
      3       1      24   65537       4       4 0.133E-01 0.261E-01 0.955E-02 0.108E-01 0.113E+00 0.704E-02 0.112E+00 0.701E-02
      3       1      24    8191       4       4 0.487E-02 0.170E-01 0.806E-03 0.863E-03 0.493E-02 0.308E-03 0.486E-02 0.304E-03
      3       1       4    1021       4       4 0.473E-02 0.185E-01 0.151E-03 0.170E-03 0.384E-03 0.240E-04 0.373E-03 0.233E-04
      3       1       4 1048573       4       4 0.144E+00 0.152E+00 0.138E+00 0.140E+00 0.126E+01 0.788E-01 0.128E+01 0.797E-01
      3       1       4  131071       4       4 0.176E-01 0.305E-01 0.133E-01 0.138E-01 0.111E+00 0.694E-02 0.111E+00 0.692E-02
      3       1       4   16381       4       4 0.873E-02 0.300E-01 0.159E-02 0.173E-02 0.107E-01 0.666E-03 0.103E-01 0.645E-03
      3       1       4    2053       4       4 0.387E-02 0.142E-01 0.379E-03 0.442E-03 0.124E-02 0.777E-04 0.117E-02 0.732E-04
      3       1       4     257       4       4 0.465E-02 0.185E-01 0.350E-04 0.472E-04 0.112E-03 0.699E-05 0.880E-04 0.550E-05
      3       1       4  262147       4       4 0.461E-01 0.547E-01 0.442E-01 0.467E-01 0.516E+00 0.323E-01 0.509E+00 0.318E-01
      3       1       4   32771       4       4 0.952E-02 0.222E-01 0.539E-02 0.628E-02 0.458E-01 0.286E-02 0.447E-01 0.279E-02
      3       1       4    4099       4       4 0.509E-02 0.187E-01 0.580E-03 0.683E-03 0.466E-02 0.291E-03 0.463E-02 0.290E-03
      3       1       4     509       4       4 0.467E-02 0.185E-01 0.587E-04 0.799E-04 0.158E-03 0.989E-05 0.140E-03 0.878E-05
      3       1       4  524287       4       4 0.635E-01 0.710E-01 0.598E-01 0.617E-01 0.542E+00 0.338E-01 0.539E+00 0.337E-01
      3       1       4   65537       4       4 0.141E-01 0.298E-01 0.947E-02 0.107E-01 0.110E+00 0.686E-02 0.109E+00 0.684E-02
      3       1       4    8191       4       4 0.709E-02 0.259E-01 0.950E-03 0.101E-02 0.471E-02 0.294E-03 0.452E-02 0.283E-03
      3       1       8    1021       4       4 0.669E-02 0.264E-01 0.131E-03 0.164E-03 0.392E-03 0.245E-04 0.376E-03 0.235E-04
      3       1       8 1048573       4       4 0.148E+00 0.160E+00 0.141E+00 0.143E+00 0.127E+01 0.796E-01 0.129E+01 0.803E-01
      3       1       8  131071       4       4 0.164E-01 0.256E-01 0.135E-01 0.140E-01 0.113E+00 0.706E-02 0.113E+00 0.703E-02
      3       1       8   16381       4       4 0.794E-02 0.269E-01 0.164E-02 0.176E-02 0.108E-01 0.672E-03 0.103E-01 0.645E-03
      3       1       8    2053       4       4 0.593E-02 0.225E-01 0.383E-03 0.434E-03 0.126E-02 0.787E-04 0.121E-02 0.759E-04
      3       1       8     257       4       4 0.459E-02 0.183E-01 0.369E-04 0.498E-04 0.114E-03 0.715E-05 0.939E-04 0.587E-05
      3       1       8  262147       4       4 0.474E-01 0.601E-01 0.437E-01 0.449E-01 0.528E+00 0.330E-01 0.524E+00 0.328E-01
      3       1       8   32771       4       4 0.120E-01 0.321E-01 0.602E-02 0.863E-02 0.481E-01 0.300E-02 0.459E-01 0.287E-02
      3       1       8    4099       4       4 0.506E-02 0.184E-01 0.597E-03 0.679E-03 0.473E-02 0.296E-03 0.467E-02 0.292E-03
      3       1       8     509       4       4 0.451E-02 0.179E-01 0.615E-04 0.911E-04 0.165E-03 0.103E-04 0.155E-03 0.972E-05
      3       1       8  524287       4       4 0.628E-01 0.681E-01 0.596E-01 0.609E-01 0.550E+00 0.344E-01 0.552E+00 0.345E-01
      3       1       8   65537       4       4 0.133E-01 0.261E-01 0.950E-02 0.106E-01 0.111E+00 0.696E-02 0.111E+00 0.691E-02
      3       1       8    8191       4       4 0.517E-02 0.185E-01 0.885E-03 0.936E-03 0.469E-02 0.293E-03 0.470E-02 0.294E-03
