      2       1       1    1024       4       4 0.631E-01 0.637E-01 0.567E-01 0.569E-01 0.132E-03 0.823E-05 0.170E-03 0.106E-04
      2       1       1   16384       4       4 0.190E+00 0.190E+00 0.188E+00 0.189E+00 0.168E-02 0.105E-03 0.222E-02 0.139E-03
      2       1       1    2048       4       4 0.806E-01 0.813E-01 0.740E-01 0.742E-01 0.174E-03 0.109E-04 0.169E-03 0.106E-04
      2       1       1     256       4       4 0.272E-01 0.277E-01 0.244E-01 0.247E-01 0.224E-04 0.140E-05 0.274E-04 0.171E-05
      2       1       1    4096       4       4 0.104E+00 0.104E+00 0.970E-01 0.973E-01 0.355E-03 0.222E-04 0.433E-03 0.271E-04
      2       1       1     512       4       4 0.464E-01 0.470E-01 0.402E-01 0.404E-01 0.384E-04 0.240E-05 0.396E-04 0.247E-05
      2       1       1    8192       4       4 0.135E+00 0.136E+00 0.131E+00 0.131E+00 0.855E-03 0.534E-04 0.119E-02 0.742E-04
      2       1      12    1024       4       4 0.126E+00 0.127E+00 0.116E+00 0.117E+00 0.466E-03 0.291E-04 0.749E-03 0.468E-04
      2       1      12   16384       4       4 0.304E+00 0.314E+00 0.300E+00 0.317E+00 0.171E-02 0.107E-03 0.241E-02 0.150E-03
      2       1      12    2048       4       4 0.159E+00 0.161E+00 0.149E+00 0.150E+00 0.666E-03 0.416E-04 0.830E-03 0.519E-04
      2       1      12     256       4       4 0.562E-01 0.586E-01 0.531E-01 0.562E-01 0.345E-03 0.216E-04 0.658E-03 0.411E-04
      2       1      12    4096       4       4 0.206E+00 0.210E+00 0.200E+00 0.207E+00 0.111E-02 0.694E-04 0.142E-02 0.888E-04
      2       1      12     512       4       4 0.971E-01 0.101E+00 0.880E-01 0.922E-01 0.524E-03 0.327E-04 0.884E-03 0.552E-04
      2       1      12    8192       4       4 0.247E+00 0.254E+00 0.243E+00 0.247E+00 0.129E-02 0.808E-04 0.165E-02 0.103E-03
      2       1      16    1024       4       4 0.119E+00 0.125E+00 0.114E+00 0.125E+00 0.562E-03 0.352E-04 0.973E-03 0.608E-04
      2       1      16   16384       4       4 0.280E+00 0.290E+00 0.281E+00 0.312E+00 0.342E-02 0.214E-03 0.219E-02 0.137E-03
      2       1      16    2048       4       4 0.153E+00 0.157E+00 0.148E+00 0.156E+00 0.727E-03 0.454E-04 0.112E-02 0.702E-04
      2       1      16     256       4       4 0.474E-01 0.487E-01 0.463E-01 0.481E-01 0.374E-03 0.234E-04 0.674E-03 0.421E-04
      2       1      16    4096       4       4 0.187E+00 0.191E+00 0.184E+00 0.199E+00 0.878E-03 0.549E-04 0.135E-02 0.843E-04
      2       1      16     512       4       4 0.805E-01 0.817E-01 0.773E-01 0.775E-01 0.431E-03 0.269E-04 0.765E-03 0.478E-04
      2       1      16    8192       4       4 0.223E+00 0.233E+00 0.226E+00 0.245E+00 0.105E-02 0.657E-04 0.168E-02 0.105E-03
      2       1       2    1024       4       4 0.864E-01 0.889E-01 0.766E-01 0.787E-01 0.220E-03 0.137E-04 0.357E-03 0.223E-04
      2       1       2   16384       4       4 0.263E+00 0.269E+00 0.260E+00 0.264E+00 0.148E-02 0.922E-04 0.215E-02 0.134E-03
      2       1       2    2048       4       4 0.110E+00 0.112E+00 0.101E+00 0.104E+00 0.355E-03 0.222E-04 0.612E-03 0.383E-04
      2       1       2     256       4       4 0.385E-01 0.404E-01 0.338E-01 0.340E-01 0.149E-03 0.933E-05 0.183E-03 0.115E-04
      2       1       2    4096       4       4 0.138E+00 0.139E+00 0.129E+00 0.129E+00 0.425E-03 0.266E-04 0.616E-03 0.385E-04
      2       1       2     512       4       4 0.638E-01 0.651E-01 0.538E-01 0.548E-01 0.262E-03 0.163E-04 0.398E-03 0.249E-04
      2       1       2    8192       4       4 0.180E+00 0.181E+00 0.172E+00 0.173E+00 0.711E-03 0.445E-04 0.873E-03 0.546E-04
      2       1      24    1024       4       4 0.153E+00 0.159E+00 0.147E+00 0.152E+00 0.945E-03 0.590E-04 0.158E-02 0.985E-04
      2       1      24   16384       4       4 0.373E+00 0.394E+00 0.362E+00 0.378E+00 0.569E-02 0.355E-03 0.284E-02 0.178E-03
      2       1      24    2048       4       4 0.209E+00 0.214E+00 0.198E+00 0.206E+00 0.107E-02 0.667E-04 0.189E-02 0.118E-03
      2       1      24     256       4       4 0.521E-01 0.528E-01 0.485E-01 0.500E-01 0.612E-03 0.382E-04 0.115E-02 0.716E-04
      2       1      24    4096       4       4 0.243E+00 0.259E+00 0.232E+00 0.252E+00 0.113E-02 0.706E-04 0.192E-02 0.120E-03
      2       1      24     512       4       4 0.949E-01 0.968E-01 0.886E-01 0.890E-01 0.606E-03 0.379E-04 0.108E-02 0.676E-04
      2       1      24    8192       4       4 0.283E+00 0.299E+00 0.284E+00 0.301E+00 0.748E-02 0.467E-03 0.225E-02 0.141E-03
      2       1       4    1024       4       4 0.994E-01 0.101E+00 0.909E-01 0.936E-01 0.504E-03 0.315E-04 0.742E-03 0.464E-04
      2       1       4   16384       4       4 0.252E+00 0.255E+00 0.258E+00 0.267E+00 0.143E-02 0.892E-04 0.183E-02 0.114E-03
      2       1       4    2048       4       4 0.117E+00 0.118E+00 0.110E+00 0.110E+00 0.469E-03 0.293E-04 0.828E-03 0.517E-04
      2       1       4     256       4       4 0.434E-01 0.457E-01 0.400E-01 0.429E-01 0.279E-03 0.175E-04 0.309E-03 0.193E-04
      2       1       4    4096       4       4 0.146E+00 0.146E+00 0.139E+00 0.141E+00 0.604E-03 0.378E-04 0.104E-02 0.652E-04
      2       1       4     512       4       4 0.731E-01 0.771E-01 0.660E-01 0.710E-01 0.323E-03 0.202E-04 0.497E-03 0.311E-04
      2       1       4    8192       4       4 0.182E+00 0.182E+00 0.179E+00 0.180E+00 0.888E-03 0.555E-04 0.126E-02 0.791E-04
      2       1       8    1024       4       4 0.108E+00 0.109E+00 0.102E+00 0.103E+00 0.437E-03 0.273E-04 0.671E-03 0.419E-04
      2       1       8   16384       4       4 0.256E+00 0.259E+00 0.260E+00 0.263E+00 0.138E-02 0.860E-04 0.196E-02 0.123E-03
      2       1       8    2048       4       4 0.141E+00 0.147E+00 0.133E+00 0.138E+00 0.641E-03 0.401E-04 0.965E-03 0.603E-04
      2       1       8     256       4       4 0.453E-01 0.462E-01 0.429E-01 0.447E-01 0.359E-03 0.224E-04 0.467E-03 0.292E-04
      2       1       8    4096       4       4 0.161E+00 0.163E+00 0.157E+00 0.162E+00 0.638E-03 0.399E-04 0.103E-02 0.643E-04
      2       1       8     512       4       4 0.770E-01 0.793E-01 0.701E-01 0.721E-01 0.354E-03 0.221E-04 0.554E-03 0.346E-04
      2       1       8    8192       4       4 0.192E+00 0.197E+00 0.191E+00 0.203E+00 0.932E-03 0.583E-04 0.134E-02 0.838E-04
      3       1       1    1024       4       4 0.708E-03 0.281E-02 0.554E-05 0.110E-04 0.443E-04 0.277E-05 0.372E-04 0.232E-05
      3       1       1 1048576       4       4 0.783E-02 0.103E-01 0.640E-02 0.693E-02 0.108E+00 0.672E-02 0.107E+00 0.671E-02
      3       1       1  131072       4       4 0.200E-02 0.443E-02 0.116E-02 0.150E-02 0.104E-01 0.652E-03 0.101E-01 0.630E-03
      3       1       1   16384       4       4 0.814E-03 0.280E-02 0.211E-03 0.304E-03 0.103E-02 0.646E-04 0.982E-03 0.613E-04
      3       1       1    2048       4       4 0.776E-03 0.302E-02 0.182E-04 0.288E-04 0.133E-03 0.831E-05 0.834E-04 0.522E-05
      3       1       1     256       4       4 0.680E-03 0.271E-02 0.232E-05 0.405E-05 0.217E-04 0.136E-05 0.174E-04 0.109E-05
      3       1       1  262144       4       4 0.342E-02 0.596E-02 0.252E-02 0.274E-02 0.214E-01 0.134E-02 0.217E-01 0.136E-02
      3       1       1   32768       4       4 0.110E-02 0.338E-02 0.423E-03 0.541E-03 0.225E-02 0.141E-03 0.213E-02 0.133E-03
      3       1       1    4096       4       4 0.808E-03 0.314E-02 0.312E-04 0.460E-04 0.196E-03 0.122E-04 0.220E-03 0.138E-04
      3       1       1     512       4       4 0.717E-03 0.285E-02 0.322E-05 0.691E-05 0.322E-04 0.201E-05 0.212E-04 0.133E-05
      3       1       1  524288       4       4 0.414E-02 0.588E-02 0.327E-02 0.361E-02 0.512E-01 0.320E-02 0.505E-01 0.316E-02
      3       1       1   65536       4       4 0.137E-02 0.333E-02 0.795E-03 0.107E-02 0.492E-02 0.307E-03 0.471E-02 0.294E-03
      3       1       1    8192       4       4 0.727E-03 0.271E-02 0.861E-04 0.103E-03 0.403E-03 0.252E-04 0.361E-03 0.226E-04
      3       1      12    1024       4       4 0.326E-02 0.130E-01 0.679E-05 0.131E-04 0.789E-04 0.493E-05 0.439E-04 0.274E-05
      3       1      12 1048576       4       4 0.318E-02 0.568E-02 0.248E-02 0.301E-02 0.383E-01 0.239E-02 0.387E-01 0.242E-02
      3       1      12  131072       4       4 0.686E-02 0.262E-01 0.400E-03 0.419E-03 0.559E-02 0.349E-03 0.469E-02 0.293E-03
      3       1      12   16384       4       4 0.426E-02 0.169E-01 0.727E-04 0.839E-04 0.940E-03 0.587E-04 0.735E-03 0.459E-04
      3       1      12    2048       4       4 0.438E-02 0.175E-01 0.185E-04 0.322E-04 0.101E-03 0.633E-05 0.830E-04 0.519E-05
      3       1      12     256       4       4 0.442E-02 0.177E-01 0.274E-05 0.691E-05 0.238E-04 0.149E-05 0.169E-04 0.106E-05
      3       1      12  262144       4       4 0.341E-02 0.118E-01 0.689E-03 0.852E-03 0.965E-02 0.603E-03 0.965E-02 0.603E-03
      3       1      12   32768       4       4 0.421E-02 0.165E-01 0.128E-03 0.132E-03 0.175E-02 0.109E-03 0.165E-02 0.103E-03
      3       1      12    4096       4       4 0.455E-02 0.181E-01 0.464E-04 0.699E-04 0.260E-03 0.163E-04 0.241E-03 0.151E-04
      3       1      12     512       4       4 0.628E-02 0.251E-01 0.423E-05 0.787E-05 0.331E-04 0.207E-05 0.262E-04 0.164E-05
      3       1      12  524288       4       4 0.338E-02 0.994E-02 0.116E-02 0.117E-02 0.176E-01 0.110E-02 0.214E-01 0.134E-02
      3       1      12   65536       4       4 0.911E-02 0.358E-01 0.235E-03 0.267E-03 0.703E-02 0.439E-03 0.275E-02 0.172E-03
      3       1      12    8192       4       4 0.411E-02 0.162E-01 0.100E-03 0.105E-03 0.428E-03 0.267E-04 0.404E-03 0.252E-04
      3       1      16    1024       4       4 0.433E-02 0.173E-01 0.697E-05 0.150E-04 0.672E-04 0.420E-05 0.448E-04 0.280E-05
      3       1      16 1048576       4       4 0.550E-02 0.153E-01 0.218E-02 0.233E-02 0.261E-01 0.163E-02 0.184E-01 0.115E-02
      3       1      16  131072       4       4 0.454E-02 0.172E-01 0.296E-03 0.371E-03 0.690E-02 0.431E-03 0.376E-02 0.235E-03
      3       1      16   16384       4       4 0.567E-02 0.225E-01 0.778E-04 0.970E-04 0.813E-03 0.508E-04 0.514E-03 0.321E-04
      3       1      16    2048       4       4 0.419E-02 0.167E-01 0.179E-04 0.310E-04 0.989E-04 0.618E-05 0.796E-04 0.498E-05
      3       1      16     256       4       4 0.220E-02 0.877E-02 0.304E-05 0.596E-05 0.274E-04 0.171E-05 0.181E-04 0.113E-05
      3       1      16  262144       4       4 0.299E-02 0.105E-01 0.503E-03 0.560E-03 0.569E-02 0.356E-03 0.436E-02 0.273E-03
      3       1      16   32768       4       4 0.393E-02 0.153E-01 0.128E-03 0.141E-03 0.489E-02 0.305E-03 0.123E-02 0.767E-04
      3       1      16    4096       4       4 0.434E-02 0.173E-01 0.350E-04 0.570E-04 0.205E-03 0.128E-04 0.187E-03 0.117E-04
      3       1      16     512       4       4 0.327E-02 0.131E-01 0.501E-05 0.110E-04 0.348E-04 0.218E-05 0.241E-04 0.151E-05
      3       1      16  524288       4       4 0.267E-02 0.781E-02 0.930E-03 0.936E-03 0.133E-01 0.833E-03 0.138E-01 0.861E-03
      3       1      16   65536       4       4 0.225E-02 0.847E-02 0.185E-03 0.192E-03 0.211E-02 0.132E-03 0.137E-02 0.859E-04
      3       1      16    8192       4       4 0.453E-02 0.179E-01 0.945E-04 0.114E-03 0.428E-03 0.267E-04 0.377E-03 0.236E-04
      3       1       2    1024       4       4 0.322E-02 0.128E-01 0.829E-05 0.210E-04 0.789E-04 0.493E-05 0.474E-04 0.297E-05
      3       1       2 1048576       4       4 0.138E-01 0.184E-01 0.123E-01 0.124E-01 0.101E+00 0.629E-02 0.995E-01 0.622E-02
      3       1       2  131072       4       4 0.229E-02 0.484E-02 0.154E-02 0.176E-02 0.126E-01 0.786E-03 0.150E-01 0.939E-03
      3       1       2   16384       4       4 0.300E-02 0.114E-01 0.201E-03 0.257E-03 0.107E-02 0.671E-04 0.962E-03 0.601E-04
      3       1       2    2048       4       4 0.320E-02 0.127E-01 0.237E-04 0.389E-04 0.145E-03 0.906E-05 0.815E-04 0.510E-05
      3       1       2     256       4       4 0.315E-02 0.126E-01 0.322E-05 0.691E-05 0.489E-04 0.305E-05 0.396E-04 0.247E-05
      3       1       2  262144       4       4 0.406E-02 0.699E-02 0.309E-02 0.321E-02 0.200E-01 0.125E-02 0.215E-01 0.134E-02
      3       1       2   32768       4       4 0.276E-02 0.986E-02 0.412E-03 0.468E-03 0.287E-02 0.179E-03 0.266E-02 0.166E-03
      3       1       2    4096       4       4 0.309E-02 0.123E-01 0.363E-04 0.660E-04 0.238E-03 0.149E-04 0.184E-03 0.115E-04
      3       1       2     512       4       4 0.292E-02 0.117E-01 0.447E-05 0.906E-05 0.441E-04 0.276E-05 0.370E-04 0.231E-05
      3       1       2  524288       4       4 0.670E-02 0.841E-02 0.618E-02 0.638E-02 0.560E-01 0.350E-02 0.687E-01 0.430E-02
      3       1       2   65536       4       4 0.254E-02 0.783E-02 0.854E-03 0.943E-03 0.556E-02 0.348E-03 0.544E-02 0.340E-03
      3       1       2    8192       4       4 0.792E-03 0.295E-02 0.870E-04 0.908E-04 0.424E-03 0.265E-04 0.406E-03 0.254E-04
      3       1      24    1024       4       4 0.419E-02 0.167E-01 0.679E-05 0.150E-04 0.565E-04 0.353E-05 0.441E-04 0.276E-05
      3       1      24 1048576       4       4 0.809E-02 0.271E-01 0.172E-02 0.174E-02 0.295E-01 0.184E-02 0.243E-01 0.152E-02
      3       1      24  131072       4       4 0.473E-02 0.180E-01 0.354E-03 0.391E-03 0.423E-02 0.264E-03 0.393E-02 0.246E-03
      3       1      24   16384       4       4 0.482E-02 0.191E-01 0.883E-04 0.104E-03 0.114E-02 0.710E-04 0.796E-03 0.498E-04
      3       1      24    2048       4       4 0.416E-02 0.166E-01 0.297E-04 0.489E-04 0.154E-03 0.960E-05 0.128E-03 0.797E-05
      3       1      24     256       4       4 0.534E-02 0.213E-01 0.483E-05 0.906E-05 0.536E-04 0.335E-05 0.236E-04 0.148E-05
      3       1      24  262144       4       4 0.760E-02 0.281E-01 0.516E-03 0.575E-03 0.727E-02 0.454E-03 0.536E-02 0.335E-03
      3       1      24   32768       4       4 0.511E-02 0.201E-01 0.144E-03 0.190E-03 0.144E-02 0.903E-04 0.127E-02 0.792E-04
      3       1      24    4096       4       4 0.507E-02 0.202E-01 0.387E-04 0.558E-04 0.227E-03 0.142E-04 0.191E-03 0.120E-04
      3       1      24     512       4       4 0.405E-02 0.162E-01 0.596E-05 0.119E-04 0.370E-04 0.231E-05 0.272E-04 0.170E-05
      3       1      24  524288       4       4 0.554E-02 0.193E-01 0.934E-03 0.971E-03 0.136E-01 0.852E-03 0.115E-01 0.719E-03
      3       1      24   65536       4       4 0.590E-02 0.231E-01 0.183E-03 0.201E-03 0.400E-02 0.250E-03 0.182E-02 0.114E-03
      3       1      24    8192       4       4 0.411E-02 0.162E-01 0.109E-03 0.137E-03 0.460E-03 0.287E-04 0.424E-03 0.265E-04
      3       1       4    1024       4       4 0.444E-02 0.178E-01 0.846E-05 0.150E-04 0.618E-04 0.386E-05 0.567E-04 0.355E-05
      3       1       4 1048576       4       4 0.723E-02 0.921E-02 0.649E-02 0.657E-02 0.580E-01 0.362E-02 0.537E-01 0.336E-02
      3       1       4  131072       4       4 0.514E-02 0.180E-01 0.810E-03 0.956E-03 0.811E-02 0.507E-03 0.111E-01 0.696E-03
      3       1       4   16384       4       4 0.410E-02 0.161E-01 0.149E-03 0.195E-03 0.110E-02 0.690E-04 0.851E-03 0.532E-04
      3       1       4    2048       4       4 0.641E-02 0.256E-01 0.169E-04 0.269E-04 0.970E-04 0.606E-05 0.737E-04 0.460E-05
      3       1       4     256       4       4 0.643E-02 0.257E-01 0.250E-05 0.596E-05 0.222E-04 0.139E-05 0.148E-04 0.924E-06
      3       1       4  262144       4       4 0.399E-02 0.111E-01 0.164E-02 0.180E-02 0.139E-01 0.869E-03 0.128E-01 0.803E-03
      3       1       4   32768       4       4 0.349E-02 0.133E-01 0.243E-03 0.258E-03 0.284E-02 0.177E-03 0.315E-02 0.197E-03
      3       1       4    4096       4       4 0.441E-02 0.176E-01 0.320E-04 0.498E-04 0.186E-03 0.116E-04 0.180E-03 0.113E-04
      3       1       4     512       4       4 0.461E-02 0.184E-01 0.393E-05 0.787E-05 0.291E-04 0.182E-05 0.215E-04 0.134E-05
      3       1       4  524288       4       4 0.423E-02 0.702E-02 0.321E-02 0.327E-02 0.339E-01 0.212E-02 0.458E-01 0.286E-02
      3       1       4   65536       4       4 0.375E-02 0.138E-01 0.418E-03 0.506E-03 0.372E-02 0.232E-03 0.355E-02 0.222E-03
      3       1       4    8192       4       4 0.451E-02 0.178E-01 0.968E-04 0.107E-03 0.418E-03 0.261E-04 0.393E-03 0.245E-04
      3       1       8    1024       4       4 0.743E-02 0.297E-01 0.870E-05 0.160E-04 0.696E-04 0.435E-05 0.534E-04 0.334E-05
      3       1       8 1048576       4       4 0.439E-02 0.739E-02 0.342E-02 0.378E-02 0.347E-01 0.217E-02 0.292E-01 0.183E-02
      3       1       8  131072       4       4 0.884E-02 0.339E-01 0.461E-03 0.487E-03 0.586E-02 0.366E-03 0.695E-02 0.434E-03
      3       1       8   16384       4       4 0.749E-02 0.298E-01 0.815E-04 0.858E-04 0.792E-03 0.495E-04 0.592E-03 0.370E-04
      3       1       8    2048       4       4 0.245E-02 0.973E-02 0.213E-04 0.310E-04 0.106E-03 0.663E-05 0.820E-04 0.513E-05
      3       1       8     256       4       4 0.839E-02 0.335E-01 0.262E-05 0.596E-05 0.396E-04 0.247E-05 0.150E-04 0.939E-06
      3       1       8  262144       4       4 0.673E-02 0.244E-01 0.911E-03 0.927E-03 0.838E-02 0.524E-03 0.720E-02 0.450E-03
      3       1       8   32768       4       4 0.624E-02 0.245E-01 0.190E-03 0.203E-03 0.231E-02 0.144E-03 0.228E-02 0.142E-03
      3       1       8    4096       4       4 0.639E-02 0.255E-01 0.334E-04 0.529E-04 0.202E-03 0.126E-04 0.187E-03 0.117E-04
      3       1       8     512       4       4 0.753E-02 0.301E-01 0.626E-05 0.100E-04 0.606E-04 0.378E-05 0.463E-04 0.289E-05
      3       1       8  524288       4       4 0.483E-02 0.144E-01 0.165E-02 0.175E-02 0.210E-01 0.131E-02 0.256E-01 0.160E-02
      3       1       8   65536       4       4 0.437E-02 0.167E-01 0.269E-03 0.312E-03 0.244E-02 0.152E-03 0.191E-02 0.119E-03
      3       1       8    8192       4       4 0.653E-02 0.259E-01 0.104E-03 0.119E-03 0.453E-03 0.283E-04 0.401E-03 0.251E-04
