      2       1     127     127     127       4 0.278E+00 0.111E+01 0.280E+00 0.112E+01 0.618E+00 0.154E+00 0.632E+00 0.158E+00
      2       1      17      17      17       4 0.129E-02 0.504E-02 0.124E-02 0.487E-02 0.223E-03 0.557E-04 0.231E-03 0.578E-04
      2       1     257     257     257       4 0.184E+01 0.734E+01 0.206E+01 0.826E+01 0.736E+01 0.184E+01 0.722E+01 0.180E+01
      2       1      31      31      31       4 0.308E-02 0.121E-01 0.305E-02 0.121E-01 0.220E-02 0.551E-03 0.212E-02 0.530E-03
      2       1     509     509     509       4 0.609E+01 0.244E+02 0.575E+01 0.230E+02 0.750E+02 0.187E+02 0.728E+02 0.182E+02
      2       1      67      67      67       4 0.238E-01 0.950E-01 0.230E-01 0.917E-01 0.407E-01 0.102E-01 0.404E-01 0.101E-01
      2       1       7       7       7       4 0.108E-02 0.423E-02 0.105E-02 0.413E-02 0.525E-05 0.131E-05 0.477E-05 0.119E-05
      2      12     127     127     127       4 0.293E+00 0.117E+01 0.281E+00 0.112E+01 0.668E-01 0.167E-01 0.563E-01 0.141E-01
      2      12      17      17      17       4 0.895E-02 0.341E-01 0.929E-02 0.356E-01 0.404E-03 0.101E-03 0.263E-03 0.657E-04
      2      12     257     257     257       4 0.190E+01 0.757E+01 0.184E+01 0.733E+01 0.110E+01 0.275E+00 0.105E+01 0.262E+00
      2      12      31      31      31       4 0.159E-01 0.616E-01 0.195E-01 0.762E-01 0.791E-03 0.198E-03 0.665E-03 0.166E-03
      2      12     509     509     509       4 0.774E+01 0.309E+02 0.737E+01 0.294E+02 0.811E+01 0.203E+01 0.796E+01 0.199E+01
      2      12      67      67      67       4 0.460E-01 0.182E+00 0.519E-01 0.206E+00 0.779E-02 0.195E-02 0.783E-02 0.196E-02
      2      12       7       7       7       4 0.671E-02 0.263E-01 0.627E-02 0.245E-01 0.207E-03 0.517E-04 0.108E-03 0.271E-04
      2      16     127     127     127       4 0.257E+00 0.103E+01 0.274E+00 0.110E+01 0.671E-01 0.168E-01 0.618E-01 0.155E-01
      2      16      17      17      17       4 0.925E-02 0.352E-01 0.938E-02 0.358E-01 0.361E-03 0.902E-04 0.234E-03 0.585E-04
      2      16     257     257     257       4 0.170E+01 0.676E+01 0.178E+01 0.710E+01 0.103E+01 0.257E+00 0.905E+00 0.226E+00
      2      16      31      31      31       4 0.160E-01 0.621E-01 0.174E-01 0.680E-01 0.882E-03 0.220E-03 0.725E-03 0.181E-03
      2      16     509     509     509       4 0.610E+01 0.244E+02 0.647E+01 0.258E+02 0.789E+01 0.197E+01 0.722E+01 0.181E+01
      2      16      67      67      67       4 0.530E-01 0.209E+00 0.598E-01 0.237E+00 0.760E-02 0.190E-02 0.804E-02 0.201E-02
      2      16       7       7       7       4 0.540E-02 0.202E-01 0.478E-02 0.178E-01 0.316E-03 0.790E-04 0.239E-03 0.598E-04
      2       2     127     127     127       4 0.505E+00 0.202E+01 0.455E+00 0.182E+01 0.350E+00 0.875E-01 0.353E+00 0.882E-01
      2       2      17      17      17       4 0.435E-02 0.171E-01 0.391E-02 0.154E-01 0.170E-03 0.426E-04 0.178E-03 0.445E-04
      2       2     257     257     257       4 0.408E+01 0.163E+02 0.422E+01 0.169E+02 0.394E+01 0.985E+00 0.395E+01 0.988E+00
      2       2      31      31      31       4 0.123E-01 0.490E-01 0.998E-02 0.397E-01 0.134E-02 0.335E-03 0.128E-02 0.321E-03
      2       2     509     509     509       4 0.790E+01 0.316E+02 0.738E+01 0.295E+02 0.396E+02 0.989E+01 0.376E+02 0.939E+01
      2       2      67      67      67       4 0.562E-01 0.224E+00 0.581E-01 0.232E+00 0.254E-01 0.635E-02 0.246E-01 0.615E-02
      2       2       7       7       7       4 0.272E-02 0.107E-01 0.249E-02 0.984E-02 0.281E-04 0.703E-05 0.248E-04 0.620E-05
      2      24     127     127     127       4 0.259E+00 0.103E+01 0.302E+00 0.120E+01 0.590E-01 0.147E-01 0.599E-01 0.150E-01
      2      24      17      17      17       4 0.136E-01 0.502E-01 0.147E-01 0.548E-01 0.995E-03 0.249E-03 0.573E-03 0.143E-03
      2      24     257     257     257       4 0.152E+01 0.603E+01 0.153E+01 0.607E+01 0.750E+00 0.187E+00 0.568E+00 0.142E+00
      2      24      31      31      31       4 0.178E-01 0.682E-01 0.202E-01 0.779E-01 0.118E-02 0.296E-03 0.118E-02 0.294E-03
      2      24     509     509     509       4 0.584E+01 0.233E+02 0.623E+01 0.249E+02 0.465E+01 0.116E+01 0.434E+01 0.108E+01
      2      24      67      67      67       4 0.719E-01 0.283E+00 0.113E+00 0.447E+00 0.782E-02 0.196E-02 0.709E-02 0.177E-02
      2      24       7       7       7       4 0.691E-02 0.260E-01 0.630E-02 0.235E-01 0.419E-03 0.105E-03 0.453E-03 0.113E-03
      2       4     127     127     127       4 0.388E+00 0.155E+01 0.386E+00 0.154E+01 0.183E+00 0.459E-01 0.198E+00 0.494E-01
      2       4      17      17      17       4 0.646E-02 0.253E-01 0.625E-02 0.246E-01 0.181E-03 0.452E-04 0.192E-03 0.480E-04
      2       4     257     257     257       4 0.356E+01 0.142E+02 0.345E+01 0.138E+02 0.212E+01 0.530E+00 0.212E+01 0.530E+00
      2       4      31      31      31       4 0.122E-01 0.483E-01 0.122E-01 0.485E-01 0.803E-03 0.201E-03 0.759E-03 0.190E-03
      2       4     509     509     509       4 0.856E+01 0.342E+02 0.834E+01 0.333E+02 0.211E+02 0.527E+01 0.201E+02 0.502E+01
      2       4      67      67      67       4 0.652E-01 0.260E+00 0.718E-01 0.287E+00 0.205E-01 0.513E-02 0.182E-01 0.455E-02
      2       4       7       7       7       4 0.350E-02 0.136E-01 0.335E-02 0.131E-01 0.887E-04 0.222E-04 0.939E-04 0.235E-04
      2       8     127     127     127       4 0.296E+00 0.118E+01 0.285E+00 0.114E+01 0.104E+00 0.261E-01 0.110E+00 0.275E-01
      2       8      17      17      17       4 0.892E-02 0.345E-01 0.101E-01 0.394E-01 0.242E-03 0.604E-04 0.224E-03 0.560E-04
      2       8     257     257     257       4 0.227E+01 0.906E+01 0.227E+01 0.907E+01 0.136E+01 0.341E+00 0.127E+01 0.317E+00
      2       8      31      31      31       4 0.876E-02 0.341E-01 0.117E-01 0.459E-01 0.107E-02 0.267E-03 0.928E-03 0.232E-03
      2       8     509     509     509       4 0.629E+01 0.252E+02 0.627E+01 0.250E+02 0.124E+02 0.310E+01 0.120E+02 0.301E+01
      2       8      67      67      67       4 0.411E-01 0.163E+00 0.533E-01 0.212E+00 0.114E-01 0.285E-02 0.117E-01 0.293E-02
      2       8       7       7       7       4 0.586E-02 0.229E-01 0.575E-02 0.225E-01 0.152E-03 0.380E-04 0.108E-03 0.270E-04
      3       1     127     127     127       4 0.956E-03 0.358E-02 0.503E-04 0.660E-04 0.228E+00 0.571E-01 0.254E+00 0.634E-01
      3       1      17      17      17       4 0.794E-03 0.315E-02 0.578E-05 0.906E-05 0.369E-03 0.922E-04 0.337E-03 0.842E-04
      3       1     257     257     257       4 0.966E-03 0.348E-02 0.102E-03 0.134E-03 0.309E+01 0.772E+00 0.333E+01 0.834E+00
      3       1      31      31      31       4 0.806E-03 0.320E-02 0.697E-05 0.119E-04 0.291E-02 0.728E-03 0.301E-02 0.751E-03
      3       1     509     509     509       4 0.109E-02 0.382E-02 0.159E-03 0.217E-03 0.208E+02 0.520E+01 0.228E+02 0.571E+01
      3       1      67      67      67       4 0.826E-03 0.327E-02 0.104E-04 0.169E-04 0.654E-01 0.164E-01 0.667E-01 0.167E-01
      3       1       7       7       7       4 0.705E-03 0.281E-02 0.149E-05 0.405E-05 0.210E-04 0.525E-05 0.691E-05 0.173E-05
      3      12     127     127     127       4 0.104E-02 0.380E-02 0.852E-04 0.135E-03 0.244E-01 0.610E-02 0.259E-01 0.648E-02
      3      12      17      17      17       4 0.422E-02 0.168E-01 0.948E-05 0.100E-04 0.368E-03 0.920E-04 0.215E-03 0.538E-04
      3      12     257     257     257       4 0.773E-03 0.264E-02 0.130E-03 0.200E-03 0.306E+00 0.764E-01 0.378E+00 0.945E-01
      3      12      31      31      31       4 0.321E-02 0.128E-01 0.918E-05 0.138E-04 0.791E-03 0.198E-03 0.833E-03 0.208E-03
      3      12     509     509     509       4 0.104E-02 0.361E-02 0.163E-03 0.216E-03 0.212E+01 0.529E+00 0.273E+01 0.683E+00
      3      12      67      67      67       4 0.422E-02 0.168E-01 0.200E-04 0.360E-04 0.740E-02 0.185E-02 0.800E-02 0.200E-02
      3      12       7       7       7       4 0.441E-02 0.176E-01 0.125E-05 0.310E-05 0.260E-04 0.650E-05 0.620E-05 0.155E-05
      3      16     127     127     127       4 0.817E-03 0.288E-02 0.943E-04 0.148E-03 0.218E-01 0.546E-02 0.200E-01 0.500E-02
      3      16      17      17      17       4 0.424E-02 0.169E-01 0.703E-05 0.100E-04 0.363E-03 0.908E-04 0.217E-03 0.542E-04
      3      16     257     257     257       4 0.595E-03 0.192E-02 0.124E-03 0.155E-03 0.243E+00 0.607E-01 0.308E+00 0.771E-01
      3      16      31      31      31       4 0.379E-02 0.151E-01 0.978E-05 0.129E-04 0.724E-03 0.181E-03 0.748E-03 0.187E-03
      3      16     509     509     509       4 0.976E-03 0.332E-02 0.167E-03 0.218E-03 0.165E+01 0.413E+00 0.222E+01 0.556E+00
      3      16      67      67      67       4 0.364E-02 0.145E-01 0.150E-04 0.210E-04 0.685E-02 0.171E-02 0.723E-02 0.181E-02
      3      16       7       7       7       4 0.441E-02 0.177E-01 0.125E-05 0.310E-05 0.257E-04 0.644E-05 0.596E-05 0.149E-05
      3       2     127     127     127       4 0.101E-02 0.378E-02 0.508E-04 0.620E-04 0.116E+00 0.291E-01 0.124E+00 0.311E-01
      3       2      17      17      17       4 0.346E-02 0.138E-01 0.626E-05 0.100E-04 0.307E-03 0.768E-04 0.228E-03 0.570E-04
      3       2     257     257     257       4 0.855E-03 0.300E-02 0.107E-03 0.133E-03 0.156E+01 0.391E+00 0.173E+01 0.432E+00
      3       2      31      31      31       4 0.332E-02 0.133E-01 0.721E-05 0.110E-04 0.166E-02 0.414E-03 0.165E-02 0.412E-03
      3       2     509     509     509       4 0.954E-03 0.324E-02 0.164E-03 0.217E-03 0.106E+02 0.264E+01 0.122E+02 0.304E+01
      3       2      67      67      67       4 0.100E-02 0.396E-02 0.142E-04 0.179E-04 0.342E-01 0.854E-02 0.356E-01 0.890E-02
      3       2       7       7       7       4 0.358E-02 0.143E-01 0.131E-05 0.215E-05 0.217E-04 0.542E-05 0.858E-05 0.215E-05
      3      24     127     127     127       4 0.151E-02 0.566E-02 0.117E-03 0.173E-03 0.190E-01 0.476E-02 0.193E-01 0.483E-02
      3      24      17      17      17       4 0.631E-02 0.252E-01 0.882E-05 0.119E-04 0.494E-03 0.123E-03 0.223E-03 0.558E-04
      3      24     257     257     257       4 0.602E-03 0.171E-02 0.204E-03 0.259E-03 0.195E+00 0.488E-01 0.260E+00 0.649E-01
      3      24      31      31      31       4 0.405E-02 0.162E-01 0.113E-04 0.181E-04 0.931E-03 0.233E-03 0.839E-03 0.210E-03
      3      24     509     509     509       4 0.115E-02 0.403E-02 0.170E-03 0.232E-03 0.191E+01 0.477E+00 0.226E+01 0.566E+00
      3      24      67      67      67       4 0.134E-02 0.532E-02 0.150E-04 0.191E-04 0.519E-02 0.130E-02 0.577E-02 0.144E-02
      3      24       7       7       7       4 0.405E-02 0.162E-01 0.173E-05 0.405E-05 0.257E-04 0.644E-05 0.715E-05 0.179E-05
      3       4     127     127     127       4 0.335E-02 0.132E-01 0.545E-04 0.689E-04 0.620E-01 0.155E-01 0.662E-01 0.166E-01
      3       4      17      17      17       4 0.656E-02 0.262E-01 0.775E-05 0.100E-04 0.315E-03 0.787E-04 0.222E-03 0.555E-04
      3       4     257     257     257       4 0.827E-03 0.289E-02 0.116E-03 0.156E-03 0.825E+00 0.206E+00 0.931E+00 0.233E+00
      3       4      31      31      31       4 0.638E-02 0.255E-01 0.127E-04 0.219E-04 0.100E-02 0.250E-03 0.103E-02 0.259E-03
      3       4     509     509     509       4 0.104E-02 0.361E-02 0.164E-03 0.212E-03 0.550E+01 0.137E+01 0.647E+01 0.162E+01
      3       4      67      67      67       4 0.266E-02 0.106E-01 0.135E-04 0.169E-04 0.199E-01 0.498E-02 0.205E-01 0.512E-02
      3       4       7       7       7       4 0.464E-02 0.185E-01 0.101E-05 0.286E-05 0.219E-04 0.548E-05 0.787E-05 0.197E-05
      3       8     127     127     127       4 0.257E-02 0.100E-01 0.542E-04 0.670E-04 0.342E-01 0.856E-02 0.363E-01 0.907E-02
      3       8      17      17      17       4 0.738E-02 0.295E-01 0.703E-05 0.100E-04 0.324E-03 0.810E-04 0.191E-03 0.478E-04
      3       8     257     257     257       4 0.732E-03 0.249E-02 0.112E-03 0.143E-03 0.444E+00 0.111E+00 0.527E+00 0.132E+00
      3       8      31      31      31       4 0.629E-02 0.251E-01 0.930E-05 0.122E-04 0.893E-03 0.223E-03 0.848E-03 0.212E-03
      3       8     509     509     509       4 0.109E-02 0.362E-02 0.219E-03 0.229E-03 0.303E+01 0.757E+00 0.369E+01 0.924E+00
      3       8      67      67      67       4 0.592E-02 0.236E-01 0.175E-04 0.260E-04 0.101E-01 0.252E-02 0.109E-01 0.272E-02
      3       8       7       7       7       4 0.451E-02 0.181E-01 0.149E-05 0.405E-05 0.238E-04 0.596E-05 0.620E-05 0.155E-05
      4       1     127     127     127       4 0.000E+00 0.000E+00 0.000E+00 0.000E+00 0.000E+00 0.000E+00 0.000E+00 0.000E+00
      4       1      17      17      17       4 0.000E+00 0.000E+00 0.000E+00 0.000E+00 0.000E+00 0.000E+00 0.000E+00 0.000E+00
      4       1     257     257     257       4 0.000E+00 0.000E+00 0.000E+00 0.000E+00 0.000E+00 0.000E+00 0.000E+00 0.000E+00
      4       1      31      31      31       4 0.000E+00 0.000E+00 0.000E+00 0.000E+00 0.000E+00 0.000E+00 0.000E+00 0.000E+00
      4       1     509     509     509       4 0.000E+00 0.000E+00 0.000E+00 0.000E+00 0.000E+00 0.000E+00 0.000E+00 0.000E+00
      4       1      67      67      67       4 0.000E+00 0.000E+00 0.000E+00 0.000E+00 0.000E+00 0.000E+00 0.000E+00 0.000E+00
      4       1       7       7       7       4 0.000E+00 0.000E+00 0.000E+00 0.000E+00 0.000E+00 0.000E+00 0.000E+00 0.000E+00
      4      12     127     127     127       4 0.000E+00 0.000E+00 0.000E+00 0.000E+00 0.000E+00 0.000E+00 0.000E+00 0.000E+00
      4      12      17      17      17       4 0.000E+00 0.000E+00 0.000E+00 0.000E+00 0.000E+00 0.000E+00 0.000E+00 0.000E+00
      4      12     257     257     257       4 0.000E+00 0.000E+00 0.000E+00 0.000E+00 0.000E+00 0.000E+00 0.000E+00 0.000E+00
      4      12      31      31      31       4 0.000E+00 0.000E+00 0.000E+00 0.000E+00 0.000E+00 0.000E+00 0.000E+00 0.000E+00
      4      12     509     509     509       4 0.000E+00 0.000E+00 0.000E+00 0.000E+00 0.000E+00 0.000E+00 0.000E+00 0.000E+00
      4      12      67      67      67       4 0.000E+00 0.000E+00 0.000E+00 0.000E+00 0.000E+00 0.000E+00 0.000E+00 0.000E+00
      4      12       7       7       7       4 0.000E+00 0.000E+00 0.000E+00 0.000E+00 0.000E+00 0.000E+00 0.000E+00 0.000E+00
      4      16     127     127     127       4 0.000E+00 0.000E+00 0.000E+00 0.000E+00 0.000E+00 0.000E+00 0.000E+00 0.000E+00
      4      16      17      17      17       4 0.000E+00 0.000E+00 0.000E+00 0.000E+00 0.000E+00 0.000E+00 0.000E+00 0.000E+00
      4      16     257     257     257       4 0.000E+00 0.000E+00 0.000E+00 0.000E+00 0.000E+00 0.000E+00 0.000E+00 0.000E+00
      4      16      31      31      31       4 0.000E+00 0.000E+00 0.000E+00 0.000E+00 0.000E+00 0.000E+00 0.000E+00 0.000E+00
      4      16     509     509     509       4 0.000E+00 0.000E+00 0.000E+00 0.000E+00 0.000E+00 0.000E+00 0.000E+00 0.000E+00
      4      16      67      67      67       4 0.000E+00 0.000E+00 0.000E+00 0.000E+00 0.000E+00 0.000E+00 0.000E+00 0.000E+00
      4      16       7       7       7       4 0.000E+00 0.000E+00 0.000E+00 0.000E+00 0.000E+00 0.000E+00 0.000E+00 0.000E+00
      4       2     127     127     127       4 0.000E+00 0.000E+00 0.000E+00 0.000E+00 0.000E+00 0.000E+00 0.000E+00 0.000E+00
      4       2      17      17      17       4 0.000E+00 0.000E+00 0.000E+00 0.000E+00 0.000E+00 0.000E+00 0.000E+00 0.000E+00
      4       2     257     257     257       4 0.000E+00 0.000E+00 0.000E+00 0.000E+00 0.000E+00 0.000E+00 0.000E+00 0.000E+00
      4       2      31      31      31       4 0.000E+00 0.000E+00 0.000E+00 0.000E+00 0.000E+00 0.000E+00 0.000E+00 0.000E+00
      4       2     509     509     509       4 0.000E+00 0.000E+00 0.000E+00 0.000E+00 0.000E+00 0.000E+00 0.000E+00 0.000E+00
      4       2      67      67      67       4 0.000E+00 0.000E+00 0.000E+00 0.000E+00 0.000E+00 0.000E+00 0.000E+00 0.000E+00
      4       2       7       7       7       4 0.000E+00 0.000E+00 0.000E+00 0.000E+00 0.000E+00 0.000E+00 0.000E+00 0.000E+00
      4      24     127     127     127       4 0.000E+00 0.000E+00 0.000E+00 0.000E+00 0.000E+00 0.000E+00 0.000E+00 0.000E+00
      4      24      17      17      17       4 0.000E+00 0.000E+00 0.000E+00 0.000E+00 0.000E+00 0.000E+00 0.000E+00 0.000E+00
      4      24     257     257     257       4 0.000E+00 0.000E+00 0.000E+00 0.000E+00 0.000E+00 0.000E+00 0.000E+00 0.000E+00
      4      24      31      31      31       4 0.000E+00 0.000E+00 0.000E+00 0.000E+00 0.000E+00 0.000E+00 0.000E+00 0.000E+00
      4      24     509     509     509       4 0.000E+00 0.000E+00 0.000E+00 0.000E+00 0.000E+00 0.000E+00 0.000E+00 0.000E+00
      4      24      67      67      67       4 0.000E+00 0.000E+00 0.000E+00 0.000E+00 0.000E+00 0.000E+00 0.000E+00 0.000E+00
      4      24       7       7       7       4 0.000E+00 0.000E+00 0.000E+00 0.000E+00 0.000E+00 0.000E+00 0.000E+00 0.000E+00
      4       4     127     127     127       4 0.000E+00 0.000E+00 0.000E+00 0.000E+00 0.000E+00 0.000E+00 0.000E+00 0.000E+00
      4       4      17      17      17       4 0.000E+00 0.000E+00 0.000E+00 0.000E+00 0.000E+00 0.000E+00 0.000E+00 0.000E+00
      4       4     257     257     257       4 0.000E+00 0.000E+00 0.000E+00 0.000E+00 0.000E+00 0.000E+00 0.000E+00 0.000E+00
      4       4      31      31      31       4 0.000E+00 0.000E+00 0.000E+00 0.000E+00 0.000E+00 0.000E+00 0.000E+00 0.000E+00
      4       4     509     509     509       4 0.000E+00 0.000E+00 0.000E+00 0.000E+00 0.000E+00 0.000E+00 0.000E+00 0.000E+00
      4       4      67      67      67       4 0.000E+00 0.000E+00 0.000E+00 0.000E+00 0.000E+00 0.000E+00 0.000E+00 0.000E+00
      4       4       7       7       7       4 0.000E+00 0.000E+00 0.000E+00 0.000E+00 0.000E+00 0.000E+00 0.000E+00 0.000E+00
      4       8     127     127     127       4 0.000E+00 0.000E+00 0.000E+00 0.000E+00 0.000E+00 0.000E+00 0.000E+00 0.000E+00
      4       8      17      17      17       4 0.000E+00 0.000E+00 0.000E+00 0.000E+00 0.000E+00 0.000E+00 0.000E+00 0.000E+00
      4       8     257     257     257       4 0.000E+00 0.000E+00 0.000E+00 0.000E+00 0.000E+00 0.000E+00 0.000E+00 0.000E+00
      4       8      31      31      31       4 0.000E+00 0.000E+00 0.000E+00 0.000E+00 0.000E+00 0.000E+00 0.000E+00 0.000E+00
      4       8     509     509     509       4 0.000E+00 0.000E+00 0.000E+00 0.000E+00 0.000E+00 0.000E+00 0.000E+00 0.000E+00
      4       8      67      67      67       4 0.000E+00 0.000E+00 0.000E+00 0.000E+00 0.000E+00 0.000E+00 0.000E+00 0.000E+00
      4       8       7       7       7       4 0.000E+00 0.000E+00 0.000E+00 0.000E+00 0.000E+00 0.000E+00 0.000E+00 0.000E+00
