res3dtp2=[            2       1     127     127     127       4 0.279E+00 0.111E+01 0.280E+00 0.112E+01 0.599E+00 0.150E+00 0.610E+00 0.152E+00
      2       1      17      17      17       4 0.129E-02 0.503E-02 0.124E-02 0.488E-02 0.224E-03 0.560E-04 0.235E-03 0.587E-04
      2       1     257     257     257       4 0.182E+01 0.729E+01 0.205E+01 0.822E+01 0.731E+01 0.183E+01 0.721E+01 0.180E+01
      2       1      31      31      31       4 0.310E-02 0.122E-01 0.310E-02 0.123E-01 0.212E-02 0.530E-03 0.213E-02 0.533E-03
      2       1     509     509     509       4 0.606E+01 0.242E+02 0.569E+01 0.227E+02 0.749E+02 0.187E+02 0.742E+02 0.186E+02
      2       1      67      67      67       4 0.239E-01 0.955E-01 0.232E-01 0.924E-01 0.405E-01 0.101E-01 0.404E-01 0.101E-01
      2       1       7       7       7       4 0.109E-02 0.425E-02 0.104E-02 0.410E-02 0.691E-05 0.173E-05 0.620E-05 0.155E-05
      2      12     127     127     127       4 0.272E+00 0.109E+01 0.265E+00 0.106E+01 0.845E-01 0.211E-01 0.962E-01 0.241E-01
      2      12      17      17      17       4 0.885E-02 0.337E-01 0.907E-02 0.347E-01 0.275E-03 0.688E-04 0.221E-03 0.553E-04
      2      12     257     257     257       4 0.193E+01 0.771E+01 0.186E+01 0.739E+01 0.105E+01 0.263E+00 0.102E+01 0.254E+00
      2      12      31      31      31       4 0.162E-01 0.626E-01 0.220E-01 0.862E-01 0.786E-03 0.196E-03 0.672E-03 0.168E-03
      2      12     509     509     509       4 0.776E+01 0.310E+02 0.731E+01 0.292E+02 0.814E+01 0.203E+01 0.805E+01 0.201E+01
      2      12      67      67      67       4 0.596E-01 0.237E+00 0.632E-01 0.251E+00 0.818E-02 0.205E-02 0.789E-02 0.197E-02
      2      12       7       7       7       4 0.656E-02 0.257E-01 0.639E-02 0.250E-01 0.142E-03 0.356E-04 0.124E-03 0.311E-04
      2      16     127     127     127       4 0.279E+00 0.111E+01 0.280E+00 0.112E+01 0.695E-01 0.174E-01 0.691E-01 0.173E-01
      2      16      17      17      17       4 0.909E-02 0.345E-01 0.941E-02 0.360E-01 0.412E-03 0.103E-03 0.262E-03 0.655E-04
      2      16     257     257     257       4 0.169E+01 0.671E+01 0.175E+01 0.698E+01 0.934E+00 0.234E+00 0.792E+00 0.198E+00
      2      16      31      31      31       4 0.156E-01 0.609E-01 0.174E-01 0.679E-01 0.777E-03 0.194E-03 0.653E-03 0.163E-03
      2      16     509     509     509       4 0.640E+01 0.256E+02 0.650E+01 0.260E+02 0.796E+01 0.199E+01 0.719E+01 0.180E+01
      2      16      67      67      67       4 0.522E-01 0.206E+00 0.601E-01 0.238E+00 0.820E-02 0.205E-02 0.862E-02 0.215E-02
      2      16       7       7       7       4 0.515E-02 0.191E-01 0.515E-02 0.193E-01 0.408E-03 0.102E-03 0.298E-03 0.746E-04
      2       2     127     127     127       4 0.498E+00 0.199E+01 0.449E+00 0.180E+01 0.352E+00 0.879E-01 0.354E+00 0.885E-01
      2       2      17      17      17       4 0.437E-02 0.172E-01 0.394E-02 0.156E-01 0.169E-03 0.423E-04 0.179E-03 0.448E-04
      2       2     257     257     257       4 0.408E+01 0.163E+02 0.420E+01 0.168E+02 0.393E+01 0.983E+00 0.388E+01 0.971E+00
      2       2      31      31      31       4 0.932E-02 0.369E-01 0.807E-02 0.319E-01 0.139E-02 0.348E-03 0.141E-02 0.352E-03
      2       2     509     509     509       4 0.788E+01 0.315E+02 0.740E+01 0.296E+02 0.397E+02 0.993E+01 0.379E+02 0.947E+01
      2       2      67      67      67       4 0.565E-01 0.225E+00 0.581E-01 0.232E+00 0.255E-01 0.637E-02 0.242E-01 0.604E-02
      2       2       7       7       7       4 0.273E-02 0.108E-01 0.253E-02 0.999E-02 0.405E-04 0.101E-04 0.248E-04 0.620E-05
      2      24     127     127     127       4 0.261E+00 0.104E+01 0.319E+00 0.127E+01 0.579E-01 0.145E-01 0.582E-01 0.145E-01
      2      24      17      17      17       4 0.134E-01 0.493E-01 0.142E-01 0.526E-01 0.908E-03 0.227E-03 0.622E-03 0.156E-03
      2      24     257     257     257       4 0.153E+01 0.607E+01 0.151E+01 0.599E+01 0.674E+00 0.169E+00 0.569E+00 0.142E+00
      2      24      31      31      31       4 0.176E-01 0.672E-01 0.197E-01 0.757E-01 0.108E-02 0.269E-03 0.963E-03 0.241E-03
      2      24     509     509     509       4 0.599E+01 0.239E+02 0.581E+01 0.232E+02 0.492E+01 0.123E+01 0.448E+01 0.112E+01
      2      24      67      67      67       4 0.674E-01 0.261E+00 0.114E+00 0.446E+00 0.760E-02 0.190E-02 0.627E-02 0.157E-02
      2      24       7       7       7       4 0.589E-02 0.219E-01 0.590E-02 0.220E-01 0.304E-03 0.759E-04 0.356E-03 0.890E-04
      2       4     127     127     127       4 0.388E+00 0.155E+01 0.372E+00 0.149E+01 0.195E+00 0.488E-01 0.201E+00 0.502E-01
      2       4      17      17      17       4 0.645E-02 0.253E-01 0.634E-02 0.250E-01 0.170E-03 0.424E-04 0.191E-03 0.477E-04
      2       4     257     257     257       4 0.358E+01 0.143E+02 0.346E+01 0.138E+02 0.213E+01 0.533E+00 0.210E+01 0.525E+00
      2       4      31      31      31       4 0.123E-01 0.488E-01 0.122E-01 0.483E-01 0.869E-03 0.217E-03 0.782E-03 0.196E-03
      2       4     509     509     509       4 0.842E+01 0.337E+02 0.837E+01 0.335E+02 0.211E+02 0.527E+01 0.199E+02 0.499E+01
      2       4      67      67      67       4 0.650E-01 0.259E+00 0.703E-01 0.281E+00 0.201E-01 0.503E-02 0.178E-01 0.444E-02
      2       4       7       7       7       4 0.351E-02 0.137E-01 0.337E-02 0.132E-01 0.880E-04 0.220E-04 0.811E-04 0.203E-04
      2       8     127     127     127       4 0.301E+00 0.120E+01 0.288E+00 0.115E+01 0.107E+00 0.267E-01 0.107E+00 0.267E-01
      2       8      17      17      17       4 0.884E-02 0.342E-01 0.974E-02 0.379E-01 0.269E-03 0.672E-04 0.195E-03 0.488E-04
      2       8     257     257     257       4 0.232E+01 0.926E+01 0.226E+01 0.901E+01 0.129E+01 0.323E+00 0.124E+01 0.309E+00
      2       8      31      31      31       4 0.107E-01 0.419E-01 0.140E-01 0.553E-01 0.821E-03 0.205E-03 0.828E-03 0.207E-03
      2       8     509     509     509       4 0.617E+01 0.247E+02 0.579E+01 0.231E+02 0.127E+02 0.317E+01 0.120E+02 0.300E+01
      2       8      67      67      67       4 0.410E-01 0.163E+00 0.514E-01 0.205E+00 0.114E-01 0.284E-02 0.116E-01 0.290E-02
      2       8       7       7       7       4 0.638E-02 0.250E-01 0.599E-02 0.235E-01 0.127E-03 0.317E-04 0.124E-03 0.310E-04
      3       1     127     127     127       4 0.895E-03 0.333E-02 0.520E-04 0.648E-04 0.227E+00 0.568E-01 0.253E+00 0.633E-01
      3       1      17      17      17       4 0.697E-03 0.277E-02 0.578E-05 0.906E-05 0.340E-03 0.851E-04 0.335E-03 0.837E-04
      3       1     257     257     257       4 0.955E-03 0.344E-02 0.101E-03 0.131E-03 0.305E+01 0.763E+00 0.330E+01 0.824E+00
      3       1      31      31      31       4 0.829E-03 0.328E-02 0.697E-05 0.119E-04 0.295E-02 0.738E-03 0.298E-02 0.745E-03
      3       1     509     509     509       4 0.101E-02 0.351E-02 0.158E-03 0.212E-03 0.207E+02 0.517E+01 0.227E+02 0.568E+01
      3       1      67      67      67       4 0.830E-03 0.327E-02 0.106E-04 0.172E-04 0.655E-01 0.164E-01 0.668E-01 0.167E-01
      3       1       7       7       7       4 0.649E-03 0.259E-02 0.101E-05 0.405E-05 0.210E-04 0.525E-05 0.906E-05 0.226E-05
      3      12     127     127     127       4 0.267E-02 0.103E-01 0.922E-04 0.130E-03 0.243E-01 0.608E-02 0.259E-01 0.647E-02
      3      12      17      17      17       4 0.425E-02 0.170E-01 0.823E-05 0.110E-04 0.733E-03 0.183E-03 0.198E-03 0.495E-04
      3      12     257     257     257       4 0.637E-03 0.209E-02 0.121E-03 0.147E-03 0.317E+00 0.793E-01 0.387E+00 0.968E-01
      3      12      31      31      31       4 0.426E-02 0.170E-01 0.972E-05 0.138E-04 0.767E-03 0.192E-03 0.820E-03 0.205E-03
      3      12     509     509     509       4 0.101E-02 0.348E-02 0.161E-03 0.211E-03 0.215E+01 0.537E+00 0.274E+01 0.685E+00
      3      12      67      67      67       4 0.354E-02 0.141E-01 0.194E-04 0.329E-04 0.836E-02 0.209E-02 0.903E-02 0.226E-02
      3      12       7       7       7       4 0.431E-02 0.172E-01 0.125E-05 0.310E-05 0.262E-04 0.656E-05 0.105E-04 0.262E-05
      3      16     127     127     127       4 0.248E-02 0.966E-02 0.570E-04 0.720E-04 0.274E-01 0.684E-02 0.292E-01 0.731E-02
      3      16      17      17      17       4 0.227E-02 0.903E-02 0.775E-05 0.110E-04 0.352E-03 0.880E-04 0.184E-03 0.460E-04
      3      16     257     257     257       4 0.591E-03 0.190E-02 0.130E-03 0.169E-03 0.240E+00 0.600E-01 0.304E+00 0.760E-01
      3      16      31      31      31       4 0.379E-02 0.151E-01 0.954E-05 0.119E-04 0.855E-03 0.214E-03 0.822E-03 0.206E-03
      3      16     509     509     509       4 0.119E-02 0.404E-02 0.215E-03 0.225E-03 0.164E+01 0.411E+00 0.223E+01 0.558E+00
      3      16      67      67      67       4 0.361E-02 0.144E-01 0.166E-04 0.241E-04 0.663E-02 0.166E-02 0.720E-02 0.180E-02
      3      16       7       7       7       4 0.334E-02 0.134E-01 0.155E-05 0.310E-05 0.241E-04 0.602E-05 0.834E-05 0.209E-05
      3       2     127     127     127       4 0.938E-03 0.351E-02 0.503E-04 0.632E-04 0.116E+00 0.291E-01 0.124E+00 0.310E-01
      3       2      17      17      17       4 0.342E-02 0.137E-01 0.626E-05 0.906E-05 0.358E-03 0.895E-04 0.278E-03 0.695E-04
      3       2     257     257     257       4 0.860E-03 0.304E-02 0.106E-03 0.137E-03 0.158E+01 0.396E+00 0.171E+01 0.428E+00
      3       2      31      31      31       4 0.341E-02 0.136E-01 0.823E-05 0.100E-04 0.170E-02 0.424E-03 0.177E-02 0.442E-03
      3       2     509     509     509       4 0.114E-02 0.398E-02 0.164E-03 0.214E-03 0.106E+02 0.264E+01 0.121E+02 0.302E+01
      3       2      67      67      67       4 0.111E-02 0.440E-02 0.128E-04 0.181E-04 0.345E-01 0.861E-02 0.360E-01 0.901E-02
      3       2       7       7       7       4 0.647E-03 0.258E-02 0.113E-05 0.215E-05 0.219E-04 0.548E-05 0.787E-05 0.197E-05
      3      24     127     127     127       4 0.912E-03 0.336E-02 0.585E-04 0.710E-04 0.215E-01 0.538E-02 0.227E-01 0.568E-02
      3      24      17      17      17       4 0.417E-02 0.167E-01 0.811E-05 0.122E-04 0.398E-03 0.995E-04 0.238E-03 0.595E-04
      3      24     257     257     257       4 0.632E-03 0.208E-02 0.135E-03 0.213E-03 0.294E+00 0.735E-01 0.363E+00 0.908E-01
      3      24      31      31      31       4 0.499E-02 0.199E-01 0.153E-04 0.322E-04 0.889E-03 0.222E-03 0.808E-03 0.202E-03
      3      24     509     509     509       4 0.116E-02 0.405E-02 0.165E-03 0.215E-03 0.139E+01 0.347E+00 0.185E+01 0.462E+00
      3      24      67      67      67       4 0.315E-02 0.125E-01 0.143E-04 0.181E-04 0.534E-02 0.133E-02 0.578E-02 0.144E-02
      3      24       7       7       7       4 0.429E-02 0.172E-01 0.131E-05 0.310E-05 0.269E-04 0.674E-05 0.715E-05 0.179E-05
      3       4     127     127     127       4 0.101E-02 0.372E-02 0.757E-04 0.989E-04 0.617E-01 0.154E-01 0.662E-01 0.165E-01
      3       4      17      17      17       4 0.549E-02 0.219E-01 0.674E-05 0.100E-04 0.384E-03 0.960E-04 0.245E-03 0.612E-04
      3       4     257     257     257       4 0.848E-03 0.286E-02 0.145E-03 0.175E-03 0.806E+00 0.202E+00 0.911E+00 0.228E+00
      3       4      31      31      31       4 0.397E-02 0.158E-01 0.894E-05 0.119E-04 0.105E-02 0.262E-03 0.997E-03 0.249E-03
      3       4     509     509     509       4 0.104E-02 0.358E-02 0.164E-03 0.214E-03 0.555E+01 0.139E+01 0.644E+01 0.161E+01
      3       4      67      67      67       4 0.358E-02 0.143E-01 0.135E-04 0.169E-04 0.192E-01 0.479E-02 0.196E-01 0.490E-02
      3       4       7       7       7       4 0.569E-02 0.227E-01 0.119E-05 0.286E-05 0.224E-04 0.560E-05 0.572E-05 0.143E-05
      3       8     127     127     127       4 0.713E-03 0.251E-02 0.789E-04 0.116E-03 0.328E-01 0.819E-02 0.347E-01 0.867E-02
      3       8      17      17      17       4 0.443E-02 0.177E-01 0.751E-05 0.100E-04 0.365E-03 0.912E-04 0.222E-03 0.556E-04
      3       8     257     257     257       4 0.735E-03 0.250E-02 0.116E-03 0.149E-03 0.436E+00 0.109E+00 0.514E+00 0.128E+00
      3       8      31      31      31       4 0.628E-02 0.251E-01 0.930E-05 0.119E-04 0.905E-03 0.226E-03 0.862E-03 0.216E-03
      3       8     509     509     509       4 0.116E-02 0.406E-02 0.172E-03 0.241E-03 0.293E+01 0.733E+00 0.360E+01 0.899E+00
      3       8      67      67      67       4 0.531E-02 0.212E-01 0.145E-04 0.191E-04 0.103E-01 0.257E-02 0.109E-01 0.272E-02
      3       8       7       7       7       4 0.552E-02 0.221E-01 0.149E-05 0.405E-05 0.231E-04 0.578E-05 0.691E-05 0.173E-05
      4       1     127     127     127       4 0.000E+00 0.000E+00 0.000E+00 0.000E+00 0.000E+00 0.000E+00 0.000E+00 0.000E+00
      4       1      17      17      17       4 0.000E+00 0.000E+00 0.000E+00 0.000E+00 0.000E+00 0.000E+00 0.000E+00 0.000E+00
      4       1     257     257     257       4 0.000E+00 0.000E+00 0.000E+00 0.000E+00 0.000E+00 0.000E+00 0.000E+00 0.000E+00
      4       1      31      31      31       4 0.000E+00 0.000E+00 0.000E+00 0.000E+00 0.000E+00 0.000E+00 0.000E+00 0.000E+00
      4       1     509     509     509       4 0.000E+00 0.000E+00 0.000E+00 0.000E+00 0.000E+00 0.000E+00 0.000E+00 0.000E+00
      4       1      67      67      67       4 0.000E+00 0.000E+00 0.000E+00 0.000E+00 0.000E+00 0.000E+00 0.000E+00 0.000E+00
      4       1       7       7       7       4 0.000E+00 0.000E+00 0.000E+00 0.000E+00 0.000E+00 0.000E+00 0.000E+00 0.000E+00
      4      12     127     127     127       4 0.000E+00 0.000E+00 0.000E+00 0.000E+00 0.000E+00 0.000E+00 0.000E+00 0.000E+00
      4      12      17      17      17       4 0.000E+00 0.000E+00 0.000E+00 0.000E+00 0.000E+00 0.000E+00 0.000E+00 0.000E+00
      4      12     257     257     257       4 0.000E+00 0.000E+00 0.000E+00 0.000E+00 0.000E+00 0.000E+00 0.000E+00 0.000E+00
      4      12      31      31      31       4 0.000E+00 0.000E+00 0.000E+00 0.000E+00 0.000E+00 0.000E+00 0.000E+00 0.000E+00
      4      12     509     509     509       4 0.000E+00 0.000E+00 0.000E+00 0.000E+00 0.000E+00 0.000E+00 0.000E+00 0.000E+00
      4      12      67      67      67       4 0.000E+00 0.000E+00 0.000E+00 0.000E+00 0.000E+00 0.000E+00 0.000E+00 0.000E+00
      4      12       7       7       7       4 0.000E+00 0.000E+00 0.000E+00 0.000E+00 0.000E+00 0.000E+00 0.000E+00 0.000E+00
      4      16     127     127     127       4 0.000E+00 0.000E+00 0.000E+00 0.000E+00 0.000E+00 0.000E+00 0.000E+00 0.000E+00
      4      16      17      17      17       4 0.000E+00 0.000E+00 0.000E+00 0.000E+00 0.000E+00 0.000E+00 0.000E+00 0.000E+00
      4      16     257     257     257       4 0.000E+00 0.000E+00 0.000E+00 0.000E+00 0.000E+00 0.000E+00 0.000E+00 0.000E+00
      4      16      31      31      31       4 0.000E+00 0.000E+00 0.000E+00 0.000E+00 0.000E+00 0.000E+00 0.000E+00 0.000E+00
      4      16     509     509     509       4 0.000E+00 0.000E+00 0.000E+00 0.000E+00 0.000E+00 0.000E+00 0.000E+00 0.000E+00
      4      16      67      67      67       4 0.000E+00 0.000E+00 0.000E+00 0.000E+00 0.000E+00 0.000E+00 0.000E+00 0.000E+00
      4      16       7       7       7       4 0.000E+00 0.000E+00 0.000E+00 0.000E+00 0.000E+00 0.000E+00 0.000E+00 0.000E+00
      4       2     127     127     127       4 0.000E+00 0.000E+00 0.000E+00 0.000E+00 0.000E+00 0.000E+00 0.000E+00 0.000E+00
      4       2      17      17      17       4 0.000E+00 0.000E+00 0.000E+00 0.000E+00 0.000E+00 0.000E+00 0.000E+00 0.000E+00
      4       2     257     257     257       4 0.000E+00 0.000E+00 0.000E+00 0.000E+00 0.000E+00 0.000E+00 0.000E+00 0.000E+00
      4       2      31      31      31       4 0.000E+00 0.000E+00 0.000E+00 0.000E+00 0.000E+00 0.000E+00 0.000E+00 0.000E+00
      4       2     509     509     509       4 0.000E+00 0.000E+00 0.000E+00 0.000E+00 0.000E+00 0.000E+00 0.000E+00 0.000E+00
      4       2      67      67      67       4 0.000E+00 0.000E+00 0.000E+00 0.000E+00 0.000E+00 0.000E+00 0.000E+00 0.000E+00
      4       2       7       7       7       4 0.000E+00 0.000E+00 0.000E+00 0.000E+00 0.000E+00 0.000E+00 0.000E+00 0.000E+00
      4      24     127     127     127       4 0.000E+00 0.000E+00 0.000E+00 0.000E+00 0.000E+00 0.000E+00 0.000E+00 0.000E+00
      4      24      17      17      17       4 0.000E+00 0.000E+00 0.000E+00 0.000E+00 0.000E+00 0.000E+00 0.000E+00 0.000E+00
      4      24     257     257     257       4 0.000E+00 0.000E+00 0.000E+00 0.000E+00 0.000E+00 0.000E+00 0.000E+00 0.000E+00
      4      24      31      31      31       4 0.000E+00 0.000E+00 0.000E+00 0.000E+00 0.000E+00 0.000E+00 0.000E+00 0.000E+00
      4      24     509     509     509       4 0.000E+00 0.000E+00 0.000E+00 0.000E+00 0.000E+00 0.000E+00 0.000E+00 0.000E+00
      4      24      67      67      67       4 0.000E+00 0.000E+00 0.000E+00 0.000E+00 0.000E+00 0.000E+00 0.000E+00 0.000E+00
      4      24       7       7       7       4 0.000E+00 0.000E+00 0.000E+00 0.000E+00 0.000E+00 0.000E+00 0.000E+00 0.000E+00
      4       4     127     127     127       4 0.000E+00 0.000E+00 0.000E+00 0.000E+00 0.000E+00 0.000E+00 0.000E+00 0.000E+00
      4       4      17      17      17       4 0.000E+00 0.000E+00 0.000E+00 0.000E+00 0.000E+00 0.000E+00 0.000E+00 0.000E+00
      4       4     257     257     257       4 0.000E+00 0.000E+00 0.000E+00 0.000E+00 0.000E+00 0.000E+00 0.000E+00 0.000E+00
      4       4      31      31      31       4 0.000E+00 0.000E+00 0.000E+00 0.000E+00 0.000E+00 0.000E+00 0.000E+00 0.000E+00
      4       4     509     509     509       4 0.000E+00 0.000E+00 0.000E+00 0.000E+00 0.000E+00 0.000E+00 0.000E+00 0.000E+00
      4       4      67      67      67       4 0.000E+00 0.000E+00 0.000E+00 0.000E+00 0.000E+00 0.000E+00 0.000E+00 0.000E+00
      4       4       7       7       7       4 0.000E+00 0.000E+00 0.000E+00 0.000E+00 0.000E+00 0.000E+00 0.000E+00 0.000E+00
      4       8     127     127     127       4 0.000E+00 0.000E+00 0.000E+00 0.000E+00 0.000E+00 0.000E+00 0.000E+00 0.000E+00
      4       8      17      17      17       4 0.000E+00 0.000E+00 0.000E+00 0.000E+00 0.000E+00 0.000E+00 0.000E+00 0.000E+00
      4       8     257     257     257       4 0.000E+00 0.000E+00 0.000E+00 0.000E+00 0.000E+00 0.000E+00 0.000E+00 0.000E+00
      4       8      31      31      31       4 0.000E+00 0.000E+00 0.000E+00 0.000E+00 0.000E+00 0.000E+00 0.000E+00 0.000E+00
      4       8     509     509     509       4 0.000E+00 0.000E+00 0.000E+00 0.000E+00 0.000E+00 0.000E+00 0.000E+00 0.000E+00
      4       8      67      67      67       4 0.000E+00 0.000E+00 0.000E+00 0.000E+00 0.000E+00 0.000E+00 0.000E+00 0.000E+00
      4       8       7       7       7       4 0.000E+00 0.000E+00 0.000E+00 0.000E+00 0.000E+00 0.000E+00 0.000E+00 0.000E+00];
