      2       1       1    1021       4       4 0.186E+00 0.187E+00 0.105E-03 0.106E-03 0.387E-03 0.242E-04 0.371E-03 0.232E-04
      2       1       1   16381       4       4 0.156E+01 0.158E+01 0.127E-02 0.142E-02 0.133E-01 0.832E-03 0.132E-01 0.823E-03
      2       1       1    2053       4       4 0.950E+00 0.951E+00 0.211E-03 0.225E-03 0.107E-02 0.671E-04 0.996E-03 0.622E-04
      2       1       1     257       4       4 0.217E+00 0.217E+00 0.675E-01 0.676E-01 0.102E-03 0.635E-05 0.975E-04 0.609E-05
      2       1       1    4099       4       4 0.168E+01 0.168E+01 0.403E-03 0.417E-03 0.248E-02 0.155E-03 0.229E-02 0.143E-03
      2       1       1     509       4       4 0.135E+00 0.135E+00 0.813E-04 0.830E-04 0.170E-03 0.107E-04 0.165E-03 0.103E-04
      2       1       1    8191       4       4 0.878E+00 0.879E+00 0.535E-03 0.558E-03 0.501E-02 0.313E-03 0.484E-02 0.302E-03
      2       1      12    1021       4       4 0.455E+00 0.466E+00 0.168E-03 0.178E-03 0.127E-02 0.791E-04 0.116E-02 0.724E-04
      2       1      12   16381       4       4 0.155E+01 0.161E+01 0.174E-02 0.186E-02 0.125E-01 0.779E-03 0.104E-01 0.651E-03
      2       1      12    2053       4       4 0.168E+01 0.173E+01 0.475E-03 0.517E-03 0.460E-02 0.287E-03 0.264E-02 0.165E-03
      2       1      12     257       4       4 0.533E+00 0.558E+00 0.572E+00 0.594E+00 0.268E-02 0.168E-03 0.767E-03 0.480E-04
      2       1      12    4099       4       4 0.258E+01 0.272E+01 0.974E-03 0.113E-02 0.468E-02 0.293E-03 0.467E-02 0.292E-03
      2       1      12     509       4       4 0.301E+00 0.306E+00 0.126E-03 0.154E-03 0.806E-03 0.504E-04 0.762E-03 0.476E-04
      2       1      12    8191       4       4 0.110E+01 0.116E+01 0.105E-02 0.119E-02 0.233E-01 0.146E-02 0.742E-02 0.464E-03
      2       1      16    1021       4       4 0.401E+00 0.429E+00 0.181E-03 0.196E-03 0.121E-02 0.753E-04 0.115E-02 0.719E-04
      2       1      16   16381       4       4 0.159E+01 0.165E+01 0.177E-02 0.186E-02 0.135E-01 0.844E-03 0.116E-01 0.725E-03
      2       1      16    2053       4       4 0.187E+01 0.188E+01 0.547E-03 0.580E-03 0.566E-02 0.353E-03 0.327E-02 0.204E-03
      2       1      16     257       4       4 0.597E+00 0.626E+00 0.651E+00 0.694E+00 0.242E-02 0.151E-03 0.906E-03 0.567E-04
      2       1      16    4099       4       4 0.288E+01 0.297E+01 0.104E-02 0.114E-02 0.721E-02 0.450E-03 0.500E-02 0.312E-03
      2       1      16     509       4       4 0.281E+00 0.288E+00 0.134E-03 0.150E-03 0.859E-03 0.537E-04 0.843E-03 0.527E-04
      2       1      16    8191       4       4 0.120E+01 0.121E+01 0.116E-02 0.125E-02 0.115E-01 0.718E-03 0.751E-02 0.470E-03
      2       1       2    1021       4       4 0.225E+00 0.236E+00 0.151E-03 0.202E-03 0.899E-03 0.562E-04 0.877E-03 0.548E-04
      2       1       2   16381       4       4 0.145E+01 0.145E+01 0.113E-02 0.116E-02 0.851E-02 0.532E-03 0.800E-02 0.500E-03
      2       1       2    2053       4       4 0.990E+00 0.992E+00 0.294E-03 0.299E-03 0.149E-02 0.930E-04 0.136E-02 0.849E-04
      2       1       2     257       4       4 0.262E+00 0.263E+00 0.227E+00 0.277E+00 0.460E-03 0.287E-04 0.458E-03 0.286E-04
      2       1       2    4099       4       4 0.170E+01 0.171E+01 0.461E-03 0.474E-03 0.262E-02 0.164E-03 0.244E-02 0.152E-03
      2       1       2     509       4       4 0.169E+00 0.182E+00 0.843E-04 0.889E-04 0.441E-03 0.275E-04 0.433E-03 0.270E-04
      2       1       2    8191       4       4 0.880E+00 0.894E+00 0.637E-03 0.661E-03 0.498E-02 0.311E-03 0.493E-02 0.308E-03
      2       1      24    1021       4       4 0.516E+00 0.566E+00 0.192E-03 0.216E-03 0.319E-02 0.199E-03 0.164E-02 0.103E-03
      2       1      24   16381       4       4 0.178E+01 0.186E+01 0.221E-02 0.231E-02 0.154E-01 0.964E-03 0.118E-01 0.740E-03
      2       1      24    2053       4       4 0.229E+01 0.235E+01 0.707E-03 0.824E-03 0.218E-01 0.136E-02 0.443E-02 0.277E-03
      2       1      24     257       4       4 0.731E+00 0.743E+00 0.751E+00 0.770E+00 0.863E-02 0.540E-03 0.115E-02 0.717E-04
      2       1      24    4099       4       4 0.347E+01 0.358E+01 0.106E-02 0.111E-02 0.135E-01 0.844E-03 0.620E-02 0.387E-03
      2       1      24     509       4       4 0.430E+00 0.444E+00 0.136E-03 0.148E-03 0.121E-02 0.753E-04 0.117E-02 0.730E-04
      2       1      24    8191       4       4 0.128E+01 0.132E+01 0.125E-02 0.139E-02 0.136E-01 0.848E-03 0.947E-02 0.592E-03
      2       1       4    1021       4       4 0.274E+00 0.298E+00 0.135E-03 0.160E-03 0.902E-03 0.564E-04 0.834E-03 0.521E-04
      2       1       4   16381       4       4 0.141E+01 0.149E+01 0.120E-02 0.127E-02 0.904E-02 0.565E-03 0.892E-02 0.558E-03
      2       1       4    2053       4       4 0.115E+01 0.121E+01 0.363E-03 0.394E-03 0.219E-02 0.137E-03 0.198E-02 0.124E-03
      2       1       4     257       4       4 0.352E+00 0.362E+00 0.372E+00 0.375E+00 0.728E-03 0.455E-04 0.659E-03 0.412E-04
      2       1       4    4099       4       4 0.193E+01 0.197E+01 0.578E-03 0.633E-03 0.285E-02 0.178E-03 0.271E-02 0.169E-03
      2       1       4     509       4       4 0.207E+00 0.220E+00 0.962E-04 0.101E-03 0.573E-03 0.358E-04 0.582E-03 0.364E-04
      2       1       4    8191       4       4 0.845E+00 0.875E+00 0.712E-03 0.758E-03 0.432E-02 0.270E-03 0.411E-02 0.257E-03
      2       1       8    1021       4       4 0.340E+00 0.380E+00 0.138E-03 0.145E-03 0.954E-03 0.596E-04 0.923E-03 0.577E-04
      2       1       8   16381       4       4 0.146E+01 0.149E+01 0.142E-02 0.151E-02 0.972E-02 0.608E-03 0.975E-02 0.609E-03
      2       1       8    2053       4       4 0.141E+01 0.146E+01 0.458E-03 0.579E-03 0.445E-02 0.278E-03 0.242E-02 0.151E-03
      2       1       8     257       4       4 0.460E+00 0.492E+00 0.491E+00 0.528E+00 0.773E-03 0.483E-04 0.752E-03 0.470E-04
      2       1       8    4099       4       4 0.222E+01 0.232E+01 0.760E-03 0.847E-03 0.370E-02 0.231E-03 0.354E-02 0.221E-03
      2       1       8     509       4       4 0.251E+00 0.271E+00 0.107E-03 0.109E-03 0.671E-03 0.419E-04 0.637E-03 0.398E-04
      2       1       8    8191       4       4 0.968E+00 0.101E+01 0.888E-03 0.992E-03 0.518E-02 0.324E-03 0.514E-02 0.321E-03
      2      16       1    1021       4       4 0.197E+00 0.202E+00 0.361E-03 0.411E-03 0.467E-03 0.292E-04 0.439E-03 0.274E-04
      2      16       1   16381       4       4 0.177E+01 0.178E+01 0.188E-02 0.198E-02 0.163E-01 0.102E-02 0.161E-01 0.101E-02
      2      16       1    2053       4       4 0.101E+01 0.102E+01 0.527E-03 0.602E-03 0.130E-02 0.815E-04 0.119E-02 0.745E-04
      2      16       1     257       4       4 0.226E+00 0.227E+00 0.697E-01 0.700E-01 0.137E-03 0.857E-05 0.128E-03 0.800E-05
      2      16       1    4099       4       4 0.183E+01 0.183E+01 0.736E-03 0.822E-03 0.306E-02 0.192E-03 0.292E-02 0.182E-03
      2      16       1     509       4       4 0.140E+00 0.142E+00 0.332E-03 0.391E-03 0.214E-03 0.134E-04 0.206E-03 0.129E-04
      2      16       1    8191       4       4 0.998E+00 0.101E+01 0.936E-03 0.996E-03 0.588E-02 0.368E-03 0.566E-02 0.354E-03
      2       2       1    1021       4       4 0.190E+00 0.193E+00 0.240E-03 0.275E-03 0.400E-03 0.250E-04 0.407E-03 0.255E-04
      2       2       1   16381       4       4 0.158E+01 0.159E+01 0.143E-02 0.151E-02 0.119E-01 0.746E-03 0.116E-01 0.724E-03
      2       2       1    2053       4       4 0.958E+00 0.963E+00 0.379E-03 0.446E-03 0.116E-02 0.728E-04 0.104E-02 0.650E-04
      2       2       1     257       4       4 0.220E+00 0.223E+00 0.680E-01 0.689E-01 0.108E-03 0.675E-05 0.102E-03 0.636E-05
      2       2       1    4099       4       4 0.169E+01 0.170E+01 0.564E-03 0.650E-03 0.252E-02 0.158E-03 0.235E-02 0.147E-03
      2       2       1     509       4       4 0.137E+00 0.140E+00 0.230E-03 0.311E-03 0.195E-03 0.122E-04 0.175E-03 0.110E-04
      2       2       1    8191       4       4 0.882E+00 0.894E+00 0.768E-03 0.830E-03 0.510E-02 0.319E-03 0.488E-02 0.305E-03
      2       2      12    1021       4       4 0.484E+00 0.499E+00 0.328E-03 0.398E-03 0.136E-02 0.848E-04 0.129E-02 0.808E-04
      2       2      12   16381       4       4 0.164E+01 0.166E+01 0.218E-02 0.234E-02 0.146E-01 0.911E-03 0.141E-01 0.881E-03
      2       2      12    2053       4       4 0.172E+01 0.180E+01 0.739E-03 0.887E-03 0.508E-02 0.318E-03 0.304E-02 0.190E-03
      2       2      12     257       4       4 0.570E+00 0.601E+00 0.576E+00 0.612E+00 0.721E-02 0.450E-03 0.892E-03 0.558E-04
      2       2      12    4099       4       4 0.262E+01 0.275E+01 0.114E-02 0.133E-02 0.116E-01 0.727E-03 0.484E-02 0.303E-03
      2       2      12     509       4       4 0.341E+00 0.371E+00 0.263E-03 0.298E-03 0.875E-03 0.547E-04 0.849E-03 0.531E-04
      2       2      12    8191       4       4 0.110E+01 0.112E+01 0.133E-02 0.163E-02 0.184E-01 0.115E-02 0.885E-02 0.553E-03
      2       2       2    1021       4       4 0.223E+00 0.241E+00 0.266E-03 0.362E-03 0.840E-03 0.525E-04 0.835E-03 0.522E-04
      2       2       2   16381       4       4 0.152E+01 0.154E+01 0.144E-02 0.153E-02 0.996E-02 0.623E-03 0.999E-02 0.624E-03
      2       2       2    2053       4       4 0.101E+01 0.101E+01 0.461E-03 0.516E-03 0.157E-02 0.979E-04 0.146E-02 0.913E-04
      2       2       2     257       4       4 0.271E+00 0.290E+00 0.186E+00 0.302E+00 0.541E-03 0.338E-04 0.532E-03 0.333E-04
      2       2       2    4099       4       4 0.174E+01 0.178E+01 0.656E-03 0.714E-03 0.284E-02 0.178E-03 0.269E-02 0.168E-03
      2       2       2     509       4       4 0.171E+00 0.183E+00 0.210E-03 0.279E-03 0.452E-03 0.282E-04 0.449E-03 0.281E-04
      2       2       2    8191       4       4 0.848E+00 0.854E+00 0.824E-03 0.911E-03 0.458E-02 0.286E-03 0.433E-02 0.271E-03
      2       2       4    1021       4       4 0.276E+00 0.286E+00 0.261E-03 0.320E-03 0.870E-03 0.543E-04 0.845E-03 0.528E-04
      2       2       4   16381       4       4 0.143E+01 0.148E+01 0.155E-02 0.165E-02 0.101E-01 0.628E-03 0.103E-01 0.642E-03
      2       2       4    2053       4       4 0.121E+01 0.124E+01 0.616E-03 0.679E-03 0.214E-02 0.134E-03 0.210E-02 0.131E-03
      2       2       4     257       4       4 0.345E+00 0.355E+00 0.300E+00 0.378E+00 0.652E-03 0.407E-04 0.642E-03 0.401E-04
      2       2       4    4099       4       4 0.195E+01 0.197E+01 0.795E-03 0.905E-03 0.339E-02 0.212E-03 0.317E-02 0.198E-03
      2       2       4     509       4       4 0.219E+00 0.228E+00 0.225E-03 0.277E-03 0.607E-03 0.379E-04 0.605E-03 0.378E-04
      2       2       4    8191       4       4 0.919E+00 0.939E+00 0.984E-03 0.104E-02 0.521E-02 0.326E-03 0.503E-02 0.314E-03
      2       2       8    1021       4       4 0.346E+00 0.365E+00 0.291E-03 0.348E-03 0.104E-02 0.649E-04 0.950E-03 0.594E-04
      2       2       8   16381       4       4 0.142E+01 0.147E+01 0.164E-02 0.176E-02 0.960E-02 0.600E-03 0.922E-02 0.576E-03
      2       2       8    2053       4       4 0.145E+01 0.149E+01 0.648E-03 0.781E-03 0.455E-02 0.285E-03 0.259E-02 0.162E-03
      2       2       8     257       4       4 0.464E+00 0.495E+00 0.506E+00 0.548E+00 0.898E-03 0.561E-04 0.856E-03 0.535E-04
      2       2       8    4099       4       4 0.227E+01 0.233E+01 0.887E-03 0.950E-03 0.387E-02 0.242E-03 0.365E-02 0.228E-03
      2       2       8     509       4       4 0.246E+00 0.256E+00 0.241E-03 0.288E-03 0.666E-03 0.416E-04 0.630E-03 0.394E-04
      2       2       8    8191       4       4 0.959E+00 0.988E+00 0.113E-02 0.120E-02 0.520E-02 0.325E-03 0.516E-02 0.322E-03
      2       4       1    1021       4       4 0.191E+00 0.195E+00 0.267E-03 0.309E-03 0.412E-03 0.258E-04 0.407E-03 0.255E-04
      2       4       1   16381       4       4 0.162E+01 0.162E+01 0.160E-02 0.182E-02 0.136E-01 0.850E-03 0.135E-01 0.845E-03
      2       4       1    2053       4       4 0.966E+00 0.971E+00 0.419E-03 0.466E-03 0.120E-02 0.747E-04 0.107E-02 0.668E-04
      2       4       1     257       4       4 0.221E+00 0.225E+00 0.681E-01 0.684E-01 0.115E-03 0.718E-05 0.110E-03 0.688E-05
      2       4       1    4099       4       4 0.172E+01 0.172E+01 0.589E-03 0.669E-03 0.268E-02 0.168E-03 0.247E-02 0.154E-03
      2       4       1     509       4       4 0.142E+00 0.144E+00 0.238E-03 0.288E-03 0.183E-03 0.114E-04 0.186E-03 0.116E-04
      2       4       1    8191       4       4 0.901E+00 0.905E+00 0.797E-03 0.860E-03 0.520E-02 0.325E-03 0.507E-02 0.317E-03
      2       4       2    1021       4       4 0.234E+00 0.243E+00 0.309E-03 0.382E-03 0.100E-02 0.625E-04 0.991E-03 0.620E-04
      2       4       2   16381       4       4 0.156E+01 0.162E+01 0.158E-02 0.171E-02 0.102E-01 0.639E-03 0.100E-01 0.625E-03
      2       4       2    2053       4       4 0.103E+01 0.103E+01 0.485E-03 0.555E-03 0.175E-02 0.109E-03 0.170E-02 0.106E-03
      2       4       2     257       4       4 0.273E+00 0.276E+00 0.230E+00 0.280E+00 0.500E-03 0.312E-04 0.487E-03 0.304E-04
      2       4       2    4099       4       4 0.174E+01 0.174E+01 0.707E-03 0.815E-03 0.301E-02 0.188E-03 0.293E-02 0.183E-03
      2       4       2     509       4       4 0.174E+00 0.189E+00 0.246E-03 0.288E-03 0.472E-03 0.295E-04 0.457E-03 0.286E-04
      2       4       2    8191       4       4 0.910E+00 0.953E+00 0.919E-03 0.104E-02 0.502E-02 0.314E-03 0.487E-02 0.304E-03
      2       4       4    1021       4       4 0.292E+00 0.303E+00 0.292E-03 0.336E-03 0.974E-03 0.609E-04 0.947E-03 0.592E-04
      2       4       4   16381       4       4 0.145E+01 0.147E+01 0.158E-02 0.168E-02 0.914E-02 0.571E-03 0.910E-02 0.569E-03
      2       4       4    2053       4       4 0.122E+01 0.126E+01 0.604E-03 0.714E-03 0.226E-02 0.141E-03 0.212E-02 0.133E-03
      2       4       4     257       4       4 0.369E+00 0.385E+00 0.384E+00 0.396E+00 0.840E-03 0.525E-04 0.811E-03 0.507E-04
      2       4       4    4099       4       4 0.193E+01 0.197E+01 0.821E-03 0.919E-03 0.300E-02 0.187E-03 0.281E-02 0.176E-03
      2       4       4     509       4       4 0.226E+00 0.240E+00 0.257E-03 0.297E-03 0.637E-03 0.398E-04 0.620E-03 0.388E-04
      2       4       4    8191       4       4 0.924E+00 0.983E+00 0.994E-03 0.105E-02 0.478E-02 0.298E-03 0.467E-02 0.292E-03
      2       8       1    1021       4       4 0.193E+00 0.195E+00 0.312E-03 0.367E-03 0.428E-03 0.267E-04 0.424E-03 0.265E-04
      2       8       1   16381       4       4 0.170E+01 0.172E+01 0.171E-02 0.193E-02 0.145E-01 0.906E-03 0.143E-01 0.895E-03
      2       8       1    2053       4       4 0.993E+00 0.998E+00 0.443E-03 0.478E-03 0.129E-02 0.808E-04 0.114E-02 0.715E-04
      2       8       1     257       4       4 0.229E+00 0.238E+00 0.720E-01 0.798E-01 0.157E-03 0.980E-05 0.131E-03 0.817E-05
      2       8       1    4099       4       4 0.177E+01 0.177E+01 0.713E-03 0.808E-03 0.277E-02 0.173E-03 0.258E-02 0.162E-03
      2       8       1     509       4       4 0.139E+00 0.142E+00 0.263E-03 0.311E-03 0.200E-03 0.125E-04 0.190E-03 0.119E-04
      2       8       1    8191       4       4 0.954E+00 0.958E+00 0.890E-03 0.952E-03 0.552E-02 0.345E-03 0.532E-02 0.333E-03
      2       8       2    1021       4       4 0.226E+00 0.244E+00 0.312E-03 0.353E-03 0.807E-03 0.504E-04 0.788E-03 0.493E-04
      2       8       2   16381       4       4 0.169E+01 0.171E+01 0.162E-02 0.170E-02 0.116E-01 0.724E-03 0.114E-01 0.714E-03
      2       8       2    2053       4       4 0.106E+01 0.109E+01 0.540E-03 0.643E-03 0.179E-02 0.112E-03 0.172E-02 0.107E-03
      2       8       2     257       4       4 0.272E+00 0.276E+00 0.234E+00 0.284E+00 0.516E-03 0.323E-04 0.509E-03 0.318E-04
      2       8       2    4099       4       4 0.183E+01 0.183E+01 0.740E-03 0.788E-03 0.314E-02 0.196E-03 0.302E-02 0.189E-03
      2       8       2     509       4       4 0.174E+00 0.187E+00 0.254E-03 0.292E-03 0.505E-03 0.316E-04 0.491E-03 0.307E-04
      2       8       2    8191       4       4 0.975E+00 0.980E+00 0.964E-03 0.102E-02 0.534E-02 0.333E-03 0.532E-02 0.332E-03
