      2       1       1    1024       4       4 0.697E-01 0.706E-01 0.612E-01 0.615E-01 0.556E-04 0.347E-05 0.582E-04 0.364E-05
      2       1       1   16384       4       4 0.481E+00 0.483E+00 0.449E+00 0.451E+00 0.179E-02 0.112E-03 0.181E-02 0.113E-03
      2       1       1    2048       4       4 0.992E-01 0.100E+00 0.890E-01 0.893E-01 0.144E-03 0.900E-05 0.142E-03 0.887E-05
      2       1      12    1024       4       4 0.159E+00 0.167E+00 0.148E+00 0.160E+00 0.387E-03 0.242E-04 0.412E-03 0.257E-04
      2       1      12   16384       4       4 0.581E+00 0.619E+00 0.522E+00 0.559E+00 0.333E-02 0.208E-03 0.145E-02 0.904E-04
      2       1      12    2048       4       4 0.226E+00 0.247E+00 0.205E+00 0.236E+00 0.587E-03 0.367E-04 0.573E-03 0.358E-04
      2       1      12     256       4       4 0.717E-01 0.720E-01 0.639E-01 0.646E-01 0.259E-03 0.162E-04 0.270E-03 0.169E-04
      2       1      12    4096       4       4 0.290E+00 0.328E+00 0.264E+00 0.306E+00 0.554E-02 0.346E-03 0.839E-03 0.524E-04
      2       1      12     512       4       4 0.109E+00 0.114E+00 0.976E-01 0.107E+00 0.306E-03 0.191E-04 0.314E-03 0.196E-04
      2       1       1     256       4       4 0.371E-01 0.379E-01 0.321E-01 0.322E-01 0.117E-04 0.730E-06 0.129E-04 0.805E-06
      2       1      12    8192       4       4 0.437E+00 0.469E+00 0.371E+00 0.412E+00 0.162E-01 0.101E-02 0.120E-02 0.752E-04
      2       1       1    4096       4       4 0.154E+00 0.155E+00 0.140E+00 0.141E+00 0.355E-03 0.222E-04 0.343E-03 0.214E-04
      2       1       1     512       4       4 0.518E-01 0.528E-01 0.450E-01 0.451E-01 0.236E-04 0.148E-05 0.291E-04 0.182E-05
      2       1      16    1024       4       4 0.151E+00 0.156E+00 0.138E+00 0.147E+00 0.555E-03 0.347E-04 0.561E-03 0.350E-04
      2       1      16   16384       4       4 0.572E+00 0.627E+00 0.495E+00 0.573E+00 0.470E-02 0.294E-03 0.116E-02 0.724E-04
      2       1      16    2048       4       4 0.229E+00 0.240E+00 0.215E+00 0.234E+00 0.826E-03 0.516E-04 0.774E-03 0.484E-04
      2       1      16     256       4       4 0.676E-01 0.689E-01 0.605E-01 0.617E-01 0.347E-03 0.217E-04 0.367E-03 0.229E-04
      2       1      16    4096       4       4 0.292E+00 0.296E+00 0.258E+00 0.262E+00 0.749E-03 0.468E-04 0.718E-03 0.449E-04
      2       1      16     512       4       4 0.106E+00 0.108E+00 0.962E-01 0.987E-01 0.558E-03 0.349E-04 0.565E-03 0.353E-04
      2       1      16    8192       4       4 0.413E+00 0.448E+00 0.361E+00 0.389E+00 0.326E-02 0.204E-03 0.945E-03 0.591E-04
      2       1       1    8192       4       4 0.260E+00 0.261E+00 0.239E+00 0.240E+00 0.716E-03 0.447E-04 0.748E-03 0.468E-04
      2       1       2    1024       4       4 0.848E-01 0.908E-01 0.751E-01 0.805E-01 0.253E-03 0.158E-04 0.238E-03 0.149E-04
      2       1       2   16384       4       4 0.457E+00 0.461E+00 0.422E+00 0.424E+00 0.129E-02 0.809E-04 0.136E-02 0.848E-04
      2       1       2    2048       4       4 0.112E+00 0.119E+00 0.101E+00 0.109E+00 0.355E-03 0.222E-04 0.328E-03 0.205E-04
      2       1       2     256       4       4 0.454E-01 0.478E-01 0.391E-01 0.415E-01 0.196E-03 0.122E-04 0.194E-03 0.121E-04
      2       1       2    4096       4       4 0.160E+00 0.161E+00 0.146E+00 0.146E+00 0.437E-03 0.273E-04 0.396E-03 0.248E-04
      2       1      24    1024       4       4 0.237E+00 0.248E+00 0.203E+00 0.212E+00 0.674E-03 0.422E-04 0.654E-03 0.409E-04
      2       1      24   16384       4       4 0.759E+00 0.806E+00 0.680E+00 0.700E+00 0.929E-02 0.581E-03 0.198E-02 0.124E-03
      2       1      24    2048       4       4 0.286E+00 0.313E+00 0.247E+00 0.281E+00 0.957E-03 0.598E-04 0.910E-03 0.568E-04
      2       1      24     256       4       4 0.760E-01 0.780E-01 0.670E-01 0.691E-01 0.439E-03 0.275E-04 0.387E-03 0.242E-04
      2       1      24    4096       4       4 0.392E+00 0.403E+00 0.356E+00 0.392E+00 0.108E-01 0.677E-03 0.143E-02 0.894E-04
      2       1      24     512       4       4 0.128E+00 0.144E+00 0.120E+00 0.126E+00 0.545E-03 0.341E-04 0.592E-03 0.370E-04
      2       1      24    8192       4       4 0.595E+00 0.608E+00 0.500E+00 0.510E+00 0.149E-01 0.931E-03 0.189E-02 0.118E-03
      2       1       2     512       4       4 0.620E-01 0.648E-01 0.542E-01 0.573E-01 0.237E-03 0.148E-04 0.235E-03 0.147E-04
      2       1       2    8192       4       4 0.258E+00 0.259E+00 0.236E+00 0.238E+00 0.658E-03 0.411E-04 0.662E-03 0.414E-04
      2       1       4    1024       4       4 0.110E+00 0.119E+00 0.947E-01 0.978E-01 0.381E-03 0.238E-04 0.381E-03 0.238E-04
      2       1       4   16384       4       4 0.484E+00 0.496E+00 0.414E+00 0.418E+00 0.137E-02 0.855E-04 0.150E-02 0.938E-04
      2       1       4    2048       4       4 0.151E+00 0.167E+00 0.131E+00 0.134E+00 0.429E-03 0.268E-04 0.438E-03 0.274E-04
      2       1       4     256       4       4 0.562E-01 0.599E-01 0.497E-01 0.546E-01 0.269E-03 0.168E-04 0.279E-03 0.174E-04
      2       1       4    4096       4       4 0.196E+00 0.204E+00 0.167E+00 0.176E+00 0.478E-03 0.299E-04 0.430E-03 0.269E-04
      2       1       4     512       4       4 0.709E-01 0.719E-01 0.631E-01 0.632E-01 0.237E-03 0.148E-04 0.244E-03 0.153E-04
      2       1       4    8192       4       4 0.296E+00 0.304E+00 0.256E+00 0.258E+00 0.880E-03 0.550E-04 0.875E-03 0.547E-04
      2      16       1    1024       4       4 0.774E-01 0.102E+00 0.387E-01 0.396E-01 0.438E-03 0.274E-04 0.389E-03 0.243E-04
      2      16       1   16384       4       4 0.187E+00 0.191E+00 0.157E+00 0.158E+00 0.122E-02 0.764E-04 0.110E-02 0.690E-04
      2      16       1    2048       4       4 0.821E-01 0.901E-01 0.634E-01 0.696E-01 0.507E-03 0.317E-04 0.440E-03 0.275E-04
      2      16       1     256       4       4 0.150E-01 0.169E-01 0.628E-02 0.655E-02 0.390E-03 0.243E-04 0.355E-03 0.222E-04
      2      16       1    4096       4       4 0.102E+00 0.105E+00 0.793E-01 0.798E-01 0.604E-03 0.377E-04 0.515E-03 0.322E-04
      2      16       1     512       4       4 0.405E-01 0.457E-01 0.286E-01 0.305E-01 0.373E-03 0.233E-04 0.358E-03 0.224E-04
      2      16       1    8192       4       4 0.147E+00 0.152E+00 0.122E+00 0.122E+00 0.779E-03 0.487E-04 0.671E-03 0.420E-04
      2       1       8    1024       4       4 0.123E+00 0.128E+00 0.113E+00 0.122E+00 0.419E-03 0.262E-04 0.397E-03 0.248E-04
      2       1       8   16384       4       4 0.496E+00 0.507E+00 0.426E+00 0.437E+00 0.136E-02 0.848E-04 0.118E-02 0.739E-04
      2       1       8    2048       4       4 0.188E+00 0.209E+00 0.170E+00 0.193E+00 0.503E-03 0.314E-04 0.480E-03 0.300E-04
      2       1       8     256       4       4 0.585E-01 0.616E-01 0.516E-01 0.550E-01 0.293E-03 0.183E-04 0.266E-03 0.166E-04
      2       1       8    4096       4       4 0.246E+00 0.271E+00 0.221E+00 0.241E+00 0.585E-03 0.366E-04 0.549E-03 0.343E-04
      2       1       8     512       4       4 0.818E-01 0.834E-01 0.738E-01 0.748E-01 0.324E-03 0.202E-04 0.305E-03 0.191E-04
      2       1       8    8192       4       4 0.351E+00 0.376E+00 0.286E+00 0.313E+00 0.789E-03 0.493E-04 0.754E-03 0.471E-04
      2       2       1    1024       4       4 0.115E+00 0.119E+00 0.994E-01 0.101E+00 0.240E-03 0.150E-04 0.230E-03 0.144E-04
      2       2       1   16384       4       4 0.505E+00 0.512E+00 0.463E+00 0.466E+00 0.307E-02 0.192E-03 0.309E-02 0.193E-03
      2       2       1    2048       4       4 0.151E+00 0.154E+00 0.132E+00 0.134E+00 0.491E-03 0.307E-04 0.423E-03 0.264E-04
      2       2      12    1024       4       4 0.304E+00 0.333E+00 0.266E+00 0.285E+00 0.874E-02 0.546E-03 0.134E-02 0.838E-04
      2       2      12   16384       4       4 0.142E+01 0.147E+01 0.133E+01 0.134E+01 0.265E-01 0.165E-02 0.558E-02 0.349E-03
      2       2      12    2048       4       4 0.461E+00 0.488E+00 0.401E+00 0.416E+00 0.575E-02 0.360E-03 0.182E-02 0.114E-03
      2       2      12     256       4       4 0.189E+00 0.196E+00 0.163E+00 0.170E+00 0.319E-02 0.200E-03 0.150E-02 0.936E-04
      2       2      12    4096       4       4 0.661E+00 0.677E+00 0.582E+00 0.623E+00 0.827E-02 0.517E-03 0.239E-02 0.149E-03
      2       2      12     512       4       4 0.230E+00 0.252E+00 0.211E+00 0.222E+00 0.123E-02 0.769E-04 0.120E-02 0.748E-04
      2       2       1     256       4       4 0.647E-01 0.672E-01 0.548E-01 0.553E-01 0.126E-03 0.788E-05 0.106E-03 0.662E-05
      2       2      12    8192       4       4 0.895E+00 0.950E+00 0.871E+00 0.879E+00 0.847E-02 0.529E-03 0.345E-02 0.216E-03
      2       2       1    4096       4       4 0.204E+00 0.208E+00 0.181E+00 0.181E+00 0.822E-03 0.514E-04 0.748E-03 0.467E-04
      2       2       1     512       4       4 0.859E-01 0.888E-01 0.736E-01 0.742E-01 0.162E-03 0.101E-04 0.139E-03 0.867E-05
      2       2       1    8192       4       4 0.314E+00 0.320E+00 0.284E+00 0.287E+00 0.154E-02 0.963E-04 0.156E-02 0.976E-04
      2       2       2    1024       4       4 0.159E+00 0.172E+00 0.138E+00 0.146E+00 0.895E-03 0.559E-04 0.953E-03 0.596E-04
      2       2       2   16384       4       4 0.656E+00 0.680E+00 0.591E+00 0.600E+00 0.462E-02 0.289E-03 0.413E-02 0.258E-03
      2       2       2    2048       4       4 0.204E+00 0.221E+00 0.186E+00 0.213E+00 0.104E-02 0.648E-04 0.107E-02 0.666E-04
      2       2       2     256       4       4 0.963E-01 0.100E+00 0.827E-01 0.829E-01 0.671E-03 0.419E-04 0.724E-03 0.453E-04
      2       2       2    4096       4       4 0.281E+00 0.293E+00 0.261E+00 0.272E+00 0.182E-02 0.114E-03 0.186E-02 0.116E-03
      2       2       2     512       4       4 0.121E+00 0.127E+00 0.106E+00 0.109E+00 0.704E-03 0.440E-04 0.714E-03 0.446E-04
      2       2       2    8192       4       4 0.400E+00 0.425E+00 0.355E+00 0.386E+00 0.263E-02 0.164E-03 0.242E-02 0.151E-03
      2       2       4    1024       4       4 0.182E+00 0.188E+00 0.165E+00 0.174E+00 0.981E-03 0.613E-04 0.944E-03 0.590E-04
      2       2       4   16384       4       4 0.843E+00 0.897E+00 0.764E+00 0.819E+00 0.483E-02 0.302E-03 0.432E-02 0.270E-03
      2       2       4    2048       4       4 0.291E+00 0.298E+00 0.259E+00 0.266E+00 0.160E-02 0.998E-04 0.139E-02 0.871E-04
      2       2       4     256       4       4 0.112E+00 0.116E+00 0.102E+00 0.107E+00 0.910E-03 0.569E-04 0.794E-03 0.496E-04
      2       2       4    4096       4       4 0.387E+00 0.425E+00 0.357E+00 0.396E+00 0.183E-02 0.115E-03 0.164E-02 0.102E-03
      2       2       4     512       4       4 0.145E+00 0.152E+00 0.129E+00 0.138E+00 0.884E-03 0.553E-04 0.813E-03 0.508E-04
      2       2       4    8192       4       4 0.559E+00 0.609E+00 0.506E+00 0.539E+00 0.322E-02 0.201E-03 0.279E-02 0.174E-03
      2       2       8    1024       4       4 0.225E+00 0.232E+00 0.203E+00 0.218E+00 0.126E-02 0.788E-04 0.994E-03 0.622E-04
      2       2       8   16384       4       4 0.825E+00 0.880E+00 0.742E+00 0.792E+00 0.707E-02 0.442E-03 0.512E-02 0.320E-03
      2       2       8    2048       4       4 0.309E+00 0.328E+00 0.272E+00 0.278E+00 0.153E-02 0.957E-04 0.139E-02 0.869E-04
      2       2       8     256       4       4 0.113E+00 0.116E+00 0.101E+00 0.102E+00 0.951E-03 0.595E-04 0.796E-03 0.497E-04
      2       2       8    4096       4       4 0.403E+00 0.406E+00 0.368E+00 0.382E+00 0.192E-02 0.120E-03 0.184E-02 0.115E-03
      2       2       8     512       4       4 0.154E+00 0.156E+00 0.138E+00 0.140E+00 0.126E-02 0.785E-04 0.116E-02 0.723E-04
      2       2       8    8192       4       4 0.563E+00 0.580E+00 0.509E+00 0.522E+00 0.531E-02 0.332E-03 0.264E-02 0.165E-03
      2       4       1    1024       4       4 0.931E-01 0.952E-01 0.781E-01 0.782E-01 0.258E-03 0.161E-04 0.208E-03 0.130E-04
      2       4       1   16384       4       4 0.327E+00 0.335E+00 0.292E+00 0.292E+00 0.183E-02 0.114E-03 0.181E-02 0.113E-03
      2       4       1    2048       4       4 0.123E+00 0.127E+00 0.105E+00 0.106E+00 0.375E-03 0.234E-04 0.307E-03 0.192E-04
      2       4       1     256       4       4 0.444E-01 0.462E-01 0.361E-01 0.366E-01 0.144E-03 0.899E-05 0.105E-03 0.654E-05
      2       4       1    4096       4       4 0.159E+00 0.164E+00 0.137E+00 0.138E+00 0.567E-03 0.354E-04 0.508E-03 0.318E-04
      2       4       1     512       4       4 0.731E-01 0.758E-01 0.604E-01 0.607E-01 0.200E-03 0.125E-04 0.162E-03 0.101E-04
      2       4       1    8192       4       4 0.216E+00 0.221E+00 0.190E+00 0.191E+00 0.105E-02 0.658E-04 0.102E-02 0.639E-04
      2       4       2    1024       4       4 0.137E+00 0.146E+00 0.117E+00 0.126E+00 0.942E-03 0.589E-04 0.954E-03 0.596E-04
      2       4       2   16384       4       4 0.445E+00 0.455E+00 0.397E+00 0.410E+00 0.318E-02 0.199E-03 0.299E-02 0.187E-03
      2       4       2    2048       4       4 0.181E+00 0.186E+00 0.158E+00 0.163E+00 0.116E-02 0.726E-04 0.125E-02 0.783E-04
      2       4       2     256       4       4 0.730E-01 0.814E-01 0.606E-01 0.649E-01 0.713E-03 0.446E-04 0.804E-03 0.503E-04
      2       4       2    4096       4       4 0.232E+00 0.245E+00 0.202E+00 0.215E+00 0.141E-02 0.884E-04 0.145E-02 0.908E-04
      2       4       2     512       4       4 0.109E+00 0.113E+00 0.928E-01 0.955E-01 0.783E-03 0.489E-04 0.836E-03 0.523E-04
      2       4       2    8192       4       4 0.336E+00 0.359E+00 0.295E+00 0.313E+00 0.232E-02 0.145E-03 0.247E-02 0.154E-03
      2       4       4    1024       4       4 0.156E+00 0.160E+00 0.135E+00 0.142E+00 0.124E-02 0.777E-04 0.137E-02 0.857E-04
      2       4       4   16384       4       4 0.499E+00 0.516E+00 0.426E+00 0.433E+00 0.384E-02 0.240E-03 0.365E-02 0.228E-03
      2       4       4    2048       4       4 0.197E+00 0.201E+00 0.171E+00 0.175E+00 0.123E-02 0.769E-04 0.134E-02 0.836E-04
      2       4       4     256       4       4 0.836E-01 0.865E-01 0.699E-01 0.706E-01 0.928E-03 0.580E-04 0.106E-02 0.660E-04
      2       4       4    4096       4       4 0.291E+00 0.296E+00 0.253E+00 0.260E+00 0.190E-02 0.119E-03 0.169E-02 0.105E-03
      2       4       4     512       4       4 0.124E+00 0.134E+00 0.102E+00 0.105E+00 0.951E-03 0.595E-04 0.968E-03 0.605E-04
      2       4       4    8192       4       4 0.375E+00 0.386E+00 0.326E+00 0.343E+00 0.475E-02 0.297E-03 0.266E-02 0.166E-03
      2       8       1    1024       4       4 0.795E-01 0.838E-01 0.644E-01 0.653E-01 0.349E-03 0.218E-04 0.281E-03 0.176E-04
      2       8       1   16384       4       4 0.229E+00 0.233E+00 0.198E+00 0.199E+00 0.133E-02 0.831E-04 0.129E-02 0.809E-04
      2       8       1    2048       4       4 0.101E+00 0.105E+00 0.826E-01 0.848E-01 0.446E-03 0.279E-04 0.349E-03 0.218E-04
      2       8       1     256       4       4 0.331E-01 0.357E-01 0.348E-01 0.659E-01 0.257E-03 0.161E-04 0.282E-03 0.176E-04
      2       8       1    4096       4       4 0.129E+00 0.130E+00 0.108E+00 0.110E+00 0.639E-03 0.400E-04 0.566E-03 0.354E-04
      2       8       1     512       4       4 0.459E-01 0.481E-01 0.327E-01 0.330E-01 0.324E-03 0.203E-04 0.256E-03 0.160E-04
      2       8       1    8192       4       4 0.172E+00 0.179E+00 0.145E+00 0.147E+00 0.818E-03 0.511E-04 0.781E-03 0.488E-04
      2       8       2    1024       4       4 0.116E+00 0.118E+00 0.943E-01 0.972E-01 0.978E-03 0.612E-04 0.101E-02 0.629E-04
      2       8       2   16384       4       4 0.338E+00 0.351E+00 0.288E+00 0.294E+00 0.266E-02 0.167E-03 0.274E-02 0.171E-03
      2       8       2    2048       4       4 0.151E+00 0.155E+00 0.126E+00 0.127E+00 0.121E-02 0.756E-04 0.126E-02 0.790E-04
      2       8       2     256       4       4 0.501E-01 0.510E-01 0.380E-01 0.382E-01 0.935E-03 0.585E-04 0.102E-02 0.640E-04
      2       8       2    4096       4       4 0.192E+00 0.196E+00 0.160E+00 0.163E+00 0.133E-02 0.830E-04 0.145E-02 0.903E-04
      2       8       2     512       4       4 0.699E-01 0.749E-01 0.515E-01 0.527E-01 0.566E-03 0.354E-04 0.799E-03 0.499E-04
      2       8       2    8192       4       4 0.269E+00 0.285E+00 0.226E+00 0.237E+00 0.189E-02 0.118E-03 0.195E-02 0.122E-03
      3       1       1    1024       4       4 0.769E-03 0.295E-02 0.000E+00 0.000E+00 0.362E-03 0.226E-04 0.260E-03 0.163E-04
      3       1       1 1048576       4       4 0.330E-01 0.382E-01 0.000E+00 0.000E+00 0.582E+00 0.364E-01 0.573E+00 0.358E-01
      3       1       1  131072       4       4 0.484E-02 0.777E-02 0.000E+00 0.000E+00 0.400E-01 0.250E-02 0.400E-01 0.250E-02
      3       1       1   16384       4       4 0.122E-02 0.338E-02 0.238E-06 0.954E-06 0.513E-02 0.321E-03 0.515E-02 0.322E-03
      3       1       1    2048       4       4 0.776E-03 0.290E-02 0.000E+00 0.000E+00 0.619E-03 0.387E-04 0.510E-03 0.319E-04
      3       1      12    1024       4       4 0.438E-02 0.174E-01 0.000E+00 0.000E+00 0.553E-03 0.346E-04 0.427E-03 0.267E-04
      3       1      12 1048576       4       4 0.382E-01 0.443E-01 0.536E-06 0.119E-05 0.451E+00 0.282E-01 0.440E+00 0.275E-01
      3       1      12  131072       4       4 0.768E-02 0.172E-01 0.000E+00 0.000E+00 0.414E-01 0.259E-02 0.402E-01 0.251E-02
      3       1      12   16384       4       4 0.452E-02 0.164E-01 0.000E+00 0.000E+00 0.593E-02 0.371E-03 0.570E-02 0.356E-03
      3       1      12    2048       4       4 0.455E-02 0.179E-01 0.238E-06 0.954E-06 0.104E-02 0.649E-04 0.875E-03 0.547E-04
      3       1      12     256       4       4 0.426E-02 0.170E-01 0.000E+00 0.000E+00 0.357E-03 0.223E-04 0.191E-03 0.119E-04
      3       1      12  262144       4       4 0.107E-01 0.155E-01 0.000E+00 0.000E+00 0.849E-01 0.531E-02 0.813E-01 0.508E-02
      3       1      12   32768       4       4 0.683E-02 0.239E-01 0.000E+00 0.000E+00 0.105E-01 0.659E-03 0.104E-01 0.650E-03
      3       1      12    4096       4       4 0.434E-02 0.169E-01 0.238E-06 0.954E-06 0.190E-02 0.119E-03 0.176E-02 0.110E-03
      3       1      12     512       4       4 0.450E-02 0.179E-01 0.238E-06 0.954E-06 0.494E-03 0.309E-04 0.340E-03 0.212E-04
      3       1      12  524288       4       4 0.188E-01 0.207E-01 0.238E-06 0.954E-06 0.182E+00 0.114E-01 0.172E+00 0.107E-01
      3       1       1     256       4       4 0.832E-03 0.328E-02 0.000E+00 0.000E+00 0.187E-03 0.117E-04 0.992E-04 0.620E-05
      3       1       1  262144       4       4 0.896E-02 0.122E-01 0.000E+00 0.000E+00 0.838E-01 0.524E-02 0.814E-01 0.509E-02
      3       1      12   65536       4       4 0.687E-02 0.194E-01 0.238E-06 0.954E-06 0.238E-01 0.149E-02 0.239E-01 0.149E-02
      3       1      12    8192       4       4 0.568E-02 0.216E-01 0.000E+00 0.000E+00 0.363E-02 0.227E-03 0.354E-02 0.221E-03
      3       1       1   32768       4       4 0.185E-02 0.428E-02 0.238E-06 0.954E-06 0.100E-01 0.628E-03 0.101E-01 0.631E-03
      3       1       1    4096       4       4 0.106E-02 0.388E-02 0.238E-06 0.954E-06 0.122E-02 0.761E-04 0.110E-02 0.689E-04
      3       1       1     512       4       4 0.698E-03 0.272E-02 0.000E+00 0.000E+00 0.261E-03 0.163E-04 0.157E-03 0.982E-05
      3       1       1  524288       4       4 0.171E-01 0.209E-01 0.238E-06 0.954E-06 0.190E+00 0.119E-01 0.180E+00 0.113E-01
      3       1      16    1024       4       4 0.420E-02 0.167E-01 0.000E+00 0.000E+00 0.594E-03 0.371E-04 0.415E-03 0.259E-04
      3       1      16 1048576       4       4 0.381E-01 0.440E-01 0.238E-06 0.954E-06 0.459E+00 0.287E-01 0.444E+00 0.278E-01
      3       1      16  131072       4       4 0.790E-02 0.181E-01 0.000E+00 0.000E+00 0.400E-01 0.250E-02 0.389E-01 0.243E-02
      3       1      16   16384       4       4 0.362E-02 0.127E-01 0.000E+00 0.000E+00 0.578E-02 0.361E-03 0.552E-02 0.345E-03
      3       1      16    2048       4       4 0.423E-02 0.167E-01 0.000E+00 0.000E+00 0.893E-03 0.558E-04 0.712E-03 0.445E-04
      3       1      16     256       4       4 0.335E-02 0.133E-01 0.477E-06 0.954E-06 0.373E-03 0.233E-04 0.217E-03 0.136E-04
      3       1      16  262144       4       4 0.116E-01 0.190E-01 0.298E-06 0.119E-05 0.811E-01 0.507E-02 0.783E-01 0.489E-02
      3       1      16   32768       4       4 0.531E-02 0.169E-01 0.000E+00 0.000E+00 0.122E-01 0.761E-03 0.124E-01 0.775E-03
      3       1      16    4096       4       4 0.428E-02 0.167E-01 0.000E+00 0.000E+00 0.205E-02 0.128E-03 0.182E-02 0.114E-03
      3       1      16     512       4       4 0.343E-02 0.136E-01 0.000E+00 0.000E+00 0.545E-03 0.340E-04 0.368E-03 0.230E-04
      3       1      16  524288       4       4 0.204E-01 0.272E-01 0.000E+00 0.000E+00 0.183E+00 0.114E-01 0.171E+00 0.107E-01
      3       1       1   65536       4       4 0.291E-02 0.564E-02 0.238E-06 0.954E-06 0.199E-01 0.124E-02 0.200E-01 0.125E-02
      3       1      16   65536       4       4 0.664E-02 0.197E-01 0.000E+00 0.000E+00 0.204E-01 0.128E-02 0.205E-01 0.128E-02
      3       1      16    8192       4       4 0.437E-02 0.166E-01 0.000E+00 0.000E+00 0.329E-02 0.206E-03 0.310E-02 0.194E-03
      3       1       1    8192       4       4 0.108E-02 0.356E-02 0.000E+00 0.000E+00 0.237E-02 0.148E-03 0.228E-02 0.142E-03
      3       1       2    1024       4       4 0.749E-03 0.287E-02 0.298E-06 0.119E-05 0.450E-03 0.281E-04 0.306E-03 0.191E-04
      3       1       2 1048576       4       4 0.331E-01 0.382E-01 0.238E-06 0.954E-06 0.511E+00 0.319E-01 0.502E+00 0.314E-01
      3       1       2  131072       4       4 0.491E-02 0.774E-02 0.000E+00 0.000E+00 0.405E-01 0.253E-02 0.405E-01 0.253E-02
      3       1       2   16384       4       4 0.351E-02 0.125E-01 0.000E+00 0.000E+00 0.515E-02 0.322E-03 0.490E-02 0.306E-03
      3       1       2    2048       4       4 0.787E-03 0.293E-02 0.000E+00 0.000E+00 0.711E-03 0.444E-04 0.580E-03 0.363E-04
      3       1       2     256       4       4 0.712E-03 0.280E-02 0.000E+00 0.000E+00 0.251E-03 0.157E-04 0.135E-03 0.843E-05
      3       1       2  262144       4       4 0.934E-02 0.132E-01 0.000E+00 0.000E+00 0.779E-01 0.487E-02 0.748E-01 0.467E-02
      3       1       2   32768       4       4 0.319E-02 0.962E-02 0.000E+00 0.000E+00 0.982E-02 0.614E-03 0.956E-02 0.598E-03
      3       1       2    4096       4       4 0.378E-02 0.147E-01 0.238E-06 0.954E-06 0.141E-02 0.878E-04 0.125E-02 0.783E-04
      3       1      24    1024       4       4 0.406E-02 0.161E-01 0.000E+00 0.000E+00 0.663E-03 0.414E-04 0.469E-03 0.293E-04
      3       1      24 1048576       4       4 0.406E-01 0.522E-01 0.238E-06 0.954E-06 0.472E+00 0.295E-01 0.459E+00 0.287E-01
      3       1      24  131072       4       4 0.122E-01 0.318E-01 0.000E+00 0.000E+00 0.698E-01 0.436E-02 0.525E-01 0.328E-02
      3       1      24   16384       4       4 0.443E-02 0.154E-01 0.000E+00 0.000E+00 0.718E-02 0.449E-03 0.718E-02 0.449E-03
      3       1      24    2048       4       4 0.237E-02 0.916E-02 0.238E-06 0.954E-06 0.119E-02 0.742E-04 0.934E-03 0.584E-04
      3       1      24     256       4       4 0.637E-02 0.254E-01 0.238E-06 0.954E-06 0.684E-02 0.427E-03 0.291E-03 0.182E-04
      3       1      24  262144       4       4 0.105E-01 0.151E-01 0.000E+00 0.000E+00 0.909E-01 0.568E-02 0.879E-01 0.550E-02
      3       1      24   32768       4       4 0.504E-02 0.167E-01 0.000E+00 0.000E+00 0.114E-01 0.715E-03 0.113E-01 0.703E-03
      3       1      24    4096       4       4 0.444E-02 0.172E-01 0.238E-06 0.954E-06 0.274E-02 0.171E-03 0.260E-02 0.163E-03
      3       1      24     512       4       4 0.404E-02 0.161E-01 0.238E-06 0.954E-06 0.142E-02 0.890E-04 0.386E-03 0.241E-04
      3       1      24  524288       4       4 0.232E-01 0.257E-01 0.238E-06 0.954E-06 0.214E+00 0.134E-01 0.210E+00 0.131E-01
      3       1      24   65536       4       4 0.563E-02 0.157E-01 0.000E+00 0.000E+00 0.226E-01 0.141E-02 0.221E-01 0.138E-02
      3       1      24    8192       4       4 0.421E-02 0.160E-01 0.238E-06 0.954E-06 0.406E-02 0.254E-03 0.375E-02 0.234E-03
      3       1       2     512       4       4 0.730E-03 0.284E-02 0.000E+00 0.000E+00 0.322E-03 0.201E-04 0.200E-03 0.125E-04
      3       1       2  524288       4       4 0.179E-01 0.233E-01 0.000E+00 0.000E+00 0.172E+00 0.107E-01 0.163E+00 0.102E-01
      3       1       2   65536       4       4 0.351E-02 0.777E-02 0.000E+00 0.000E+00 0.190E-01 0.118E-02 0.190E-01 0.119E-02
      3       1       2    8192       4       4 0.370E-02 0.139E-01 0.000E+00 0.000E+00 0.261E-02 0.163E-03 0.245E-02 0.153E-03
      3       1       4    1024       4       4 0.425E-02 0.169E-01 0.000E+00 0.000E+00 0.461E-03 0.288E-04 0.338E-03 0.211E-04
      3       1       4 1048576       4       4 0.349E-01 0.402E-01 0.000E+00 0.000E+00 0.466E+00 0.291E-01 0.456E+00 0.285E-01
      3       1       4  131072       4       4 0.797E-02 0.196E-01 0.000E+00 0.000E+00 0.401E-01 0.251E-02 0.398E-01 0.249E-02
      3       1       4   16384       4       4 0.625E-02 0.233E-01 0.000E+00 0.000E+00 0.513E-02 0.321E-03 0.497E-02 0.310E-03
      3       1       4    2048       4       4 0.425E-02 0.168E-01 0.000E+00 0.000E+00 0.749E-03 0.468E-04 0.603E-03 0.377E-04
      3       1       4     256       4       4 0.524E-02 0.209E-01 0.238E-06 0.954E-06 0.262E-03 0.164E-04 0.154E-03 0.961E-05
      3       1       4  262144       4       4 0.102E-01 0.156E-01 0.000E+00 0.000E+00 0.825E-01 0.516E-02 0.797E-01 0.498E-02
      3       1       4   32768       4       4 0.413E-02 0.134E-01 0.000E+00 0.000E+00 0.110E-01 0.684E-03 0.106E-01 0.663E-03
      3       1       4    4096       4       4 0.424E-02 0.166E-01 0.000E+00 0.000E+00 0.153E-02 0.957E-04 0.139E-02 0.866E-04
      3       1       4     512       4       4 0.525E-02 0.209E-01 0.298E-06 0.119E-05 0.326E-03 0.204E-04 0.207E-03 0.129E-04
      3       1       4  524288       4       4 0.190E-01 0.268E-01 0.000E+00 0.000E+00 0.186E+00 0.116E-01 0.178E+00 0.111E-01
      3       1       4   65536       4       4 0.524E-02 0.146E-01 0.298E-06 0.119E-05 0.204E-01 0.127E-02 0.202E-01 0.126E-02
      3       1       4    8192       4       4 0.425E-02 0.161E-01 0.000E+00 0.000E+00 0.278E-02 0.174E-03 0.262E-02 0.164E-03
      3      16       1    1024       4       4 0.319E-01 0.128E+00 0.310E-05 0.715E-05 0.196E-02 0.123E-03 0.126E-02 0.789E-04
      3      16       1 1048576       4       4 0.452E-01 0.174E+00 0.340E-05 0.882E-05 0.185E+00 0.116E-01 0.144E+00 0.903E-02
      3      16       1  131072       4       4 0.329E-01 0.131E+00 0.316E-05 0.882E-05 0.273E-01 0.171E-02 0.187E-01 0.117E-02
      3      16       1   16384       4       4 0.223E-01 0.889E-01 0.304E-05 0.691E-05 0.602E-02 0.376E-03 0.442E-02 0.276E-03
      3      16       1    2048       4       4 0.327E-01 0.131E+00 0.304E-05 0.811E-05 0.221E-02 0.138E-03 0.148E-02 0.926E-04
      3      16       1     256       4       4 0.225E-01 0.898E-01 0.221E-05 0.691E-05 0.133E-02 0.830E-04 0.140E-02 0.872E-04
      3      16       1  262144       4       4 0.200E-01 0.774E-01 0.310E-05 0.811E-05 0.488E-01 0.305E-02 0.341E-01 0.213E-02
      3      16       1   32768       4       4 0.298E-01 0.119E+00 0.322E-05 0.811E-05 0.874E-02 0.546E-03 0.653E-02 0.408E-03
      3      16       1    4096       4       4 0.205E-01 0.820E-01 0.244E-05 0.787E-05 0.218E-02 0.136E-03 0.181E-02 0.113E-03
      3      16       1     512       4       4 0.233E-01 0.931E-01 0.674E-05 0.241E-04 0.201E-02 0.125E-03 0.113E-02 0.703E-04
      3      16       1  524288       4       4 0.344E-01 0.132E+00 0.298E-05 0.787E-05 0.948E-01 0.593E-02 0.702E-01 0.439E-02
      3      16       1   65536       4       4 0.188E-01 0.745E-01 0.221E-05 0.596E-05 0.140E-01 0.877E-03 0.959E-02 0.599E-03
      3      16       1    8192       4       4 0.177E-01 0.707E-01 0.328E-05 0.906E-05 0.418E-02 0.261E-03 0.288E-02 0.180E-03
      3       1       8    1024       4       4 0.430E-02 0.170E-01 0.000E+00 0.000E+00 0.498E-03 0.311E-04 0.369E-03 0.231E-04
      3       1       8 1048576       4       4 0.382E-01 0.501E-01 0.238E-06 0.954E-06 0.449E+00 0.281E-01 0.438E+00 0.274E-01
      3       1       8  131072       4       4 0.580E-02 0.963E-02 0.000E+00 0.000E+00 0.396E-01 0.248E-02 0.389E-01 0.243E-02
      3       1       8   16384       4       4 0.461E-02 0.167E-01 0.000E+00 0.000E+00 0.524E-02 0.327E-03 0.505E-02 0.316E-03
      3       1       8    2048       4       4 0.442E-02 0.174E-01 0.000E+00 0.000E+00 0.798E-03 0.499E-04 0.648E-03 0.405E-04
      3       1       8     256       4       4 0.435E-02 0.173E-01 0.000E+00 0.000E+00 0.293E-03 0.183E-04 0.186E-03 0.117E-04
      3       1       8  262144       4       4 0.104E-01 0.148E-01 0.000E+00 0.000E+00 0.813E-01 0.508E-02 0.787E-01 0.492E-02
      3       1       8   32768       4       4 0.470E-02 0.156E-01 0.000E+00 0.000E+00 0.101E-01 0.628E-03 0.991E-02 0.620E-03
      3       1       8    4096       4       4 0.546E-02 0.214E-01 0.000E+00 0.000E+00 0.113E-01 0.709E-03 0.160E-02 0.100E-03
      3       1       8     512       4       4 0.540E-02 0.215E-01 0.000E+00 0.000E+00 0.368E-03 0.230E-04 0.233E-03 0.145E-04
      3       1       8  524288       4       4 0.224E-01 0.351E-01 0.238E-06 0.954E-06 0.180E+00 0.112E-01 0.170E+00 0.106E-01
      3       1       8   65536       4       4 0.423E-02 0.101E-01 0.000E+00 0.000E+00 0.196E-01 0.122E-02 0.193E-01 0.120E-02
      3       1       8    8192       4       4 0.669E-02 0.259E-01 0.000E+00 0.000E+00 0.291E-02 0.182E-03 0.270E-02 0.169E-03
      3       2       1    1024       4       4 0.406E-02 0.161E-01 0.477E-06 0.954E-06 0.562E-03 0.352E-04 0.397E-03 0.248E-04
      3       2       1 1048576       4       4 0.211E-01 0.371E-01 0.775E-06 0.119E-05 0.332E+00 0.207E-01 0.282E+00 0.176E-01
      3       2       1  131072       4       4 0.993E-02 0.338E-01 0.775E-06 0.119E-05 0.331E-01 0.207E-02 0.310E-01 0.194E-02
      3       2       1   16384       4       4 0.411E-02 0.157E-01 0.715E-06 0.954E-06 0.465E-02 0.291E-03 0.416E-02 0.260E-03
      3       2       1    2048       4       4 0.442E-02 0.175E-01 0.954E-06 0.954E-06 0.100E-02 0.628E-04 0.723E-03 0.452E-04
      3       2      12    1024       4       4 0.634E-02 0.252E-01 0.477E-06 0.954E-06 0.736E-03 0.460E-04 0.552E-03 0.345E-04
      3       2      12 1048576       4       4 0.266E-01 0.370E-01 0.477E-06 0.191E-05 0.357E+00 0.223E-01 0.311E+00 0.195E-01
      3       2      12  131072       4       4 0.688E-02 0.207E-01 0.101E-05 0.191E-05 0.357E-01 0.223E-02 0.326E-01 0.204E-02
      3       2      12   16384       4       4 0.817E-02 0.317E-01 0.477E-06 0.954E-06 0.529E-02 0.330E-03 0.479E-02 0.299E-03
      3       2      12    2048       4       4 0.102E-01 0.406E-01 0.775E-06 0.119E-05 0.100E-02 0.626E-04 0.777E-03 0.485E-04
      3       2      12     256       4       4 0.939E-02 0.375E-01 0.119E-05 0.191E-05 0.489E-03 0.306E-04 0.380E-03 0.237E-04
      3       2      12  262144       4       4 0.933E-02 0.200E-01 0.596E-06 0.119E-05 0.747E-01 0.467E-02 0.646E-01 0.404E-02
      3       2      12   32768       4       4 0.694E-02 0.259E-01 0.775E-06 0.119E-05 0.987E-02 0.617E-03 0.900E-02 0.562E-03
      3       2      12    4096       4       4 0.898E-02 0.356E-01 0.238E-06 0.954E-06 0.184E-02 0.115E-03 0.161E-02 0.101E-03
      3       2      12     512       4       4 0.755E-02 0.301E-01 0.954E-06 0.191E-05 0.727E-03 0.454E-04 0.573E-03 0.358E-04
      3       2      12  524288       4       4 0.145E-01 0.306E-01 0.715E-06 0.191E-05 0.145E+00 0.909E-02 0.124E+00 0.778E-02
      3       2       1     256       4       4 0.459E-02 0.183E-01 0.477E-06 0.954E-06 0.350E-03 0.219E-04 0.242E-03 0.151E-04
      3       2       1  262144       4       4 0.930E-02 0.230E-01 0.477E-06 0.954E-06 0.767E-01 0.479E-02 0.666E-01 0.416E-02
      3       2      12   65536       4       4 0.983E-02 0.350E-01 0.715E-06 0.191E-05 0.208E-01 0.130E-02 0.199E-01 0.124E-02
      3       2      12    8192       4       4 0.711E-02 0.278E-01 0.477E-06 0.954E-06 0.389E-02 0.243E-03 0.355E-02 0.222E-03
      3       2       1   32768       4       4 0.498E-02 0.184E-01 0.954E-06 0.191E-05 0.897E-02 0.560E-03 0.821E-02 0.513E-03
      3       2       1    4096       4       4 0.437E-02 0.172E-01 0.477E-06 0.954E-06 0.144E-02 0.898E-04 0.122E-02 0.760E-04
      3       2       1     512       4       4 0.458E-02 0.182E-01 0.113E-05 0.119E-05 0.291E-02 0.182E-03 0.349E-03 0.218E-04
      3       2       1  524288       4       4 0.129E-01 0.272E-01 0.298E-06 0.119E-05 0.138E+00 0.862E-02 0.117E+00 0.732E-02
      3       2       1   65536       4       4 0.565E-02 0.189E-01 0.101E-05 0.119E-05 0.182E-01 0.114E-02 0.171E-01 0.107E-02
      3       2       1    8192       4       4 0.469E-02 0.182E-01 0.477E-06 0.954E-06 0.299E-02 0.187E-03 0.254E-02 0.159E-03
      3       2       2    1024       4       4 0.557E-02 0.222E-01 0.536E-06 0.215E-05 0.746E-03 0.466E-04 0.483E-03 0.302E-04
      3       2       2 1048576       4       4 0.204E-01 0.332E-01 0.954E-06 0.191E-05 0.295E+00 0.184E-01 0.259E+00 0.162E-01
      3       2       2  131072       4       4 0.105E-01 0.358E-01 0.125E-05 0.215E-05 0.483E-01 0.302E-02 0.314E-01 0.196E-02
      3       2       2   16384       4       4 0.858E-02 0.334E-01 0.954E-06 0.191E-05 0.498E-02 0.311E-03 0.449E-02 0.281E-03
      3       2       2    2048       4       4 0.925E-02 0.369E-01 0.107E-05 0.215E-05 0.110E-02 0.689E-04 0.818E-03 0.512E-04
      3       2       2     256       4       4 0.951E-02 0.380E-01 0.429E-05 0.160E-04 0.437E-03 0.273E-04 0.282E-03 0.176E-04
      3       2       2  262144       4       4 0.100E-01 0.273E-01 0.715E-06 0.954E-06 0.658E-01 0.411E-02 0.588E-01 0.367E-02
      3       2       2   32768       4       4 0.499E-02 0.182E-01 0.477E-06 0.954E-06 0.913E-02 0.571E-03 0.831E-02 0.519E-03
      3       2       2    4096       4       4 0.633E-02 0.251E-01 0.536E-06 0.119E-05 0.161E-02 0.101E-03 0.132E-02 0.824E-04
      3       2       2     512       4       4 0.705E-02 0.281E-01 0.715E-06 0.954E-06 0.692E-03 0.433E-04 0.533E-03 0.333E-04
      3       2       2  524288       4       4 0.126E-01 0.252E-01 0.477E-06 0.954E-06 0.145E+00 0.906E-02 0.125E+00 0.780E-02
      3       2       2   65536       4       4 0.701E-02 0.240E-01 0.536E-06 0.119E-05 0.159E-01 0.993E-03 0.148E-01 0.928E-03
      3       2       2    8192       4       4 0.521E-02 0.204E-01 0.101E-05 0.191E-05 0.298E-02 0.186E-03 0.261E-02 0.163E-03
      3       2       4    1024       4       4 0.942E-02 0.375E-01 0.101E-05 0.215E-05 0.799E-03 0.500E-04 0.621E-03 0.388E-04
      3       2       4 1048576       4       4 0.227E-01 0.377E-01 0.536E-06 0.119E-05 0.330E+00 0.206E-01 0.291E+00 0.182E-01
      3       2       4  131072       4       4 0.829E-02 0.263E-01 0.715E-06 0.954E-06 0.346E-01 0.216E-02 0.314E-01 0.196E-02
      3       2       4   16384       4       4 0.115E-01 0.449E-01 0.954E-06 0.191E-05 0.513E-02 0.321E-03 0.459E-02 0.287E-03
      3       2       4    2048       4       4 0.648E-02 0.257E-01 0.477E-06 0.954E-06 0.123E-02 0.770E-04 0.940E-03 0.588E-04
      3       2       4     256       4       4 0.101E-01 0.402E-01 0.536E-06 0.119E-05 0.473E-03 0.296E-04 0.313E-03 0.196E-04
      3       2       4  262144       4       4 0.109E-01 0.304E-01 0.125E-05 0.215E-05 0.682E-01 0.426E-02 0.607E-01 0.379E-02
      3       2       4   32768       4       4 0.908E-02 0.345E-01 0.125E-05 0.215E-05 0.932E-02 0.583E-03 0.838E-02 0.524E-03
      3       2       4    4096       4       4 0.810E-02 0.322E-01 0.775E-06 0.215E-05 0.161E-02 0.100E-03 0.135E-02 0.846E-04
      3       2       4     512       4       4 0.621E-02 0.248E-01 0.000E+00 0.000E+00 0.797E-03 0.498E-04 0.578E-03 0.361E-04
      3       2       4  524288       4       4 0.179E-01 0.449E-01 0.107E-05 0.215E-05 0.137E+00 0.856E-02 0.119E+00 0.744E-02
      3       2       4   65536       4       4 0.535E-02 0.179E-01 0.238E-06 0.954E-06 0.153E-01 0.955E-03 0.139E-01 0.870E-03
      3       2       4    8192       4       4 0.719E-02 0.283E-01 0.477E-06 0.954E-06 0.251E-02 0.157E-03 0.224E-02 0.140E-03
      3       2       8    1024       4       4 0.606E-02 0.241E-01 0.954E-06 0.191E-05 0.823E-03 0.515E-04 0.623E-03 0.389E-04
      3       2       8 1048576       4       4 0.251E-01 0.458E-01 0.536E-06 0.119E-05 0.336E+00 0.210E-01 0.294E+00 0.184E-01
      3       2       8  131072       4       4 0.912E-02 0.286E-01 0.119E-05 0.191E-05 0.375E-01 0.234E-02 0.344E-01 0.215E-02
      3       2       8   16384       4       4 0.915E-02 0.357E-01 0.238E-06 0.954E-06 0.460E-02 0.288E-03 0.412E-02 0.257E-03
      3       2       8    2048       4       4 0.715E-02 0.284E-01 0.238E-06 0.954E-06 0.127E-02 0.794E-04 0.102E-02 0.639E-04
      3       2       8     256       4       4 0.908E-02 0.363E-01 0.715E-06 0.954E-06 0.526E-03 0.329E-04 0.338E-03 0.211E-04
      3       2       8  262144       4       4 0.145E-01 0.415E-01 0.715E-06 0.954E-06 0.705E-01 0.441E-02 0.605E-01 0.378E-02
      3       2       8   32768       4       4 0.727E-02 0.270E-01 0.715E-06 0.191E-05 0.864E-02 0.540E-03 0.774E-02 0.484E-03
      3       2       8    4096       4       4 0.616E-02 0.244E-01 0.000E+00 0.000E+00 0.137E-02 0.854E-04 0.113E-02 0.707E-04
      3       2       8     512       4       4 0.727E-02 0.290E-01 0.238E-06 0.954E-06 0.639E-03 0.400E-04 0.469E-03 0.293E-04
      3       2       8  524288       4       4 0.152E-01 0.333E-01 0.536E-06 0.119E-05 0.133E+00 0.828E-02 0.112E+00 0.703E-02
      3       2       8   65536       4       4 0.794E-02 0.283E-01 0.954E-06 0.191E-05 0.168E-01 0.105E-02 0.155E-01 0.970E-03
      3       2       8    8192       4       4 0.975E-02 0.386E-01 0.954E-06 0.191E-05 0.294E-02 0.184E-03 0.262E-02 0.164E-03
      3       4       1    1024       4       4 0.137E-01 0.547E-01 0.954E-06 0.191E-05 0.668E-03 0.418E-04 0.491E-03 0.307E-04
      3       4       1 1048576       4       4 0.208E-01 0.587E-01 0.179E-05 0.405E-05 0.238E+00 0.149E-01 0.201E+00 0.126E-01
      3       4       1  131072       4       4 0.108E-01 0.397E-01 0.143E-05 0.286E-05 0.300E-01 0.188E-02 0.255E-01 0.160E-02
      3       4       1   16384       4       4 0.136E-01 0.536E-01 0.388E-02 0.155E-01 0.368E-01 0.230E-02 0.441E-02 0.275E-03
      3       4       1    2048       4       4 0.205E-01 0.818E-01 0.131E-05 0.310E-05 0.124E-02 0.774E-04 0.945E-03 0.591E-04
      3       4       1     256       4       4 0.126E-01 0.505E-01 0.131E-05 0.310E-05 0.558E-03 0.349E-04 0.427E-03 0.267E-04
      3       4       1  262144       4       4 0.146E-01 0.508E-01 0.149E-05 0.286E-05 0.600E-01 0.375E-02 0.493E-01 0.308E-02
      3       4       1   32768       4       4 0.102E-01 0.396E-01 0.155E-05 0.310E-05 0.928E-02 0.580E-03 0.813E-02 0.508E-03
      3       4       1    4096       4       4 0.107E-01 0.426E-01 0.125E-05 0.286E-05 0.147E-02 0.916E-04 0.112E-02 0.701E-04
      3       4       1     512       4       4 0.125E-01 0.498E-01 0.125E-05 0.191E-05 0.719E-03 0.449E-04 0.546E-03 0.341E-04
      3       4       1  524288       4       4 0.163E-01 0.527E-01 0.209E-05 0.405E-05 0.118E+00 0.736E-02 0.929E-01 0.580E-02
      3       4       1   65536       4       4 0.104E-01 0.398E-01 0.125E-05 0.310E-05 0.164E-01 0.103E-02 0.144E-01 0.901E-03
      3       4       1    8192       4       4 0.109E-01 0.433E-01 0.302E-02 0.121E-01 0.344E-01 0.215E-02 0.256E-02 0.160E-03
      3       4       2    1024       4       4 0.161E-01 0.644E-01 0.715E-06 0.191E-05 0.892E-03 0.558E-04 0.679E-03 0.424E-04
      3       4       2 1048576       4       4 0.225E-01 0.639E-01 0.155E-05 0.310E-05 0.249E+00 0.156E-01 0.216E+00 0.135E-01
      3       4       2  131072       4       4 0.154E-01 0.583E-01 0.107E-05 0.215E-05 0.282E-01 0.176E-02 0.237E-01 0.148E-02
      3       4       2   16384       4       4 0.134E-01 0.531E-01 0.179E-05 0.286E-05 0.484E-02 0.302E-03 0.398E-02 0.249E-03
      3       4       2    2048       4       4 0.145E-01 0.578E-01 0.119E-05 0.191E-05 0.130E-02 0.810E-04 0.101E-02 0.631E-04
      3       4       2     256       4       4 0.143E-01 0.573E-01 0.173E-05 0.405E-05 0.645E-03 0.403E-04 0.495E-03 0.309E-04
      3       4       2  262144       4       4 0.120E-01 0.411E-01 0.775E-06 0.310E-05 0.540E-01 0.337E-02 0.422E-01 0.264E-02
      3       4       2   32768       4       4 0.146E-01 0.573E-01 0.149E-05 0.310E-05 0.777E-02 0.486E-03 0.671E-02 0.419E-03
      3       4       2    4096       4       4 0.149E-01 0.595E-01 0.179E-05 0.310E-05 0.180E-02 0.112E-03 0.139E-02 0.867E-04
      3       4       2     512       4       4 0.700E-02 0.279E-01 0.954E-06 0.191E-05 0.543E-03 0.339E-04 0.394E-03 0.246E-04
      3       4       2  524288       4       4 0.100E-01 0.267E-01 0.149E-05 0.310E-05 0.114E+00 0.714E-02 0.914E-01 0.571E-02
      3       4       2   65536       4       4 0.154E-01 0.598E-01 0.185E-05 0.310E-05 0.139E-01 0.872E-03 0.123E-01 0.770E-03
      3       4       2    8192       4       4 0.166E-01 0.661E-01 0.119E-05 0.286E-05 0.277E-02 0.173E-03 0.227E-02 0.142E-03
      3       4       4    1024       4       4 0.177E-01 0.707E-01 0.203E-05 0.405E-05 0.931E-03 0.582E-04 0.771E-03 0.482E-04
      3       4       4 1048576       4       4 0.186E-01 0.471E-01 0.125E-05 0.310E-05 0.262E+00 0.164E-01 0.225E+00 0.140E-01
      3       4       4  131072       4       4 0.154E-01 0.579E-01 0.715E-06 0.191E-05 0.265E-01 0.166E-02 0.213E-01 0.133E-02
      3       4       4   16384       4       4 0.137E-01 0.544E-01 0.149E-05 0.310E-05 0.502E-02 0.313E-03 0.426E-02 0.266E-03
      3       4       4    2048       4       4 0.157E-01 0.626E-01 0.131E-05 0.310E-05 0.116E-02 0.727E-04 0.906E-03 0.566E-04
      3       4       4     256       4       4 0.117E-01 0.466E-01 0.775E-06 0.310E-05 0.518E-03 0.324E-04 0.406E-03 0.254E-04
      3       4       4  262144       4       4 0.136E-01 0.475E-01 0.107E-05 0.215E-05 0.523E-01 0.327E-02 0.405E-01 0.253E-02
      3       4       4   32768       4       4 0.136E-01 0.537E-01 0.477E-06 0.191E-05 0.737E-02 0.461E-03 0.623E-02 0.390E-03
      3       4       4    4096       4       4 0.114E-01 0.455E-01 0.149E-05 0.310E-05 0.177E-02 0.110E-03 0.134E-02 0.839E-04
      3       4       4     512       4       4 0.149E-01 0.597E-01 0.125E-05 0.310E-05 0.561E-03 0.351E-04 0.467E-03 0.292E-04
      3       4       4  524288       4       4 0.134E-01 0.398E-01 0.143E-05 0.286E-05 0.118E+00 0.738E-02 0.939E-01 0.587E-02
      3       4       4   65536       4       4 0.126E-01 0.485E-01 0.119E-05 0.286E-05 0.126E-01 0.791E-03 0.105E-01 0.659E-03
      3       4       4    8192       4       4 0.101E-01 0.401E-01 0.477E-06 0.191E-05 0.230E-02 0.144E-03 0.187E-02 0.117E-03
      3       8       1    1024       4       4 0.163E-01 0.653E-01 0.209E-05 0.596E-05 0.129E-02 0.805E-04 0.110E-02 0.688E-04
      3       8       1 1048576       4       4 0.281E-01 0.988E-01 0.221E-05 0.501E-05 0.198E+00 0.123E-01 0.159E+00 0.993E-02
      3       8       1  131072       4       4 0.109E-01 0.418E-01 0.417E-05 0.129E-04 0.239E-01 0.149E-02 0.169E-01 0.106E-02
      3       8       1   16384       4       4 0.897E-02 0.355E-01 0.155E-05 0.405E-05 0.408E-02 0.255E-03 0.321E-02 0.201E-03
      3       8       1    2048       4       4 0.274E-01 0.109E+00 0.203E-05 0.405E-05 0.141E-02 0.884E-04 0.120E-02 0.751E-04
      3       8       1     256       4       4 0.191E-01 0.763E-01 0.131E-05 0.310E-05 0.888E-03 0.555E-04 0.691E-03 0.432E-04
      3       8       1  262144       4       4 0.217E-01 0.831E-01 0.203E-05 0.501E-05 0.492E-01 0.308E-02 0.374E-01 0.234E-02
      3       8       1   32768       4       4 0.228E-01 0.904E-01 0.197E-05 0.501E-05 0.811E-02 0.507E-03 0.674E-02 0.422E-03
      3       8       1    4096       4       4 0.221E-01 0.881E-01 0.167E-05 0.381E-05 0.230E-02 0.143E-03 0.179E-02 0.112E-03
      3       8       1     512       4       4 0.115E-01 0.460E-01 0.179E-05 0.405E-05 0.850E-03 0.531E-04 0.644E-03 0.402E-04
      3       8       1  524288       4       4 0.105E-01 0.352E-01 0.173E-05 0.405E-05 0.966E-01 0.604E-02 0.761E-01 0.475E-02
      3       8       1   65536       4       4 0.219E-01 0.864E-01 0.173E-05 0.381E-05 0.136E-01 0.852E-03 0.111E-01 0.691E-03
      3       8       1    8192       4       4 0.142E-01 0.566E-01 0.149E-05 0.286E-05 0.270E-02 0.169E-03 0.204E-02 0.127E-03
      3       8       2    1024       4       4 0.133E-01 0.531E-01 0.197E-05 0.477E-05 0.132E-02 0.827E-04 0.110E-02 0.687E-04
      3       8       2 1048576       4       4 0.269E-01 0.934E-01 0.262E-05 0.620E-05 0.217E+00 0.136E-01 0.173E+00 0.108E-01
      3       8       2  131072       4       4 0.920E-02 0.344E-01 0.173E-05 0.501E-05 0.265E-01 0.165E-02 0.189E-01 0.118E-02
      3       8       2   16384       4       4 0.233E-01 0.929E-01 0.179E-05 0.405E-05 0.417E-02 0.261E-03 0.329E-02 0.206E-03
      3       8       2    2048       4       4 0.151E-01 0.602E-01 0.775E-06 0.310E-05 0.144E-02 0.902E-04 0.125E-02 0.780E-04
      3       8       2     256       4       4 0.158E-01 0.630E-01 0.149E-05 0.405E-05 0.109E-02 0.680E-04 0.901E-03 0.563E-04
      3       8       2  262144       4       4 0.226E-01 0.851E-01 0.232E-05 0.501E-05 0.628E-01 0.392E-02 0.403E-01 0.252E-02
      3       8       2   32768       4       4 0.173E-01 0.685E-01 0.209E-05 0.501E-05 0.812E-02 0.508E-03 0.632E-02 0.395E-03
      3       8       2    4096       4       4 0.114E-01 0.454E-01 0.131E-05 0.405E-05 0.240E-02 0.150E-03 0.178E-02 0.111E-03
      3       8       2     512       4       4 0.121E-01 0.484E-01 0.119E-05 0.286E-05 0.109E-02 0.681E-04 0.921E-03 0.576E-04
      3       8       2  524288       4       4 0.121E-01 0.379E-01 0.197E-05 0.501E-05 0.103E+00 0.646E-02 0.806E-01 0.504E-02
      3       8       2   65536       4       4 0.104E-01 0.403E-01 0.173E-05 0.501E-05 0.137E-01 0.859E-03 0.103E-01 0.646E-03
      3       8       2    8192       4       4 0.159E-01 0.633E-01 0.167E-05 0.381E-05 0.360E-02 0.225E-03 0.277E-02 0.173E-03
