      2       1       1     127     127     127       4 0.112E+01 0.112E+01 0.113E+01 0.113E+01 0.623E+00 0.156E+00 0.634E+00 0.158E+00
      2       1       1      17      17      17       4 0.470E-02 0.510E-02 0.483E-02 0.485E-02 0.224E-03 0.560E-04 0.239E-03 0.598E-04
      2       1       1     257     257     257       4 0.316E+02 0.316E+02 0.330E+02 0.332E+02 0.731E+01 0.183E+01 0.721E+01 0.180E+01
      2       1       1      31      31      31       4 0.115E-01 0.120E-01 0.122E-01 0.124E-01 0.208E-02 0.519E-03 0.214E-02 0.535E-03
      2       1       1     509     509     509       4 0.112E+03 0.112E+03 0.107E+03 0.108E+03 0.747E+02 0.187E+02 0.724E+02 0.181E+02
      2       1       1      67      67      67       4 0.894E-01 0.909E-01 0.934E-01 0.943E-01 0.374E-01 0.934E-02 0.397E-01 0.992E-02
      2       1       1       7       7       7       4 0.421E-02 0.457E-02 0.425E-02 0.428E-02 0.787E-05 0.197E-05 0.501E-05 0.125E-05
      2       1      12     127     127     127       4 0.112E+01 0.118E+01 0.113E+01 0.115E+01 0.864E-01 0.216E-01 0.710E-01 0.177E-01
      2       1      12      17      17      17       4 0.326E-01 0.330E-01 0.346E-01 0.349E-01 0.293E-03 0.733E-04 0.217E-03 0.542E-04
      2       1      12     257     257     257       4 0.230E+02 0.233E+02 0.228E+02 0.231E+02 0.967E+00 0.242E+00 0.931E+00 0.233E+00
      2       1      12      31      31      31       4 0.581E-01 0.586E-01 0.793E-01 0.854E-01 0.722E-03 0.181E-03 0.695E-03 0.174E-03
      2       1      12     509     509     509       4 0.787E+02 0.818E+02 0.772E+02 0.806E+02 0.776E+01 0.194E+01 0.797E+01 0.199E+01
      2       1      12      67      67      67       4 0.180E+00 0.190E+00 0.204E+00 0.211E+00 0.849E-02 0.212E-02 0.850E-02 0.213E-02
      2       1      12       7       7       7       4 0.240E-01 0.242E-01 0.244E-01 0.246E-01 0.158E-03 0.395E-04 0.106E-03 0.265E-04
      2       1      16     127     127     127       4 0.110E+01 0.113E+01 0.116E+01 0.120E+01 0.679E-01 0.170E-01 0.555E-01 0.139E-01
      2       1      16      17      17      17       4 0.338E-01 0.347E-01 0.353E-01 0.356E-01 0.325E-03 0.812E-04 0.278E-03 0.695E-04
      2       1      16     257     257     257       4 0.209E+02 0.212E+02 0.208E+02 0.211E+02 0.829E+00 0.207E+00 0.816E+00 0.204E+00
      2       1      16      31      31      31       4 0.602E-01 0.617E-01 0.687E-01 0.726E-01 0.737E-03 0.184E-03 0.751E-03 0.188E-03
      2       1      16     509     509     509       4 0.673E+02 0.676E+02 0.649E+02 0.657E+02 0.717E+01 0.179E+01 0.685E+01 0.171E+01
      2       1      16      67      67      67       4 0.235E+00 0.247E+00 0.271E+00 0.285E+00 0.756E-02 0.189E-02 0.733E-02 0.183E-02
      2       1      16       7       7       7       4 0.179E-01 0.197E-01 0.187E-01 0.203E-01 0.324E-03 0.809E-04 0.256E-03 0.640E-04
      2       1       2     127     127     127       4 0.198E+01 0.202E+01 0.180E+01 0.181E+01 0.304E+00 0.761E-01 0.312E+00 0.781E-01
      2       1       2      17      17      17       4 0.171E-01 0.195E-01 0.156E-01 0.173E-01 0.188E-03 0.470E-04 0.177E-03 0.443E-04
      2       1       2     257     257     257       4 0.454E+02 0.463E+02 0.479E+02 0.487E+02 0.405E+01 0.101E+01 0.385E+01 0.961E+00
      2       1       2      31      31      31       4 0.379E-01 0.457E-01 0.337E-01 0.396E-01 0.135E-02 0.337E-03 0.138E-02 0.344E-03
      2       1       2     509     509     509       4 0.962E+02 0.966E+02 0.909E+02 0.919E+02 0.399E+02 0.997E+01 0.382E+02 0.955E+01
      2       1       2      67      67      67       4 0.186E+00 0.188E+00 0.178E+00 0.180E+00 0.228E-01 0.570E-02 0.244E-01 0.610E-02
      2       1       2       7       7       7       4 0.106E-01 0.109E-01 0.101E-01 0.103E-01 0.949E-04 0.237E-04 0.350E-04 0.876E-05
      2       1      24     127     127     127       4 0.108E+01 0.110E+01 0.128E+01 0.132E+01 0.463E-01 0.116E-01 0.407E-01 0.102E-01
      2       1      24      17      17      17       4 0.489E-01 0.492E-01 0.518E-01 0.526E-01 0.955E-03 0.239E-03 0.790E-03 0.198E-03
      2       1      24     257     257     257       4 0.163E+02 0.166E+02 0.156E+02 0.157E+02 0.456E+00 0.114E+00 0.443E+00 0.111E+00
      2       1      24      31      31      31       4 0.785E-01 0.828E-01 0.860E-01 0.891E-01 0.140E-02 0.350E-03 0.137E-02 0.342E-03
      2       1      24     509     509     509       4 0.604E+02 0.609E+02 0.580E+02 0.592E+02 0.471E+01 0.118E+01 0.441E+01 0.110E+01
      2       1      24      67      67      67       4 0.221E+00 0.256E+00 0.403E+00 0.447E+00 0.586E-02 0.146E-02 0.561E-02 0.140E-02
      2       1      24       7       7       7       4 0.244E-01 0.280E-01 0.236E-01 0.285E-01 0.473E-03 0.118E-03 0.390E-03 0.975E-04
      2       1       4     127     127     127       4 0.157E+01 0.159E+01 0.157E+01 0.160E+01 0.178E+00 0.445E-01 0.195E+00 0.488E-01
      2       1       4      17      17      17       4 0.215E-01 0.218E-01 0.210E-01 0.211E-01 0.155E-03 0.387E-04 0.160E-03 0.401E-04
      2       1       4     257     257     257       4 0.394E+02 0.397E+02 0.381E+02 0.383E+02 0.209E+01 0.523E+00 0.206E+01 0.516E+00
      2       1       4      31      31      31       4 0.391E-01 0.400E-01 0.388E-01 0.395E-01 0.103E-02 0.257E-03 0.952E-03 0.238E-03
      2       1       4     509     509     509       4 0.894E+02 0.941E+02 0.901E+02 0.960E+02 0.208E+02 0.521E+01 0.197E+02 0.493E+01
      2       1       4      67      67      67       4 0.228E+00 0.229E+00 0.251E+00 0.253E+00 0.108E-01 0.269E-02 0.115E-01 0.287E-02
      2       1       4       7       7       7       4 0.132E-01 0.137E-01 0.128E-01 0.130E-01 0.560E-04 0.140E-04 0.541E-04 0.135E-04
      2       1       8     127     127     127       4 0.118E+01 0.122E+01 0.120E+01 0.122E+01 0.941E-01 0.235E-01 0.101E+00 0.253E-01
      2       1       8      17      17      17       4 0.309E-01 0.318E-01 0.367E-01 0.388E-01 0.239E-03 0.598E-04 0.175E-03 0.437E-04
      2       1       8     257     257     257       4 0.276E+02 0.280E+02 0.268E+02 0.271E+02 0.128E+01 0.320E+00 0.123E+01 0.307E+00
      2       1       8      31      31      31       4 0.317E-01 0.326E-01 0.414E-01 0.427E-01 0.879E-03 0.220E-03 0.974E-03 0.243E-03
      2       1       8     509     509     509       4 0.668E+02 0.675E+02 0.622E+02 0.639E+02 0.120E+02 0.301E+01 0.115E+02 0.287E+01
      2       1       8      67      67      67       4 0.169E+00 0.176E+00 0.218E+00 0.236E+00 0.962E-02 0.241E-02 0.996E-02 0.249E-02
      2       1       8       7       7       7       4 0.208E-01 0.214E-01 0.226E-01 0.234E-01 0.956E-04 0.239E-04 0.128E-03 0.319E-04
      2      16       1     127     127     127       4 0.134E+00 0.136E+00 0.128E+00 0.129E+00 0.594E-01 0.149E-01 0.570E-01 0.142E-01
      2      16       1      17      17      17       4 0.845E-02 0.109E-01 0.412E-02 0.414E-02 0.326E-03 0.815E-04 0.252E-03 0.630E-04
      2      16       1      31      31      31       4 0.949E-02 0.117E-01 0.543E-02 0.548E-02 0.739E-03 0.185E-03 0.620E-03 0.155E-03
      2      16       1      67      67      67       4 0.199E-01 0.222E-01 0.147E-01 0.148E-01 0.625E-02 0.156E-02 0.506E-02 0.127E-02
      2      16       1       7       7       7       4 0.565E-02 0.794E-02 0.412E-02 0.414E-02 0.199E-03 0.497E-04 0.106E-03 0.265E-04
      2       2       1     127     127     127       4 0.570E+00 0.575E+00 0.556E+00 0.560E+00 0.381E+00 0.952E-01 0.383E+00 0.957E-01
      2       2       1      17      17      17       4 0.743E-02 0.971E-02 0.267E-02 0.269E-02 0.306E-03 0.766E-04 0.271E-03 0.677E-04
      2       2       1     257     257     257       4 0.682E+01 0.685E+01 0.646E+01 0.649E+01 0.482E+01 0.120E+01 0.478E+01 0.119E+01
      2       2       1      31      31      31       4 0.151E-01 0.190E-01 0.723E-02 0.730E-02 0.187E-02 0.468E-03 0.175E-02 0.439E-03
      2       2       1     509     509     509       4 0.116E+02 0.117E+02 0.991E+01 0.101E+02 0.462E+02 0.115E+02 0.462E+02 0.115E+02
      2       2       1      67      67      67       4 0.555E-01 0.595E-01 0.538E-01 0.564E-01 0.287E-01 0.719E-02 0.294E-01 0.736E-02
      2       2       1       7       7       7       4 0.980E-02 0.115E-01 0.386E-02 0.396E-02 0.620E-04 0.155E-04 0.319E-04 0.799E-05
      2       2      12     127     127     127       4 0.729E+00 0.745E+00 0.630E+00 0.639E+00 0.261E+00 0.652E-01 0.250E+00 0.626E-01
      2       2      12      17      17      17       4 0.342E-01 0.363E-01 0.212E-01 0.215E-01 0.158E-02 0.394E-03 0.118E-02 0.294E-03
      2       2      12     257     257     257       4 0.571E+01 0.583E+01 0.501E+01 0.506E+01 0.212E+01 0.531E+00 0.196E+01 0.490E+00
      2       2      12      31      31      31       4 0.730E-01 0.798E-01 0.473E-01 0.550E-01 0.364E-02 0.909E-03 0.304E-02 0.760E-03
      2       2      12     509     509     509       4 0.223E+02 0.225E+02 0.187E+02 0.195E+02 0.158E+02 0.395E+01 0.157E+02 0.393E+01
      2       2      12      67      67      67       4 0.160E+00 0.187E+00 0.136E+00 0.158E+00 0.634E-01 0.159E-01 0.666E-01 0.167E-01
      2       2      12       7       7       7       4 0.278E-01 0.294E-01 0.171E-01 0.174E-01 0.102E-02 0.256E-03 0.872E-03 0.218E-03
      2       2       2     127     127     127       4 0.866E+00 0.883E+00 0.828E+00 0.834E+00 0.244E+00 0.610E-01 0.238E+00 0.595E-01
      2       2       2      17      17      17       4 0.171E-01 0.187E-01 0.752E-02 0.791E-02 0.525E-03 0.131E-03 0.432E-03 0.108E-03
      2       2       2     257     257     257       4 0.892E+01 0.894E+01 0.832E+01 0.836E+01 0.311E+01 0.778E+00 0.313E+01 0.783E+00
      2       2       2      31      31      31       4 0.352E-01 0.402E-01 0.201E-01 0.231E-01 0.213E-02 0.533E-03 0.190E-02 0.476E-03
      2       2       2     509     509     509       4 0.252E+02 0.254E+02 0.201E+02 0.203E+02 0.290E+02 0.725E+01 0.290E+02 0.726E+01
      2       2       2      67      67      67       4 0.131E+00 0.156E+00 0.122E+00 0.144E+00 0.282E-01 0.704E-02 0.281E-01 0.703E-02
      2       2       2       7       7       7       4 0.183E-01 0.205E-01 0.751E-02 0.791E-02 0.288E-03 0.721E-04 0.197E-03 0.492E-04
      2       2       4     127     127     127       4 0.963E+00 0.984E+00 0.922E+00 0.945E+00 0.275E+00 0.686E-01 0.273E+00 0.684E-01
      2       2       4      17      17      17       4 0.273E-01 0.283E-01 0.139E-01 0.152E-01 0.936E-03 0.234E-03 0.642E-03 0.160E-03
      2       2       4     257     257     257       4 0.887E+01 0.907E+01 0.796E+01 0.819E+01 0.270E+01 0.674E+00 0.266E+01 0.666E+00
      2       2       4      31      31      31       4 0.493E-01 0.537E-01 0.300E-01 0.319E-01 0.254E-02 0.634E-03 0.237E-02 0.592E-03
      2       2       4     509     509     509       4 0.260E+02 0.272E+02 0.197E+02 0.199E+02 0.232E+02 0.581E+01 0.235E+02 0.587E+01
      2       2       4      67      67      67       4 0.202E+00 0.207E+00 0.154E+00 0.158E+00 0.485E-01 0.121E-01 0.480E-01 0.120E-01
      2       2       4       7       7       7       4 0.240E-01 0.256E-01 0.150E-01 0.152E-01 0.621E-03 0.155E-03 0.479E-03 0.120E-03
      2       2       8     127     127     127       4 0.730E+00 0.742E+00 0.663E+00 0.672E+00 0.259E+00 0.647E-01 0.251E+00 0.628E-01
      2       2       8      17      17      17       4 0.312E-01 0.332E-01 0.176E-01 0.182E-01 0.120E-02 0.301E-03 0.829E-03 0.207E-03
      2       2       8     257     257     257       4 0.671E+01 0.678E+01 0.607E+01 0.608E+01 0.228E+01 0.570E+00 0.228E+01 0.571E+00
      2       2       8      31      31      31       4 0.451E-01 0.472E-01 0.273E-01 0.276E-01 0.247E-02 0.617E-03 0.205E-02 0.512E-03
      2       2       8     509     509     509       4 0.283E+02 0.296E+02 0.226E+02 0.230E+02 0.176E+02 0.439E+01 0.177E+02 0.442E+01
      2       2       8      67      67      67       4 0.145E+00 0.157E+00 0.123E+00 0.133E+00 0.462E-01 0.116E-01 0.461E-01 0.115E-01
      2       2       8       7       7       7       4 0.290E-01 0.301E-01 0.164E-01 0.169E-01 0.819E-03 0.205E-03 0.684E-03 0.171E-03
      2       4       1     127     127     127       4 0.326E+00 0.332E+00 0.298E+00 0.303E+00 0.201E+00 0.502E-01 0.200E+00 0.501E-01
      2       4       1      17      17      17       4 0.822E-02 0.991E-02 0.322E-02 0.332E-02 0.283E-03 0.707E-04 0.257E-03 0.643E-04
      2       4       1     257     257     257       4 0.280E+01 0.282E+01 0.266E+01 0.266E+01 0.243E+01 0.607E+00 0.236E+01 0.591E+00
      2       4       1      31      31      31       4 0.111E-01 0.147E-01 0.532E-02 0.656E-02 0.152E-02 0.380E-03 0.109E-02 0.272E-03
      2       4       1     509     509     509       4 0.902E+01 0.910E+01 0.705E+01 0.708E+01 0.243E+02 0.608E+01 0.243E+02 0.608E+01
      2       4       1      67      67      67       4 0.388E-01 0.406E-01 0.307E-01 0.310E-01 0.160E-01 0.400E-02 0.155E-01 0.388E-02
      2       4       1       7       7       7       4 0.918E-02 0.108E-01 0.470E-02 0.477E-02 0.689E-04 0.172E-04 0.489E-04 0.122E-04
      2       4       2     127     127     127       4 0.563E+00 0.572E+00 0.506E+00 0.514E+00 0.157E+00 0.393E-01 0.153E+00 0.382E-01
      2       4       2      17      17      17       4 0.163E-01 0.180E-01 0.861E-02 0.881E-02 0.514E-03 0.129E-03 0.445E-03 0.111E-03
      2       4       2     257     257     257       4 0.540E+01 0.542E+01 0.509E+01 0.513E+01 0.167E+01 0.418E+00 0.166E+01 0.415E+00
      2       4       2      31      31      31       4 0.212E-01 0.234E-01 0.114E-01 0.115E-01 0.173E-02 0.432E-03 0.142E-02 0.356E-03
      2       4       2     509     509     509       4 0.242E+02 0.245E+02 0.208E+02 0.211E+02 0.174E+02 0.434E+01 0.175E+02 0.437E+01
      2       4       2      67      67      67       4 0.875E-01 0.913E-01 0.730E-01 0.781E-01 0.198E-01 0.494E-02 0.182E-01 0.455E-02
      2       4       2       7       7       7       4 0.164E-01 0.177E-01 0.103E-01 0.105E-01 0.363E-03 0.908E-04 0.193E-03 0.483E-04
      2       4       4     127     127     127       4 0.545E+00 0.560E+00 0.468E+00 0.490E+00 0.161E+00 0.402E-01 0.175E+00 0.437E-01
      2       4       4      17      17      17       4 0.303E-01 0.323E-01 0.190E-01 0.200E-01 0.125E-02 0.313E-03 0.981E-03 0.245E-03
      2       4       4     257     257     257       4 0.508E+01 0.511E+01 0.446E+01 0.449E+01 0.148E+01 0.371E+00 0.147E+01 0.367E+00
      2       4       4      31      31      31       4 0.277E-01 0.311E-01 0.137E-01 0.139E-01 0.230E-02 0.574E-03 0.177E-02 0.442E-03
      2       4       4     509     509     509       4 0.257E+02 0.262E+02 0.215E+02 0.215E+02 0.126E+02 0.315E+01 0.127E+02 0.318E+01
      2       4       4      67      67      67       4 0.103E+00 0.106E+00 0.771E-01 0.792E-01 0.259E-01 0.647E-02 0.248E-01 0.620E-02
      2       4       4       7       7       7       4 0.239E-01 0.265E-01 0.166E-01 0.168E-01 0.793E-03 0.198E-03 0.618E-03 0.155E-03
      2       8       1     127     127     127       4 0.212E+00 0.218E+00 0.191E+00 0.195E+00 0.109E+00 0.272E-01 0.105E+00 0.263E-01
      2       8       1      17      17      17       4 0.874E-02 0.107E-01 0.325E-02 0.328E-02 0.236E-03 0.589E-04 0.158E-03 0.395E-04
      2       8       1     257     257     257       4 0.160E+01 0.160E+01 0.153E+01 0.154E+01 0.133E+01 0.333E+00 0.131E+01 0.327E+00
      2       8       1      31      31      31       4 0.974E-02 0.114E-01 0.472E-02 0.480E-02 0.660E-03 0.165E-03 0.604E-03 0.151E-03
      2       8       1     509     509     509       4 0.914E+01 0.918E+01 0.833E+01 0.839E+01 0.133E+02 0.333E+01 0.131E+02 0.327E+01
      2       8       1      67      67      67       4 0.318E-01 0.343E-01 0.202E-01 0.206E-01 0.949E-02 0.237E-02 0.884E-02 0.221E-02
      2       8       1       7       7       7       4 0.415E-02 0.668E-02 0.278E-02 0.281E-02 0.106E-03 0.265E-04 0.556E-04 0.139E-04
      2       8       2     127     127     127       4 0.369E+00 0.386E+00 0.321E+00 0.323E+00 0.857E-01 0.214E-01 0.825E-01 0.206E-01
      2       8       2      17      17      17       4 0.175E-01 0.189E-01 0.869E-02 0.903E-02 0.645E-03 0.161E-03 0.399E-03 0.997E-04
      2       8       2     257     257     257       4 0.320E+01 0.324E+01 0.294E+01 0.298E+01 0.105E+01 0.263E+00 0.103E+01 0.259E+00
      2       8       2      31      31      31       4 0.191E-01 0.205E-01 0.103E-01 0.108E-01 0.126E-02 0.314E-03 0.103E-02 0.257E-03
      2       8       2     509     509     509       4 0.216E+02 0.221E+02 0.188E+02 0.191E+02 0.966E+01 0.242E+01 0.933E+01 0.233E+01
      2       8       2      67      67      67       4 0.858E-01 0.977E-01 0.607E-01 0.630E-01 0.115E-01 0.288E-02 0.105E-01 0.262E-02
      2       8       2       7       7       7       4 0.897E-02 0.971E-02 0.763E-02 0.811E-02 0.818E-04 0.204E-04 0.470E-04 0.117E-04
      3       1       1     127     127     127       4 0.694E-02 0.103E-01 0.000E+00 0.000E+00 0.344E+00 0.859E-01 0.349E+00 0.873E-01
      3       1       1      17      17      17       4 0.751E-03 0.293E-02 0.000E+00 0.000E+00 0.458E-03 0.115E-03 0.345E-03 0.862E-04
      3       1       1     257     257     257       4 0.622E-01 0.638E-01 0.000E+00 0.000E+00 0.567E+01 0.142E+01 0.580E+01 0.145E+01
      3       1       1      31      31      31       4 0.942E-03 0.360E-02 0.000E+00 0.000E+00 0.346E-02 0.864E-03 0.330E-02 0.825E-03
      3       1       1     509     509     509       4 0.471E+00 0.476E+00 0.000E+00 0.000E+00 0.270E+02 0.675E+01 0.277E+02 0.692E+01
      3       1       1      67      67      67       4 0.150E-02 0.424E-02 0.000E+00 0.000E+00 0.738E-01 0.184E-01 0.740E-01 0.185E-01
      3       1       1       7       7       7       4 0.839E-03 0.332E-02 0.000E+00 0.000E+00 0.961E-04 0.240E-04 0.279E-04 0.697E-05
      3       1      12     127     127     127       4 0.109E-01 0.248E-01 0.000E+00 0.000E+00 0.115E+00 0.288E-01 0.829E-01 0.207E-01
      3       1      12      17      17      17       4 0.464E-02 0.185E-01 0.000E+00 0.000E+00 0.631E-03 0.158E-03 0.359E-03 0.898E-04
      3       1      12     257     257     257       4 0.700E-01 0.722E-01 0.238E-06 0.954E-06 0.164E+01 0.409E+00 0.164E+01 0.410E+00
      3       1      12      31      31      31       4 0.429E-02 0.169E-01 0.000E+00 0.000E+00 0.185E-02 0.462E-03 0.146E-02 0.366E-03
      3       1      12     509     509     509       4 0.493E+00 0.495E+00 0.000E+00 0.000E+00 0.653E+01 0.163E+01 0.655E+01 0.164E+01
      3       1      12      67      67      67       4 0.741E-02 0.276E-01 0.000E+00 0.000E+00 0.191E-01 0.476E-02 0.164E-01 0.411E-02
      3       1      12       7       7       7       4 0.430E-02 0.172E-01 0.238E-06 0.954E-06 0.204E-03 0.510E-04 0.658E-04 0.165E-04
      3       1      16     127     127     127       4 0.112E-01 0.255E-01 0.000E+00 0.000E+00 0.118E+00 0.295E-01 0.830E-01 0.208E-01
      3       1      16      17      17      17       4 0.442E-02 0.176E-01 0.000E+00 0.000E+00 0.694E-03 0.173E-03 0.395E-03 0.988E-04
      3       1      16     257     257     257       4 0.684E-01 0.716E-01 0.000E+00 0.000E+00 0.145E+01 0.364E+00 0.147E+01 0.366E+00
      3       1      16      31      31      31       4 0.427E-02 0.168E-01 0.000E+00 0.000E+00 0.207E-02 0.516E-03 0.124E-02 0.310E-03
      3       1      16     509     509     509       4 0.494E+00 0.512E+00 0.000E+00 0.000E+00 0.601E+01 0.150E+01 0.601E+01 0.150E+01
      3       1      16      67      67      67       4 0.307E-02 0.971E-02 0.000E+00 0.000E+00 0.198E-01 0.494E-02 0.129E-01 0.322E-02
      3       1      16       7       7       7       4 0.422E-02 0.168E-01 0.477E-06 0.954E-06 0.188E-03 0.469E-04 0.121E-03 0.303E-04
      3       1       2     127     127     127       4 0.754E-02 0.128E-01 0.238E-06 0.954E-06 0.219E+00 0.547E-01 0.221E+00 0.552E-01
      3       1       2      17      17      17       4 0.755E-03 0.294E-02 0.238E-06 0.954E-06 0.475E-03 0.119E-03 0.316E-03 0.790E-04
      3       1       2     257     257     257       4 0.637E-01 0.659E-01 0.000E+00 0.000E+00 0.338E+01 0.845E+00 0.344E+01 0.861E+00
      3       1       2      31      31      31       4 0.358E-02 0.141E-01 0.000E+00 0.000E+00 0.239E-02 0.597E-03 0.221E-02 0.553E-03
      3       1       2     509     509     509       4 0.459E+00 0.470E+00 0.000E+00 0.000E+00 0.173E+02 0.433E+01 0.177E+02 0.441E+01
      3       1       2      67      67      67       4 0.209E-02 0.648E-02 0.000E+00 0.000E+00 0.441E-01 0.110E-01 0.426E-01 0.107E-01
      3       1       2       7       7       7       4 0.679E-03 0.268E-02 0.000E+00 0.000E+00 0.146E-03 0.364E-04 0.424E-04 0.106E-04
      3       1      24     127     127     127       4 0.815E-02 0.137E-01 0.000E+00 0.000E+00 0.113E+00 0.282E-01 0.105E+00 0.263E-01
      3       1      24      17      17      17       4 0.537E-02 0.214E-01 0.000E+00 0.000E+00 0.681E-02 0.170E-02 0.433E-03 0.108E-03
      3       1      24     257     257     257       4 0.731E-01 0.824E-01 0.238E-06 0.954E-06 0.155E+01 0.386E+00 0.155E+01 0.387E+00
      3       1      24      31      31      31       4 0.525E-02 0.208E-01 0.238E-06 0.954E-06 0.213E-02 0.532E-03 0.123E-02 0.308E-03
      3       1      24     509     509     509       4 0.497E+00 0.509E+00 0.238E-06 0.954E-06 0.550E+01 0.137E+01 0.546E+01 0.137E+01
      3       1      24      67      67      67       4 0.213E-02 0.591E-02 0.000E+00 0.000E+00 0.181E-01 0.453E-02 0.112E-01 0.281E-02
      3       1      24       7       7       7       4 0.427E-02 0.170E-01 0.000E+00 0.000E+00 0.229E-03 0.572E-04 0.191E-03 0.478E-04
      3       1       4     127     127     127       4 0.133E-01 0.354E-01 0.000E+00 0.000E+00 0.160E+00 0.400E-01 0.134E+00 0.334E-01
      3       1       4      17      17      17       4 0.524E-02 0.209E-01 0.000E+00 0.000E+00 0.483E-03 0.121E-03 0.305E-03 0.762E-04
      3       1       4     257     257     257       4 0.625E-01 0.660E-01 0.000E+00 0.000E+00 0.238E+01 0.596E+00 0.242E+01 0.604E+00
      3       1       4      31      31      31       4 0.514E-02 0.204E-01 0.238E-06 0.954E-06 0.210E-02 0.526E-03 0.169E-02 0.423E-03
      3       1       4     509     509     509       4 0.468E+00 0.477E+00 0.477E-06 0.954E-06 0.106E+02 0.264E+01 0.107E+02 0.268E+01
      3       1       4      67      67      67       4 0.423E-02 0.150E-01 0.238E-06 0.954E-06 0.291E-01 0.727E-02 0.276E-01 0.689E-02
      3       1       4       7       7       7       4 0.424E-02 0.169E-01 0.000E+00 0.000E+00 0.133E-03 0.333E-04 0.560E-04 0.140E-04
      3       1       8     127     127     127       4 0.109E-01 0.253E-01 0.000E+00 0.000E+00 0.127E+00 0.318E-01 0.977E-01 0.244E-01
      3       1       8      17      17      17       4 0.429E-02 0.171E-01 0.238E-06 0.954E-06 0.509E-03 0.127E-03 0.304E-03 0.761E-04
      3       1       8     257     257     257       4 0.685E-01 0.719E-01 0.000E+00 0.000E+00 0.180E+01 0.450E+00 0.181E+01 0.452E+00
      3       1       8      31      31      31       4 0.635E-02 0.252E-01 0.238E-06 0.954E-06 0.175E-02 0.438E-03 0.120E-02 0.299E-03
      3       1       8     509     509     509       4 0.488E+00 0.500E+00 0.238E-06 0.954E-06 0.749E+01 0.187E+01 0.758E+01 0.189E+01
      3       1       8      67      67      67       4 0.419E-02 0.146E-01 0.238E-06 0.954E-06 0.224E-01 0.560E-02 0.195E-01 0.487E-02
      3       1       8       7       7       7       4 0.653E-02 0.261E-01 0.000E+00 0.000E+00 0.193E-03 0.482E-04 0.789E-04 0.197E-04
      3      16       1     127     127     127       4 0.623E-01 0.247E+00 0.689E-02 0.276E-01 0.336E-01 0.841E-02 0.320E-01 0.801E-02
      3      16       1      17      17      17       4 0.288E-01 0.115E+00 0.179E-05 0.215E-05 0.129E-02 0.323E-03 0.302E-03 0.755E-04
      3      16       1     257     257     257       4 0.202E-01 0.673E-01 0.173E-05 0.286E-05 0.477E+00 0.119E+00 0.456E+00 0.114E+00
      3      16       1      31      31      31       4 0.242E-01 0.968E-01 0.167E-05 0.191E-05 0.181E-02 0.453E-03 0.488E-03 0.122E-03
      3      16       1      67      67      67       4 0.234E-01 0.931E-01 0.179E-05 0.310E-05 0.118E-01 0.294E-02 0.109E-01 0.272E-02
      3      16       1       7       7       7       4 0.424E-02 0.142E-01 0.197E-05 0.286E-05 0.119E-02 0.299E-03 0.259E-03 0.647E-04
      3       2       1     127     127     127       4 0.775E-02 0.218E-01 0.000E+00 0.000E+00 0.188E+00 0.470E-01 0.191E+00 0.478E-01
      3       2       1      17      17      17       4 0.453E-02 0.180E-01 0.113E-05 0.215E-05 0.460E-03 0.115E-03 0.278E-03 0.694E-04
      3       2       1     257     257     257       4 0.314E-01 0.534E-01 0.477E-06 0.954E-06 0.274E+01 0.686E+00 0.248E+01 0.621E+00
      3       2       1      31      31      31       4 0.116E-01 0.462E-01 0.501E-02 0.200E-01 0.271E-02 0.677E-03 0.264E-02 0.659E-03
      3       2       1     509     509     509       4 0.237E+00 0.262E+00 0.775E-06 0.119E-05 0.147E+02 0.368E+01 0.146E+02 0.364E+01
      3       2       1      67      67      67       4 0.603E-02 0.229E-01 0.715E-06 0.954E-06 0.474E-01 0.119E-01 0.444E-01 0.111E-01
      3       2       1       7       7       7       4 0.552E-02 0.221E-01 0.715E-06 0.191E-05 0.114E-03 0.285E-04 0.501E-04 0.125E-04
      3       2      12     127     127     127       4 0.745E-02 0.187E-01 0.536E-06 0.119E-05 0.968E-01 0.242E-01 0.894E-01 0.224E-01
      3       2      12      17      17      17       4 0.629E-02 0.251E-01 0.715E-06 0.954E-06 0.805E-03 0.201E-03 0.391E-03 0.977E-04
      3       2      12     257     257     257       4 0.304E-01 0.444E-01 0.477E-06 0.954E-06 0.920E+00 0.230E+00 0.781E+00 0.195E+00
      3       2      12      31      31      31       4 0.599E-02 0.238E-01 0.238E-06 0.954E-06 0.155E-02 0.387E-03 0.103E-02 0.258E-03
      3       2      12     509     509     509       4 0.275E+00 0.294E+00 0.775E-06 0.215E-05 0.491E+01 0.123E+01 0.495E+01 0.124E+01
      3       2      12      67      67      67       4 0.656E-02 0.252E-01 0.477E-06 0.954E-06 0.156E-01 0.389E-02 0.119E-01 0.298E-02
      3       2      12       7       7       7       4 0.632E-02 0.252E-01 0.238E-06 0.954E-06 0.234E-03 0.585E-04 0.117E-03 0.292E-04
      3       2       2     127     127     127       4 0.859E-02 0.249E-01 0.715E-06 0.954E-06 0.148E+00 0.371E-01 0.140E+00 0.350E-01
      3       2       2      17      17      17       4 0.759E-02 0.303E-01 0.000E+00 0.000E+00 0.525E-03 0.131E-03 0.287E-03 0.717E-04
      3       2       2     257     257     257       4 0.308E-01 0.494E-01 0.775E-06 0.215E-05 0.197E+01 0.493E+00 0.188E+01 0.470E+00
      3       2       2      31      31      31       4 0.611E-02 0.243E-01 0.000E+00 0.000E+00 0.207E-02 0.518E-03 0.190E-02 0.475E-03
      3       2       2     509     509     509       4 0.242E+00 0.257E+00 0.101E-05 0.215E-05 0.853E+01 0.213E+01 0.860E+01 0.215E+01
      3       2       2      67      67      67       4 0.697E-02 0.267E-01 0.715E-06 0.954E-06 0.325E-01 0.812E-02 0.287E-01 0.718E-02
      3       2       2       7       7       7       4 0.575E-02 0.229E-01 0.954E-06 0.191E-05 0.240E-03 0.601E-04 0.121E-03 0.303E-04
      3       2       4     127     127     127       4 0.759E-02 0.207E-01 0.477E-06 0.954E-06 0.109E+00 0.273E-01 0.935E-01 0.234E-01
      3       2       4      17      17      17       4 0.659E-02 0.263E-01 0.715E-06 0.954E-06 0.592E-03 0.148E-03 0.298E-03 0.745E-04
      3       2       4     257     257     257       4 0.309E-01 0.501E-01 0.715E-06 0.954E-06 0.112E+01 0.280E+00 0.113E+01 0.283E+00
      3       2       4      31      31      31       4 0.117E-01 0.467E-01 0.238E-06 0.954E-06 0.193E-02 0.483E-03 0.144E-02 0.360E-03
      3       2       4     509     509     509       4 0.255E+00 0.262E+00 0.477E-06 0.954E-06 0.617E+01 0.154E+01 0.624E+01 0.156E+01
      3       2       4      67      67      67       4 0.863E-02 0.334E-01 0.238E-06 0.954E-06 0.353E-01 0.882E-02 0.187E-01 0.468E-02
      3       2       4       7       7       7       4 0.652E-02 0.260E-01 0.298E-06 0.119E-05 0.183E-03 0.458E-04 0.980E-04 0.245E-04
      3       2       8     127     127     127       4 0.810E-02 0.222E-01 0.775E-06 0.119E-05 0.876E-01 0.219E-01 0.541E-01 0.135E-01
      3       2       8      17      17      17       4 0.101E-01 0.403E-01 0.775E-06 0.119E-05 0.632E-03 0.158E-03 0.291E-03 0.727E-04
      3       2       8     257     257     257       4 0.331E-01 0.510E-01 0.477E-06 0.954E-06 0.899E+00 0.225E+00 0.904E+00 0.226E+00
      3       2       8      31      31      31       4 0.805E-02 0.320E-01 0.477E-06 0.954E-06 0.139E-02 0.348E-03 0.983E-03 0.246E-03
      3       2       8     509     509     509       4 0.282E+00 0.322E+00 0.477E-06 0.954E-06 0.477E+01 0.119E+01 0.466E+01 0.116E+01
      3       2       8      67      67      67       4 0.882E-02 0.343E-01 0.238E-06 0.954E-06 0.159E-01 0.397E-02 0.132E-01 0.331E-02
      3       2       8       7       7       7       4 0.814E-02 0.325E-01 0.131E-05 0.215E-05 0.184E-03 0.459E-04 0.131E-03 0.328E-04
      3       4       1     127     127     127       4 0.122E-01 0.437E-01 0.201E-02 0.805E-02 0.110E+00 0.276E-01 0.102E+00 0.256E-01
      3       4       1      17      17      17       4 0.114E-01 0.455E-01 0.715E-06 0.954E-06 0.344E-03 0.859E-04 0.213E-03 0.533E-04
      3       4       1     257     257     257       4 0.239E-01 0.572E-01 0.125E-05 0.191E-05 0.153E+01 0.382E+00 0.164E+01 0.411E+00
      3       4       1      31      31      31       4 0.874E-02 0.348E-01 0.131E-05 0.215E-05 0.177E-02 0.443E-03 0.153E-02 0.382E-03
      3       4       1     509     509     509       4 0.156E+00 0.263E+00 0.101E-05 0.191E-05 0.790E+01 0.197E+01 0.807E+01 0.202E+01
      3       4       1      67      67      67       4 0.968E-02 0.381E-01 0.125E-05 0.215E-05 0.276E-01 0.689E-02 0.239E-01 0.598E-02
      3       4       1       7       7       7       4 0.915E-02 0.363E-01 0.125E-05 0.191E-05 0.194E-03 0.485E-04 0.758E-04 0.190E-04
      3       4       2     127     127     127       4 0.108E-01 0.377E-01 0.477E-06 0.954E-06 0.776E-01 0.194E-01 0.745E-01 0.186E-01
      3       4       2      17      17      17       4 0.137E-01 0.547E-01 0.125E-05 0.215E-05 0.462E-03 0.116E-03 0.244E-03 0.611E-04
      3       4       2     257     257     257       4 0.192E-01 0.379E-01 0.143E-05 0.191E-05 0.984E+00 0.246E+00 0.996E+00 0.249E+00
      3       4       2      31      31      31       4 0.116E-01 0.462E-01 0.131E-05 0.215E-05 0.152E-02 0.381E-03 0.109E-02 0.273E-03
      3       4       2     509     509     509       4 0.167E+00 0.273E+00 0.400E-02 0.160E-01 0.550E+01 0.137E+01 0.563E+01 0.141E+01
      3       4       2      67      67      67       4 0.119E-01 0.471E-01 0.131E-05 0.215E-05 0.208E-01 0.520E-02 0.154E-01 0.386E-02
      3       4       2       7       7       7       4 0.153E-01 0.610E-01 0.131E-05 0.191E-05 0.185E-03 0.463E-04 0.102E-03 0.255E-04
      3       4       4     127     127     127       4 0.128E-01 0.458E-01 0.715E-06 0.954E-06 0.625E-01 0.156E-01 0.578E-01 0.144E-01
      3       4       4      17      17      17       4 0.151E-01 0.601E-01 0.137E-05 0.215E-05 0.111E-02 0.276E-03 0.299E-03 0.748E-04
      3       4       4     257     257     257       4 0.248E-01 0.588E-01 0.954E-06 0.191E-05 0.731E+00 0.183E+00 0.718E+00 0.180E+00
      3       4       4      31      31      31       4 0.153E-01 0.611E-01 0.238E-06 0.954E-06 0.115E-02 0.286E-03 0.830E-03 0.208E-03
      3       4       4     509     509     509       4 0.143E+00 0.171E+00 0.137E-05 0.191E-05 0.391E+01 0.978E+00 0.395E+01 0.988E+00
      3       4       4      67      67      67       4 0.706E-02 0.275E-01 0.107E-05 0.215E-05 0.123E-01 0.307E-02 0.102E-01 0.256E-02
      3       4       4       7       7       7       4 0.138E-01 0.550E-01 0.477E-06 0.954E-06 0.215E-03 0.538E-04 0.114E-03 0.284E-04
      3       8       1     127     127     127       4 0.135E-01 0.509E-01 0.131E-05 0.215E-05 0.766E-01 0.192E-01 0.555E-01 0.139E-01
      3       8       1      17      17      17       4 0.967E-02 0.386E-01 0.954E-06 0.954E-06 0.114E-02 0.284E-03 0.259E-03 0.648E-04
      3       8       1     257     257     257       4 0.296E-01 0.972E-01 0.268E-02 0.107E-01 0.921E+00 0.230E+00 0.800E+00 0.200E+00
      3       8       1      31      31      31       4 0.302E-01 0.846E-01 0.210E-01 0.480E-01 0.642E-01 0.161E-01 0.145E-01 0.362E-02
      3       8       1      67      67      67       4 0.114E-01 0.452E-01 0.954E-06 0.191E-05 0.159E-01 0.398E-02 0.134E-01 0.336E-02
      3       8       1       7       7       7       4 0.347E-02 0.129E-01 0.536E-06 0.119E-05 0.246E-03 0.615E-04 0.337E-03 0.843E-04
      3       8       2     127     127     127       4 0.136E-01 0.511E-01 0.536E-06 0.119E-05 0.532E-01 0.133E-01 0.452E-01 0.113E-01
      3       8       2      17      17      17       4 0.246E-01 0.985E-01 0.173E-05 0.310E-05 0.107E-02 0.268E-03 0.345E-03 0.862E-04
      3       8       2     257     257     257       4 0.153E-01 0.374E-01 0.101E-05 0.191E-05 0.560E+00 0.140E+00 0.549E+00 0.137E+00
      3       8       2      31      31      31       4 0.130E-01 0.517E-01 0.834E-06 0.119E-05 0.177E-02 0.442E-03 0.575E-03 0.144E-03
      3       8       2      67      67      67       4 0.213E-01 0.845E-01 0.400E-02 0.160E-01 0.191E-01 0.478E-02 0.101E-01 0.253E-02
      3       8       2       7       7       7       4 0.433E-02 0.157E-01 0.149E-05 0.215E-05 0.330E-03 0.825E-04 0.233E-03 0.582E-04
      4       1       1     127     127     127       4 0.872E+00 0.347E+01 0.000E+00 0.000E+00 0.382E+00 0.956E-01 0.374E+00 0.935E-01
      4       1       1      17      17      17       4 0.135E-01 0.531E-01 0.000E+00 0.000E+00 0.491E-03 0.123E-03 0.390E-03 0.975E-04
      4       1       1     257     257     257       4 0.833E+01 0.329E+02 0.000E+00 0.000E+00 0.511E+01 0.128E+01 0.467E+01 0.117E+01
      4       1       1      31      31      31       4 0.695E-01 0.277E+00 0.000E+00 0.000E+00 0.303E-02 0.758E-03 0.288E-02 0.721E-03
      4       1       1     509     509     509       4 0.195E+02 0.746E+02 0.000E+00 0.000E+00 0.434E+02 0.108E+02 0.396E+02 0.990E+01
      4       1       1      67      67      67       4 0.150E+00 0.597E+00 0.000E+00 0.000E+00 0.467E-01 0.117E-01 0.465E-01 0.116E-01
      4       1       1       7       7       7       4 0.541E-02 0.210E-01 0.000E+00 0.000E+00 0.560E-04 0.140E-04 0.272E-04 0.679E-05
      4       1      12     127     127     127       4 0.332E+00 0.129E+01 0.000E+00 0.000E+00 0.892E-01 0.223E-01 0.768E-01 0.192E-01
      4       1      12      17      17      17       4 0.234E-01 0.864E-01 0.000E+00 0.000E+00 0.922E-03 0.231E-03 0.710E-03 0.177E-03
      4       1      12     257     257     257       4 0.260E+01 0.987E+01 0.000E+00 0.000E+00 0.113E+01 0.283E+00 0.840E+00 0.210E+00
      4       1      12      31      31      31       4 0.101E+00 0.399E+00 0.000E+00 0.000E+00 0.256E-02 0.639E-03 0.201E-02 0.502E-03
      4       1      12     509     509     509       4 0.153E+02 0.576E+02 0.000E+00 0.000E+00 0.839E+01 0.210E+01 0.640E+01 0.160E+01
      4       1      12      67      67      67       4 0.114E+00 0.444E+00 0.000E+00 0.000E+00 0.188E-01 0.470E-02 0.168E-01 0.419E-02
      4       1      12       7       7       7       4 0.635E-02 0.226E-01 0.000E+00 0.000E+00 0.160E-03 0.399E-04 0.146E-03 0.365E-04
      4       1      16     127     127     127       4 0.196E+00 0.744E+00 0.000E+00 0.000E+00 0.897E-01 0.224E-01 0.673E-01 0.168E-01
      4       1      16      17      17      17       4 0.233E-01 0.866E-01 0.000E+00 0.000E+00 0.944E-03 0.236E-03 0.796E-03 0.199E-03
      4       1      16     257     257     257       4 0.216E+01 0.814E+01 0.000E+00 0.000E+00 0.103E+01 0.257E+00 0.786E+00 0.196E+00
      4       1      16      31      31      31       4 0.630E-01 0.246E+00 0.000E+00 0.000E+00 0.227E-02 0.566E-03 0.191E-02 0.477E-03
      4       1      16     509     509     509       4 0.130E+02 0.485E+02 0.000E+00 0.000E+00 0.737E+01 0.184E+01 0.555E+01 0.139E+01
      4       1      16      67      67      67       4 0.953E-01 0.363E+00 0.000E+00 0.000E+00 0.183E-01 0.457E-02 0.161E-01 0.403E-02
      4       1      16       7       7       7       4 0.600E-02 0.203E-01 0.000E+00 0.000E+00 0.176E-03 0.440E-04 0.149E-03 0.372E-04
      4       1       2     127     127     127       4 0.700E+00 0.278E+01 0.000E+00 0.000E+00 0.248E+00 0.621E-01 0.225E+00 0.563E-01
      4       1       2      17      17      17       4 0.239E-01 0.945E-01 0.000E+00 0.000E+00 0.718E-03 0.179E-03 0.541E-03 0.135E-03
      4       1       2     257     257     257       4 0.114E+02 0.452E+02 0.000E+00 0.000E+00 0.298E+01 0.745E+00 0.266E+01 0.666E+00
      4       1       2      31      31      31       4 0.671E-01 0.267E+00 0.000E+00 0.000E+00 0.265E-02 0.663E-03 0.256E-02 0.639E-03
      4       1       2     509     509     509       4 0.261E+02 0.101E+03 0.000E+00 0.000E+00 0.246E+02 0.616E+01 0.219E+02 0.549E+01
      4       1       2      67      67      67       4 0.110E+00 0.436E+00 0.000E+00 0.000E+00 0.339E-01 0.848E-02 0.316E-01 0.790E-02
      4       1       2       7       7       7       4 0.540E-02 0.209E-01 0.000E+00 0.000E+00 0.949E-04 0.237E-04 0.880E-04 0.220E-04
      4       1      24     127     127     127       4 0.310E+00 0.118E+01 0.000E+00 0.000E+00 0.951E-01 0.238E-01 0.809E-01 0.202E-01
      4       1      24      17      17      17       4 0.231E-01 0.829E-01 0.000E+00 0.000E+00 0.105E-02 0.263E-03 0.896E-03 0.224E-03
      4       1      24     257     257     257       4 0.185E+01 0.682E+01 0.000E+00 0.000E+00 0.922E+00 0.230E+00 0.652E+00 0.163E+00
      4       1      24      31      31      31       4 0.945E-01 0.370E+00 0.000E+00 0.000E+00 0.236E-02 0.589E-03 0.203E-02 0.507E-03
      4       1      24     509     509     509       4 0.107E+02 0.395E+02 0.000E+00 0.000E+00 0.679E+01 0.170E+01 0.454E+01 0.114E+01
      4       1      24      67      67      67       4 0.902E-01 0.336E+00 0.000E+00 0.000E+00 0.165E-01 0.413E-02 0.135E-01 0.336E-02
      4       1      24       7       7       7       4 0.649E-02 0.214E-01 0.000E+00 0.000E+00 0.167E-03 0.417E-04 0.154E-03 0.385E-04
      4       1       4     127     127     127       4 0.387E+00 0.153E+01 0.000E+00 0.000E+00 0.155E+00 0.389E-01 0.134E+00 0.334E-01
      4       1       4      17      17      17       4 0.235E-01 0.921E-01 0.000E+00 0.000E+00 0.773E-03 0.193E-03 0.527E-03 0.132E-03
      4       1       4     257     257     257       4 0.640E+01 0.252E+02 0.000E+00 0.000E+00 0.179E+01 0.446E+00 0.149E+01 0.372E+00
      4       1       4      31      31      31       4 0.636E-01 0.252E+00 0.000E+00 0.000E+00 0.216E-02 0.539E-03 0.195E-02 0.488E-03
      4       1       4     509     509     509       4 0.235E+02 0.905E+02 0.000E+00 0.000E+00 0.145E+02 0.363E+01 0.121E+02 0.303E+01
      4       1       4      67      67      67       4 0.152E+00 0.604E+00 0.000E+00 0.000E+00 0.243E-01 0.608E-02 0.224E-01 0.560E-02
      4       1       4       7       7       7       4 0.401E-02 0.147E-01 0.000E+00 0.000E+00 0.129E-03 0.322E-04 0.136E-03 0.340E-04
      4       1       8     127     127     127       4 0.261E+00 0.102E+01 0.000E+00 0.000E+00 0.116E+00 0.291E-01 0.958E-01 0.240E-01
      4       1       8      17      17      17       4 0.236E-01 0.909E-01 0.000E+00 0.000E+00 0.863E-03 0.216E-03 0.609E-03 0.152E-03
      4       1       8     257     257     257       4 0.345E+01 0.133E+02 0.000E+00 0.000E+00 0.130E+01 0.326E+00 0.103E+01 0.257E+00
      4       1       8      31      31      31       4 0.629E-01 0.248E+00 0.000E+00 0.000E+00 0.242E-02 0.605E-03 0.197E-02 0.493E-03
      4       1       8     509     509     509       4 0.179E+02 0.681E+02 0.000E+00 0.000E+00 0.100E+02 0.250E+01 0.800E+01 0.200E+01
      4       1       8      67      67      67       4 0.113E+00 0.443E+00 0.000E+00 0.000E+00 0.212E-01 0.530E-02 0.184E-01 0.459E-02
      4       1       8       7       7       7       4 0.606E-02 0.222E-01 0.000E+00 0.000E+00 0.143E-03 0.357E-04 0.129E-03 0.322E-04
      4      16       1     127     127     127       4 0.200E+00 0.796E+00 0.000E+00 0.000E+00 0.331E-01 0.828E-02 0.331E-01 0.827E-02
      4      16       1      17      17      17       4 0.126E-01 0.490E-01 0.000E+00 0.000E+00 0.774E-03 0.193E-03 0.226E-03 0.565E-04
      4      16       1     257     257     257       4 0.123E+01 0.488E+01 0.000E+00 0.000E+00 0.389E+00 0.973E-01 0.393E+00 0.982E-01
      4      16       1      31      31      31       4 0.689E-01 0.274E+00 0.000E+00 0.000E+00 0.164E-02 0.409E-03 0.660E-03 0.165E-03
      4      16       1      67      67      67       4 0.681E-01 0.270E+00 0.000E+00 0.000E+00 0.585E-02 0.146E-02 0.542E-02 0.136E-02
      4      16       1       7       7       7       4 0.395E-02 0.149E-01 0.000E+00 0.000E+00 0.193E-03 0.482E-04 0.130E-03 0.324E-04
      4       2       1     127     127     127       4 0.546E+00 0.218E+01 0.000E+00 0.000E+00 0.203E+00 0.507E-01 0.205E+00 0.513E-01
      4       2       1      17      17      17       4 0.145E-01 0.569E-01 0.000E+00 0.000E+00 0.387E-03 0.967E-04 0.283E-03 0.708E-04
      4       2       1     257     257     257       4 0.537E+01 0.214E+02 0.000E+00 0.000E+00 0.256E+01 0.641E+00 0.250E+01 0.625E+00
      4       2       1      31      31      31       4 0.693E-01 0.276E+00 0.000E+00 0.000E+00 0.179E-02 0.448E-03 0.185E-02 0.463E-03
      4       2       1     509     509     509       4 0.139E+02 0.538E+02 0.000E+00 0.000E+00 0.232E+02 0.581E+01 0.212E+02 0.529E+01
      4       2       1      67      67      67       4 0.968E-01 0.385E+00 0.000E+00 0.000E+00 0.248E-01 0.620E-02 0.260E-01 0.651E-02
      4       2       1       7       7       7       4 0.672E-02 0.263E-01 0.000E+00 0.000E+00 0.103E-03 0.257E-04 0.508E-04 0.127E-04
      4       2      12     127     127     127       4 0.287E+00 0.111E+01 0.000E+00 0.000E+00 0.672E-01 0.168E-01 0.654E-01 0.164E-01
      4       2      12      17      17      17       4 0.223E-01 0.818E-01 0.000E+00 0.000E+00 0.813E-03 0.203E-03 0.581E-03 0.145E-03
      4       2      12     257     257     257       4 0.169E+01 0.665E+01 0.000E+00 0.000E+00 0.580E+00 0.145E+00 0.490E+00 0.123E+00
      4       2      12      31      31      31       4 0.952E-01 0.375E+00 0.000E+00 0.000E+00 0.175E-02 0.438E-03 0.152E-02 0.380E-03
      4       2      12     509     509     509       4 0.101E+02 0.384E+02 0.000E+00 0.000E+00 0.536E+01 0.134E+01 0.393E+01 0.983E+00
      4       2      12      67      67      67       4 0.993E-01 0.384E+00 0.000E+00 0.000E+00 0.121E-01 0.302E-02 0.114E-01 0.285E-02
      4       2      12       7       7       7       4 0.642E-02 0.220E-01 0.000E+00 0.000E+00 0.309E-03 0.772E-04 0.190E-03 0.475E-04
      4       2       2     127     127     127       4 0.424E+00 0.168E+01 0.000E+00 0.000E+00 0.134E+00 0.336E-01 0.133E+00 0.331E-01
      4       2       2      17      17      17       4 0.240E-01 0.946E-01 0.000E+00 0.000E+00 0.609E-03 0.152E-03 0.482E-03 0.121E-03
      4       2       2     257     257     257       4 0.606E+01 0.242E+02 0.000E+00 0.000E+00 0.150E+01 0.374E+00 0.140E+01 0.350E+00
      4       2       2      31      31      31       4 0.645E-01 0.257E+00 0.000E+00 0.000E+00 0.178E-02 0.445E-03 0.157E-02 0.393E-03
      4       2       2     509     509     509       4 0.243E+02 0.956E+02 0.000E+00 0.000E+00 0.130E+02 0.326E+01 0.116E+02 0.291E+01
      4       2       2      67      67      67       4 0.850E-01 0.337E+00 0.000E+00 0.000E+00 0.187E-01 0.468E-02 0.180E-01 0.449E-02
      4       2       2       7       7       7       4 0.478E-02 0.184E-01 0.000E+00 0.000E+00 0.156E-03 0.390E-04 0.832E-04 0.208E-04
      4       2       4     127     127     127       4 0.280E+00 0.111E+01 0.000E+00 0.000E+00 0.850E-01 0.212E-01 0.874E-01 0.219E-01
      4       2       4      17      17      17       4 0.237E-01 0.927E-01 0.000E+00 0.000E+00 0.699E-03 0.175E-03 0.434E-03 0.109E-03
      4       2       4     257     257     257       4 0.332E+01 0.132E+02 0.000E+00 0.000E+00 0.953E+00 0.238E+00 0.845E+00 0.211E+00
      4       2       4      31      31      31       4 0.634E-01 0.251E+00 0.000E+00 0.000E+00 0.162E-02 0.405E-03 0.133E-02 0.332E-03
      4       2       4     509     509     509       4 0.192E+02 0.752E+02 0.000E+00 0.000E+00 0.870E+01 0.218E+01 0.705E+01 0.176E+01
      4       2       4      67      67      67       4 0.122E+00 0.482E+00 0.000E+00 0.000E+00 0.139E-01 0.347E-02 0.136E-01 0.341E-02
      4       2       4       7       7       7       4 0.380E-02 0.141E-01 0.000E+00 0.000E+00 0.221E-03 0.553E-04 0.141E-03 0.353E-04
      4       2       8     127     127     127       4 0.229E+00 0.894E+00 0.000E+00 0.000E+00 0.613E-01 0.153E-01 0.612E-01 0.153E-01
      4       2       8      17      17      17       4 0.235E-01 0.902E-01 0.000E+00 0.000E+00 0.733E-03 0.183E-03 0.573E-03 0.143E-03
      4       2       8     257     257     257       4 0.208E+01 0.823E+01 0.000E+00 0.000E+00 0.702E+00 0.176E+00 0.621E+00 0.155E+00
      4       2       8      31      31      31       4 0.627E-01 0.247E+00 0.000E+00 0.000E+00 0.174E-02 0.434E-03 0.148E-02 0.371E-03
      4       2       8     509     509     509       4 0.128E+02 0.496E+02 0.000E+00 0.000E+00 0.628E+01 0.157E+01 0.491E+01 0.123E+01
      4       2       8      67      67      67       4 0.936E-01 0.365E+00 0.000E+00 0.000E+00 0.126E-01 0.314E-02 0.114E-01 0.285E-02
      4       2       8       7       7       7       4 0.616E-02 0.221E-01 0.000E+00 0.000E+00 0.229E-03 0.573E-04 0.174E-03 0.435E-04
      4       4       1     127     127     127       4 0.361E+00 0.144E+01 0.000E+00 0.000E+00 0.103E+00 0.257E-01 0.107E+00 0.268E-01
      4       4       1      17      17      17       4 0.197E-01 0.780E-01 0.000E+00 0.000E+00 0.232E-03 0.580E-04 0.189E-03 0.473E-04
      4       4       1     257     257     257       4 0.314E+01 0.125E+02 0.000E+00 0.000E+00 0.134E+01 0.334E+00 0.132E+01 0.330E+00
      4       4       1      31      31      31       4 0.637E-01 0.254E+00 0.000E+00 0.000E+00 0.114E-02 0.284E-03 0.111E-02 0.277E-03
      4       4       1     509     509     509       4 0.115E+02 0.453E+02 0.000E+00 0.000E+00 0.123E+02 0.307E+01 0.112E+02 0.281E+01
      4       4       1      67      67      67       4 0.864E-01 0.344E+00 0.000E+00 0.000E+00 0.135E-01 0.339E-02 0.142E-01 0.355E-02
      4       4       1       7       7       7       4 0.467E-02 0.180E-01 0.000E+00 0.000E+00 0.130E-03 0.325E-04 0.761E-04 0.190E-04
      4       4       2     127     127     127       4 0.291E+00 0.116E+01 0.000E+00 0.000E+00 0.664E-01 0.166E-01 0.712E-01 0.178E-01
      4       4       2      17      17      17       4 0.245E-01 0.965E-01 0.000E+00 0.000E+00 0.277E-03 0.693E-04 0.200E-03 0.500E-04
      4       4       2     257     257     257       4 0.345E+01 0.137E+02 0.000E+00 0.000E+00 0.844E+00 0.211E+00 0.785E+00 0.196E+00
      4       4       2      31      31      31       4 0.626E-01 0.249E+00 0.000E+00 0.000E+00 0.113E-02 0.282E-03 0.996E-03 0.249E-03
      4       4       2     509     509     509       4 0.195E+02 0.768E+02 0.000E+00 0.000E+00 0.752E+01 0.188E+01 0.657E+01 0.164E+01
      4       4       2      67      67      67       4 0.754E-01 0.298E+00 0.000E+00 0.000E+00 0.102E-01 0.254E-02 0.101E-01 0.252E-02
      4       4       2       7       7       7       4 0.358E-02 0.136E-01 0.000E+00 0.000E+00 0.147E-03 0.368E-04 0.780E-04 0.195E-04
      4       4       4     127     127     127       4 0.200E+00 0.788E+00 0.000E+00 0.000E+00 0.457E-01 0.114E-01 0.518E-01 0.130E-01
      4       4       4      17      17      17       4 0.236E-01 0.911E-01 0.000E+00 0.000E+00 0.503E-03 0.126E-03 0.359E-03 0.898E-04
      4       4       4     257     257     257       4 0.214E+01 0.849E+01 0.000E+00 0.000E+00 0.533E+00 0.133E+00 0.482E+00 0.120E+00
      4       4       4      31      31      31       4 0.657E-01 0.261E+00 0.000E+00 0.000E+00 0.116E-02 0.289E-03 0.856E-03 0.214E-03
      4       4       4     509     509     509       4 0.127E+02 0.497E+02 0.000E+00 0.000E+00 0.496E+01 0.124E+01 0.410E+01 0.102E+01
      4       4       4      67      67      67       4 0.106E+00 0.419E+00 0.000E+00 0.000E+00 0.753E-02 0.188E-02 0.758E-02 0.190E-02
      4       4       4       7       7       7       4 0.613E-02 0.224E-01 0.000E+00 0.000E+00 0.304E-03 0.761E-04 0.495E-03 0.124E-03
      4       8       1     127     127     127       4 0.255E+00 0.101E+01 0.000E+00 0.000E+00 0.573E-01 0.143E-01 0.591E-01 0.148E-01
      4       8       1      17      17      17       4 0.131E-01 0.515E-01 0.000E+00 0.000E+00 0.734E-03 0.184E-03 0.197E-03 0.493E-04
      4       8       1     257     257     257       4 0.187E+01 0.747E+01 0.000E+00 0.000E+00 0.692E+00 0.173E+00 0.693E+00 0.173E+00
      4       8       1      31      31      31       4 0.638E-01 0.254E+00 0.000E+00 0.000E+00 0.110E-02 0.274E-03 0.535E-03 0.134E-03
      4       8       1     509     509     509       4 0.900E+01 0.358E+02 0.000E+00 0.000E+00 0.614E+01 0.154E+01 0.598E+01 0.149E+01
      4       8       1      67      67      67       4 0.634E-01 0.251E+00 0.000E+00 0.000E+00 0.832E-02 0.208E-02 0.860E-02 0.215E-02
      4       8       1       7       7       7       4 0.387E-02 0.148E-01 0.000E+00 0.000E+00 0.158E-03 0.395E-04 0.978E-04 0.244E-04
      4       8       2     127     127     127       4 0.199E+00 0.788E+00 0.000E+00 0.000E+00 0.385E-01 0.962E-02 0.414E-01 0.103E-01
      4       8       2      17      17      17       4 0.229E-01 0.903E-01 0.000E+00 0.000E+00 0.878E-03 0.219E-03 0.244E-03 0.610E-04
      4       8       2     257     257     257       4 0.231E+01 0.920E+01 0.000E+00 0.000E+00 0.432E+00 0.108E+00 0.409E+00 0.102E+00
      4       8       2      31      31      31       4 0.622E-01 0.248E+00 0.000E+00 0.000E+00 0.120E-02 0.300E-03 0.563E-03 0.141E-03
      4       8       2     509     509     509       4 0.121E+02 0.482E+02 0.000E+00 0.000E+00 0.378E+01 0.945E+00 0.351E+01 0.877E+00
      4       8       2      67      67      67       4 0.570E-01 0.225E+00 0.000E+00 0.000E+00 0.666E-02 0.166E-02 0.617E-02 0.154E-02
      4       8       2       7       7       7       4 0.535E-02 0.206E-01 0.000E+00 0.000E+00 0.190E-03 0.476E-04 0.175E-03 0.437E-04
