res3dt1=[      2       1     128     128     128       4 0.215E+00 0.860E+00 0.217E+00 0.870E+00 0.853E-01 0.213E-01 0.884E-01 0.221E-01
      2       1      16      16      16       4 0.128E-02 0.503E-02 0.129E-02 0.510E-02 0.563E-04 0.141E-04 0.610E-04 0.153E-04
      2       1     256     256     256       4 0.631E+00 0.252E+01 0.647E+00 0.259E+01 0.105E+01 0.262E+00 0.119E+01 0.296E+00
      2       1      32      32      32       4 0.557E-02 0.221E-01 0.553E-02 0.221E-01 0.759E-03 0.190E-03 0.784E-03 0.196E-03
      2       1     512     512     512       4 0.295E+01 0.118E+02 0.294E+01 0.117E+02 0.938E+01 0.234E+01 0.102E+02 0.256E+01
      2       1      64      64      64       4 0.209E-01 0.837E-01 0.210E-01 0.840E-01 0.742E-02 0.185E-02 0.760E-02 0.190E-02
      2       1       8       8       8       4 0.113E-02 0.445E-02 0.106E-02 0.414E-02 0.620E-05 0.155E-05 0.691E-05 0.173E-05
      2      12     128     128     128       4 0.265E+00 0.106E+01 0.331E+00 0.132E+01 0.189E-01 0.474E-02 0.186E-01 0.466E-02
      2      12      16      16      16       4 0.462E-02 0.172E-01 0.439E-02 0.164E-01 0.314E-03 0.786E-04 0.252E-03 0.631E-04
      2      12     256     256     256       4 0.109E+01 0.437E+01 0.107E+01 0.427E+01 0.138E+00 0.344E-01 0.145E+00 0.363E-01
      2      12      32      32      32       4 0.148E-01 0.569E-01 0.185E-01 0.723E-01 0.632E-03 0.158E-03 0.408E-03 0.102E-03
      2      12     512     512     512       4 0.478E+01 0.191E+02 0.471E+01 0.188E+02 0.230E+01 0.576E+00 0.119E+01 0.297E+00
      2      12      64      64      64       4 0.469E-01 0.185E+00 0.612E-01 0.243E+00 0.223E-02 0.557E-03 0.229E-02 0.573E-03
      2      12       8       8       8       4 0.472E-02 0.176E-01 0.429E-02 0.160E-01 0.488E-03 0.122E-03 0.264E-03 0.659E-04
      2      16     128     128     128       4 0.233E+00 0.931E+00 0.302E+00 0.121E+01 0.145E-01 0.362E-02 0.164E-01 0.410E-02
      2      16      16      16      16       4 0.512E-02 0.193E-01 0.361E-02 0.133E-01 0.290E-03 0.725E-04 0.248E-03 0.620E-04
      2      16     256     256     256       4 0.857E+00 0.342E+01 0.841E+00 0.335E+01 0.145E+00 0.363E-01 0.149E+00 0.374E-01
      2      16      32      32      32       4 0.142E-01 0.549E-01 0.161E-01 0.631E-01 0.944E-03 0.236E-03 0.502E-03 0.126E-03
      2      16     512     512     512       4 0.310E+01 0.124E+02 0.308E+01 0.123E+02 0.903E+00 0.226E+00 0.948E+00 0.237E+00
      2      16      64      64      64       4 0.466E-01 0.185E+00 0.516E-01 0.205E+00 0.210E-02 0.526E-03 0.206E-02 0.515E-03
      2      16       8       8       8       4 0.339E-02 0.123E-01 0.277E-02 0.988E-02 0.265E-03 0.663E-04 0.237E-03 0.593E-04
      2       2     128     128     128       4 0.319E+00 0.128E+01 0.326E+00 0.130E+01 0.474E-01 0.119E-01 0.492E-01 0.123E-01
      2       2      16      16      16       4 0.246E-02 0.964E-02 0.247E-02 0.971E-02 0.820E-04 0.205E-04 0.899E-04 0.225E-04
      2       2     256     256     256       4 0.112E+01 0.449E+01 0.123E+01 0.492E+01 0.612E+00 0.153E+00 0.638E+00 0.159E+00
      2       2      32      32      32       4 0.111E-01 0.441E-01 0.118E-01 0.470E-01 0.644E-03 0.161E-03 0.586E-03 0.147E-03
      2       2     512     512     512       4 0.504E+01 0.202E+02 0.489E+01 0.196E+02 0.509E+01 0.127E+01 0.574E+01 0.144E+01
      2       2      64      64      64       4 0.338E-01 0.135E+00 0.343E-01 0.137E+00 0.424E-02 0.106E-02 0.446E-02 0.112E-02
      2       2       8       8       8       4 0.217E-02 0.852E-02 0.198E-02 0.773E-02 0.780E-04 0.195E-04 0.780E-04 0.195E-04
      2      24     128     128     128       4 0.254E+00 0.100E+01 0.367E+00 0.146E+01 0.137E-01 0.343E-02 0.160E-01 0.400E-02
      2      24      16      16      16       4 0.675E-02 0.247E-01 0.704E-02 0.258E-01 0.535E-03 0.134E-03 0.513E-03 0.128E-03
      2      24     256     256     256       4 0.112E+01 0.444E+01 0.113E+01 0.450E+01 0.116E+00 0.289E-01 0.106E+00 0.266E-01
      2      24      32      32      32       4 0.214E-01 0.823E-01 0.233E-01 0.894E-01 0.102E-02 0.255E-03 0.962E-03 0.241E-03
      2      24     512     512     512       4 0.443E+01 0.177E+02 0.443E+01 0.177E+02 0.834E+00 0.209E+00 0.870E+00 0.218E+00
      2      24      64      64      64       4 0.580E-01 0.229E+00 0.861E-01 0.340E+00 0.193E-02 0.484E-03 0.197E-02 0.493E-03
      2      24       8       8       8       4 0.618E-02 0.235E-01 0.524E-02 0.198E-01 0.297E-03 0.742E-04 0.257E-03 0.642E-04
      2       4     128     128     128       4 0.275E+00 0.110E+01 0.284E+00 0.113E+01 0.288E-01 0.720E-02 0.314E-01 0.785E-02
      2       4      16      16      16       4 0.327E-02 0.127E-01 0.333E-02 0.130E-01 0.125E-03 0.312E-04 0.137E-03 0.343E-04
      2       4     256     256     256       4 0.100E+01 0.401E+01 0.976E+00 0.390E+01 0.333E+00 0.832E-01 0.359E+00 0.898E-01
      2       4      32      32      32       4 0.115E-01 0.454E-01 0.111E-01 0.441E-01 0.590E-03 0.147E-03 0.582E-03 0.145E-03
      2       4     512     512     512       4 0.453E+01 0.181E+02 0.441E+01 0.177E+02 0.271E+01 0.678E+00 0.301E+01 0.753E+00
      2       4      64      64      64       4 0.409E-01 0.163E+00 0.438E-01 0.175E+00 0.272E-02 0.679E-03 0.305E-02 0.763E-03
      2       4       8       8       8       4 0.239E-02 0.921E-02 0.213E-02 0.820E-02 0.870E-04 0.218E-04 0.839E-04 0.210E-04
      2       8     128     128     128       4 0.240E+00 0.957E+00 0.283E+00 0.113E+01 0.190E-01 0.475E-02 0.192E-01 0.479E-02
      2       8      16      16      16       4 0.319E-02 0.121E-01 0.404E-02 0.155E-01 0.167E-03 0.418E-04 0.166E-03 0.415E-04
      2       8     256     256     256       4 0.921E+00 0.368E+01 0.877E+00 0.350E+01 0.172E+00 0.430E-01 0.170E+00 0.424E-01
      2       8      32      32      32       4 0.112E-01 0.438E-01 0.141E-01 0.556E-01 0.761E-03 0.190E-03 0.585E-03 0.146E-03
      2       8     512     512     512       4 0.384E+01 0.153E+02 0.370E+01 0.148E+02 0.147E+01 0.367E+00 0.161E+01 0.404E+00
      2       8      64      64      64       4 0.387E-01 0.154E+00 0.502E-01 0.200E+00 0.249E-02 0.623E-03 0.269E-02 0.672E-03
      2       8       8       8       8       4 0.199E-02 0.737E-02 0.180E-02 0.666E-02 0.989E-04 0.247E-04 0.949E-04 0.237E-04
      3       1     128     128     128       4 0.104E-02 0.398E-02 0.339E-04 0.439E-04 0.544E-01 0.136E-01 0.783E-01 0.196E-01
      3       1      16      16      16       4 0.786E-03 0.314E-02 0.125E-05 0.405E-05 0.789E-04 0.197E-04 0.482E-04 0.120E-04
      3       1     256     256     256       4 0.906E-03 0.338E-02 0.460E-04 0.639E-04 0.647E+00 0.162E+00 0.940E+00 0.235E+00
      3       1      32      32      32       4 0.665E-03 0.265E-02 0.179E-05 0.405E-05 0.653E-03 0.163E-03 0.546E-03 0.136E-03
      3       1     512     512     512       4 0.856E-03 0.309E-02 0.775E-04 0.104E-03 0.629E+01 0.157E+01 0.829E+01 0.207E+01
      3       1      64      64      64       4 0.737E-03 0.291E-02 0.117E-04 0.238E-04 0.517E-02 0.129E-02 0.494E-02 0.123E-02
      3       1       8       8       8       4 0.656E-03 0.262E-02 0.125E-05 0.405E-05 0.203E-04 0.507E-05 0.882E-05 0.221E-05
      3      12     128     128     128       4 0.252E-02 0.988E-02 0.366E-04 0.460E-04 0.710E-02 0.178E-02 0.933E-02 0.233E-02
      3      12      16      16      16       4 0.343E-02 0.137E-01 0.100E-04 0.191E-04 0.197E-03 0.492E-04 0.177E-03 0.442E-04
      3      12     256     256     256       4 0.593E-03 0.203E-02 0.764E-04 0.123E-03 0.804E-01 0.201E-01 0.130E+00 0.326E-01
      3      12      32      32      32       4 0.423E-02 0.169E-01 0.134E-04 0.288E-04 0.381E-03 0.953E-04 0.312E-03 0.779E-04
      3      12     512     512     512       4 0.116E-02 0.428E-02 0.848E-04 0.104E-03 0.101E+01 0.253E+00 0.141E+01 0.353E+00
      3      12      64      64      64       4 0.299E-02 0.119E-01 0.138E-04 0.260E-04 0.117E-02 0.293E-03 0.136E-02 0.339E-03
      3      12       8       8       8       4 0.349E-02 0.140E-01 0.155E-05 0.310E-05 0.379E-04 0.948E-05 0.124E-04 0.310E-05
      3      16     128     128     128       4 0.140E-02 0.539E-02 0.358E-04 0.482E-04 0.632E-02 0.158E-02 0.711E-02 0.178E-02
      3      16      16      16      16       4 0.639E-02 0.255E-01 0.104E-04 0.200E-04 0.234E-03 0.585E-04 0.162E-03 0.405E-04
      3      16     256     256     256       4 0.650E-03 0.223E-02 0.898E-04 0.139E-03 0.696E-01 0.174E-01 0.111E+00 0.276E-01
      3      16      32      32      32       4 0.235E-02 0.935E-02 0.119E-04 0.219E-04 0.341E-03 0.852E-04 0.310E-03 0.775E-04
      3      16     512     512     512       4 0.960E-03 0.349E-02 0.802E-04 0.104E-03 0.773E+00 0.193E+00 0.110E+01 0.275E+00
      3      16      64      64      64       4 0.340E-02 0.136E-01 0.137E-04 0.260E-04 0.123E-02 0.307E-03 0.104E-02 0.261E-03
      3      16       8       8       8       4 0.427E-02 0.171E-01 0.143E-05 0.381E-05 0.262E-04 0.656E-05 0.978E-05 0.244E-05
      3       2     128     128     128       4 0.139E-02 0.535E-02 0.347E-04 0.458E-04 0.302E-01 0.754E-02 0.447E-01 0.112E-01
      3       2      16      16      16       4 0.361E-02 0.145E-01 0.131E-05 0.191E-05 0.973E-04 0.243E-04 0.548E-04 0.137E-04
      3       2     256     256     256       4 0.892E-03 0.329E-02 0.636E-04 0.908E-04 0.356E+00 0.890E-01 0.619E+00 0.155E+00
      3       2      32      32      32       4 0.307E-02 0.122E-01 0.114E-04 0.210E-04 0.584E-03 0.146E-03 0.687E-03 0.172E-03
      3       2     512     512     512       4 0.980E-03 0.354E-02 0.104E-03 0.116E-03 0.366E+01 0.914E+00 0.568E+01 0.142E+01
      3       2      64      64      64       4 0.129E-02 0.511E-02 0.123E-04 0.238E-04 0.367E-02 0.918E-03 0.450E-02 0.112E-02
      3       2       8       8       8       4 0.772E-03 0.308E-02 0.715E-06 0.191E-05 0.229E-04 0.572E-05 0.834E-05 0.209E-05
      3      24     128     128     128       4 0.133E-02 0.509E-02 0.411E-04 0.660E-04 0.666E-02 0.167E-02 0.681E-02 0.170E-02
      3      24      16      16      16       4 0.413E-02 0.165E-01 0.136E-04 0.319E-04 0.264E-03 0.660E-04 0.225E-03 0.562E-04
      3      24     256     256     256       4 0.439E-03 0.147E-02 0.600E-04 0.730E-04 0.610E-01 0.152E-01 0.871E-01 0.218E-01
      3      24      32      32      32       4 0.379E-02 0.151E-01 0.120E-04 0.219E-04 0.384E-03 0.959E-04 0.351E-03 0.878E-04
      3      24     512     512     512       4 0.974E-03 0.354E-02 0.860E-04 0.118E-03 0.673E+00 0.168E+00 0.942E+00 0.236E+00
      3      24      64      64      64       4 0.389E-02 0.155E-01 0.293E-04 0.761E-04 0.146E-02 0.366E-03 0.127E-02 0.317E-03
      3      24       8       8       8       4 0.394E-02 0.158E-01 0.280E-05 0.691E-05 0.448E-04 0.112E-04 0.169E-04 0.423E-05
      3       4     128     128     128       4 0.316E-02 0.125E-01 0.349E-04 0.448E-04 0.162E-01 0.405E-02 0.224E-01 0.561E-02
      3       4      16      16      16       4 0.567E-02 0.226E-01 0.978E-05 0.181E-04 0.141E-03 0.352E-04 0.153E-03 0.383E-04
      3       4     256     256     256       4 0.754E-03 0.270E-02 0.663E-04 0.989E-04 0.189E+00 0.473E-01 0.317E+00 0.793E-01
      3       4      32      32      32       4 0.331E-02 0.132E-01 0.117E-04 0.229E-04 0.419E-03 0.105E-03 0.573E-03 0.143E-03
      3       4     512     512     512       4 0.862E-03 0.305E-02 0.103E-03 0.116E-03 0.214E+01 0.534E+00 0.304E+01 0.761E+00
      3       4      64      64      64       4 0.264E-02 0.105E-01 0.128E-04 0.269E-04 0.226E-02 0.566E-03 0.307E-02 0.769E-03
      3       4       8       8       8       4 0.460E-02 0.184E-01 0.149E-05 0.310E-05 0.236E-04 0.590E-05 0.787E-05 0.197E-05
      3       8     128     128     128       4 0.174E-02 0.674E-02 0.365E-04 0.470E-04 0.910E-02 0.228E-02 0.117E-01 0.292E-02
      3       8      16      16      16       4 0.440E-02 0.176E-01 0.983E-05 0.191E-04 0.181E-03 0.452E-04 0.154E-03 0.384E-04
      3       8     256     256     256       4 0.665E-03 0.240E-02 0.685E-04 0.106E-03 0.105E+00 0.262E-01 0.176E+00 0.440E-01
      3       8      32      32      32       4 0.647E-02 0.258E-01 0.169E-04 0.279E-04 0.353E-03 0.882E-04 0.343E-03 0.857E-04
      3       8     512     512     512       4 0.939E-03 0.336E-02 0.103E-03 0.116E-03 0.129E+01 0.323E+00 0.186E+01 0.464E+00
      3       8      64      64      64       4 0.704E-02 0.281E-01 0.222E-04 0.439E-04 0.130E-02 0.326E-03 0.148E-02 0.370E-03
      3       8       8       8       8       4 0.641E-02 0.256E-01 0.125E-05 0.405E-05 0.203E-04 0.507E-05 0.787E-05 0.197E-05
      4       1     128     128     128       4 0.000E+00 0.000E+00 0.000E+00 0.000E+00 0.000E+00 0.000E+00 0.000E+00 0.000E+00
      4       1      16      16      16       4 0.000E+00 0.000E+00 0.000E+00 0.000E+00 0.000E+00 0.000E+00 0.000E+00 0.000E+00
      4       1     256     256     256       4 0.000E+00 0.000E+00 0.000E+00 0.000E+00 0.000E+00 0.000E+00 0.000E+00 0.000E+00
      4       1      32      32      32       4 0.000E+00 0.000E+00 0.000E+00 0.000E+00 0.000E+00 0.000E+00 0.000E+00 0.000E+00
      4       1     512     512     512       4 0.000E+00 0.000E+00 0.000E+00 0.000E+00 0.000E+00 0.000E+00 0.000E+00 0.000E+00
      4       1      64      64      64       4 0.000E+00 0.000E+00 0.000E+00 0.000E+00 0.000E+00 0.000E+00 0.000E+00 0.000E+00
      4       1       8       8       8       4 0.000E+00 0.000E+00 0.000E+00 0.000E+00 0.000E+00 0.000E+00 0.000E+00 0.000E+00
      4      12     128     128     128       4 0.000E+00 0.000E+00 0.000E+00 0.000E+00 0.000E+00 0.000E+00 0.000E+00 0.000E+00
      4      12      16      16      16       4 0.000E+00 0.000E+00 0.000E+00 0.000E+00 0.000E+00 0.000E+00 0.000E+00 0.000E+00
      4      12     256     256     256       4 0.000E+00 0.000E+00 0.000E+00 0.000E+00 0.000E+00 0.000E+00 0.000E+00 0.000E+00
      4      12      32      32      32       4 0.000E+00 0.000E+00 0.000E+00 0.000E+00 0.000E+00 0.000E+00 0.000E+00 0.000E+00
      4      12     512     512     512       4 0.000E+00 0.000E+00 0.000E+00 0.000E+00 0.000E+00 0.000E+00 0.000E+00 0.000E+00
      4      12      64      64      64       4 0.000E+00 0.000E+00 0.000E+00 0.000E+00 0.000E+00 0.000E+00 0.000E+00 0.000E+00
      4      12       8       8       8       4 0.000E+00 0.000E+00 0.000E+00 0.000E+00 0.000E+00 0.000E+00 0.000E+00 0.000E+00
      4      16     128     128     128       4 0.000E+00 0.000E+00 0.000E+00 0.000E+00 0.000E+00 0.000E+00 0.000E+00 0.000E+00
      4      16      16      16      16       4 0.000E+00 0.000E+00 0.000E+00 0.000E+00 0.000E+00 0.000E+00 0.000E+00 0.000E+00
      4      16     256     256     256       4 0.000E+00 0.000E+00 0.000E+00 0.000E+00 0.000E+00 0.000E+00 0.000E+00 0.000E+00
      4      16      32      32      32       4 0.000E+00 0.000E+00 0.000E+00 0.000E+00 0.000E+00 0.000E+00 0.000E+00 0.000E+00
      4      16     512     512     512       4 0.000E+00 0.000E+00 0.000E+00 0.000E+00 0.000E+00 0.000E+00 0.000E+00 0.000E+00
      4      16      64      64      64       4 0.000E+00 0.000E+00 0.000E+00 0.000E+00 0.000E+00 0.000E+00 0.000E+00 0.000E+00
      4      16       8       8       8       4 0.000E+00 0.000E+00 0.000E+00 0.000E+00 0.000E+00 0.000E+00 0.000E+00 0.000E+00
      4       2     128     128     128       4 0.000E+00 0.000E+00 0.000E+00 0.000E+00 0.000E+00 0.000E+00 0.000E+00 0.000E+00
      4       2      16      16      16       4 0.000E+00 0.000E+00 0.000E+00 0.000E+00 0.000E+00 0.000E+00 0.000E+00 0.000E+00
      4       2     256     256     256       4 0.000E+00 0.000E+00 0.000E+00 0.000E+00 0.000E+00 0.000E+00 0.000E+00 0.000E+00
      4       2      32      32      32       4 0.000E+00 0.000E+00 0.000E+00 0.000E+00 0.000E+00 0.000E+00 0.000E+00 0.000E+00
      4       2     512     512     512       4 0.000E+00 0.000E+00 0.000E+00 0.000E+00 0.000E+00 0.000E+00 0.000E+00 0.000E+00
      4       2      64      64      64       4 0.000E+00 0.000E+00 0.000E+00 0.000E+00 0.000E+00 0.000E+00 0.000E+00 0.000E+00
      4       2       8       8       8       4 0.000E+00 0.000E+00 0.000E+00 0.000E+00 0.000E+00 0.000E+00 0.000E+00 0.000E+00
      4      24     128     128     128       4 0.000E+00 0.000E+00 0.000E+00 0.000E+00 0.000E+00 0.000E+00 0.000E+00 0.000E+00
      4      24      16      16      16       4 0.000E+00 0.000E+00 0.000E+00 0.000E+00 0.000E+00 0.000E+00 0.000E+00 0.000E+00
      4      24     256     256     256       4 0.000E+00 0.000E+00 0.000E+00 0.000E+00 0.000E+00 0.000E+00 0.000E+00 0.000E+00
      4      24      32      32      32       4 0.000E+00 0.000E+00 0.000E+00 0.000E+00 0.000E+00 0.000E+00 0.000E+00 0.000E+00
      4      24     512     512     512       4 0.000E+00 0.000E+00 0.000E+00 0.000E+00 0.000E+00 0.000E+00 0.000E+00 0.000E+00
      4      24      64      64      64       4 0.000E+00 0.000E+00 0.000E+00 0.000E+00 0.000E+00 0.000E+00 0.000E+00 0.000E+00
      4      24       8       8       8       4 0.000E+00 0.000E+00 0.000E+00 0.000E+00 0.000E+00 0.000E+00 0.000E+00 0.000E+00
      4       4     128     128     128       4 0.000E+00 0.000E+00 0.000E+00 0.000E+00 0.000E+00 0.000E+00 0.000E+00 0.000E+00
      4       4      16      16      16       4 0.000E+00 0.000E+00 0.000E+00 0.000E+00 0.000E+00 0.000E+00 0.000E+00 0.000E+00
      4       4     256     256     256       4 0.000E+00 0.000E+00 0.000E+00 0.000E+00 0.000E+00 0.000E+00 0.000E+00 0.000E+00
      4       4      32      32      32       4 0.000E+00 0.000E+00 0.000E+00 0.000E+00 0.000E+00 0.000E+00 0.000E+00 0.000E+00
      4       4     512     512     512       4 0.000E+00 0.000E+00 0.000E+00 0.000E+00 0.000E+00 0.000E+00 0.000E+00 0.000E+00
      4       4      64      64      64       4 0.000E+00 0.000E+00 0.000E+00 0.000E+00 0.000E+00 0.000E+00 0.000E+00 0.000E+00
      4       4       8       8       8       4 0.000E+00 0.000E+00 0.000E+00 0.000E+00 0.000E+00 0.000E+00 0.000E+00 0.000E+00
      4       8     128     128     128       4 0.000E+00 0.000E+00 0.000E+00 0.000E+00 0.000E+00 0.000E+00 0.000E+00 0.000E+00
      4       8      16      16      16       4 0.000E+00 0.000E+00 0.000E+00 0.000E+00 0.000E+00 0.000E+00 0.000E+00 0.000E+00
      4       8     256     256     256       4 0.000E+00 0.000E+00 0.000E+00 0.000E+00 0.000E+00 0.000E+00 0.000E+00 0.000E+00
      4       8      32      32      32       4 0.000E+00 0.000E+00 0.000E+00 0.000E+00 0.000E+00 0.000E+00 0.000E+00 0.000E+00
      4       8     512     512     512       4 0.000E+00 0.000E+00 0.000E+00 0.000E+00 0.000E+00 0.000E+00 0.000E+00 0.000E+00
      4       8      64      64      64       4 0.000E+00 0.000E+00 0.000E+00 0.000E+00 0.000E+00 0.000E+00 0.000E+00 0.000E+00
      4       8       8       8       8       4 0.000E+00 0.000E+00 0.000E+00 0.000E+00 0.000E+00 0.000E+00 0.000E+00 0.000E+00];
