res3dcp4=[      2       1       1     127     127     127       4 0.178E+01 0.182E+01 0.170E+01 0.174E+01 0.488E+00 0.122E+00 0.488E+00 0.122E+00
      2       1       1      17      17      17       4 0.841E-02 0.882E-02 0.789E-02 0.793E-02 0.597E-03 0.149E-03 0.598E-03 0.149E-03
      2       1       1     257     257     257       4 0.106E+02 0.107E+02 0.105E+02 0.105E+02 0.559E+01 0.140E+01 0.562E+01 0.141E+01
      2       1       1      31      31      31       4 0.716E-01 0.724E-01 0.709E-01 0.711E-01 0.536E-02 0.134E-02 0.536E-02 0.134E-02
      2       1       1     509     509     509       4 0.195E+02 0.196E+02 0.194E+02 0.196E+02 0.360E+02 0.900E+01 0.358E+02 0.894E+01
      2       1       1      67      67      67       4 0.304E+00 0.304E+00 0.288E+00 0.305E+00 0.908E-01 0.227E-01 0.898E-01 0.224E-01
      2       1       1       7       7       7       4 0.683E-02 0.721E-02 0.622E-02 0.628E-02 0.787E-05 0.197E-05 0.691E-05 0.173E-05
      2       1      12     127     127     127       4 0.182E+01 0.189E+01 0.180E+01 0.194E+01 0.935E-01 0.234E-01 0.816E-01 0.204E-01
      2       1      12      17      17      17       4 0.419E-01 0.433E-01 0.412E-01 0.421E-01 0.323E-03 0.808E-04 0.297E-03 0.742E-04
      2       1      12     257     257     257       4 0.109E+02 0.111E+02 0.112E+02 0.113E+02 0.768E+00 0.192E+00 0.772E+00 0.193E+00
      2       1      12      31      31      31       4 0.241E+00 0.251E+00 0.247E+00 0.253E+00 0.171E-02 0.428E-03 0.160E-02 0.399E-03
      2       1      12     509     509     509       4 0.317E+02 0.325E+02 0.313E+02 0.319E+02 0.432E+01 0.108E+01 0.422E+01 0.105E+01
      2       1      12      67      67      67       4 0.476E+00 0.489E+00 0.449E+00 0.457E+00 0.246E-01 0.615E-02 0.244E-01 0.610E-02
      2       1      12       7       7       7       4 0.256E-01 0.284E-01 0.230E-01 0.243E-01 0.560E-03 0.140E-03 0.236E-03 0.591E-04
      2       1      16     127     127     127       4 0.191E+01 0.195E+01 0.180E+01 0.186E+01 0.831E-01 0.208E-01 0.737E-01 0.184E-01
      2       1      16      17      17      17       4 0.420E-01 0.429E-01 0.419E-01 0.477E-01 0.319E-03 0.797E-04 0.313E-03 0.782E-04
      2       1      16     257     257     257       4 0.102E+02 0.103E+02 0.105E+02 0.107E+02 0.663E+00 0.166E+00 0.720E+00 0.180E+00
      2       1      16      31      31      31       4 0.262E+00 0.281E+00 0.265E+00 0.284E+00 0.131E-02 0.327E-03 0.132E-02 0.330E-03
      2       1      16     509     509     509       4 0.290E+02 0.294E+02 0.288E+02 0.290E+02 0.343E+01 0.857E+00 0.346E+01 0.866E+00
      2       1      16      67      67      67       4 0.462E+00 0.484E+00 0.450E+00 0.477E+00 0.205E-01 0.513E-02 0.202E-01 0.504E-02
      2       1      16       7       7       7       4 0.206E-01 0.219E-01 0.188E-01 0.190E-01 0.666E-03 0.166E-03 0.425E-03 0.106E-03
      2       1       2     127     127     127       4 0.283E+01 0.290E+01 0.283E+01 0.288E+01 0.294E+00 0.734E-01 0.301E+00 0.754E-01
      2       1       2      17      17      17       4 0.253E-01 0.288E-01 0.246E-01 0.284E-01 0.441E-03 0.110E-03 0.431E-03 0.108E-03
      2       1       2     257     257     257       4 0.269E+02 0.272E+02 0.269E+02 0.273E+02 0.315E+01 0.788E+00 0.303E+01 0.758E+00
      2       1       2      31      31      31       4 0.144E+00 0.144E+00 0.142E+00 0.144E+00 0.313E-02 0.783E-03 0.314E-02 0.786E-03
      2       1       2     509     509     509       4 0.430E+02 0.432E+02 0.428E+02 0.431E+02 0.213E+02 0.531E+01 0.201E+02 0.501E+01
      2       1       2      67      67      67       4 0.605E+00 0.676E+00 0.591E+00 0.657E+00 0.629E-01 0.157E-01 0.614E-01 0.154E-01
      2       1       2       7       7       7       4 0.179E-01 0.182E-01 0.166E-01 0.169E-01 0.679E-04 0.170E-04 0.331E-04 0.829E-05
      2       1      24     127     127     127       4 0.187E+01 0.192E+01 0.180E+01 0.187E+01 0.752E-01 0.188E-01 0.823E-01 0.206E-01
      2       1      24      17      17      17       4 0.519E-01 0.524E-01 0.516E-01 0.546E-01 0.115E-02 0.287E-03 0.992E-03 0.248E-03
      2       1      24     257     257     257       4 0.104E+02 0.107E+02 0.113E+02 0.117E+02 0.586E+00 0.146E+00 0.573E+00 0.143E+00
      2       1      24      31      31      31       4 0.339E+00 0.366E+00 0.319E+00 0.337E+00 0.117E-02 0.292E-03 0.121E-02 0.302E-03
      2       1      24     509     509     509       4 0.274E+02 0.287E+02 0.249E+02 0.266E+02 0.303E+01 0.757E+00 0.287E+01 0.718E+00
      2       1      24      67      67      67       4 0.551E+00 0.571E+00 0.524E+00 0.554E+00 0.218E-01 0.545E-02 0.201E-01 0.501E-02
      2       1      24       7       7       7       4 0.208E-01 0.216E-01 0.196E-01 0.201E-01 0.714E-03 0.178E-03 0.603E-03 0.151E-03
      2       1       4     127     127     127       4 0.192E+01 0.197E+01 0.186E+01 0.193E+01 0.154E+00 0.384E-01 0.159E+00 0.396E-01
      2       1       4      17      17      17       4 0.259E-01 0.265E-01 0.252E-01 0.256E-01 0.318E-03 0.795E-04 0.325E-03 0.812E-04
      2       1       4     257     257     257       4 0.171E+02 0.187E+02 0.178E+02 0.189E+02 0.178E+01 0.444E+00 0.178E+01 0.446E+00
      2       1       4      31      31      31       4 0.155E+00 0.156E+00 0.158E+00 0.163E+00 0.160E-02 0.399E-03 0.162E-02 0.406E-03
      2       1       4     509     509     509       4 0.333E+02 0.339E+02 0.347E+02 0.367E+02 0.113E+02 0.282E+01 0.111E+02 0.278E+01
      2       1       4      67      67      67       4 0.481E+00 0.484E+00 0.485E+00 0.496E+00 0.295E-01 0.739E-02 0.346E-01 0.864E-02
      2       1       4       7       7       7       4 0.201E-01 0.205E-01 0.184E-01 0.189E-01 0.677E-04 0.169E-04 0.646E-04 0.162E-04
      2       1       8     127     127     127       4 0.161E+01 0.167E+01 0.157E+01 0.165E+01 0.114E+00 0.285E-01 0.109E+00 0.273E-01
      2       1       8      17      17      17       4 0.392E-01 0.412E-01 0.389E-01 0.416E-01 0.289E-03 0.723E-04 0.296E-03 0.740E-04
      2       1       8     257     257     257       4 0.127E+02 0.128E+02 0.126E+02 0.128E+02 0.984E+00 0.246E+00 0.101E+01 0.253E+00
      2       1       8      31      31      31       4 0.194E+00 0.200E+00 0.200E+00 0.206E+00 0.197E-02 0.493E-03 0.191E-02 0.477E-03
      2       1       8     509     509     509       4 0.327E+02 0.335E+02 0.321E+02 0.324E+02 0.598E+01 0.150E+01 0.598E+01 0.150E+01
      2       1       8      67      67      67       4 0.436E+00 0.452E+00 0.429E+00 0.431E+00 0.232E-01 0.580E-02 0.224E-01 0.559E-02
      2       1       8       7       7       7       4 0.228E-01 0.231E-01 0.217E-01 0.229E-01 0.444E-03 0.111E-03 0.435E-03 0.109E-03
      2      16       1     127     127     127       4 0.242E+00 0.246E+00 0.204E+00 0.206E+00 0.607E-01 0.152E-01 0.562E-01 0.140E-01
      2      16       1      31      31      31       4 0.565E-01 0.643E-01 0.513E-01 0.566E-01 0.103E-02 0.256E-03 0.123E-02 0.306E-03
      2       2       1     127     127     127       4 0.648E+00 0.661E+00 0.599E+00 0.612E+00 0.408E+00 0.102E+00 0.389E+00 0.973E-01
      2       2       1      17      17      17       4 0.926E-02 0.126E-01 0.363E-02 0.463E-02 0.702E-03 0.176E-03 0.601E-03 0.150E-03
      2       2       1     257     257     257       4 0.596E+01 0.607E+01 0.548E+01 0.555E+01 0.497E+01 0.124E+01 0.499E+01 0.125E+01
      2       2       1      31      31      31       4 0.761E-01 0.836E-01 0.609E-01 0.675E-01 0.593E-02 0.148E-02 0.557E-02 0.139E-02
      2       2       1     509     509     509       4 0.121E+02 0.124E+02 0.910E+01 0.934E+01 0.353E+02 0.881E+01 0.354E+02 0.884E+01
      2       2       1      67      67      67       4 0.152E+00 0.157E+00 0.137E+00 0.139E+00 0.682E-01 0.171E-01 0.659E-01 0.165E-01
      2       2       1       7       7       7       4 0.125E-01 0.143E-01 0.563E-02 0.569E-02 0.982E-04 0.246E-04 0.401E-04 0.100E-04
      2       2      12     127     127     127       4 0.951E+00 0.966E+00 0.819E+00 0.841E+00 0.416E+00 0.104E+00 0.415E+00 0.104E+00
      2       2      12      17      17      17       4 0.328E-01 0.352E-01 0.160E-01 0.176E-01 0.184E-02 0.461E-03 0.152E-02 0.379E-03
      2       2      12     257     257     257       4 0.538E+01 0.553E+01 0.435E+01 0.446E+01 0.313E+01 0.782E+00 0.311E+01 0.778E+00
      2       2      12      31      31      31       4 0.241E+00 0.252E+00 0.212E+00 0.221E+00 0.686E-02 0.171E-02 0.539E-02 0.135E-02
      2       2      12     509     509     509       4 0.196E+02 0.200E+02 0.114E+02 0.116E+02 0.252E+02 0.630E+01 0.231E+02 0.577E+01
      2       2      12      67      67      67       4 0.219E+00 0.245E+00 0.183E+00 0.190E+00 0.879E-01 0.220E-01 0.864E-01 0.216E-01
      2       2      12       7       7       7       4 0.261E-01 0.273E-01 0.139E-01 0.163E-01 0.170E-02 0.426E-03 0.126E-02 0.314E-03
      2       2       2     127     127     127       4 0.104E+01 0.106E+01 0.931E+00 0.936E+00 0.570E+00 0.143E+00 0.537E+00 0.134E+00
      2       2       2      17      17      17       4 0.190E-01 0.226E-01 0.708E-02 0.738E-02 0.111E-02 0.278E-03 0.924E-03 0.231E-03
      2       2       2     257     257     257       4 0.789E+01 0.792E+01 0.704E+01 0.708E+01 0.376E+01 0.940E+00 0.379E+01 0.948E+00
      2       2       2      31      31      31       4 0.123E+00 0.129E+00 0.984E-01 0.103E+00 0.477E-02 0.119E-02 0.419E-02 0.105E-02
      2       2       2     509     509     509       4 0.219E+02 0.223E+02 0.164E+02 0.168E+02 0.266E+02 0.665E+01 0.268E+02 0.669E+01
      2       2       2      67      67      67       4 0.222E+00 0.226E+00 0.207E+00 0.212E+00 0.798E-01 0.200E-01 0.763E-01 0.191E-01
      2       2       2       7       7       7       4 0.198E-01 0.236E-01 0.811E-02 0.820E-02 0.390E-03 0.975E-04 0.317E-03 0.793E-04
      2       2       4     127     127     127       4 0.937E+00 0.953E+00 0.905E+00 0.932E+00 0.472E+00 0.118E+00 0.473E+00 0.118E+00
      2       2       4      17      17      17       4 0.266E-01 0.284E-01 0.121E-01 0.128E-01 0.161E-02 0.404E-03 0.124E-02 0.310E-03
      2       2       4     257     257     257       4 0.637E+01 0.643E+01 0.600E+01 0.622E+01 0.377E+01 0.942E+00 0.369E+01 0.922E+00
      2       2       4      31      31      31       4 0.164E+00 0.169E+00 0.137E+00 0.144E+00 0.458E-02 0.114E-02 0.393E-02 0.982E-03
      2       2       4     509     509     509       4 0.266E+02 0.269E+02 0.182E+02 0.186E+02 0.278E+02 0.694E+01 0.268E+02 0.670E+01
      2       2       4      67      67      67       4 0.250E+00 0.252E+00 0.235E+00 0.250E+00 0.752E-01 0.188E-01 0.730E-01 0.183E-01
      2       2       4       7       7       7       4 0.236E-01 0.246E-01 0.128E-01 0.131E-01 0.663E-03 0.166E-03 0.504E-03 0.126E-03
      2       2       8     127     127     127       4 0.949E+00 0.986E+00 0.865E+00 0.895E+00 0.436E+00 0.109E+00 0.436E+00 0.109E+00
      2       2       8      17      17      17       4 0.310E-01 0.329E-01 0.162E-01 0.164E-01 0.142E-02 0.354E-03 0.109E-02 0.272E-03
      2       2       8     257     257     257       4 0.533E+01 0.543E+01 0.478E+01 0.496E+01 0.329E+01 0.822E+00 0.332E+01 0.830E+00
      2       2       8      31      31      31       4 0.164E+00 0.169E+00 0.143E+00 0.149E+00 0.484E-02 0.121E-02 0.373E-02 0.932E-03
      2       2       8     509     509     509       4 0.224E+02 0.233E+02 0.144E+02 0.146E+02 0.258E+02 0.646E+01 0.248E+02 0.621E+01
      2       2       8      67      67      67       4 0.221E+00 0.237E+00 0.194E+00 0.216E+00 0.866E-01 0.217E-01 0.866E-01 0.217E-01
      2       2       8       7       7       7       4 0.262E-01 0.293E-01 0.135E-01 0.145E-01 0.115E-02 0.287E-03 0.799E-03 0.200E-03
      2       4       1     127     127     127       4 0.396E+00 0.405E+00 0.357E+00 0.360E+00 0.204E+00 0.511E-01 0.195E+00 0.487E-01
      2       4       1     257     257     257       4 0.245E+01 0.246E+01 0.224E+01 0.226E+01 0.260E+01 0.649E+00 0.247E+01 0.619E+00
      2       4       1      31      31      31       4 0.575E-01 0.602E-01 0.497E-01 0.500E-01 0.256E-02 0.640E-03 0.231E-02 0.576E-03
      2       4       1     509     509     509       4 0.757E+01 0.771E+01 0.495E+01 0.509E+01 0.208E+02 0.521E+01 0.209E+02 0.521E+01
      2       4       1      67      67      67       4 0.104E+00 0.106E+00 0.840E-01 0.868E-01 0.353E-01 0.883E-02 0.333E-01 0.833E-02
      2       4       1       7       7       7       4 0.123E-01 0.139E-01 0.642E-02 0.658E-02 0.811E-04 0.203E-04 0.644E-04 0.161E-04
      2       4       2     127     127     127       4 0.638E+00 0.650E+00 0.631E+00 0.642E+00 0.238E+00 0.596E-01 0.229E+00 0.572E-01
      2       4       2     257     257     257       4 0.551E+01 0.656E+01 0.443E+01 0.451E+01 0.243E+01 0.607E+00 0.245E+01 0.612E+00
      2       4       2      31      31      31       4 0.998E-01 0.109E+00 0.863E-01 0.896E-01 0.298E-02 0.744E-03 0.257E-02 0.643E-03
      2       4       2     509     509     509       4 0.252E+02 0.259E+02 0.183E+02 0.185E+02 0.199E+02 0.496E+01 0.194E+02 0.484E+01
      2       4       2      67      67      67       4 0.160E+00 0.161E+00 0.120E+00 0.125E+00 0.416E-01 0.104E-01 0.358E-01 0.896E-02
      2       4       2       7       7       7       4 0.229E-01 0.242E-01 0.148E-01 0.153E-01 0.379E-03 0.948E-04 0.300E-03 0.749E-04
      2       4       4     127     127     127       4 0.586E+00 0.599E+00 0.495E+00 0.513E+00 0.243E+00 0.608E-01 0.258E+00 0.645E-01
      2       4       4     257     257     257       4 0.390E+01 0.407E+01 0.342E+01 0.412E+01 0.217E+01 0.541E+00 0.215E+01 0.537E+00
      2       4       4      31      31      31       4 0.119E+00 0.129E+00 0.102E+00 0.104E+00 0.388E-02 0.970E-03 0.327E-02 0.818E-03
      2       4       4     509     509     509       4 0.211E+02 0.213E+02 0.139E+02 0.141E+02 0.176E+02 0.441E+01 0.176E+02 0.440E+01
      2       4       4      67      67      67       4 0.176E+00 0.182E+00 0.140E+00 0.148E+00 0.479E-01 0.120E-01 0.449E-01 0.112E-01
      2       4       4       7       7       7       4 0.249E-01 0.281E-01 0.146E-01 0.153E-01 0.104E-02 0.260E-03 0.689E-03 0.172E-03
      2       8       1     127     127     127       4 0.312E+00 0.317E+00 0.260E+00 0.263E+00 0.115E+00 0.287E-01 0.105E+00 0.262E-01
      2       8       1     257     257     257       4 0.204E+01 0.205E+01 0.187E+01 0.189E+01 0.140E+01 0.350E+00 0.136E+01 0.340E+00
      2       8       1      31      31      31       4 0.583E-01 0.669E-01 0.491E-01 0.492E-01 0.132E-02 0.331E-03 0.118E-02 0.296E-03
      2       8       1       7       7       7       4 0.623E-02 0.902E-02 0.453E-02 0.485E-02 0.100E-03 0.250E-04 0.620E-04 0.155E-04
      2       8       2     127     127     127       4 0.547E+00 0.563E+00 0.494E+00 0.518E+00 0.167E+00 0.418E-01 0.161E+00 0.403E-01
      2       8       2     257     257     257       4 0.317E+01 0.318E+01 0.291E+01 0.292E+01 0.152E+01 0.379E+00 0.151E+01 0.377E+00
      2       8       2      31      31      31       4 0.997E-01 0.102E+00 0.886E-01 0.907E-01 0.219E-02 0.547E-03 0.193E-02 0.483E-03
      2       8       2       7       7       7       4 0.129E-01 0.137E-01 0.108E-01 0.114E-01 0.185E-03 0.463E-04 0.192E-03 0.480E-04
      3       1       1     127     127     127       4 0.878E-03 0.312E-02 0.000E+00 0.000E+00 0.386E+00 0.965E-01 0.396E+00 0.990E-01
      3       1       1      17      17      17       4 0.727E-03 0.283E-02 0.000E+00 0.000E+00 0.355E-03 0.888E-04 0.256E-03 0.640E-04
      3       1       1     257     257     257       4 0.955E-03 0.316E-02 0.000E+00 0.000E+00 0.495E+01 0.124E+01 0.482E+01 0.120E+01
      3       1       1      31      31      31       4 0.849E-03 0.331E-02 0.000E+00 0.000E+00 0.206E-02 0.515E-03 0.187E-02 0.468E-03
      3       1       1     509     509     509       4 0.103E-02 0.322E-02 0.000E+00 0.000E+00 0.340E+02 0.850E+01 0.329E+02 0.821E+01
      3       1       1      67      67      67       4 0.897E-03 0.343E-02 0.000E+00 0.000E+00 0.105E+00 0.262E-01 0.103E+00 0.256E-01
      3       1       1       7       7       7       4 0.701E-03 0.276E-02 0.000E+00 0.000E+00 0.145E-03 0.362E-04 0.300E-04 0.751E-05
      3       1      12     127     127     127       4 0.195E-02 0.727E-02 0.298E-06 0.119E-05 0.919E-01 0.230E-01 0.844E-01 0.211E-01
      3       1      12      17      17      17       4 0.537E-02 0.214E-01 0.000E+00 0.000E+00 0.496E-03 0.124E-03 0.208E-03 0.520E-04
      3       1      12     257     257     257       4 0.765E-03 0.232E-02 0.238E-06 0.954E-06 0.110E+01 0.274E+00 0.848E+00 0.212E+00
      3       1      12      31      31      31       4 0.416E-02 0.165E-01 0.000E+00 0.000E+00 0.118E-02 0.296E-03 0.803E-03 0.201E-03
      3       1      12     509     509     509       4 0.108E-02 0.342E-02 0.000E+00 0.000E+00 0.808E+01 0.202E+01 0.603E+01 0.151E+01
      3       1      12      67      67      67       4 0.326E-02 0.129E-01 0.238E-06 0.954E-06 0.173E-01 0.432E-02 0.149E-01 0.372E-02
      3       1      12       7       7       7       4 0.428E-02 0.170E-01 0.238E-06 0.954E-06 0.300E-03 0.750E-04 0.100E-03 0.250E-04
      3       1      16     127     127     127       4 0.237E-02 0.896E-02 0.000E+00 0.000E+00 0.830E-01 0.208E-01 0.744E-01 0.186E-01
      3       1      16      17      17      17       4 0.409E-02 0.163E-01 0.000E+00 0.000E+00 0.518E-03 0.129E-03 0.202E-03 0.505E-04
      3       1      16     257     257     257       4 0.819E-03 0.252E-02 0.238E-06 0.954E-06 0.993E+00 0.248E+00 0.746E+00 0.186E+00
      3       1      16      31      31      31       4 0.311E-02 0.124E-01 0.000E+00 0.000E+00 0.112E-02 0.280E-03 0.742E-03 0.185E-03
      3       1      16     509     509     509       4 0.116E-02 0.374E-02 0.000E+00 0.000E+00 0.736E+01 0.184E+01 0.530E+01 0.132E+01
      3       1      16      67      67      67       4 0.285E-02 0.112E-01 0.000E+00 0.000E+00 0.152E-01 0.379E-02 0.128E-01 0.319E-02
      3       1      16       7       7       7       4 0.344E-02 0.137E-01 0.000E+00 0.000E+00 0.327E-03 0.818E-04 0.150E-03 0.374E-04
      3       1       2     127     127     127       4 0.175E-02 0.646E-02 0.238E-06 0.954E-06 0.230E+00 0.576E-01 0.237E+00 0.594E-01
      3       1       2      17      17      17       4 0.710E-03 0.277E-02 0.000E+00 0.000E+00 0.356E-03 0.890E-04 0.211E-03 0.528E-04
      3       1       2     257     257     257       4 0.986E-03 0.326E-02 0.000E+00 0.000E+00 0.289E+01 0.722E+00 0.269E+01 0.673E+00
      3       1       2      31      31      31       4 0.332E-02 0.132E-01 0.000E+00 0.000E+00 0.160E-02 0.400E-03 0.129E-02 0.322E-03
      3       1       2     509     509     509       4 0.116E-02 0.376E-02 0.000E+00 0.000E+00 0.200E+02 0.500E+01 0.185E+02 0.462E+01
      3       1       2      67      67      67       4 0.171E-02 0.670E-02 0.000E+00 0.000E+00 0.574E-01 0.144E-01 0.558E-01 0.140E-01
      3       1       2       7       7       7       4 0.736E-03 0.289E-02 0.238E-06 0.954E-06 0.217E-03 0.543E-04 0.427E-04 0.107E-04
      3       1      24     127     127     127       4 0.823E-03 0.284E-02 0.000E+00 0.000E+00 0.921E-01 0.230E-01 0.841E-01 0.210E-01
      3       1      24      17      17      17       4 0.404E-02 0.161E-01 0.000E+00 0.000E+00 0.143E-02 0.357E-03 0.203E-03 0.507E-04
      3       1      24     257     257     257       4 0.756E-03 0.227E-02 0.000E+00 0.000E+00 0.106E+01 0.266E+00 0.824E+00 0.206E+00
      3       1      24      31      31      31       4 0.428E-02 0.170E-01 0.000E+00 0.000E+00 0.134E-02 0.336E-03 0.772E-03 0.193E-03
      3       1      24     509     509     509       4 0.114E-02 0.369E-02 0.000E+00 0.000E+00 0.671E+01 0.168E+01 0.470E+01 0.117E+01
      3       1      24      67      67      67       4 0.336E-02 0.133E-01 0.000E+00 0.000E+00 0.136E-01 0.340E-02 0.110E-01 0.275E-02
      3       1      24       7       7       7       4 0.538E-02 0.215E-01 0.477E-06 0.954E-06 0.344E-03 0.860E-04 0.166E-03 0.415E-04
      3       1       4     127     127     127       4 0.320E-02 0.124E-01 0.238E-06 0.954E-06 0.147E+00 0.367E-01 0.146E+00 0.365E-01
      3       1       4      17      17      17       4 0.432E-02 0.172E-01 0.238E-06 0.954E-06 0.415E-03 0.104E-03 0.205E-03 0.513E-04
      3       1       4     257     257     257       4 0.932E-03 0.303E-02 0.000E+00 0.000E+00 0.185E+01 0.462E+00 0.162E+01 0.406E+00
      3       1       4      31      31      31       4 0.498E-02 0.198E-01 0.000E+00 0.000E+00 0.152E-02 0.379E-03 0.121E-02 0.302E-03
      3       1       4     509     509     509       4 0.110E-02 0.341E-02 0.000E+00 0.000E+00 0.128E+02 0.320E+01 0.110E+02 0.274E+01
      3       1       4      67      67      67       4 0.562E-02 0.223E-01 0.298E-06 0.119E-05 0.329E-01 0.823E-02 0.307E-01 0.768E-02
      3       1       4       7       7       7       4 0.525E-02 0.209E-01 0.000E+00 0.000E+00 0.178E-03 0.445E-04 0.629E-04 0.157E-04
      3       1       8     127     127     127       4 0.145E-02 0.532E-02 0.000E+00 0.000E+00 0.105E+00 0.262E-01 0.977E-01 0.244E-01
      3       1       8      17      17      17       4 0.438E-02 0.174E-01 0.000E+00 0.000E+00 0.431E-03 0.108E-03 0.187E-03 0.467E-04
      3       1       8     257     257     257       4 0.937E-03 0.304E-02 0.000E+00 0.000E+00 0.125E+01 0.314E+00 0.102E+01 0.255E+00
      3       1       8      31      31      31       4 0.410E-02 0.163E-01 0.000E+00 0.000E+00 0.129E-02 0.323E-03 0.922E-03 0.230E-03
      3       1       8     509     509     509       4 0.128E-02 0.420E-02 0.000E+00 0.000E+00 0.940E+01 0.235E+01 0.744E+01 0.186E+01
      3       1       8      67      67      67       4 0.436E-02 0.173E-01 0.000E+00 0.000E+00 0.213E-01 0.533E-02 0.191E-01 0.478E-02
      3       1       8       7       7       7       4 0.436E-02 0.174E-01 0.000E+00 0.000E+00 0.266E-03 0.665E-04 0.660E-04 0.165E-04
      3      16       1     127     127     127       4 0.214E-01 0.849E-01 0.173E-05 0.215E-05 0.123E+00 0.308E-01 0.910E-01 0.228E-01
      3      16       1      17      17      17       4 0.237E-01 0.945E-01 0.197E-05 0.215E-05 0.166E-02 0.416E-03 0.457E-03 0.114E-03
      3      16       1     257     257     257       4 0.387E-01 0.154E+00 0.116E-02 0.463E-02 0.153E+01 0.383E+00 0.905E+00 0.226E+00
      3      16       1      31      31      31       4 0.221E-01 0.882E-01 0.149E-05 0.191E-05 0.349E-02 0.872E-03 0.127E-02 0.318E-03
      3      16       1      67      67      67       4 0.173E-01 0.687E-01 0.125E-05 0.215E-05 0.283E-01 0.707E-02 0.164E-01 0.411E-02
      3      16       1       7       7       7       4 0.480E-02 0.158E-01 0.149E-05 0.191E-05 0.129E-02 0.324E-03 0.743E-03 0.186E-03
      3       2       1     127     127     127       4 0.486E-02 0.190E-01 0.477E-06 0.954E-06 0.341E+00 0.854E-01 0.275E+00 0.688E-01
      3       2       1      17      17      17       4 0.438E-02 0.174E-01 0.101E-05 0.119E-05 0.563E-03 0.141E-03 0.333E-03 0.833E-04
      3       2       1     257     257     257       4 0.472E-02 0.182E-01 0.715E-06 0.954E-06 0.387E+01 0.967E+00 0.297E+01 0.743E+00
      3       2       1      31      31      31       4 0.417E-02 0.166E-01 0.238E-06 0.954E-06 0.245E-02 0.613E-03 0.183E-02 0.456E-03
      3       2       1     509     509     509       4 0.435E-02 0.165E-01 0.536E-06 0.119E-05 0.283E+02 0.708E+01 0.216E+02 0.539E+01
      3       2       1      67      67      67       4 0.435E-02 0.172E-01 0.715E-06 0.954E-06 0.684E-01 0.171E-01 0.604E-01 0.151E-01
      3       2       1       7       7       7       4 0.462E-02 0.184E-01 0.775E-06 0.215E-05 0.169E-03 0.423E-04 0.830E-04 0.207E-04
      3       2      12     127     127     127       4 0.366E-02 0.140E-01 0.536E-06 0.119E-05 0.208E+00 0.520E-01 0.122E+00 0.306E-01
      3       2      12      17      17      17       4 0.692E-02 0.275E-01 0.954E-06 0.954E-06 0.908E-03 0.227E-03 0.438E-03 0.109E-03
      3       2      12     257     257     257       4 0.428E-02 0.164E-01 0.477E-06 0.954E-06 0.185E+01 0.464E+00 0.929E+00 0.232E+00
      3       2      12      31      31      31       4 0.598E-02 0.238E-01 0.477E-06 0.954E-06 0.235E-02 0.586E-03 0.148E-02 0.370E-03
      3       2      12     509     509     509       4 0.435E-02 0.165E-01 0.429E-05 0.141E-04 0.142E+02 0.355E+01 0.737E+01 0.184E+01
      3       2      12      67      67      67       4 0.531E-02 0.210E-01 0.775E-06 0.119E-05 0.235E-01 0.587E-02 0.167E-01 0.418E-02
      3       2      12       7       7       7       4 0.716E-02 0.286E-01 0.238E-06 0.954E-06 0.377E-03 0.942E-04 0.175E-03 0.437E-04
      3       2       2     127     127     127       4 0.561E-02 0.220E-01 0.238E-06 0.954E-06 0.248E+00 0.619E-01 0.173E+00 0.432E-01
      3       2       2      17      17      17       4 0.556E-02 0.221E-01 0.477E-06 0.954E-06 0.664E-03 0.166E-03 0.388E-03 0.970E-04
      3       2       2     257     257     257       4 0.449E-02 0.173E-01 0.954E-06 0.954E-06 0.275E+01 0.686E+00 0.182E+01 0.455E+00
      3       2       2      31      31      31       4 0.769E-02 0.307E-01 0.715E-06 0.954E-06 0.260E-02 0.651E-03 0.200E-02 0.500E-03
      3       2       2     509     509     509       4 0.452E-02 0.172E-01 0.715E-06 0.954E-06 0.205E+02 0.511E+01 0.132E+02 0.330E+01
      3       2       2      67      67      67       4 0.383E-02 0.151E-01 0.298E-06 0.119E-05 0.427E-01 0.107E-01 0.365E-01 0.912E-02
      3       2       2       7       7       7       4 0.564E-02 0.225E-01 0.715E-06 0.954E-06 0.289E-03 0.722E-04 0.114E-03 0.284E-04
      3       2       4     127     127     127       4 0.379E-02 0.147E-01 0.715E-06 0.954E-06 0.205E+00 0.512E-01 0.131E+00 0.327E-01
      3       2       4      17      17      17       4 0.105E-01 0.420E-01 0.715E-06 0.954E-06 0.710E-03 0.178E-03 0.403E-03 0.101E-03
      3       2       4     257     257     257       4 0.381E-02 0.145E-01 0.775E-06 0.119E-05 0.219E+01 0.547E+00 0.135E+01 0.338E+00
      3       2       4      31      31      31       4 0.589E-02 0.234E-01 0.715E-06 0.954E-06 0.208E-02 0.521E-03 0.151E-02 0.378E-03
      3       2       4     509     509     509       4 0.495E-02 0.189E-01 0.715E-06 0.954E-06 0.161E+02 0.403E+01 0.991E+01 0.248E+01
      3       2       4      67      67      67       4 0.498E-02 0.197E-01 0.775E-06 0.119E-05 0.334E-01 0.836E-02 0.257E-01 0.643E-02
      3       2       4       7       7       7       4 0.431E-02 0.172E-01 0.536E-06 0.119E-05 0.327E-03 0.817E-04 0.123E-03 0.308E-04
      3       2       8     127     127     127       4 0.383E-02 0.148E-01 0.536E-06 0.119E-05 0.183E+00 0.458E-01 0.113E+00 0.282E-01
      3       2       8      17      17      17       4 0.736E-02 0.293E-01 0.238E-06 0.954E-06 0.807E-03 0.202E-03 0.386E-03 0.964E-04
      3       2       8     257     257     257       4 0.392E-02 0.149E-01 0.298E-06 0.119E-05 0.180E+01 0.449E+00 0.108E+01 0.271E+00
      3       2       8      31      31      31       4 0.600E-02 0.239E-01 0.954E-06 0.954E-06 0.210E-02 0.524E-03 0.133E-02 0.331E-03
      3       2       8     509     509     509       4 0.437E-02 0.166E-01 0.298E-06 0.119E-05 0.141E+02 0.354E+01 0.795E+01 0.199E+01
      3       2       8      67      67      67       4 0.412E-02 0.163E-01 0.834E-06 0.119E-05 0.252E-01 0.629E-02 0.184E-01 0.461E-02
      3       2       8       7       7       7       4 0.724E-02 0.289E-01 0.000E+00 0.000E+00 0.132E-02 0.330E-03 0.167E-03 0.417E-04
      3       4       1     127     127     127       4 0.119E-01 0.470E-01 0.400E-02 0.160E-01 0.237E+00 0.591E-01 0.152E+00 0.379E-01
      3       4       1      17      17      17       4 0.300E-01 0.640E-01 0.160E-01 0.320E-01 0.803E-01 0.201E-01 0.883E-01 0.221E-01
      3       4       1     257     257     257       4 0.105E-01 0.412E-01 0.119E-05 0.191E-05 0.240E+01 0.600E+00 0.175E+01 0.437E+00
      3       4       1      31      31      31       4 0.103E-01 0.412E-01 0.101E-05 0.119E-05 0.268E-02 0.671E-03 0.188E-02 0.470E-03
      3       4       1      67      67      67       4 0.100E-01 0.397E-01 0.800E-02 0.320E-01 0.524E-01 0.131E-01 0.359E-01 0.897E-02
      3       4       1       7       7       7       4 0.105E-01 0.418E-01 0.278E-02 0.111E-01 0.300E-03 0.750E-04 0.164E-03 0.409E-04
      3       4       2     127     127     127       4 0.615E-02 0.241E-01 0.954E-06 0.954E-06 0.191E+00 0.478E-01 0.119E+00 0.296E-01
      3       4       2      17      17      17       4 0.119E-01 0.474E-01 0.177E-02 0.710E-02 0.814E-03 0.204E-03 0.427E-03 0.107E-03
      3       4       2     257     257     257       4 0.106E-01 0.418E-01 0.101E-05 0.119E-05 0.187E+01 0.467E+00 0.122E+01 0.305E+00
      3       4       2      31      31      31       4 0.881E-02 0.351E-01 0.101E-05 0.119E-05 0.251E-02 0.627E-03 0.148E-02 0.369E-03
      3       4       2      67      67      67       4 0.133E-01 0.528E-01 0.125E-05 0.215E-05 0.304E-01 0.761E-02 0.238E-01 0.594E-02
      3       4       2       7       7       7       4 0.111E-01 0.442E-01 0.131E-05 0.215E-05 0.342E-03 0.855E-04 0.150E-03 0.374E-04
      3       4       4     127     127     127       4 0.900E-02 0.355E-01 0.954E-06 0.954E-06 0.172E+00 0.431E-01 0.996E-01 0.249E-01
      3       4       4      17      17      17       4 0.142E-01 0.568E-01 0.954E-06 0.954E-06 0.909E-03 0.227E-03 0.419E-03 0.105E-03
      3       4       4     257     257     257       4 0.135E-01 0.532E-01 0.173E-05 0.596E-05 0.153E+01 0.384E+00 0.968E+00 0.242E+00
      3       4       4      31      31      31       4 0.138E-01 0.550E-01 0.101E-05 0.119E-05 0.287E-02 0.716E-03 0.135E-02 0.337E-03
      3       4       4      67      67      67       4 0.979E-02 0.389E-01 0.119E-05 0.191E-05 0.224E-01 0.560E-02 0.166E-01 0.414E-02
      3       4       4       7       7       7       4 0.144E-01 0.576E-01 0.536E-06 0.119E-05 0.389E-03 0.973E-04 0.223E-03 0.557E-04
      3       8       1     127     127     127       4 0.946E-02 0.372E-01 0.119E-05 0.191E-05 0.150E+00 0.375E-01 0.109E+00 0.274E-01
      3       8       1      17      17      17       4 0.194E-01 0.771E-01 0.107E-05 0.119E-05 0.150E-02 0.375E-03 0.470E-03 0.118E-03
      3       8       1     257     257     257       4 0.328E-01 0.130E+00 0.400E-02 0.160E-01 0.180E+01 0.449E+00 0.122E+01 0.304E+00
      3       8       1      31      31      31       4 0.106E-01 0.420E-01 0.715E-06 0.954E-06 0.280E-02 0.700E-03 0.103E-02 0.258E-03
      3       8       1      67      67      67       4 0.212E-01 0.835E-01 0.120E-01 0.480E-01 0.551E-01 0.138E-01 0.250E-01 0.626E-02
      3       8       1       7       7       7       4 0.403E-02 0.145E-01 0.101E-05 0.119E-05 0.385E-03 0.963E-04 0.381E-03 0.952E-04
      3       8       2     127     127     127       4 0.151E-01 0.600E-01 0.125E-05 0.215E-05 0.138E+00 0.344E-01 0.944E-01 0.236E-01
      3       8       2      17      17      17       4 0.156E-01 0.615E-01 0.873E-04 0.347E-03 0.229E-02 0.573E-03 0.447E-03 0.112E-03
      3       8       2     257     257     257       4 0.193E-01 0.758E-01 0.131E-05 0.215E-05 0.152E+01 0.381E+00 0.927E+00 0.232E+00
      3       8       2      31      31      31       4 0.105E-01 0.419E-01 0.107E-05 0.119E-05 0.281E-02 0.703E-03 0.120E-02 0.299E-03
      3       8       2      67      67      67       4 0.129E-01 0.513E-01 0.954E-06 0.954E-06 0.256E-01 0.640E-02 0.190E-01 0.475E-02
      3       8       2       7       7       7       4 0.364E-02 0.126E-01 0.119E-05 0.191E-05 0.379E-02 0.948E-03 0.451E-03 0.113E-03
      4       1       1     127     127     127       4 0.000E+00 0.000E+00 0.000E+00 0.000E+00 0.000E+00 0.000E+00 0.000E+00 0.000E+00
      4       1       1      17      17      17       4 0.000E+00 0.000E+00 0.000E+00 0.000E+00 0.000E+00 0.000E+00 0.000E+00 0.000E+00
      4       1       1     257     257     257       4 0.000E+00 0.000E+00 0.000E+00 0.000E+00 0.000E+00 0.000E+00 0.000E+00 0.000E+00
      4       1       1      31      31      31       4 0.000E+00 0.000E+00 0.000E+00 0.000E+00 0.000E+00 0.000E+00 0.000E+00 0.000E+00
      4       1       1     509     509     509       4 0.000E+00 0.000E+00 0.000E+00 0.000E+00 0.000E+00 0.000E+00 0.000E+00 0.000E+00
      4       1       1      67      67      67       4 0.000E+00 0.000E+00 0.000E+00 0.000E+00 0.000E+00 0.000E+00 0.000E+00 0.000E+00
      4       1       1       7       7       7       4 0.000E+00 0.000E+00 0.000E+00 0.000E+00 0.000E+00 0.000E+00 0.000E+00 0.000E+00
      4       1      12     127     127     127       4 0.000E+00 0.000E+00 0.000E+00 0.000E+00 0.000E+00 0.000E+00 0.000E+00 0.000E+00
      4       1      12      17      17      17       4 0.000E+00 0.000E+00 0.000E+00 0.000E+00 0.000E+00 0.000E+00 0.000E+00 0.000E+00
      4       1      12     257     257     257       4 0.000E+00 0.000E+00 0.000E+00 0.000E+00 0.000E+00 0.000E+00 0.000E+00 0.000E+00
      4       1      12      31      31      31       4 0.000E+00 0.000E+00 0.000E+00 0.000E+00 0.000E+00 0.000E+00 0.000E+00 0.000E+00
      4       1      12     509     509     509       4 0.000E+00 0.000E+00 0.000E+00 0.000E+00 0.000E+00 0.000E+00 0.000E+00 0.000E+00
      4       1      12      67      67      67       4 0.000E+00 0.000E+00 0.000E+00 0.000E+00 0.000E+00 0.000E+00 0.000E+00 0.000E+00
      4       1      12       7       7       7       4 0.000E+00 0.000E+00 0.000E+00 0.000E+00 0.000E+00 0.000E+00 0.000E+00 0.000E+00
      4       1      16     127     127     127       4 0.000E+00 0.000E+00 0.000E+00 0.000E+00 0.000E+00 0.000E+00 0.000E+00 0.000E+00
      4       1      16      17      17      17       4 0.000E+00 0.000E+00 0.000E+00 0.000E+00 0.000E+00 0.000E+00 0.000E+00 0.000E+00
      4       1      16     257     257     257       4 0.000E+00 0.000E+00 0.000E+00 0.000E+00 0.000E+00 0.000E+00 0.000E+00 0.000E+00
      4       1      16      31      31      31       4 0.000E+00 0.000E+00 0.000E+00 0.000E+00 0.000E+00 0.000E+00 0.000E+00 0.000E+00
      4       1      16     509     509     509       4 0.000E+00 0.000E+00 0.000E+00 0.000E+00 0.000E+00 0.000E+00 0.000E+00 0.000E+00
      4       1      16      67      67      67       4 0.000E+00 0.000E+00 0.000E+00 0.000E+00 0.000E+00 0.000E+00 0.000E+00 0.000E+00
      4       1      16       7       7       7       4 0.000E+00 0.000E+00 0.000E+00 0.000E+00 0.000E+00 0.000E+00 0.000E+00 0.000E+00
      4       1       2     127     127     127       4 0.000E+00 0.000E+00 0.000E+00 0.000E+00 0.000E+00 0.000E+00 0.000E+00 0.000E+00
      4       1       2      17      17      17       4 0.000E+00 0.000E+00 0.000E+00 0.000E+00 0.000E+00 0.000E+00 0.000E+00 0.000E+00
      4       1       2     257     257     257       4 0.000E+00 0.000E+00 0.000E+00 0.000E+00 0.000E+00 0.000E+00 0.000E+00 0.000E+00
      4       1       2      31      31      31       4 0.000E+00 0.000E+00 0.000E+00 0.000E+00 0.000E+00 0.000E+00 0.000E+00 0.000E+00
      4       1       2     509     509     509       4 0.000E+00 0.000E+00 0.000E+00 0.000E+00 0.000E+00 0.000E+00 0.000E+00 0.000E+00
      4       1       2      67      67      67       4 0.000E+00 0.000E+00 0.000E+00 0.000E+00 0.000E+00 0.000E+00 0.000E+00 0.000E+00
      4       1       2       7       7       7       4 0.000E+00 0.000E+00 0.000E+00 0.000E+00 0.000E+00 0.000E+00 0.000E+00 0.000E+00
      4       1      24     127     127     127       4 0.000E+00 0.000E+00 0.000E+00 0.000E+00 0.000E+00 0.000E+00 0.000E+00 0.000E+00
      4       1      24      17      17      17       4 0.000E+00 0.000E+00 0.000E+00 0.000E+00 0.000E+00 0.000E+00 0.000E+00 0.000E+00
      4       1      24     257     257     257       4 0.000E+00 0.000E+00 0.000E+00 0.000E+00 0.000E+00 0.000E+00 0.000E+00 0.000E+00
      4       1      24      31      31      31       4 0.000E+00 0.000E+00 0.000E+00 0.000E+00 0.000E+00 0.000E+00 0.000E+00 0.000E+00
      4       1      24     509     509     509       4 0.000E+00 0.000E+00 0.000E+00 0.000E+00 0.000E+00 0.000E+00 0.000E+00 0.000E+00
      4       1      24      67      67      67       4 0.000E+00 0.000E+00 0.000E+00 0.000E+00 0.000E+00 0.000E+00 0.000E+00 0.000E+00
      4       1      24       7       7       7       4 0.000E+00 0.000E+00 0.000E+00 0.000E+00 0.000E+00 0.000E+00 0.000E+00 0.000E+00
      4       1       4     127     127     127       4 0.000E+00 0.000E+00 0.000E+00 0.000E+00 0.000E+00 0.000E+00 0.000E+00 0.000E+00
      4       1       4      17      17      17       4 0.000E+00 0.000E+00 0.000E+00 0.000E+00 0.000E+00 0.000E+00 0.000E+00 0.000E+00
      4       1       4     257     257     257       4 0.000E+00 0.000E+00 0.000E+00 0.000E+00 0.000E+00 0.000E+00 0.000E+00 0.000E+00
      4       1       4      31      31      31       4 0.000E+00 0.000E+00 0.000E+00 0.000E+00 0.000E+00 0.000E+00 0.000E+00 0.000E+00
      4       1       4     509     509     509       4 0.000E+00 0.000E+00 0.000E+00 0.000E+00 0.000E+00 0.000E+00 0.000E+00 0.000E+00
      4       1       4      67      67      67       4 0.000E+00 0.000E+00 0.000E+00 0.000E+00 0.000E+00 0.000E+00 0.000E+00 0.000E+00
      4       1       4       7       7       7       4 0.000E+00 0.000E+00 0.000E+00 0.000E+00 0.000E+00 0.000E+00 0.000E+00 0.000E+00
      4       1       8     127     127     127       4 0.000E+00 0.000E+00 0.000E+00 0.000E+00 0.000E+00 0.000E+00 0.000E+00 0.000E+00
      4       1       8      17      17      17       4 0.000E+00 0.000E+00 0.000E+00 0.000E+00 0.000E+00 0.000E+00 0.000E+00 0.000E+00
      4       1       8     257     257     257       4 0.000E+00 0.000E+00 0.000E+00 0.000E+00 0.000E+00 0.000E+00 0.000E+00 0.000E+00
      4       1       8      31      31      31       4 0.000E+00 0.000E+00 0.000E+00 0.000E+00 0.000E+00 0.000E+00 0.000E+00 0.000E+00
      4       1       8     509     509     509       4 0.000E+00 0.000E+00 0.000E+00 0.000E+00 0.000E+00 0.000E+00 0.000E+00 0.000E+00
      4       1       8      67      67      67       4 0.000E+00 0.000E+00 0.000E+00 0.000E+00 0.000E+00 0.000E+00 0.000E+00 0.000E+00
      4       1       8       7       7       7       4 0.000E+00 0.000E+00 0.000E+00 0.000E+00 0.000E+00 0.000E+00 0.000E+00 0.000E+00
      4      16       1     127     127     127       4 0.000E+00 0.000E+00 0.000E+00 0.000E+00 0.000E+00 0.000E+00 0.000E+00 0.000E+00
      4      16       1      17      17      17       4 0.000E+00 0.000E+00 0.000E+00 0.000E+00 0.000E+00 0.000E+00 0.000E+00 0.000E+00
      4      16       1     257     257     257       4 0.000E+00 0.000E+00 0.000E+00 0.000E+00 0.000E+00 0.000E+00 0.000E+00 0.000E+00
      4      16       1      31      31      31       4 0.000E+00 0.000E+00 0.000E+00 0.000E+00 0.000E+00 0.000E+00 0.000E+00 0.000E+00
      4      16       1      67      67      67       4 0.000E+00 0.000E+00 0.000E+00 0.000E+00 0.000E+00 0.000E+00 0.000E+00 0.000E+00
      4      16       1       7       7       7       4 0.000E+00 0.000E+00 0.000E+00 0.000E+00 0.000E+00 0.000E+00 0.000E+00 0.000E+00
      4       2       1     127     127     127       4 0.000E+00 0.000E+00 0.000E+00 0.000E+00 0.000E+00 0.000E+00 0.000E+00 0.000E+00
      4       2       1      17      17      17       4 0.000E+00 0.000E+00 0.000E+00 0.000E+00 0.000E+00 0.000E+00 0.000E+00 0.000E+00
      4       2       1     257     257     257       4 0.000E+00 0.000E+00 0.000E+00 0.000E+00 0.000E+00 0.000E+00 0.000E+00 0.000E+00
      4       2       1      31      31      31       4 0.000E+00 0.000E+00 0.000E+00 0.000E+00 0.000E+00 0.000E+00 0.000E+00 0.000E+00
      4       2       1     509     509     509       4 0.000E+00 0.000E+00 0.000E+00 0.000E+00 0.000E+00 0.000E+00 0.000E+00 0.000E+00
      4       2       1      67      67      67       4 0.000E+00 0.000E+00 0.000E+00 0.000E+00 0.000E+00 0.000E+00 0.000E+00 0.000E+00
      4       2       1       7       7       7       4 0.000E+00 0.000E+00 0.000E+00 0.000E+00 0.000E+00 0.000E+00 0.000E+00 0.000E+00
      4       2      12     127     127     127       4 0.000E+00 0.000E+00 0.000E+00 0.000E+00 0.000E+00 0.000E+00 0.000E+00 0.000E+00
      4       2      12      17      17      17       4 0.000E+00 0.000E+00 0.000E+00 0.000E+00 0.000E+00 0.000E+00 0.000E+00 0.000E+00
      4       2      12     257     257     257       4 0.000E+00 0.000E+00 0.000E+00 0.000E+00 0.000E+00 0.000E+00 0.000E+00 0.000E+00
      4       2      12      31      31      31       4 0.000E+00 0.000E+00 0.000E+00 0.000E+00 0.000E+00 0.000E+00 0.000E+00 0.000E+00
      4       2      12     509     509     509       4 0.000E+00 0.000E+00 0.000E+00 0.000E+00 0.000E+00 0.000E+00 0.000E+00 0.000E+00
      4       2      12      67      67      67       4 0.000E+00 0.000E+00 0.000E+00 0.000E+00 0.000E+00 0.000E+00 0.000E+00 0.000E+00
      4       2      12       7       7       7       4 0.000E+00 0.000E+00 0.000E+00 0.000E+00 0.000E+00 0.000E+00 0.000E+00 0.000E+00
      4       2       2     127     127     127       4 0.000E+00 0.000E+00 0.000E+00 0.000E+00 0.000E+00 0.000E+00 0.000E+00 0.000E+00
      4       2       2      17      17      17       4 0.000E+00 0.000E+00 0.000E+00 0.000E+00 0.000E+00 0.000E+00 0.000E+00 0.000E+00
      4       2       2     257     257     257       4 0.000E+00 0.000E+00 0.000E+00 0.000E+00 0.000E+00 0.000E+00 0.000E+00 0.000E+00
      4       2       2      31      31      31       4 0.000E+00 0.000E+00 0.000E+00 0.000E+00 0.000E+00 0.000E+00 0.000E+00 0.000E+00
      4       2       2     509     509     509       4 0.000E+00 0.000E+00 0.000E+00 0.000E+00 0.000E+00 0.000E+00 0.000E+00 0.000E+00
      4       2       2      67      67      67       4 0.000E+00 0.000E+00 0.000E+00 0.000E+00 0.000E+00 0.000E+00 0.000E+00 0.000E+00
      4       2       2       7       7       7       4 0.000E+00 0.000E+00 0.000E+00 0.000E+00 0.000E+00 0.000E+00 0.000E+00 0.000E+00
      4       2       4     127     127     127       4 0.000E+00 0.000E+00 0.000E+00 0.000E+00 0.000E+00 0.000E+00 0.000E+00 0.000E+00
      4       2       4      17      17      17       4 0.000E+00 0.000E+00 0.000E+00 0.000E+00 0.000E+00 0.000E+00 0.000E+00 0.000E+00
      4       2       4     257     257     257       4 0.000E+00 0.000E+00 0.000E+00 0.000E+00 0.000E+00 0.000E+00 0.000E+00 0.000E+00
      4       2       4      31      31      31       4 0.000E+00 0.000E+00 0.000E+00 0.000E+00 0.000E+00 0.000E+00 0.000E+00 0.000E+00
      4       2       4     509     509     509       4 0.000E+00 0.000E+00 0.000E+00 0.000E+00 0.000E+00 0.000E+00 0.000E+00 0.000E+00
      4       2       4      67      67      67       4 0.000E+00 0.000E+00 0.000E+00 0.000E+00 0.000E+00 0.000E+00 0.000E+00 0.000E+00
      4       2       4       7       7       7       4 0.000E+00 0.000E+00 0.000E+00 0.000E+00 0.000E+00 0.000E+00 0.000E+00 0.000E+00
      4       2       8     127     127     127       4 0.000E+00 0.000E+00 0.000E+00 0.000E+00 0.000E+00 0.000E+00 0.000E+00 0.000E+00
      4       2       8      17      17      17       4 0.000E+00 0.000E+00 0.000E+00 0.000E+00 0.000E+00 0.000E+00 0.000E+00 0.000E+00
      4       2       8     257     257     257       4 0.000E+00 0.000E+00 0.000E+00 0.000E+00 0.000E+00 0.000E+00 0.000E+00 0.000E+00
      4       2       8      31      31      31       4 0.000E+00 0.000E+00 0.000E+00 0.000E+00 0.000E+00 0.000E+00 0.000E+00 0.000E+00
      4       2       8     509     509     509       4 0.000E+00 0.000E+00 0.000E+00 0.000E+00 0.000E+00 0.000E+00 0.000E+00 0.000E+00
      4       2       8      67      67      67       4 0.000E+00 0.000E+00 0.000E+00 0.000E+00 0.000E+00 0.000E+00 0.000E+00 0.000E+00
      4       2       8       7       7       7       4 0.000E+00 0.000E+00 0.000E+00 0.000E+00 0.000E+00 0.000E+00 0.000E+00 0.000E+00
      4       4       1     127     127     127       4 0.000E+00 0.000E+00 0.000E+00 0.000E+00 0.000E+00 0.000E+00 0.000E+00 0.000E+00
      4       4       1      17      17      17       4 0.000E+00 0.000E+00 0.000E+00 0.000E+00 0.000E+00 0.000E+00 0.000E+00 0.000E+00
      4       4       1     257     257     257       4 0.000E+00 0.000E+00 0.000E+00 0.000E+00 0.000E+00 0.000E+00 0.000E+00 0.000E+00
      4       4       1      31      31      31       4 0.000E+00 0.000E+00 0.000E+00 0.000E+00 0.000E+00 0.000E+00 0.000E+00 0.000E+00
      4       4       1     509     509     509       4 0.000E+00 0.000E+00 0.000E+00 0.000E+00 0.000E+00 0.000E+00 0.000E+00 0.000E+00
      4       4       1      67      67      67       4 0.000E+00 0.000E+00 0.000E+00 0.000E+00 0.000E+00 0.000E+00 0.000E+00 0.000E+00
      4       4       1       7       7       7       4 0.000E+00 0.000E+00 0.000E+00 0.000E+00 0.000E+00 0.000E+00 0.000E+00 0.000E+00
      4       4       2     127     127     127       4 0.000E+00 0.000E+00 0.000E+00 0.000E+00 0.000E+00 0.000E+00 0.000E+00 0.000E+00
      4       4       2      17      17      17       4 0.000E+00 0.000E+00 0.000E+00 0.000E+00 0.000E+00 0.000E+00 0.000E+00 0.000E+00
      4       4       2     257     257     257       4 0.000E+00 0.000E+00 0.000E+00 0.000E+00 0.000E+00 0.000E+00 0.000E+00 0.000E+00
      4       4       2      31      31      31       4 0.000E+00 0.000E+00 0.000E+00 0.000E+00 0.000E+00 0.000E+00 0.000E+00 0.000E+00
      4       4       2     509     509     509       4 0.000E+00 0.000E+00 0.000E+00 0.000E+00 0.000E+00 0.000E+00 0.000E+00 0.000E+00
      4       4       2      67      67      67       4 0.000E+00 0.000E+00 0.000E+00 0.000E+00 0.000E+00 0.000E+00 0.000E+00 0.000E+00
      4       4       2       7       7       7       4 0.000E+00 0.000E+00 0.000E+00 0.000E+00 0.000E+00 0.000E+00 0.000E+00 0.000E+00
      4       4       4     127     127     127       4 0.000E+00 0.000E+00 0.000E+00 0.000E+00 0.000E+00 0.000E+00 0.000E+00 0.000E+00
      4       4       4      17      17      17       4 0.000E+00 0.000E+00 0.000E+00 0.000E+00 0.000E+00 0.000E+00 0.000E+00 0.000E+00
      4       4       4     257     257     257       4 0.000E+00 0.000E+00 0.000E+00 0.000E+00 0.000E+00 0.000E+00 0.000E+00 0.000E+00
      4       4       4      31      31      31       4 0.000E+00 0.000E+00 0.000E+00 0.000E+00 0.000E+00 0.000E+00 0.000E+00 0.000E+00
      4       4       4     509     509     509       4 0.000E+00 0.000E+00 0.000E+00 0.000E+00 0.000E+00 0.000E+00 0.000E+00 0.000E+00
      4       4       4      67      67      67       4 0.000E+00 0.000E+00 0.000E+00 0.000E+00 0.000E+00 0.000E+00 0.000E+00 0.000E+00
      4       4       4       7       7       7       4 0.000E+00 0.000E+00 0.000E+00 0.000E+00 0.000E+00 0.000E+00 0.000E+00 0.000E+00
      4       8       1     127     127     127       4 0.000E+00 0.000E+00 0.000E+00 0.000E+00 0.000E+00 0.000E+00 0.000E+00 0.000E+00
      4       8       1      17      17      17       4 0.000E+00 0.000E+00 0.000E+00 0.000E+00 0.000E+00 0.000E+00 0.000E+00 0.000E+00
      4       8       1     257     257     257       4 0.000E+00 0.000E+00 0.000E+00 0.000E+00 0.000E+00 0.000E+00 0.000E+00 0.000E+00
      4       8       1      31      31      31       4 0.000E+00 0.000E+00 0.000E+00 0.000E+00 0.000E+00 0.000E+00 0.000E+00 0.000E+00
      4       8       1      67      67      67       4 0.000E+00 0.000E+00 0.000E+00 0.000E+00 0.000E+00 0.000E+00 0.000E+00 0.000E+00
      4       8       1       7       7       7       4 0.000E+00 0.000E+00 0.000E+00 0.000E+00 0.000E+00 0.000E+00 0.000E+00 0.000E+00
      4       8       2     127     127     127       4 0.000E+00 0.000E+00 0.000E+00 0.000E+00 0.000E+00 0.000E+00 0.000E+00 0.000E+00
      4       8       2      17      17      17       4 0.000E+00 0.000E+00 0.000E+00 0.000E+00 0.000E+00 0.000E+00 0.000E+00 0.000E+00
      4       8       2     257     257     257       4 0.000E+00 0.000E+00 0.000E+00 0.000E+00 0.000E+00 0.000E+00 0.000E+00 0.000E+00
      4       8       2      31      31      31       4 0.000E+00 0.000E+00 0.000E+00 0.000E+00 0.000E+00 0.000E+00 0.000E+00 0.000E+00
      4       8       2      67      67      67       4 0.000E+00 0.000E+00 0.000E+00 0.000E+00 0.000E+00 0.000E+00 0.000E+00 0.000E+00
      4       8       2       7       7       7       4 0.000E+00 0.000E+00 0.000E+00 0.000E+00 0.000E+00 0.000E+00 0.000E+00 0.000E+00];
