      2       1       1    1021    1021       4       4 0.137E+01 0.141E+01 0.124E+01 0.125E+01 0.794E+00 0.496E-01 0.792E+00 0.495E-01
      2       1       1     127     127       4       4 0.123E+00 0.123E+00 0.104E+00 0.104E+00 0.978E-02 0.611E-03 0.978E-02 0.611E-03
      2       1       1    2053    2053       4       4 0.823E+01 0.831E+01 0.717E+01 0.727E+01 0.498E+01 0.311E+00 0.500E+01 0.312E+00
      2       1       1     257     257       4       4 0.431E+00 0.432E+00 0.456E+00 0.458E+00 0.514E-01 0.321E-02 0.508E-01 0.318E-02
      2       1       1      31      31       4       4 0.454E-01 0.462E-01 0.452E-01 0.454E-01 0.465E-03 0.291E-04 0.481E-03 0.301E-04
      2       1       1    4099    4099       4       4 0.955E+01 0.960E+01 0.682E+01 0.692E+01 0.230E+02 0.144E+01 0.230E+02 0.143E+01
      2       1       1     509     509       4       4 0.442E+00 0.442E+00 0.395E+00 0.407E+00 0.176E+00 0.110E-01 0.175E+00 0.109E-01
      2       1       1      67      67       4       4 0.342E-01 0.349E-01 0.201E-01 0.288E-01 0.357E-02 0.223E-03 0.351E-02 0.220E-03
      2       1      12    1021    1021       4       4 0.144E+01 0.147E+01 0.136E+01 0.140E+01 0.141E+00 0.882E-02 0.133E+00 0.829E-02
      2       1      12     127     127       4       4 0.190E+00 0.193E+00 0.177E+00 0.183E+00 0.465E-02 0.291E-03 0.462E-02 0.289E-03
      2       1      12    2053    2053       4       4 0.571E+01 0.604E+01 0.553E+01 0.569E+01 0.779E+00 0.487E-01 0.787E+00 0.492E-01
      2       1      12     257     257       4       4 0.165E+01 0.166E+01 0.180E+01 0.184E+01 0.142E-01 0.887E-03 0.139E-01 0.866E-03
      2       1      12      31      31       4       4 0.948E-01 0.990E-01 0.939E-01 0.954E-01 0.989E-03 0.618E-04 0.103E-02 0.645E-04
      2       1      12    4099    4099       4       4 0.176E+02 0.177E+02 0.171E+02 0.172E+02 0.335E+01 0.210E+00 0.320E+01 0.200E+00
      2       1      12     509     509       4       4 0.702E+00 0.713E+00 0.710E+00 0.721E+00 0.363E-01 0.227E-02 0.359E-01 0.225E-02
      2       1      12      67      67       4       4 0.125E+00 0.125E+00 0.119E+00 0.119E+00 0.242E-02 0.151E-03 0.242E-02 0.151E-03
      2       1      16    1021    1021       4       4 0.150E+01 0.152E+01 0.137E+01 0.139E+01 0.118E+00 0.735E-02 0.115E+00 0.722E-02
      2       1      16     127     127       4       4 0.260E+00 0.265E+00 0.248E+00 0.252E+00 0.477E-02 0.298E-03 0.470E-02 0.294E-03
      2       1      16    2053    2053       4       4 0.577E+01 0.582E+01 0.544E+01 0.561E+01 0.698E+00 0.436E-01 0.706E+00 0.441E-01
      2       1      16     257     257       4       4 0.193E+01 0.194E+01 0.208E+01 0.209E+01 0.161E-01 0.101E-02 0.157E-01 0.984E-03
      2       1      16      31      31       4       4 0.129E+00 0.129E+00 0.128E+00 0.130E+00 0.976E-03 0.610E-04 0.964E-03 0.602E-04
      2       1      16    4099    4099       4       4 0.173E+02 0.180E+02 0.166E+02 0.168E+02 0.384E+01 0.240E+00 0.292E+01 0.183E+00
      2       1      16     509     509       4       4 0.647E+00 0.672E+00 0.627E+00 0.651E+00 0.330E-01 0.206E-02 0.331E-01 0.207E-02
      2       1      16      67      67       4       4 0.147E+00 0.152E+00 0.138E+00 0.148E+00 0.245E-02 0.153E-03 0.229E-02 0.143E-03
      2       1       2    1021    1021       4       4 0.205E+01 0.209E+01 0.182E+01 0.186E+01 0.510E+00 0.319E-01 0.511E+00 0.319E-01
      2       1       2     127     127       4       4 0.139E+00 0.139E+00 0.689E-01 0.114E+00 0.556E-02 0.347E-03 0.571E-02 0.357E-03
      2       1       2    2053    2053       4       4 0.110E+02 0.113E+02 0.921E+01 0.927E+01 0.314E+01 0.196E+00 0.313E+01 0.195E+00
      2       1       2     257     257       4       4 0.683E+00 0.684E+00 0.707E+00 0.716E+00 0.335E-01 0.210E-02 0.326E-01 0.204E-02
      2       1       2      31      31       4       4 0.526E-01 0.531E-01 0.515E-01 0.518E-01 0.451E-03 0.282E-04 0.447E-03 0.279E-04
      2       1       2    4099    4099       4       4 0.206E+02 0.210E+02 0.138E+02 0.139E+02 0.138E+02 0.865E+00 0.138E+02 0.862E+00
      2       1       2     509     509       4       4 0.643E+00 0.655E+00 0.576E+00 0.592E+00 0.116E+00 0.726E-02 0.116E+00 0.725E-02
      2       1       2      67      67       4       4 0.421E-01 0.426E-01 0.189E-01 0.192E-01 0.235E-02 0.147E-03 0.238E-02 0.149E-03
      2       1      24    1021    1021       4       4 0.167E+01 0.169E+01 0.159E+01 0.167E+01 0.115E+00 0.717E-02 0.109E+00 0.684E-02
      2       1      24     127     127       4       4 0.347E+00 0.353E+00 0.347E+00 0.363E+00 0.914E-02 0.571E-03 0.457E-02 0.286E-03
      2       1      24    2053    2053       4       4 0.684E+01 0.691E+01 0.602E+01 0.612E+01 0.558E+00 0.348E-01 0.550E+00 0.344E-01
      2       1      24     257     257       4       4 0.239E+01 0.243E+01 0.257E+01 0.261E+01 0.154E-01 0.965E-03 0.125E-01 0.778E-03
      2       1      24      31      31       4       4 0.182E+00 0.201E+00 0.175E+00 0.195E+00 0.155E-02 0.969E-04 0.161E-02 0.100E-03
      2       1      24    4099    4099       4       4 0.180E+02 0.184E+02 0.176E+02 0.178E+02 0.253E+01 0.158E+00 0.225E+01 0.141E+00
      2       1      24     509     509       4       4 0.887E+00 0.942E+00 0.881E+00 0.935E+00 0.333E-01 0.208E-02 0.307E-01 0.192E-02
      2       1      24      67      67       4       4 0.154E+00 0.156E+00 0.148E+00 0.149E+00 0.281E-02 0.175E-03 0.272E-02 0.170E-03
      2       1       4    1021    1021       4       4 0.144E+01 0.147E+01 0.131E+01 0.140E+01 0.305E+00 0.191E-01 0.289E+00 0.180E-01
      2       1       4     127     127       4       4 0.135E+00 0.136E+00 0.111E+00 0.120E+00 0.426E-02 0.266E-03 0.420E-02 0.262E-03
      2       1       4    2053    2053       4       4 0.736E+01 0.770E+01 0.693E+01 0.715E+01 0.207E+01 0.129E+00 0.200E+01 0.125E+00
      2       1       4     257     257       4       4 0.968E+00 0.102E+01 0.105E+01 0.109E+01 0.240E-01 0.150E-02 0.247E-01 0.154E-02
      2       1       4      31      31       4       4 0.513E-01 0.520E-01 0.510E-01 0.517E-01 0.410E-03 0.256E-04 0.404E-03 0.252E-04
      2       1       4    4099    4099       4       4 0.201E+02 0.202E+02 0.133E+02 0.135E+02 0.949E+01 0.593E+00 0.877E+01 0.548E+00
      2       1       4     509     509       4       4 0.567E+00 0.596E+00 0.556E+00 0.581E+00 0.759E-01 0.474E-02 0.706E-01 0.441E-02
      2       1       4      67      67       4       4 0.711E-01 0.766E-01 0.656E-01 0.712E-01 0.195E-02 0.122E-03 0.194E-02 0.121E-03
      2       1       8    1021    1021       4       4 0.126E+01 0.129E+01 0.111E+01 0.117E+01 0.166E+00 0.104E-01 0.177E+00 0.110E-01
      2       1       8     127     127       4       4 0.192E+00 0.205E+00 0.188E+00 0.191E+00 0.448E-02 0.280E-03 0.438E-02 0.273E-03
      2       1       8    2053    2053       4       4 0.590E+01 0.595E+01 0.562E+01 0.573E+01 0.115E+01 0.721E-01 0.116E+01 0.722E-01
      2       1       8     257     257       4       4 0.135E+01 0.136E+01 0.144E+01 0.146E+01 0.180E-01 0.112E-02 0.171E-01 0.107E-02
      2       1       8      31      31       4       4 0.843E-01 0.865E-01 0.841E-01 0.847E-01 0.554E-03 0.346E-04 0.545E-03 0.340E-04
      2       1       8    4099    4099       4       4 0.194E+02 0.199E+02 0.198E+02 0.201E+02 0.423E+01 0.264E+00 0.405E+01 0.253E+00
      2       1       8     509     509       4       4 0.530E+00 0.591E+00 0.499E+00 0.549E+00 0.472E-01 0.295E-02 0.463E-01 0.289E-02
      2       1       8      67      67       4       4 0.656E-01 0.697E-01 0.598E-01 0.643E-01 0.207E-02 0.130E-03 0.200E-02 0.125E-03
      2      16       1    1021    1021       4       4 0.301E+00 0.302E+00 0.259E+00 0.261E+00 0.982E-01 0.614E-02 0.949E-01 0.593E-02
      2      16       1     127     127       4       4 0.907E-01 0.968E-01 0.733E-01 0.750E-01 0.237E-02 0.148E-03 0.188E-02 0.117E-03
      2      16       1    2053    2053       4       4 0.140E+01 0.140E+01 0.120E+01 0.124E+01 0.603E+00 0.377E-01 0.586E+00 0.367E-01
      2      16       1     257     257       4       4 0.291E+00 0.296E+00 0.307E+00 0.308E+00 0.638E-02 0.399E-03 0.613E-02 0.383E-03
      2      16       1      31      31       4       4 0.371E-01 0.395E-01 0.349E-01 0.349E-01 0.606E-03 0.379E-04 0.521E-03 0.326E-04
      2      16       1     509     509       4       4 0.177E+00 0.180E+00 0.144E+00 0.144E+00 0.227E-01 0.142E-02 0.212E-01 0.132E-02
      2      16       1      67      67       4       4 0.276E-01 0.316E-01 0.201E-01 0.208E-01 0.109E-02 0.681E-04 0.985E-03 0.615E-04
      2       2       1    1021    1021       4       4 0.621E+00 0.624E+00 0.492E+00 0.495E+00 0.594E+00 0.371E-01 0.594E+00 0.371E-01
      2       2       1     127     127       4       4 0.889E-01 0.914E-01 0.693E-01 0.723E-01 0.733E-02 0.458E-03 0.718E-02 0.449E-03
      2       2       1    2053    2053       4       4 0.321E+01 0.322E+01 0.247E+01 0.249E+01 0.347E+01 0.217E+00 0.340E+01 0.212E+00
      2       2       1     257     257       4       4 0.296E+00 0.299E+00 0.307E+00 0.310E+00 0.385E-01 0.240E-02 0.378E-01 0.237E-02
      2       2       1      31      31       4       4 0.367E-01 0.392E-01 0.344E-01 0.348E-01 0.408E-03 0.255E-04 0.368E-03 0.230E-04
      2       2       1    4099    4099       4       4 0.764E+01 0.768E+01 0.386E+01 0.388E+01 0.183E+02 0.115E+01 0.185E+02 0.116E+01
      2       2       1     509     509       4       4 0.259E+00 0.264E+00 0.207E+00 0.210E+00 0.138E+00 0.863E-02 0.137E+00 0.859E-02
      2       2       1      67      67       4       4 0.287E-01 0.299E-01 0.156E-01 0.218E-01 0.332E-02 0.208E-03 0.314E-02 0.196E-03
      2       2      12    1021    1021       4       4 0.695E+00 0.726E+00 0.575E+00 0.598E+00 0.145E+01 0.907E-01 0.146E+01 0.910E-01
      2       2      12     127     127       4       4 0.154E+00 0.169E+00 0.126E+00 0.133E+00 0.139E-01 0.867E-03 0.115E-01 0.719E-03
      2       2      12    2053    2053       4       4 0.347E+01 0.360E+01 0.245E+01 0.257E+01 0.420E+01 0.263E+00 0.397E+01 0.248E+00
      2       2      12     257     257       4       4 0.532E+00 0.561E+00 0.540E+00 0.547E+00 0.513E-01 0.321E-02 0.425E-01 0.266E-02
      2       2      12      31      31       4       4 0.119E+00 0.131E+00 0.117E+00 0.129E+00 0.517E-02 0.323E-03 0.742E-02 0.464E-03
      2       2      12    4099    4099       4       4 0.100E+02 0.106E+02 0.442E+01 0.453E+01 0.148E+02 0.928E+00 0.148E+02 0.927E+00
      2       2      12     509     509       4       4 0.497E+00 0.531E+00 0.427E+00 0.431E+00 0.602E+00 0.376E-01 0.594E+00 0.372E-01
      2       2      12      67      67       4       4 0.872E-01 0.968E-01 0.820E-01 0.983E-01 0.106E-01 0.665E-03 0.748E-02 0.467E-03
      2       2       2    1021    1021       4       4 0.757E+00 0.763E+00 0.411E+00 0.414E+00 0.748E+00 0.468E-01 0.759E+00 0.474E-01
      2       2       2     127     127       4       4 0.973E-01 0.979E-01 0.389E-01 0.695E-01 0.800E-02 0.500E-03 0.765E-02 0.478E-03
      2       2       2    2053    2053       4       4 0.427E+01 0.440E+01 0.245E+01 0.253E+01 0.402E+01 0.251E+00 0.405E+01 0.253E+00
      2       2       2     257     257       4       4 0.320E+00 0.324E+00 0.313E+00 0.318E+00 0.400E-01 0.250E-02 0.388E-01 0.243E-02
      2       2       2      31      31       4       4 0.395E-01 0.429E-01 0.359E-01 0.361E-01 0.871E-03 0.544E-04 0.818E-03 0.511E-04
      2       2       2    4099    4099       4       4 0.129E+02 0.129E+02 0.750E+01 0.756E+01 0.157E+02 0.983E+00 0.163E+02 0.102E+01
      2       2       2     509     509       4       4 0.311E+00 0.316E+00 0.233E+00 0.236E+00 0.326E+00 0.204E-01 0.319E+00 0.199E-01
      2       2       2      67      67       4       4 0.307E-01 0.319E-01 0.173E-01 0.224E-01 0.280E-02 0.175E-03 0.270E-02 0.169E-03
      2       2       4    1021    1021       4       4 0.622E+00 0.642E+00 0.253E+00 0.271E+00 0.160E+01 0.999E-01 0.162E+01 0.101E+00
      2       2       4     127     127       4       4 0.977E-01 0.983E-01 0.791E-01 0.806E-01 0.813E-02 0.508E-03 0.768E-02 0.480E-03
      2       2       4    2053    2053       4       4 0.342E+01 0.397E+01 0.215E+01 0.227E+01 0.387E+01 0.242E+00 0.375E+01 0.234E+00
      2       2       4     257     257       4       4 0.418E+00 0.423E+00 0.417E+00 0.465E+00 0.377E-01 0.236E-02 0.365E-01 0.228E-02
      2       2       4      31      31       4       4 0.621E-01 0.646E-01 0.591E-01 0.625E-01 0.173E-02 0.108E-03 0.152E-02 0.952E-04
      2       2       4    4099    4099       4       4 0.112E+02 0.115E+02 0.570E+01 0.596E+01 0.164E+02 0.102E+01 0.161E+02 0.100E+01
      2       2       4     509     509       4       4 0.380E+00 0.395E+00 0.301E+00 0.340E+00 0.434E+00 0.271E-01 0.442E+00 0.276E-01
      2       2       4      67      67       4       4 0.575E-01 0.596E-01 0.482E-01 0.530E-01 0.372E-02 0.232E-03 0.344E-02 0.215E-03
      2       2       8    1021    1021       4       4 0.735E+00 0.794E+00 0.540E+00 0.560E+00 0.139E+01 0.869E-01 0.141E+01 0.878E-01
      2       2       8     127     127       4       4 0.134E+00 0.139E+00 0.112E+00 0.121E+00 0.868E-02 0.542E-03 0.778E-02 0.486E-03
      2       2       8    2053    2053       4       4 0.323E+01 0.341E+01 0.210E+01 0.225E+01 0.422E+01 0.264E+00 0.410E+01 0.256E+00
      2       2       8     257     257       4       4 0.482E+00 0.485E+00 0.517E+00 0.522E+00 0.374E-01 0.234E-02 0.361E-01 0.225E-02
      2       2       8      31      31       4       4 0.605E-01 0.619E-01 0.573E-01 0.580E-01 0.220E-02 0.137E-03 0.194E-02 0.121E-03
      2       2       8    4099    4099       4       4 0.112E+02 0.118E+02 0.466E+01 0.500E+01 0.165E+02 0.103E+01 0.147E+02 0.916E+00
      2       2       8     509     509       4       4 0.420E+00 0.439E+00 0.338E+00 0.356E+00 0.491E+00 0.307E-01 0.511E+00 0.319E-01
      2       2       8      67      67       4       4 0.897E-01 0.938E-01 0.800E-01 0.841E-01 0.524E-02 0.328E-03 0.481E-02 0.301E-03
      2       4       1    1021    1021       4       4 0.433E+00 0.452E+00 0.337E+00 0.339E+00 0.327E+00 0.204E-01 0.322E+00 0.202E-01
      2       4       1     127     127       4       4 0.894E-01 0.923E-01 0.723E-01 0.735E-01 0.418E-02 0.261E-03 0.394E-02 0.246E-03
      2       4       1    2053    2053       4       4 0.210E+01 0.211E+01 0.174E+01 0.177E+01 0.184E+01 0.115E+00 0.183E+01 0.114E+00
      2       4       1     257     257       4       4 0.289E+00 0.294E+00 0.303E+00 0.305E+00 0.213E-01 0.133E-02 0.207E-01 0.130E-02
      2       4       1      31      31       4       4 0.395E-01 0.421E-01 0.371E-01 0.380E-01 0.422E-03 0.264E-04 0.365E-03 0.228E-04
      2       4       1    4099    4099       4       4 0.471E+01 0.473E+01 0.299E+01 0.301E+01 0.878E+01 0.549E+00 0.869E+01 0.543E+00
      2       4       1     509     509       4       4 0.195E+00 0.198E+00 0.156E+00 0.157E+00 0.743E-01 0.464E-02 0.726E-01 0.454E-02
      2       4       1      67      67       4       4 0.272E-01 0.289E-01 0.189E-01 0.189E-01 0.144E-02 0.900E-04 0.143E-02 0.891E-04
      2       4       2    1021    1021       4       4 0.563E+00 0.567E+00 0.319E+00 0.323E+00 0.571E+00 0.357E-01 0.616E+00 0.385E-01
      2       4       2     127     127       4       4 0.975E-01 0.100E+00 0.588E-01 0.773E-01 0.633E-02 0.396E-03 0.583E-02 0.365E-03
      2       4       2    2053    2053       4       4 0.230E+01 0.233E+01 0.173E+01 0.176E+01 0.296E+01 0.185E+00 0.408E+01 0.255E+00
      2       4       2     257     257       4       4 0.311E+00 0.315E+00 0.313E+00 0.317E+00 0.334E-01 0.208E-02 0.316E-01 0.198E-02
      2       4       2      31      31       4       4 0.399E-01 0.416E-01 0.360E-01 0.363E-01 0.156E-02 0.972E-04 0.137E-02 0.858E-04
      2       4       2    4099    4099       4       4 0.768E+01 0.806E+01 0.367E+01 0.371E+01 0.131E+02 0.820E+00 0.129E+02 0.807E+00
      2       4       2     509     509       4       4 0.239E+00 0.243E+00 0.171E+00 0.171E+00 0.135E+00 0.845E-02 0.140E+00 0.877E-02
      2       4       2      67      67       4       4 0.637E-01 0.683E-01 0.520E-01 0.564E-01 0.344E-02 0.215E-03 0.321E-02 0.201E-03
      2       4       4    1021    1021       4       4 0.626E+00 0.714E+00 0.450E+00 0.465E+00 0.600E+00 0.375E-01 0.591E+00 0.369E-01
      2       4       4     127     127       4       4 0.964E-01 0.971E-01 0.781E-01 0.787E-01 0.714E-02 0.446E-03 0.678E-02 0.424E-03
      2       4       4    2053    2053       4       4 0.224E+01 0.228E+01 0.177E+01 0.184E+01 0.302E+01 0.189E+00 0.316E+01 0.197E+00
      2       4       4     257     257       4       4 0.401E+00 0.416E+00 0.437E+00 0.447E+00 0.290E-01 0.182E-02 0.286E-01 0.179E-02
      2       4       4      31      31       4       4 0.394E-01 0.407E-01 0.356E-01 0.357E-01 0.224E-02 0.140E-03 0.214E-02 0.134E-03
      2       4       4    4099    4099       4       4 0.599E+01 0.613E+01 0.276E+01 0.285E+01 0.118E+02 0.735E+00 0.122E+02 0.762E+00
      2       4       4     509     509       4       4 0.284E+00 0.296E+00 0.222E+00 0.255E+00 0.223E+00 0.139E-01 0.211E+00 0.132E-01
      2       4       4      67      67       4       4 0.101E+00 0.102E+00 0.885E-01 0.907E-01 0.402E-02 0.251E-03 0.387E-02 0.242E-03
      2       8       1    1021    1021       4       4 0.301E+00 0.305E+00 0.247E+00 0.251E+00 0.174E+00 0.109E-01 0.171E+00 0.107E-01
      2       8       1     127     127       4       4 0.899E-01 0.938E-01 0.723E-01 0.738E-01 0.231E-02 0.144E-03 0.227E-02 0.142E-03
      2       8       1    2053    2053       4       4 0.164E+01 0.164E+01 0.142E+01 0.142E+01 0.982E+00 0.614E-01 0.971E+00 0.607E-01
      2       8       1     257     257       4       4 0.289E+00 0.297E+00 0.305E+00 0.310E+00 0.121E-01 0.754E-03 0.114E-01 0.714E-03
      2       8       1      31      31       4       4 0.377E-01 0.398E-01 0.349E-01 0.350E-01 0.430E-03 0.269E-04 0.341E-03 0.213E-04
      2       8       1    4099    4099       4       4 0.339E+01 0.353E+01 0.246E+01 0.246E+01 0.543E+01 0.339E+00 0.540E+01 0.338E+00
      2       8       1     509     509       4       4 0.189E+00 0.191E+00 0.151E+00 0.154E+00 0.414E-01 0.259E-02 0.405E-01 0.253E-02
      2       8       1      67      67       4       4 0.275E-01 0.313E-01 0.194E-01 0.208E-01 0.114E-02 0.712E-04 0.108E-02 0.675E-04
      2       8       2    1021    1021       4       4 0.419E+00 0.500E+00 0.286E+00 0.301E+00 0.340E+00 0.213E-01 0.341E+00 0.213E-01
      2       8       2     127     127       4       4 0.946E-01 0.949E-01 0.755E-01 0.761E-01 0.509E-02 0.318E-03 0.488E-02 0.305E-03
      2       8       2    2053    2053       4       4 0.221E+01 0.223E+01 0.172E+01 0.174E+01 0.172E+01 0.107E+00 0.148E+01 0.926E-01
      2       8       2     257     257       4       4 0.306E+00 0.307E+00 0.275E+00 0.317E+00 0.242E-01 0.151E-02 0.208E-01 0.130E-02
      2       8       2      31      31       4       4 0.400E-01 0.418E-01 0.358E-01 0.364E-01 0.174E-02 0.109E-03 0.167E-02 0.105E-03
      2       8       2    4099    4099       4       4 0.527E+01 0.541E+01 0.303E+01 0.362E+01 0.706E+01 0.441E+00 0.683E+01 0.427E+00
      2       8       2     509     509       4       4 0.223E+00 0.235E+00 0.164E+00 0.166E+00 0.559E-01 0.349E-02 0.541E-01 0.338E-02
      2       8       2      67      67       4       4 0.318E-01 0.342E-01 0.216E-01 0.225E-01 0.261E-02 0.163E-03 0.242E-02 0.151E-03
      3       1       1    1021    1021       4       4 0.116E-02 0.374E-02 0.238E-06 0.954E-06 0.807E+00 0.504E-01 0.819E+00 0.512E-01
      3       1       1     127     127       4       4 0.848E-03 0.326E-02 0.000E+00 0.000E+00 0.762E-02 0.476E-03 0.776E-02 0.485E-03
      3       1       1    2053    2053       4       4 0.180E-02 0.455E-02 0.000E+00 0.000E+00 0.489E+01 0.306E+00 0.498E+01 0.311E+00
      3       1       1     257     257       4       4 0.913E-03 0.338E-02 0.000E+00 0.000E+00 0.447E-01 0.280E-02 0.458E-01 0.286E-02
      3       1       1      31      31       4       4 0.740E-03 0.291E-02 0.000E+00 0.000E+00 0.294E-03 0.184E-04 0.206E-03 0.128E-04
      3       1       1    4099    4099       4       4 0.325E-02 0.577E-02 0.238E-06 0.954E-06 0.353E+02 0.221E+01 0.355E+02 0.222E+01
      3       1       1     509     509       4       4 0.101E-02 0.353E-02 0.000E+00 0.000E+00 0.156E+00 0.974E-02 0.158E+00 0.990E-02
      3       1       1      67      67       4       4 0.831E-03 0.327E-02 0.298E-06 0.119E-05 0.439E-02 0.275E-03 0.425E-02 0.266E-03
      3       1      12    1021    1021       4       4 0.219E-02 0.768E-02 0.000E+00 0.000E+00 0.173E+00 0.108E-01 0.162E+00 0.101E-01
      3       1      12     127     127       4       4 0.358E-02 0.142E-01 0.000E+00 0.000E+00 0.288E-02 0.180E-03 0.265E-02 0.166E-03
      3       1      12    2053    2053       4       4 0.171E-02 0.372E-02 0.238E-06 0.954E-06 0.875E+00 0.547E-01 0.870E+00 0.544E-01
      3       1      12     257     257       4       4 0.449E-02 0.176E-01 0.000E+00 0.000E+00 0.106E-01 0.661E-03 0.951E-02 0.594E-03
      3       1      12      31      31       4       4 0.744E-02 0.297E-01 0.000E+00 0.000E+00 0.536E-03 0.335E-04 0.314E-03 0.196E-04
      3       1      12    4099    4099       4       4 0.331E-02 0.494E-02 0.000E+00 0.000E+00 0.519E+01 0.325E+00 0.505E+01 0.316E+00
      3       1      12     509     509       4       4 0.362E-02 0.138E-01 0.000E+00 0.000E+00 0.326E-01 0.204E-02 0.297E-01 0.186E-02
      3       1      12      67      67       4       4 0.431E-02 0.171E-01 0.000E+00 0.000E+00 0.146E-02 0.910E-04 0.121E-02 0.757E-04
      3       1      16    1021    1021       4       4 0.254E-02 0.905E-02 0.238E-06 0.954E-06 0.159E+00 0.994E-02 0.143E+00 0.896E-02
      3       1      16     127     127       4       4 0.456E-02 0.180E-01 0.000E+00 0.000E+00 0.266E-02 0.166E-03 0.236E-02 0.148E-03
      3       1      16    2053    2053       4       4 0.149E-02 0.286E-02 0.298E-06 0.119E-05 0.783E+00 0.489E-01 0.771E+00 0.482E-01
      3       1      16     257     257       4       4 0.367E-02 0.143E-01 0.000E+00 0.000E+00 0.960E-02 0.600E-03 0.869E-02 0.543E-03
      3       1      16      31      31       4       4 0.439E-02 0.175E-01 0.000E+00 0.000E+00 0.621E-03 0.388E-04 0.340E-03 0.213E-04
      3       1      16    4099    4099       4       4 0.336E-02 0.480E-02 0.000E+00 0.000E+00 0.440E+01 0.275E+00 0.423E+01 0.264E+00
      3       1      16     509     509       4       4 0.397E-02 0.151E-01 0.000E+00 0.000E+00 0.316E-01 0.197E-02 0.285E-01 0.178E-02
      3       1      16      67      67       4       4 0.424E-02 0.169E-01 0.000E+00 0.000E+00 0.138E-02 0.865E-04 0.163E-02 0.102E-03
      3       1       2    1021    1021       4       4 0.110E-02 0.344E-02 0.000E+00 0.000E+00 0.462E+00 0.289E-01 0.466E+00 0.291E-01
      3       1       2     127     127       4       4 0.266E-02 0.105E-01 0.000E+00 0.000E+00 0.497E-02 0.310E-03 0.483E-02 0.302E-03
      3       1       2    2053    2053       4       4 0.158E-02 0.392E-02 0.000E+00 0.000E+00 0.271E+01 0.170E+00 0.277E+01 0.173E+00
      3       1       2     257     257       4       4 0.159E-02 0.609E-02 0.000E+00 0.000E+00 0.262E-01 0.164E-02 0.272E-01 0.170E-02
      3       1       2      31      31       4       4 0.711E-03 0.278E-02 0.000E+00 0.000E+00 0.367E-03 0.229E-04 0.227E-03 0.142E-04
      3       1       2    4099    4099       4       4 0.350E-02 0.606E-02 0.238E-06 0.954E-06 0.189E+02 0.118E+01 0.190E+02 0.119E+01
      3       1       2     509     509       4       4 0.119E-02 0.420E-02 0.000E+00 0.000E+00 0.887E-01 0.554E-02 0.896E-01 0.560E-02
      3       1       2      67      67       4       4 0.351E-02 0.140E-01 0.000E+00 0.000E+00 0.274E-02 0.171E-03 0.254E-02 0.159E-03
      3       1      24    1021    1021       4       4 0.301E-02 0.101E-01 0.000E+00 0.000E+00 0.173E+00 0.108E-01 0.161E+00 0.101E-01
      3       1      24     127     127       4       4 0.580E-02 0.229E-01 0.000E+00 0.000E+00 0.277E-02 0.173E-03 0.235E-02 0.147E-03
      3       1      24    2053    2053       4       4 0.148E-02 0.263E-02 0.000E+00 0.000E+00 0.921E+00 0.576E-01 0.903E+00 0.564E-01
      3       1      24     257     257       4       4 0.365E-02 0.140E-01 0.000E+00 0.000E+00 0.109E-01 0.681E-03 0.955E-02 0.597E-03
      3       1      24      31      31       4       4 0.413E-02 0.164E-01 0.000E+00 0.000E+00 0.691E-03 0.432E-04 0.397E-03 0.248E-04
      3       1      24    4099    4099       4       4 0.684E-02 0.146E-01 0.000E+00 0.000E+00 0.526E+01 0.329E+00 0.509E+01 0.318E+00
      3       1      24     509     509       4       4 0.148E-02 0.487E-02 0.536E-06 0.119E-05 0.378E-01 0.236E-02 0.340E-01 0.212E-02
      3       1      24      67      67       4       4 0.412E-02 0.164E-01 0.298E-06 0.119E-05 0.610E-02 0.381E-03 0.149E-02 0.931E-04
      3       1       4    1021    1021       4       4 0.104E-02 0.313E-02 0.000E+00 0.000E+00 0.287E+00 0.179E-01 0.281E+00 0.176E-01
      3       1       4     127     127       4       4 0.383E-02 0.152E-01 0.000E+00 0.000E+00 0.422E-02 0.263E-03 0.419E-02 0.262E-03
      3       1       4    2053    2053       4       4 0.160E-02 0.363E-02 0.000E+00 0.000E+00 0.160E+01 0.998E-01 0.162E+01 0.101E+00
      3       1       4     257     257       4       4 0.402E-02 0.158E-01 0.000E+00 0.000E+00 0.166E-01 0.104E-02 0.169E-01 0.106E-02
      3       1       4      31      31       4       4 0.522E-02 0.208E-01 0.000E+00 0.000E+00 0.396E-03 0.248E-04 0.233E-03 0.146E-04
      3       1       4    4099    4099       4       4 0.323E-02 0.536E-02 0.000E+00 0.000E+00 0.106E+02 0.664E+00 0.105E+02 0.659E+00
      3       1       4     509     509       4       4 0.226E-02 0.848E-02 0.000E+00 0.000E+00 0.540E-01 0.337E-02 0.531E-01 0.332E-02
      3       1       4      67      67       4       4 0.506E-02 0.202E-01 0.000E+00 0.000E+00 0.197E-02 0.123E-03 0.185E-02 0.116E-03
      3       1       8    1021    1021       4       4 0.228E-02 0.805E-02 0.000E+00 0.000E+00 0.202E+00 0.126E-01 0.193E+00 0.121E-01
      3       1       8     127     127       4       4 0.383E-02 0.151E-01 0.000E+00 0.000E+00 0.243E-02 0.152E-03 0.225E-02 0.141E-03
      3       1       8    2053    2053       4       4 0.161E-02 0.337E-02 0.000E+00 0.000E+00 0.106E+01 0.662E-01 0.106E+01 0.664E-01
      3       1       8     257     257       4       4 0.327E-02 0.127E-01 0.000E+00 0.000E+00 0.127E-01 0.793E-03 0.121E-01 0.758E-03
      3       1       8      31      31       4       4 0.951E-02 0.380E-01 0.000E+00 0.000E+00 0.241E-01 0.151E-02 0.331E-03 0.207E-04
      3       1       8    4099    4099       4       4 0.338E-02 0.522E-02 0.000E+00 0.000E+00 0.649E+01 0.406E+00 0.635E+01 0.397E+00
      3       1       8     509     509       4       4 0.395E-02 0.151E-01 0.000E+00 0.000E+00 0.402E-01 0.251E-02 0.379E-01 0.237E-02
      3       1       8      67      67       4       4 0.424E-02 0.169E-01 0.000E+00 0.000E+00 0.136E-02 0.851E-04 0.119E-02 0.741E-04
      3      16       1    1021    1021       4       4 0.352E-01 0.134E+00 0.000E+00 0.000E+00 0.187E+00 0.117E-01 0.165E+00 0.103E-01
      3      16       1     127     127       4       4 0.259E-01 0.103E+00 0.000E+00 0.000E+00 0.554E-02 0.346E-03 0.384E-02 0.240E-03
      3      16       1    2053    2053       4       4 0.389E-01 0.122E+00 0.000E+00 0.000E+00 0.979E+00 0.612E-01 0.921E+00 0.576E-01
      3      16       1     257     257       4       4 0.254E-01 0.997E-01 0.000E+00 0.000E+00 0.178E-01 0.111E-02 0.138E-01 0.865E-03
      3      16       1      31      31       4       4 0.344E-01 0.137E+00 0.000E+00 0.000E+00 0.233E-02 0.145E-03 0.139E-02 0.867E-04
      3      16       1     509     509       4       4 0.163E-01 0.620E-01 0.000E+00 0.000E+00 0.523E-01 0.327E-02 0.423E-01 0.264E-02
      3      16       1      67      67       4       4 0.200E-01 0.796E-01 0.000E+00 0.000E+00 0.310E-02 0.194E-03 0.194E-02 0.121E-03
      3       2       1    1021    1021       4       4 0.614E-02 0.191E-01 0.000E+00 0.000E+00 0.558E+00 0.349E-01 0.531E+00 0.332E-01
      3       2       1     127     127       4       4 0.459E-02 0.182E-01 0.000E+00 0.000E+00 0.638E-02 0.399E-03 0.613E-02 0.383E-03
      3       2       1    2053    2053       4       4 0.103E-01 0.200E-01 0.000E+00 0.000E+00 0.327E+01 0.204E+00 0.317E+01 0.198E+00
      3       2       1     257     257       4       4 0.841E-02 0.334E-01 0.000E+00 0.000E+00 0.326E-01 0.204E-02 0.305E-01 0.190E-02
      3       2       1      31      31       4       4 0.333E-02 0.133E-01 0.000E+00 0.000E+00 0.650E-03 0.406E-04 0.515E-03 0.322E-04
      3       2       1    4099    4099       4       4 0.817E-02 0.217E-01 0.238E-06 0.954E-06 0.208E+02 0.130E+01 0.204E+02 0.128E+01
      3       2       1     509     509       4       4 0.461E-02 0.168E-01 0.000E+00 0.000E+00 0.108E+00 0.673E-02 0.996E-01 0.623E-02
      3       2       1      67      67       4       4 0.370E-02 0.147E-01 0.000E+00 0.000E+00 0.358E-02 0.224E-03 0.338E-02 0.211E-03
      3       2      12    1021    1021       4       4 0.611E-02 0.181E-01 0.000E+00 0.000E+00 0.279E+00 0.174E-01 0.240E+00 0.150E-01
      3       2      12     127     127       4       4 0.466E-02 0.184E-01 0.000E+00 0.000E+00 0.491E-02 0.307E-03 0.421E-02 0.263E-03
      3       2      12    2053    2053       4       4 0.143E-01 0.335E-01 0.000E+00 0.000E+00 0.115E+01 0.721E-01 0.998E+00 0.624E-01
      3       2      12     257     257       4       4 0.923E-02 0.364E-01 0.000E+00 0.000E+00 0.148E-01 0.927E-03 0.127E-01 0.795E-03
      3       2      12      31      31       4       4 0.894E-02 0.357E-01 0.000E+00 0.000E+00 0.107E-02 0.668E-04 0.799E-03 0.499E-04
      3       2      12    4099    4099       4       4 0.703E-02 0.191E-01 0.000E+00 0.000E+00 0.659E+01 0.412E+00 0.614E+01 0.384E+00
      3       2      12     509     509       4       4 0.822E-02 0.305E-01 0.000E+00 0.000E+00 0.571E-01 0.357E-02 0.499E-01 0.312E-02
      3       2      12      67      67       4       4 0.891E-02 0.355E-01 0.000E+00 0.000E+00 0.288E-02 0.180E-03 0.216E-02 0.135E-03
      3       2       2    1021    1021       4       4 0.522E-02 0.152E-01 0.298E-06 0.119E-05 0.385E+00 0.241E-01 0.352E+00 0.220E-01
      3       2       2     127     127       4       4 0.454E-02 0.180E-01 0.000E+00 0.000E+00 0.444E-02 0.278E-03 0.392E-02 0.245E-03
      3       2       2    2053    2053       4       4 0.104E-01 0.210E-01 0.000E+00 0.000E+00 0.207E+01 0.130E+00 0.193E+01 0.121E+00
      3       2       2     257     257       4       4 0.656E-02 0.258E-01 0.000E+00 0.000E+00 0.228E-01 0.142E-02 0.207E-01 0.129E-02
      3       2       2      31      31       4       4 0.655E-02 0.260E-01 0.000E+00 0.000E+00 0.914E-03 0.571E-04 0.661E-03 0.413E-04
      3       2       2    4099    4099       4       4 0.585E-02 0.155E-01 0.000E+00 0.000E+00 0.127E+02 0.791E+00 0.123E+02 0.770E+00
      3       2       2     509     509       4       4 0.479E-02 0.176E-01 0.000E+00 0.000E+00 0.742E-01 0.464E-02 0.657E-01 0.411E-02
      3       2       2      67      67       4       4 0.488E-02 0.194E-01 0.000E+00 0.000E+00 0.295E-02 0.184E-03 0.266E-02 0.166E-03
      3       2       4    1021    1021       4       4 0.611E-02 0.177E-01 0.000E+00 0.000E+00 0.298E+00 0.186E-01 0.266E+00 0.167E-01
      3       2       4     127     127       4       4 0.940E-02 0.373E-01 0.000E+00 0.000E+00 0.511E-02 0.320E-03 0.462E-02 0.289E-03
      3       2       4    2053    2053       4       4 0.131E-01 0.318E-01 0.000E+00 0.000E+00 0.155E+01 0.970E-01 0.141E+01 0.880E-01
      3       2       4     257     257       4       4 0.630E-02 0.248E-01 0.000E+00 0.000E+00 0.157E-01 0.980E-03 0.144E-01 0.900E-03
      3       2       4      31      31       4       4 0.104E-01 0.414E-01 0.000E+00 0.000E+00 0.797E-03 0.498E-04 0.640E-03 0.400E-04
      3       2       4    4099    4099       4       4 0.759E-02 0.178E-01 0.238E-06 0.954E-06 0.800E+01 0.500E+00 0.755E+01 0.472E+00
      3       2       4     509     509       4       4 0.443E-02 0.159E-01 0.000E+00 0.000E+00 0.633E-01 0.395E-02 0.565E-01 0.353E-02
      3       2       4      67      67       4       4 0.763E-02 0.304E-01 0.000E+00 0.000E+00 0.247E-02 0.154E-03 0.218E-02 0.137E-03
      3       2       8    1021    1021       4       4 0.421E-02 0.105E-01 0.000E+00 0.000E+00 0.240E+00 0.150E-01 0.200E+00 0.125E-01
      3       2       8     127     127       4       4 0.949E-02 0.377E-01 0.000E+00 0.000E+00 0.461E-02 0.288E-03 0.386E-02 0.241E-03
      3       2       8    2053    2053       4       4 0.110E-01 0.237E-01 0.238E-06 0.954E-06 0.122E+01 0.763E-01 0.105E+01 0.658E-01
      3       2       8     257     257       4       4 0.484E-02 0.188E-01 0.000E+00 0.000E+00 0.168E-01 0.105E-02 0.152E-01 0.951E-03
      3       2       8      31      31       4       4 0.912E-02 0.364E-01 0.000E+00 0.000E+00 0.900E-03 0.563E-04 0.681E-03 0.426E-04
      3       2       8    4099    4099       4       4 0.732E-02 0.191E-01 0.000E+00 0.000E+00 0.601E+01 0.376E+00 0.558E+01 0.348E+00
      3       2       8     509     509       4       4 0.419E-02 0.150E-01 0.000E+00 0.000E+00 0.502E-01 0.313E-02 0.427E-01 0.267E-02
      3       2       8      67      67       4       4 0.614E-02 0.245E-01 0.238E-06 0.954E-06 0.253E-02 0.158E-03 0.193E-02 0.121E-03
      3       4       1    1021    1021       4       4 0.129E-01 0.451E-01 0.238E-06 0.954E-06 0.349E+00 0.218E-01 0.323E+00 0.202E-01
      3       4       1     127     127       4       4 0.127E-01 0.505E-01 0.000E+00 0.000E+00 0.316E-01 0.198E-02 0.323E-01 0.202E-02
      3       4       1    2053    2053       4       4 0.226E-01 0.671E-01 0.000E+00 0.000E+00 0.188E+01 0.118E+00 0.177E+01 0.111E+00
      3       4       1     257     257       4       4 0.105E-01 0.416E-01 0.000E+00 0.000E+00 0.227E-01 0.142E-02 0.217E-01 0.135E-02
      3       4       1      31      31       4       4 0.116E-01 0.461E-01 0.000E+00 0.000E+00 0.808E-03 0.505E-04 0.644E-03 0.402E-04
      3       4       1    4099    4099       4       4 0.165E-01 0.570E-01 0.000E+00 0.000E+00 0.118E+02 0.735E+00 0.113E+02 0.704E+00
      3       4       1     509     509       4       4 0.107E-01 0.411E-01 0.000E+00 0.000E+00 0.748E-01 0.467E-02 0.677E-01 0.423E-02
      3       4       1      67      67       4       4 0.129E-01 0.516E-01 0.238E-06 0.954E-06 0.302E-01 0.189E-02 0.237E-02 0.148E-03
      3       4       2    1021    1021       4       4 0.115E-01 0.394E-01 0.000E+00 0.000E+00 0.251E+00 0.157E-01 0.217E+00 0.135E-01
      3       4       2     127     127       4       4 0.136E-01 0.540E-01 0.000E+00 0.000E+00 0.540E-02 0.337E-03 0.485E-02 0.303E-03
      3       4       2    2053    2053       4       4 0.169E-01 0.435E-01 0.000E+00 0.000E+00 0.135E+01 0.842E-01 0.123E+01 0.768E-01
      3       4       2     257     257       4       4 0.875E-02 0.345E-01 0.000E+00 0.000E+00 0.206E-01 0.129E-02 0.188E-01 0.117E-02
      3       4       2      31      31       4       4 0.194E-01 0.773E-01 0.000E+00 0.000E+00 0.955E-03 0.597E-04 0.705E-03 0.441E-04
      3       4       2    4099    4099       4       4 0.101E-01 0.320E-01 0.000E+00 0.000E+00 0.804E+01 0.503E+00 0.758E+01 0.474E+00
      3       4       2     509     509       4       4 0.104E-01 0.397E-01 0.238E-06 0.954E-06 0.537E-01 0.336E-02 0.447E-01 0.280E-02
      3       4       2      67      67       4       4 0.224E-01 0.896E-01 0.000E+00 0.000E+00 0.181E-01 0.113E-02 0.218E-02 0.136E-03
      3       4       4    1021    1021       4       4 0.199E-01 0.723E-01 0.000E+00 0.000E+00 0.220E+00 0.137E-01 0.184E+00 0.115E-01
      3       4       4     127     127       4       4 0.122E-01 0.484E-01 0.000E+00 0.000E+00 0.442E-02 0.276E-03 0.385E-02 0.241E-03
      3       4       4    2053    2053       4       4 0.106E-01 0.213E-01 0.000E+00 0.000E+00 0.114E+01 0.710E-01 0.102E+01 0.636E-01
      3       4       4     257     257       4       4 0.130E-01 0.513E-01 0.000E+00 0.000E+00 0.129E-01 0.809E-03 0.115E-01 0.722E-03
      3       4       4      31      31       4       4 0.125E-01 0.499E-01 0.298E-06 0.119E-05 0.104E-02 0.649E-04 0.802E-03 0.501E-04
      3       4       4    4099    4099       4       4 0.182E-01 0.407E-01 0.000E+00 0.000E+00 0.562E+01 0.351E+00 0.511E+01 0.319E+00
      3       4       4     509     509       4       4 0.103E-01 0.393E-01 0.000E+00 0.000E+00 0.436E-01 0.273E-02 0.357E-01 0.223E-02
      3       4       4      67      67       4       4 0.147E-01 0.586E-01 0.000E+00 0.000E+00 0.256E-02 0.160E-03 0.216E-02 0.135E-03
      3       8       1    1021    1021       4       4 0.261E-01 0.959E-01 0.000E+00 0.000E+00 0.245E+00 0.153E-01 0.218E+00 0.136E-01
      3       8       1     127     127       4       4 0.964E-02 0.382E-01 0.238E-06 0.954E-06 0.462E-02 0.289E-03 0.317E-02 0.198E-03
      3       8       1    2053    2053       4       4 0.388E-01 0.129E+00 0.000E+00 0.000E+00 0.140E+01 0.875E-01 0.128E+01 0.799E-01
      3       8       1     257     257       4       4 0.918E-02 0.363E-01 0.000E+00 0.000E+00 0.187E-01 0.117E-02 0.160E-01 0.999E-03
      3       8       1      31      31       4       4 0.114E-01 0.454E-01 0.000E+00 0.000E+00 0.173E-02 0.108E-03 0.895E-03 0.559E-04
      3       8       1    4099    4099       4       4 0.279E-01 0.998E-01 0.000E+00 0.000E+00 0.742E+01 0.464E+00 0.700E+01 0.438E+00
      3       8       1     509     509       4       4 0.209E-01 0.814E-01 0.000E+00 0.000E+00 0.548E-01 0.343E-02 0.466E-01 0.291E-02
      3       8       1      67      67       4       4 0.687E-02 0.273E-01 0.298E-06 0.119E-05 0.290E-02 0.181E-03 0.188E-02 0.118E-03
      3       8       2    1021    1021       4       4 0.399E-01 0.144E+00 0.000E+00 0.000E+00 0.231E+00 0.144E-01 0.201E+00 0.126E-01
      3       8       2     127     127       4       4 0.116E-01 0.461E-01 0.000E+00 0.000E+00 0.460E-02 0.288E-03 0.308E-02 0.193E-03
      3       8       2    2053    2053       4       4 0.363E-01 0.108E+00 0.000E+00 0.000E+00 0.111E+01 0.695E-01 0.979E+00 0.612E-01
      3       8       2     257     257       4       4 0.203E-01 0.805E-01 0.298E-06 0.119E-05 0.179E-01 0.112E-02 0.149E-01 0.931E-03
      3       8       2      31      31       4       4 0.242E-01 0.965E-01 0.000E+00 0.000E+00 0.176E-02 0.110E-03 0.102E-02 0.634E-04
      3       8       2    4099    4099       4       4 0.295E-01 0.496E-01 0.000E+00 0.000E+00 0.564E+01 0.353E+00 0.535E+01 0.334E+00
      3       8       2     509     509       4       4 0.240E-01 0.941E-01 0.000E+00 0.000E+00 0.455E-01 0.284E-02 0.388E-01 0.242E-02
      3       8       2      67      67       4       4 0.192E-01 0.765E-01 0.238E-06 0.954E-06 0.314E-02 0.196E-03 0.196E-02 0.123E-03
