      2       1    1024    1024       4       4 0.638E-01 0.255E+00 0.872E-01 0.349E+00 0.190E+00 0.118E-01 0.208E+00 0.130E-01
      2       1     128     128       4       4 0.102E-01 0.409E-01 0.941E-02 0.376E-01 0.154E-02 0.963E-04 0.164E-02 0.103E-03
      2       1    2048    2048       4       4 0.202E+00 0.809E+00 0.418E+00 0.167E+01 0.913E+00 0.571E-01 0.111E+01 0.691E-01
      2       1     256     256       4       4 0.160E-01 0.639E-01 0.149E-01 0.594E-01 0.860E-02 0.538E-03 0.966E-02 0.604E-03
      2       1      32      32       4       4 0.279E-02 0.111E-01 0.257E-02 0.103E-01 0.505E-04 0.316E-05 0.515E-04 0.322E-05
      2       1    4096    4096       4       4 0.459E+00 0.184E+01 0.110E+01 0.440E+01 0.415E+01 0.259E+00 0.536E+01 0.335E+00
      2       1     512     512       4       4 0.282E-01 0.113E+00 0.310E-01 0.124E+00 0.384E-01 0.240E-02 0.435E-01 0.272E-02
      2       1      64      64       4       4 0.571E-02 0.228E-01 0.514E-02 0.205E-01 0.266E-03 0.166E-04 0.259E-03 0.162E-04
      2      12    1024    1024       4       4 0.121E+00 0.476E+00 0.139E+00 0.547E+00 0.446E-01 0.279E-02 0.465E-01 0.291E-02
      2      12     128     128       4       4 0.197E-01 0.774E-01 0.226E-01 0.886E-01 0.170E-02 0.106E-03 0.200E-02 0.125E-03
      2      12    2048    2048       4       4 0.369E+00 0.147E+01 0.357E+00 0.143E+01 0.190E+00 0.119E-01 0.194E+00 0.121E-01
      2      12     256     256       4       4 0.275E-01 0.107E+00 0.321E-01 0.125E+00 0.271E-02 0.169E-03 0.262E-02 0.164E-03
      2      12      32      32       4       4 0.105E-01 0.413E-01 0.112E-01 0.440E-01 0.780E-03 0.487E-04 0.748E-03 0.468E-04
      2      12    4096    4096       4       4 0.797E+00 0.318E+01 0.749E+00 0.299E+01 0.715E+00 0.447E-01 0.769E+00 0.480E-01
      2      12     512     512       4       4 0.584E-01 0.231E+00 0.665E-01 0.260E+00 0.129E-01 0.808E-03 0.104E-01 0.652E-03
      2      12      64      64       4       4 0.130E-01 0.514E-01 0.145E-01 0.572E-01 0.135E-02 0.845E-04 0.119E-02 0.747E-04
      2      16    1024    1024       4       4 0.875E-01 0.344E+00 0.108E+00 0.427E+00 0.343E-01 0.214E-02 0.370E-01 0.231E-02
      2      16     128     128       4       4 0.155E-01 0.604E-01 0.181E-01 0.712E-01 0.203E-02 0.127E-03 0.362E-02 0.226E-03
      2      16    2048    2048       4       4 0.263E+00 0.105E+01 0.275E+00 0.110E+01 0.174E+00 0.109E-01 0.146E+00 0.914E-02
      2      16     256     256       4       4 0.247E-01 0.952E-01 0.296E-01 0.113E+00 0.292E-02 0.183E-03 0.327E-02 0.204E-03
      2      16      32      32       4       4 0.559E-02 0.218E-01 0.586E-02 0.227E-01 0.167E-02 0.105E-03 0.647E-03 0.404E-04
      2      16    4096    4096       4       4 0.623E+00 0.249E+01 0.606E+00 0.242E+01 0.808E+00 0.505E-01 0.725E+00 0.453E-01
      2      16     512     512       4       4 0.401E-01 0.156E+00 0.467E-01 0.182E+00 0.104E-01 0.650E-03 0.946E-02 0.591E-03
      2      16      64      64       4       4 0.950E-02 0.375E-01 0.110E-01 0.433E-01 0.102E-02 0.636E-04 0.105E-02 0.654E-04
      2       2    1024    1024       4       4 0.757E-01 0.302E+00 0.101E+00 0.402E+00 0.101E+00 0.632E-02 0.111E+00 0.692E-02
      2       2     128     128       4       4 0.123E-01 0.491E-01 0.120E-01 0.476E-01 0.114E-02 0.713E-04 0.124E-02 0.777E-04
      2       2    2048    2048       4       4 0.327E+00 0.131E+01 0.450E+00 0.180E+01 0.570E+00 0.356E-01 0.626E+00 0.391E-01
      2       2     256     256       4       4 0.193E-01 0.769E-01 0.187E-01 0.744E-01 0.571E-02 0.357E-03 0.644E-02 0.402E-03
      2       2      32      32       4       4 0.385E-02 0.153E-01 0.391E-02 0.155E-01 0.370E-03 0.231E-04 0.431E-03 0.269E-04
      2       2    4096    4096       4       4 0.602E+00 0.241E+01 0.111E+01 0.445E+01 0.233E+01 0.146E+00 0.299E+01 0.187E+00
      2       2     512     512       4       4 0.331E-01 0.132E+00 0.369E-01 0.147E+00 0.220E-01 0.137E-02 0.261E-01 0.163E-02
      2       2      64      64       4       4 0.656E-02 0.261E-01 0.630E-02 0.251E-01 0.370E-03 0.231E-04 0.377E-03 0.235E-04
      2      24    1024    1024       4       4 0.133E+00 0.510E+00 0.160E+00 0.620E+00 0.528E-01 0.330E-02 0.546E-01 0.341E-02
      2      24     128     128       4       4 0.256E-01 0.993E-01 0.291E-01 0.115E+00 0.202E-02 0.126E-03 0.463E-02 0.290E-03
      2      24    2048    2048       4       4 0.330E+00 0.131E+01 0.351E+00 0.139E+01 0.152E+00 0.947E-02 0.149E+00 0.932E-02
      2      24     256     256       4       4 0.351E-01 0.134E+00 0.441E-01 0.169E+00 0.320E-02 0.200E-03 0.350E-02 0.219E-03
      2      24      32      32       4       4 0.660E-02 0.255E-01 0.734E-02 0.282E-01 0.128E-02 0.802E-04 0.124E-02 0.773E-04
      2      24    4096    4096       4       4 0.740E+00 0.295E+01 0.689E+00 0.275E+01 0.692E+00 0.433E-01 0.660E+00 0.413E-01
      2      24     512     512       4       4 0.653E-01 0.255E+00 0.740E-01 0.289E+00 0.103E-01 0.642E-03 0.126E-01 0.786E-03
      2      24      64      64       4       4 0.226E-01 0.890E-01 0.246E-01 0.964E-01 0.637E-02 0.398E-03 0.194E-02 0.121E-03
      2       4    1024    1024       4       4 0.807E-01 0.321E+00 0.919E-01 0.366E+00 0.579E-01 0.362E-02 0.651E-01 0.407E-02
      2       4     128     128       4       4 0.118E-01 0.470E-01 0.118E-01 0.467E-01 0.137E-02 0.854E-04 0.134E-02 0.836E-04
      2       4    2048    2048       4       4 0.266E+00 0.106E+01 0.284E+00 0.113E+01 0.333E+00 0.208E-01 0.293E+00 0.183E-01
      2       4     256     256       4       4 0.192E-01 0.758E-01 0.191E-01 0.749E-01 0.424E-02 0.265E-03 0.407E-02 0.254E-03
      2       4      32      32       4       4 0.374E-02 0.148E-01 0.377E-02 0.149E-01 0.372E-03 0.233E-04 0.393E-03 0.246E-04
      2       4    4096    4096       4       4 0.628E+00 0.251E+01 0.719E+00 0.288E+01 0.129E+01 0.803E-01 0.156E+01 0.978E-01
      2       4     512     512       4       4 0.362E-01 0.144E+00 0.359E-01 0.143E+00 0.148E-01 0.925E-03 0.174E-01 0.109E-02
      2       4      64      64       4       4 0.686E-02 0.273E-01 0.686E-02 0.272E-01 0.747E-03 0.467E-04 0.668E-03 0.418E-04
      2       8    1024    1024       4       4 0.849E-01 0.337E+00 0.857E-01 0.340E+00 0.383E-01 0.239E-02 0.402E-01 0.251E-02
      2       8     128     128       4       4 0.147E-01 0.578E-01 0.141E-01 0.552E-01 0.133E-02 0.834E-04 0.137E-02 0.854E-04
      2       8    2048    2048       4       4 0.251E+00 0.100E+01 0.267E+00 0.106E+01 0.160E+00 0.100E-01 0.184E+00 0.115E-01
      2       8     256     256       4       4 0.221E-01 0.866E-01 0.216E-01 0.842E-01 0.310E-02 0.194E-03 0.321E-02 0.201E-03
      2       8      32      32       4       4 0.433E-02 0.170E-01 0.435E-02 0.171E-01 0.435E-03 0.272E-04 0.436E-03 0.272E-04
      2       8    4096    4096       4       4 0.458E+00 0.183E+01 0.628E+00 0.251E+01 0.962E+00 0.601E-01 0.100E+01 0.627E-01
      2       8     512     512       4       4 0.398E-01 0.157E+00 0.397E-01 0.157E+00 0.171E-01 0.107E-02 0.137E-01 0.856E-03
      2       8      64      64       4       4 0.823E-02 0.326E-01 0.808E-02 0.319E-01 0.818E-03 0.511E-04 0.800E-03 0.500E-04
      3       1    1024    1024       4       4 0.106E-02 0.383E-02 0.108E-03 0.138E-03 0.968E-01 0.605E-02 0.912E-01 0.570E-02
      3       1     128     128       4       4 0.960E-03 0.378E-02 0.244E-04 0.458E-04 0.751E-03 0.469E-04 0.711E-03 0.444E-04
      3       1    2048    2048       4       4 0.108E-02 0.354E-02 0.244E-03 0.297E-03 0.640E+00 0.400E-01 0.627E+00 0.392E-01
      3       1     256     256       4       4 0.839E-03 0.326E-02 0.337E-04 0.510E-04 0.354E-02 0.221E-03 0.355E-02 0.222E-03
      3       1      32      32       4       4 0.683E-03 0.273E-02 0.125E-05 0.405E-05 0.441E-04 0.276E-05 0.472E-04 0.295E-05
      3       1    4096    4096       4       4 0.138E-02 0.458E-02 0.314E-03 0.405E-03 0.253E+01 0.158E+00 0.240E+01 0.150E+00
      3       1     512     512       4       4 0.797E-03 0.300E-02 0.575E-04 0.808E-04 0.155E-01 0.968E-03 0.152E-01 0.950E-03
      3       1      64      64       4       4 0.797E-03 0.316E-02 0.978E-05 0.181E-04 0.195E-03 0.122E-04 0.177E-03 0.111E-04
      3      12    1024    1024       4       4 0.231E-02 0.866E-02 0.160E-03 0.186E-03 0.142E-01 0.888E-03 0.114E-01 0.711E-03
      3      12     128     128       4       4 0.999E-03 0.392E-02 0.238E-04 0.341E-04 0.588E-03 0.367E-04 0.509E-03 0.318E-04
      3      12    2048    2048       4       4 0.832E-03 0.245E-02 0.282E-03 0.327E-03 0.781E-01 0.488E-02 0.635E-01 0.397E-02
      3      12     256     256       4       4 0.496E-02 0.197E-01 0.345E-04 0.460E-04 0.128E-02 0.802E-04 0.106E-02 0.660E-04
      3      12      32      32       4       4 0.433E-02 0.173E-01 0.846E-05 0.169E-04 0.291E-03 0.182E-04 0.208E-03 0.130E-04
      3      12    4096    4096       4       4 0.104E-02 0.304E-02 0.404E-03 0.621E-03 0.352E+00 0.220E-01 0.302E+00 0.189E-01
      3      12     512     512       4       4 0.146E-02 0.563E-02 0.650E-04 0.908E-04 0.338E-02 0.211E-03 0.258E-02 0.161E-03
      3      12      64      64       4       4 0.434E-02 0.173E-01 0.978E-05 0.200E-04 0.363E-03 0.227E-04 0.318E-03 0.199E-04
      3      16    1024    1024       4       4 0.162E-02 0.586E-02 0.169E-03 0.207E-03 0.133E-01 0.832E-03 0.968E-02 0.605E-03
      3      16     128     128       4       4 0.369E-02 0.147E-01 0.230E-04 0.348E-04 0.637E-03 0.398E-04 0.535E-03 0.335E-04
      3      16    2048    2048       4       4 0.758E-03 0.213E-02 0.283E-03 0.340E-03 0.651E-01 0.407E-02 0.500E-01 0.313E-02
      3      16     256     256       4       4 0.782E-03 0.301E-02 0.353E-04 0.460E-04 0.126E-02 0.786E-04 0.883E-03 0.552E-04
      3      16      32      32       4       4 0.431E-02 0.172E-01 0.900E-05 0.179E-04 0.363E-03 0.227E-04 0.209E-03 0.131E-04
      3      16    4096    4096       4       4 0.840E-03 0.227E-02 0.371E-03 0.467E-03 0.332E+00 0.208E-01 0.284E+00 0.177E-01
      3      16     512     512       4       4 0.116E-02 0.433E-02 0.104E-03 0.153E-03 0.405E-02 0.253E-03 0.292E-02 0.182E-03
      3      16      64      64       4       4 0.406E-02 0.162E-01 0.123E-04 0.181E-04 0.389E-03 0.243E-04 0.366E-03 0.229E-04
      3       2    1024    1024       4       4 0.907E-03 0.313E-02 0.144E-03 0.155E-03 0.520E-01 0.325E-02 0.489E-01 0.306E-02
      3       2     128     128       4       4 0.284E-02 0.113E-01 0.207E-04 0.300E-04 0.638E-03 0.399E-04 0.651E-03 0.407E-04
      3       2    2048    2048       4       4 0.109E-02 0.356E-02 0.256E-03 0.294E-03 0.369E+00 0.231E-01 0.313E+00 0.195E-01
      3       2     256     256       4       4 0.925E-03 0.360E-02 0.350E-04 0.520E-04 0.253E-02 0.158E-03 0.222E-02 0.139E-03
      3       2      32      32       4       4 0.362E-02 0.144E-01 0.829E-05 0.172E-04 0.117E-03 0.732E-05 0.108E-03 0.677E-05
      3       2    4096    4096       4       4 0.116E-02 0.331E-02 0.404E-03 0.414E-03 0.141E+01 0.882E-01 0.134E+01 0.838E-01
      3       2     512     512       4       4 0.311E-02 0.122E-01 0.591E-04 0.830E-04 0.101E-01 0.632E-03 0.925E-02 0.578E-03
      3       2      64      64       4       4 0.360E-02 0.144E-01 0.829E-05 0.162E-04 0.382E-03 0.239E-04 0.444E-03 0.277E-04
      3      24    1024    1024       4       4 0.366E-02 0.142E-01 0.149E-03 0.230E-03 0.146E-01 0.912E-03 0.105E-01 0.658E-03
      3      24     128     128       4       4 0.441E-02 0.175E-01 0.330E-04 0.401E-04 0.741E-03 0.463E-04 0.615E-03 0.384E-04
      3      24    2048    2048       4       4 0.810E-03 0.235E-02 0.312E-03 0.463E-03 0.659E-01 0.412E-02 0.529E-01 0.330E-02
      3      24     256     256       4       4 0.359E-02 0.141E-01 0.635E-04 0.139E-03 0.122E-02 0.766E-04 0.883E-03 0.552E-04
      3      24      32      32       4       4 0.418E-02 0.167E-01 0.918E-05 0.169E-04 0.463E-03 0.289E-04 0.238E-03 0.149E-04
      3      24    4096    4096       4       4 0.856E-03 0.187E-02 0.479E-03 0.520E-03 0.276E+00 0.172E-01 0.243E+00 0.152E-01
      3      24     512     512       4       4 0.329E-02 0.129E-01 0.685E-04 0.920E-04 0.354E-02 0.221E-03 0.237E-02 0.148E-03
      3      24      64      64       4       4 0.217E-02 0.863E-02 0.103E-04 0.191E-04 0.509E-03 0.318E-04 0.321E-03 0.201E-04
      3       4    1024    1024       4       4 0.584E-02 0.229E-01 0.118E-03 0.146E-03 0.325E-01 0.203E-02 0.283E-01 0.177E-02
      3       4     128     128       4       4 0.709E-02 0.283E-01 0.235E-04 0.360E-04 0.865E-03 0.541E-04 0.999E-03 0.624E-04
      3       4    2048    2048       4       4 0.961E-03 0.299E-02 0.261E-03 0.312E-03 0.193E+00 0.121E-01 0.167E+00 0.104E-01
      3       4     256     256       4       4 0.368E-02 0.146E-01 0.393E-04 0.520E-04 0.215E-02 0.134E-03 0.204E-02 0.128E-03
      3       4      32      32       4       4 0.573E-02 0.229E-01 0.846E-05 0.160E-04 0.174E-03 0.109E-04 0.170E-03 0.106E-04
      3       4    4096    4096       4       4 0.113E-02 0.313E-02 0.452E-03 0.495E-03 0.736E+00 0.460E-01 0.680E+00 0.425E-01
      3       4     512     512       4       4 0.224E-02 0.874E-02 0.612E-04 0.849E-04 0.621E-02 0.388E-03 0.568E-02 0.355E-03
      3       4      64      64       4       4 0.536E-02 0.214E-01 0.918E-05 0.188E-04 0.393E-03 0.246E-04 0.376E-03 0.235E-04
      3       8    1024    1024       4       4 0.176E-02 0.656E-02 0.120E-03 0.148E-03 0.186E-01 0.117E-02 0.157E-01 0.978E-03
      3       8     128     128       4       4 0.590E-02 0.235E-01 0.230E-04 0.350E-04 0.643E-03 0.402E-04 0.591E-03 0.369E-04
      3       8    2048    2048       4       4 0.944E-03 0.270E-02 0.322E-03 0.353E-03 0.109E+00 0.679E-02 0.895E-01 0.560E-02
      3       8     256     256       4       4 0.616E-02 0.245E-01 0.370E-04 0.510E-04 0.191E-02 0.120E-03 0.146E-02 0.915E-04
      3       8      32      32       4       4 0.446E-02 0.178E-01 0.138E-04 0.250E-04 0.247E-03 0.154E-04 0.212E-03 0.133E-04
      3       8    4096    4096       4       4 0.105E-02 0.278E-02 0.444E-03 0.465E-03 0.431E+00 0.270E-01 0.387E+00 0.242E-01
      3       8     512     512       4       4 0.470E-02 0.186E-01 0.682E-04 0.949E-04 0.386E-02 0.242E-03 0.340E-02 0.213E-03
      3       8      64      64       4       4 0.650E-02 0.260E-01 0.936E-05 0.172E-04 0.602E-02 0.376E-03 0.277E-03 0.173E-04
