res2dcp1=[      2       1       1    1021    1021       4       4 0.136E+01 0.137E+01 0.125E+01 0.125E+01 0.786E+00 0.491E-01 0.790E+00 0.494E-01
      2       1       1     127     127       4       4 0.123E+00 0.124E+00 0.105E+00 0.109E+00 0.974E-02 0.609E-03 0.979E-02 0.612E-03
      2       1       1    2053    2053       4       4 0.824E+01 0.831E+01 0.719E+01 0.721E+01 0.501E+01 0.313E+00 0.502E+01 0.314E+00
      2       1       1     257     257       4       4 0.431E+00 0.431E+00 0.455E+00 0.456E+00 0.508E-01 0.317E-02 0.507E-01 0.317E-02
      2       1       1      31      31       4       4 0.455E-01 0.462E-01 0.449E-01 0.450E-01 0.465E-03 0.291E-04 0.462E-03 0.289E-04
      2       1       1    4099    4099       4       4 0.952E+01 0.961E+01 0.678E+01 0.686E+01 0.230E+02 0.144E+01 0.231E+02 0.144E+01
      2       1       1     509     509       4       4 0.442E+00 0.442E+00 0.391E+00 0.392E+00 0.175E+00 0.109E-01 0.176E+00 0.110E-01
      2       1       1      67      67       4       4 0.342E-01 0.348E-01 0.241E-01 0.283E-01 0.363E-02 0.227E-03 0.369E-02 0.231E-03
      2       1      12    1021    1021       4       4 0.144E+01 0.145E+01 0.132E+01 0.137E+01 0.142E+00 0.888E-02 0.139E+00 0.867E-02
      2       1      12     127     127       4       4 0.189E+00 0.191E+00 0.182E+00 0.187E+00 0.433E-02 0.270E-03 0.428E-02 0.268E-03
      2       1      12    2053    2053       4       4 0.542E+01 0.544E+01 0.508E+01 0.518E+01 0.699E+00 0.437E-01 0.672E+00 0.420E-01
      2       1      12     257     257       4       4 0.164E+01 0.165E+01 0.181E+01 0.183E+01 0.168E-01 0.105E-02 0.144E-01 0.897E-03
      2       1      12      31      31       4       4 0.948E-01 0.974E-01 0.982E-01 0.103E+00 0.104E-02 0.650E-04 0.102E-02 0.637E-04
      2       1      12    4099    4099       4       4 0.182E+02 0.190E+02 0.177E+02 0.194E+02 0.342E+01 0.214E+00 0.322E+01 0.201E+00
      2       1      12     509     509       4       4 0.693E+00 0.733E+00 0.685E+00 0.724E+00 0.375E-01 0.234E-02 0.374E-01 0.234E-02
      2       1      12      67      67       4       4 0.125E+00 0.130E+00 0.119E+00 0.125E+00 0.256E-02 0.160E-03 0.250E-02 0.156E-03
      2       1      16    1021    1021       4       4 0.146E+01 0.147E+01 0.140E+01 0.144E+01 0.123E+00 0.770E-02 0.120E+00 0.750E-02
      2       1      16     127     127       4       4 0.273E+00 0.282E+00 0.262E+00 0.286E+00 0.603E-02 0.377E-03 0.415E-02 0.259E-03
      2       1      16    2053    2053       4       4 0.594E+01 0.598E+01 0.542E+01 0.551E+01 0.721E+00 0.450E-01 0.720E+00 0.450E-01
      2       1      16     257     257       4       4 0.192E+01 0.197E+01 0.206E+01 0.208E+01 0.151E-01 0.943E-03 0.143E-01 0.894E-03
      2       1      16      31      31       4       4 0.131E+00 0.140E+00 0.130E+00 0.133E+00 0.862E-03 0.539E-04 0.858E-03 0.536E-04
      2       1      16    4099    4099       4       4 0.190E+02 0.199E+02 0.186E+02 0.193E+02 0.372E+01 0.233E+00 0.304E+01 0.190E+00
      2       1      16     509     509       4       4 0.647E+00 0.670E+00 0.628E+00 0.638E+00 0.276E-01 0.173E-02 0.270E-01 0.168E-02
      2       1      16      67      67       4       4 0.145E+00 0.149E+00 0.138E+00 0.143E+00 0.258E-02 0.161E-03 0.242E-02 0.152E-03
      2       1       2    1021    1021       4       4 0.208E+01 0.210E+01 0.182E+01 0.186E+01 0.511E+00 0.320E-01 0.510E+00 0.319E-01
      2       1       2     127     127       4       4 0.142E+00 0.143E+00 0.114E+00 0.117E+00 0.611E-02 0.382E-03 0.620E-02 0.387E-03
      2       1       2    2053    2053       4       4 0.108E+02 0.110E+02 0.943E+01 0.978E+01 0.310E+01 0.194E+00 0.309E+01 0.193E+00
      2       1       2     257     257       4       4 0.679E+00 0.684E+00 0.706E+00 0.712E+00 0.331E-01 0.207E-02 0.328E-01 0.205E-02
      2       1       2      31      31       4       4 0.527E-01 0.529E-01 0.516E-01 0.519E-01 0.459E-03 0.287E-04 0.440E-03 0.275E-04
      2       1       2    4099    4099       4       4 0.204E+02 0.206E+02 0.141E+02 0.142E+02 0.140E+02 0.874E+00 0.140E+02 0.878E+00
      2       1       2     509     509       4       4 0.643E+00 0.665E+00 0.573E+00 0.589E+00 0.112E+00 0.698E-02 0.112E+00 0.700E-02
      2       1       2      67      67       4       4 0.420E-01 0.424E-01 0.188E-01 0.191E-01 0.225E-02 0.141E-03 0.225E-02 0.141E-03
      2       1      24    1021    1021       4       4 0.166E+01 0.171E+01 0.162E+01 0.173E+01 0.119E+00 0.745E-02 0.114E+00 0.711E-02
      2       1      24     127     127       4       4 0.342E+00 0.372E+00 0.346E+00 0.364E+00 0.527E-02 0.329E-03 0.427E-02 0.267E-03
      2       1      24    2053    2053       4       4 0.632E+01 0.679E+01 0.610E+01 0.667E+01 0.571E+00 0.357E-01 0.554E+00 0.346E-01
      2       1      24     257     257       4       4 0.241E+01 0.245E+01 0.259E+01 0.265E+01 0.142E-01 0.890E-03 0.121E-01 0.756E-03
      2       1      24      31      31       4       4 0.191E+00 0.217E+00 0.180E+00 0.186E+00 0.180E-02 0.113E-03 0.178E-02 0.111E-03
      2       1      24    4099    4099       4       4 0.198E+02 0.206E+02 0.192E+02 0.200E+02 0.257E+01 0.160E+00 0.235E+01 0.147E+00
      2       1      24     509     509       4       4 0.948E+00 0.100E+01 0.929E+00 0.945E+00 0.337E-01 0.211E-02 0.331E-01 0.207E-02
      2       1      24      67      67       4       4 0.183E+00 0.206E+00 0.172E+00 0.180E+00 0.406E-02 0.254E-03 0.401E-02 0.250E-03
      2       1       4    1021    1021       4       4 0.143E+01 0.145E+01 0.131E+01 0.140E+01 0.309E+00 0.193E-01 0.286E+00 0.179E-01
      2       1       4     127     127       4       4 0.134E+00 0.136E+00 0.944E-01 0.112E+00 0.429E-02 0.268E-03 0.420E-02 0.262E-03
      2       1       4    2053    2053       4       4 0.728E+01 0.734E+01 0.615E+01 0.726E+01 0.209E+01 0.131E+00 0.204E+01 0.128E+00
      2       1       4     257     257       4       4 0.989E+00 0.100E+01 0.104E+01 0.106E+01 0.235E-01 0.147E-02 0.219E-01 0.137E-02
      2       1       4      31      31       4       4 0.517E-01 0.519E-01 0.510E-01 0.516E-01 0.506E-03 0.316E-04 0.495E-03 0.309E-04
      2       1       4    4099    4099       4       4 0.200E+02 0.203E+02 0.134E+02 0.134E+02 0.968E+01 0.605E+00 0.954E+01 0.596E+00
      2       1       4     509     509       4       4 0.574E+00 0.608E+00 0.540E+00 0.574E+00 0.794E-01 0.496E-02 0.764E-01 0.478E-02
      2       1       4      67      67       4       4 0.685E-01 0.693E-01 0.596E-01 0.632E-01 0.177E-02 0.111E-03 0.177E-02 0.110E-03
      2       1       8    1021    1021       4       4 0.124E+01 0.125E+01 0.110E+01 0.111E+01 0.171E+00 0.107E-01 0.158E+00 0.986E-02
      2       1       8     127     127       4       4 0.187E+00 0.192E+00 0.190E+00 0.197E+00 0.444E-02 0.278E-03 0.431E-02 0.270E-03
      2       1       8    2053    2053       4       4 0.592E+01 0.601E+01 0.557E+01 0.581E+01 0.107E+01 0.670E-01 0.115E+01 0.722E-01
      2       1       8     257     257       4       4 0.132E+01 0.137E+01 0.144E+01 0.145E+01 0.169E-01 0.105E-02 0.166E-01 0.103E-02
      2       1       8      31      31       4       4 0.852E-01 0.879E-01 0.865E-01 0.933E-01 0.529E-03 0.331E-04 0.522E-03 0.326E-04
      2       1       8    4099    4099       4       4 0.181E+02 0.181E+02 0.177E+02 0.179E+02 0.439E+01 0.274E+00 0.420E+01 0.263E+00
      2       1       8     509     509       4       4 0.541E+00 0.573E+00 0.503E+00 0.553E+00 0.501E-01 0.313E-02 0.468E-01 0.292E-02
      2       1       8      67      67       4       4 0.636E-01 0.647E-01 0.587E-01 0.610E-01 0.210E-02 0.131E-03 0.214E-02 0.134E-03
      2      16       1    1021    1021       4       4 0.301E+00 0.303E+00 0.259E+00 0.259E+00 0.988E-01 0.617E-02 0.953E-01 0.596E-02
      2      16       1     127     127       4       4 0.891E-01 0.944E-01 0.712E-01 0.718E-01 0.172E-02 0.108E-03 0.155E-02 0.969E-04
      2      16       1    2053    2053       4       4 0.140E+01 0.140E+01 0.118E+01 0.122E+01 0.598E+00 0.374E-01 0.585E+00 0.365E-01
      2      16       1     257     257       4       4 0.291E+00 0.298E+00 0.307E+00 0.307E+00 0.638E-02 0.399E-03 0.655E-02 0.409E-03
      2      16       1      31      31       4       4 0.395E-01 0.439E-01 0.362E-01 0.387E-01 0.652E-03 0.408E-04 0.540E-03 0.338E-04
      2      16       1     509     509       4       4 0.177E+00 0.180E+00 0.144E+00 0.145E+00 0.227E-01 0.142E-02 0.211E-01 0.132E-02
      2      16       1      67      67       4       4 0.272E-01 0.316E-01 0.197E-01 0.203E-01 0.932E-03 0.583E-04 0.869E-03 0.543E-04
      2       2       1    1021    1021       4       4 0.623E+00 0.633E+00 0.439E+00 0.490E+00 0.603E+00 0.377E-01 0.603E+00 0.377E-01
      2       2       1     127     127       4       4 0.887E-01 0.909E-01 0.703E-01 0.720E-01 0.726E-02 0.454E-03 0.717E-02 0.448E-03
      2       2       1    2053    2053       4       4 0.322E+01 0.322E+01 0.249E+01 0.252E+01 0.347E+01 0.217E+00 0.341E+01 0.213E+00
      2       2       1     257     257       4       4 0.295E+00 0.299E+00 0.307E+00 0.312E+00 0.382E-01 0.239E-02 0.377E-01 0.235E-02
      2       2       1      31      31       4       4 0.384E-01 0.429E-01 0.347E-01 0.354E-01 0.409E-03 0.256E-04 0.371E-03 0.232E-04
      2       2       1    4099    4099       4       4 0.763E+01 0.770E+01 0.385E+01 0.393E+01 0.184E+02 0.115E+01 0.185E+02 0.116E+01
      2       2       1     509     509       4       4 0.259E+00 0.263E+00 0.209E+00 0.209E+00 0.138E+00 0.864E-02 0.137E+00 0.859E-02
      2       2       1      67      67       4       4 0.297E-01 0.322E-01 0.222E-01 0.248E-01 0.393E-02 0.246E-03 0.388E-02 0.242E-03
      2       2      12    1021    1021       4       4 0.749E+00 0.824E+00 0.524E+00 0.579E+00 0.140E+01 0.877E-01 0.143E+01 0.894E-01
      2       2      12     127     127       4       4 0.148E+00 0.166E+00 0.117E+00 0.120E+00 0.121E-01 0.756E-03 0.114E-01 0.710E-03
      2       2      12    2053    2053       4       4 0.354E+01 0.373E+01 0.246E+01 0.253E+01 0.435E+01 0.272E+00 0.410E+01 0.256E+00
      2       2      12     257     257       4       4 0.520E+00 0.527E+00 0.540E+00 0.552E+00 0.438E-01 0.274E-02 0.407E-01 0.255E-02
      2       2      12      31      31       4       4 0.108E+00 0.117E+00 0.103E+00 0.106E+00 0.443E-02 0.277E-03 0.402E-02 0.251E-03
      2       2      12    4099    4099       4       4 0.978E+01 0.982E+01 0.454E+01 0.474E+01 0.149E+02 0.928E+00 0.148E+02 0.924E+00
      2       2      12     509     509       4       4 0.543E+00 0.656E+00 0.431E+00 0.439E+00 0.634E+00 0.397E-01 0.634E+00 0.396E-01
      2       2      12      67      67       4       4 0.861E-01 0.902E-01 0.772E-01 0.844E-01 0.692E-02 0.432E-03 0.626E-02 0.391E-03
      2       2       2    1021    1021       4       4 0.781E+00 0.794E+00 0.421E+00 0.429E+00 0.954E+00 0.597E-01 0.935E+00 0.584E-01
      2       2       2     127     127       4       4 0.973E-01 0.982E-01 0.244E-01 0.708E-01 0.851E-02 0.532E-03 0.824E-02 0.515E-03
      2       2       2    2053    2053       4       4 0.438E+01 0.449E+01 0.236E+01 0.242E+01 0.421E+01 0.263E+00 0.424E+01 0.265E+00
      2       2       2     257     257       4       4 0.320E+00 0.323E+00 0.313E+00 0.316E+00 0.453E-01 0.283E-02 0.440E-01 0.275E-02
      2       2       2      31      31       4       4 0.392E-01 0.422E-01 0.354E-01 0.357E-01 0.110E-02 0.690E-04 0.963E-03 0.602E-04
      2       2       2    4099    4099       4       4 0.128E+02 0.129E+02 0.718E+01 0.752E+01 0.157E+02 0.980E+00 0.162E+02 0.101E+01
      2       2       2     509     509       4       4 0.310E+00 0.314E+00 0.205E+00 0.239E+00 0.278E+00 0.174E-01 0.276E+00 0.173E-01
      2       2       2      67      67       4       4 0.322E-01 0.366E-01 0.221E-01 0.231E-01 0.306E-02 0.191E-03 0.280E-02 0.175E-03
      2       2       4    1021    1021       4       4 0.631E+00 0.637E+00 0.267E+00 0.279E+00 0.163E+01 0.102E+00 0.165E+01 0.103E+00
      2       2       4     127     127       4       4 0.971E-01 0.981E-01 0.739E-01 0.796E-01 0.782E-02 0.489E-03 0.769E-02 0.481E-03
      2       2       4    2053    2053       4       4 0.326E+01 0.330E+01 0.225E+01 0.241E+01 0.384E+01 0.240E+00 0.370E+01 0.231E+00
      2       2       4     257     257       4       4 0.417E+00 0.427E+00 0.414E+00 0.433E+00 0.380E-01 0.237E-02 0.367E-01 0.230E-02
      2       2       4      31      31       4       4 0.624E-01 0.654E-01 0.604E-01 0.628E-01 0.183E-02 0.114E-03 0.162E-02 0.101E-03
      2       2       4    4099    4099       4       4 0.112E+02 0.115E+02 0.567E+01 0.595E+01 0.159E+02 0.995E+00 0.161E+02 0.101E+01
      2       2       4     509     509       4       4 0.380E+00 0.399E+00 0.287E+00 0.309E+00 0.461E+00 0.288E-01 0.450E+00 0.281E-01
      2       2       4      67      67       4       4 0.575E-01 0.591E-01 0.464E-01 0.477E-01 0.393E-02 0.246E-03 0.367E-02 0.230E-03
      2       2       8    1021    1021       4       4 0.738E+00 0.827E+00 0.569E+00 0.593E+00 0.137E+01 0.854E-01 0.141E+01 0.882E-01
      2       2       8     127     127       4       4 0.135E+00 0.141E+00 0.116E+00 0.123E+00 0.834E-02 0.521E-03 0.787E-02 0.492E-03
      2       2       8    2053    2053       4       4 0.336E+01 0.341E+01 0.217E+01 0.230E+01 0.413E+01 0.258E+00 0.406E+01 0.254E+00
      2       2       8     257     257       4       4 0.488E+00 0.495E+00 0.507E+00 0.519E+00 0.367E-01 0.230E-02 0.358E-01 0.224E-02
      2       2       8      31      31       4       4 0.610E-01 0.636E-01 0.575E-01 0.579E-01 0.247E-02 0.154E-03 0.216E-02 0.135E-03
      2       2       8    4099    4099       4       4 0.102E+02 0.104E+02 0.446E+01 0.459E+01 0.153E+02 0.954E+00 0.149E+02 0.933E+00
      2       2       8     509     509       4       4 0.405E+00 0.417E+00 0.319E+00 0.342E+00 0.477E+00 0.298E-01 0.477E+00 0.298E-01
      2       2       8      67      67       4       4 0.909E-01 0.936E-01 0.797E-01 0.836E-01 0.594E-02 0.371E-03 0.536E-02 0.335E-03
      2       4       1    1021    1021       4       4 0.431E+00 0.437E+00 0.340E+00 0.344E+00 0.330E+00 0.206E-01 0.324E+00 0.203E-01
      2       4       1     127     127       4       4 0.912E-01 0.102E+00 0.706E-01 0.724E-01 0.418E-02 0.261E-03 0.398E-02 0.249E-03
      2       4       1    2053    2053       4       4 0.210E+01 0.211E+01 0.175E+01 0.179E+01 0.183E+01 0.114E+00 0.180E+01 0.112E+00
      2       4       1     257     257       4       4 0.289E+00 0.292E+00 0.303E+00 0.304E+00 0.212E-01 0.133E-02 0.206E-01 0.129E-02
      2       4       1      31      31       4       4 0.402E-01 0.431E-01 0.371E-01 0.383E-01 0.360E-03 0.225E-04 0.307E-03 0.192E-04
      2       4       1    4099    4099       4       4 0.470E+01 0.472E+01 0.298E+01 0.300E+01 0.888E+01 0.555E+00 0.873E+01 0.546E+00
      2       4       1     509     509       4       4 0.195E+00 0.198E+00 0.156E+00 0.157E+00 0.748E-01 0.468E-02 0.733E-01 0.458E-02
      2       4       1      67      67       4       4 0.282E-01 0.328E-01 0.199E-01 0.211E-01 0.146E-02 0.910E-04 0.147E-02 0.920E-04
      2       4       2    1021    1021       4       4 0.573E+00 0.582E+00 0.323E+00 0.325E+00 0.623E+00 0.390E-01 0.604E+00 0.377E-01
      2       4       2     127     127       4       4 0.984E-01 0.102E+00 0.734E-01 0.774E-01 0.559E-02 0.349E-03 0.506E-02 0.317E-03
      2       4       2    2053    2053       4       4 0.219E+01 0.221E+01 0.172E+01 0.175E+01 0.193E+01 0.121E+00 0.193E+01 0.121E+00
      2       4       2     257     257       4       4 0.309E+00 0.312E+00 0.314E+00 0.315E+00 0.318E-01 0.199E-02 0.306E-01 0.192E-02
      2       4       2      31      31       4       4 0.407E-01 0.428E-01 0.363E-01 0.367E-01 0.161E-02 0.100E-03 0.155E-02 0.972E-04
      2       4       2    4099    4099       4       4 0.766E+01 0.776E+01 0.363E+01 0.376E+01 0.165E+02 0.103E+01 0.160E+02 0.100E+01
      2       4       2     509     509       4       4 0.240E+00 0.245E+00 0.170E+00 0.171E+00 0.139E+00 0.870E-02 0.147E+00 0.921E-02
      2       4       2      67      67       4       4 0.603E-01 0.635E-01 0.487E-01 0.523E-01 0.291E-02 0.182E-03 0.270E-02 0.169E-03
      2       4       4    1021    1021       4       4 0.572E+00 0.583E+00 0.417E+00 0.464E+00 0.612E+00 0.382E-01 0.612E+00 0.383E-01
      2       4       4     127     127       4       4 0.980E-01 0.102E+00 0.776E-01 0.790E-01 0.692E-02 0.433E-03 0.631E-02 0.395E-03
      2       4       4    2053    2053       4       4 0.240E+01 0.245E+01 0.182E+01 0.183E+01 0.330E+01 0.206E+00 0.343E+01 0.215E+00
      2       4       4     257     257       4       4 0.403E+00 0.416E+00 0.433E+00 0.438E+00 0.293E-01 0.183E-02 0.281E-01 0.176E-02
      2       4       4      31      31       4       4 0.403E-01 0.421E-01 0.364E-01 0.388E-01 0.226E-02 0.141E-03 0.212E-02 0.133E-03
      2       4       4    4099    4099       4       4 0.613E+01 0.624E+01 0.272E+01 0.279E+01 0.126E+02 0.790E+00 0.128E+02 0.802E+00
      2       4       4     509     509       4       4 0.288E+00 0.297E+00 0.225E+00 0.234E+00 0.220E+00 0.138E-01 0.204E+00 0.127E-01
      2       4       4      67      67       4       4 0.976E-01 0.984E-01 0.853E-01 0.890E-01 0.358E-02 0.224E-03 0.334E-02 0.209E-03
      2       8       1    1021    1021       4       4 0.301E+00 0.306E+00 0.248E+00 0.252E+00 0.175E+00 0.109E-01 0.172E+00 0.108E-01
      2       8       1     127     127       4       4 0.920E-01 0.967E-01 0.750E-01 0.782E-01 0.312E-02 0.195E-03 0.307E-02 0.192E-03
      2       8       1    2053    2053       4       4 0.163E+01 0.164E+01 0.143E+01 0.145E+01 0.982E+00 0.614E-01 0.959E+00 0.599E-01
      2       8       1     257     257       4       4 0.289E+00 0.294E+00 0.304E+00 0.307E+00 0.123E-01 0.770E-03 0.115E-01 0.716E-03
      2       8       1      31      31       4       4 0.383E-01 0.413E-01 0.349E-01 0.352E-01 0.405E-03 0.253E-04 0.342E-03 0.214E-04
      2       8       1    4099    4099       4       4 0.340E+01 0.355E+01 0.246E+01 0.250E+01 0.555E+01 0.347E+00 0.550E+01 0.344E+00
      2       8       1     509     509       4       4 0.187E+00 0.191E+00 0.149E+00 0.152E+00 0.409E-01 0.256E-02 0.398E-01 0.248E-02
      2       8       1      67      67       4       4 0.284E-01 0.328E-01 0.197E-01 0.215E-01 0.121E-02 0.758E-04 0.113E-02 0.704E-04
      2       8       2    1021    1021       4       4 0.392E+00 0.398E+00 0.279E+00 0.285E+00 0.283E+00 0.177E-01 0.294E+00 0.184E-01
      2       8       2     127     127       4       4 0.946E-01 0.950E-01 0.758E-01 0.770E-01 0.458E-02 0.286E-03 0.441E-02 0.275E-03
      2       8       2    2053    2053       4       4 0.209E+01 0.213E+01 0.169E+01 0.172E+01 0.128E+01 0.802E-01 0.121E+01 0.758E-01
      2       8       2     257     257       4       4 0.304E+00 0.305E+00 0.315E+00 0.319E+00 0.224E-01 0.140E-02 0.198E-01 0.124E-02
      2       8       2      31      31       4       4 0.397E-01 0.415E-01 0.354E-01 0.356E-01 0.172E-02 0.108E-03 0.159E-02 0.996E-04
      2       8       2    4099    4099       4       4 0.513E+01 0.520E+01 0.361E+01 0.363E+01 0.669E+01 0.418E+00 0.629E+01 0.393E+00
      2       8       2     509     509       4       4 0.221E+00 0.225E+00 0.166E+00 0.168E+00 0.605E-01 0.378E-02 0.587E-01 0.367E-02
      2       8       2      67      67       4       4 0.309E-01 0.333E-01 0.213E-01 0.217E-01 0.282E-02 0.176E-03 0.268E-02 0.168E-03
      3       1       1    1021    1021       4       4 0.105E-02 0.318E-02 0.000E+00 0.000E+00 0.819E+00 0.512E-01 0.831E+00 0.519E-01
      3       1       1     127     127       4       4 0.891E-03 0.341E-02 0.000E+00 0.000E+00 0.769E-02 0.481E-03 0.786E-02 0.491E-03
      3       1       1    2053    2053       4       4 0.163E-02 0.383E-02 0.000E+00 0.000E+00 0.488E+01 0.305E+00 0.498E+01 0.311E+00
      3       1       1     257     257       4       4 0.856E-03 0.316E-02 0.000E+00 0.000E+00 0.461E-01 0.288E-02 0.473E-01 0.295E-02
      3       1       1      31      31       4       4 0.746E-03 0.294E-02 0.000E+00 0.000E+00 0.296E-03 0.185E-04 0.207E-03 0.129E-04
      3       1       1    4099    4099       4       4 0.315E-02 0.542E-02 0.000E+00 0.000E+00 0.352E+02 0.220E+01 0.355E+02 0.222E+01
      3       1       1     509     509       4       4 0.103E-02 0.360E-02 0.000E+00 0.000E+00 0.157E+00 0.979E-02 0.159E+00 0.993E-02
      3       1       1      67      67       4       4 0.827E-03 0.325E-02 0.000E+00 0.000E+00 0.439E-02 0.274E-03 0.419E-02 0.262E-03
      3       1      12    1021    1021       4       4 0.133E-02 0.388E-02 0.000E+00 0.000E+00 0.170E+00 0.106E-01 0.158E+00 0.986E-02
      3       1      12     127     127       4       4 0.373E-02 0.147E-01 0.000E+00 0.000E+00 0.299E-02 0.187E-03 0.271E-02 0.170E-03
      3       1      12    2053    2053       4       4 0.174E-02 0.383E-02 0.000E+00 0.000E+00 0.881E+00 0.551E-01 0.876E+00 0.548E-01
      3       1      12     257     257       4       4 0.229E-02 0.881E-02 0.000E+00 0.000E+00 0.117E-01 0.732E-03 0.110E-01 0.687E-03
      3       1      12      31      31       4       4 0.417E-02 0.166E-01 0.000E+00 0.000E+00 0.522E-03 0.326E-04 0.317E-03 0.198E-04
      3       1      12    4099    4099       4       4 0.375E-02 0.638E-02 0.000E+00 0.000E+00 0.517E+01 0.323E+00 0.502E+01 0.314E+00
      3       1      12     509     509       4       4 0.400E-02 0.154E-01 0.000E+00 0.000E+00 0.350E-01 0.218E-02 0.323E-01 0.202E-02
      3       1      12      67      67       4       4 0.722E-02 0.288E-01 0.000E+00 0.000E+00 0.147E-02 0.921E-04 0.115E-02 0.718E-04
      3       1      16    1021    1021       4       4 0.507E-02 0.188E-01 0.000E+00 0.000E+00 0.158E+00 0.988E-02 0.142E+00 0.886E-02
      3       1      16     127     127       4       4 0.454E-02 0.179E-01 0.000E+00 0.000E+00 0.268E-02 0.168E-03 0.238E-02 0.149E-03
      3       1      16    2053    2053       4       4 0.166E-02 0.356E-02 0.000E+00 0.000E+00 0.784E+00 0.490E-01 0.774E+00 0.484E-01
      3       1      16     257     257       4       4 0.383E-02 0.150E-01 0.000E+00 0.000E+00 0.123E-01 0.768E-03 0.112E-01 0.703E-03
      3       1      16      31      31       4       4 0.720E-02 0.287E-01 0.000E+00 0.000E+00 0.599E-03 0.375E-04 0.324E-03 0.202E-04
      3       1      16    4099    4099       4       4 0.337E-02 0.482E-02 0.000E+00 0.000E+00 0.440E+01 0.275E+00 0.422E+01 0.263E+00
      3       1      16     509     509       4       4 0.363E-02 0.139E-01 0.298E-06 0.119E-05 0.351E-01 0.219E-02 0.321E-01 0.201E-02
      3       1      16      67      67       4       4 0.319E-02 0.127E-01 0.000E+00 0.000E+00 0.142E-02 0.886E-04 0.115E-02 0.720E-04
      3       1       2    1021    1021       4       4 0.110E-02 0.343E-02 0.238E-06 0.954E-06 0.458E+00 0.286E-01 0.462E+00 0.289E-01
      3       1       2     127     127       4       4 0.256E-02 0.101E-01 0.000E+00 0.000E+00 0.493E-02 0.308E-03 0.485E-02 0.303E-03
      3       1       2    2053    2053       4       4 0.159E-02 0.394E-02 0.000E+00 0.000E+00 0.270E+01 0.169E+00 0.275E+01 0.172E+00
      3       1       2     257     257       4       4 0.119E-02 0.450E-02 0.000E+00 0.000E+00 0.263E-01 0.164E-02 0.268E-01 0.168E-02
      3       1       2      31      31       4       4 0.381E-02 0.152E-01 0.298E-06 0.119E-05 0.353E-03 0.221E-04 0.228E-03 0.143E-04
      3       1       2    4099    4099       4       4 0.337E-02 0.597E-02 0.000E+00 0.000E+00 0.190E+02 0.119E+01 0.190E+02 0.119E+01
      3       1       2     509     509       4       4 0.188E-02 0.698E-02 0.000E+00 0.000E+00 0.889E-01 0.556E-02 0.899E-01 0.562E-02
      3       1       2      67      67       4       4 0.348E-02 0.139E-01 0.000E+00 0.000E+00 0.273E-02 0.171E-03 0.254E-02 0.159E-03
      3       1      24    1021    1021       4       4 0.128E-02 0.327E-02 0.000E+00 0.000E+00 0.172E+00 0.108E-01 0.161E+00 0.100E-01
      3       1      24     127     127       4       4 0.401E-02 0.158E-01 0.238E-06 0.954E-06 0.285E-02 0.178E-03 0.234E-02 0.146E-03
      3       1      24    2053    2053       4       4 0.165E-02 0.340E-02 0.000E+00 0.000E+00 0.734E+00 0.459E-01 0.718E+00 0.449E-01
      3       1      24     257     257       4       4 0.742E-03 0.251E-02 0.000E+00 0.000E+00 0.103E-01 0.642E-03 0.888E-02 0.555E-03
      3       1      24      31      31       4       4 0.437E-02 0.174E-01 0.238E-06 0.954E-06 0.146E-02 0.914E-04 0.388E-03 0.242E-04
      3       1      24    4099    4099       4       4 0.352E-02 0.517E-02 0.000E+00 0.000E+00 0.391E+01 0.244E+00 0.366E+01 0.229E+00
      3       1      24     509     509       4       4 0.394E-02 0.150E-01 0.000E+00 0.000E+00 0.368E-01 0.230E-02 0.329E-01 0.205E-02
      3       1      24      67      67       4       4 0.313E-02 0.124E-01 0.238E-06 0.954E-06 0.156E-02 0.975E-04 0.165E-02 0.103E-03
      3       1       4    1021    1021       4       4 0.103E-02 0.309E-02 0.000E+00 0.000E+00 0.281E+00 0.176E-01 0.274E+00 0.171E-01
      3       1       4     127     127       4       4 0.355E-02 0.141E-01 0.000E+00 0.000E+00 0.464E-02 0.290E-03 0.459E-02 0.287E-03
      3       1       4    2053    2053       4       4 0.160E-02 0.362E-02 0.000E+00 0.000E+00 0.163E+01 0.102E+00 0.165E+01 0.103E+00
      3       1       4     257     257       4       4 0.436E-02 0.171E-01 0.238E-06 0.954E-06 0.167E-01 0.104E-02 0.165E-01 0.103E-02
      3       1       4      31      31       4       4 0.521E-02 0.208E-01 0.000E+00 0.000E+00 0.382E-03 0.239E-04 0.239E-03 0.149E-04
      3       1       4    4099    4099       4       4 0.340E-02 0.549E-02 0.000E+00 0.000E+00 0.106E+02 0.664E+00 0.105E+02 0.657E+00
      3       1       4     509     509       4       4 0.302E-02 0.115E-01 0.238E-06 0.954E-06 0.541E-01 0.338E-02 0.528E-01 0.330E-02
      3       1       4      67      67       4       4 0.505E-02 0.201E-01 0.000E+00 0.000E+00 0.203E-02 0.127E-03 0.185E-02 0.116E-03
      3       1       8    1021    1021       4       4 0.376E-02 0.137E-01 0.000E+00 0.000E+00 0.205E+00 0.128E-01 0.193E+00 0.121E-01
      3       1       8     127     127       4       4 0.470E-02 0.186E-01 0.000E+00 0.000E+00 0.337E-02 0.211E-03 0.312E-02 0.195E-03
      3       1       8    2053    2053       4       4 0.145E-02 0.345E-02 0.000E+00 0.000E+00 0.107E+01 0.667E-01 0.107E+01 0.668E-01
      3       1       8     257     257       4       4 0.378E-02 0.148E-01 0.000E+00 0.000E+00 0.167E-01 0.104E-02 0.161E-01 0.100E-02
      3       1       8      31      31       4       4 0.614E-02 0.245E-01 0.000E+00 0.000E+00 0.470E-03 0.294E-04 0.303E-03 0.189E-04
      3       1       8    4099    4099       4       4 0.332E-02 0.529E-02 0.000E+00 0.000E+00 0.652E+01 0.407E+00 0.636E+01 0.398E+00
      3       1       8     509     509       4       4 0.181E-02 0.651E-02 0.000E+00 0.000E+00 0.395E-01 0.247E-02 0.373E-01 0.233E-02
      3       1       8      67      67       4       4 0.626E-02 0.250E-01 0.000E+00 0.000E+00 0.154E-02 0.964E-04 0.136E-02 0.847E-04
      3      16       1    1021    1021       4       4 0.506E-01 0.192E+00 0.238E-06 0.954E-06 0.197E+00 0.123E-01 0.168E+00 0.105E-01
      3      16       1     127     127       4       4 0.221E-01 0.882E-01 0.000E+00 0.000E+00 0.631E-02 0.394E-03 0.395E-02 0.247E-03
      3      16       1    2053    2053       4       4 0.552E-01 0.193E+00 0.000E+00 0.000E+00 0.953E+00 0.596E-01 0.892E+00 0.558E-01
      3      16       1     257     257       4       4 0.156E-01 0.614E-01 0.000E+00 0.000E+00 0.175E-01 0.109E-02 0.129E-01 0.809E-03
      3      16       1      31      31       4       4 0.344E-01 0.137E+00 0.000E+00 0.000E+00 0.227E-02 0.142E-03 0.119E-02 0.745E-04
      3      16       1     509     509       4       4 0.204E-01 0.770E-01 0.238E-06 0.954E-06 0.554E-01 0.346E-02 0.453E-01 0.283E-02
      3      16       1      67      67       4       4 0.213E-01 0.850E-01 0.000E+00 0.000E+00 0.295E-02 0.184E-03 0.199E-02 0.124E-03
      3       2       1    1021    1021       4       4 0.603E-02 0.182E-01 0.000E+00 0.000E+00 0.548E+00 0.343E-01 0.518E+00 0.324E-01
      3       2       1     127     127       4       4 0.834E-02 0.331E-01 0.000E+00 0.000E+00 0.639E-02 0.399E-03 0.596E-02 0.372E-03
      3       2       1    2053    2053       4       4 0.897E-02 0.189E-01 0.000E+00 0.000E+00 0.325E+01 0.203E+00 0.316E+01 0.197E+00
      3       2       1     257     257       4       4 0.479E-02 0.188E-01 0.000E+00 0.000E+00 0.354E-01 0.221E-02 0.333E-01 0.208E-02
      3       2       1      31      31       4       4 0.828E-02 0.330E-01 0.000E+00 0.000E+00 0.652E-03 0.407E-04 0.530E-03 0.331E-04
      3       2       1    4099    4099       4       4 0.715E-02 0.213E-01 0.000E+00 0.000E+00 0.212E+02 0.132E+01 0.208E+02 0.130E+01
      3       2       1     509     509       4       4 0.459E-02 0.166E-01 0.000E+00 0.000E+00 0.113E+00 0.705E-02 0.104E+00 0.651E-02
      3       2       1      67      67       4       4 0.715E-02 0.285E-01 0.000E+00 0.000E+00 0.345E-02 0.216E-03 0.302E-02 0.189E-03
      3       2      12    1021    1021       4       4 0.635E-02 0.159E-01 0.000E+00 0.000E+00 0.264E+00 0.165E-01 0.219E+00 0.137E-01
      3       2      12     127     127       4       4 0.720E-02 0.285E-01 0.000E+00 0.000E+00 0.423E-02 0.265E-03 0.355E-02 0.222E-03
      3       2      12    2053    2053       4       4 0.115E-01 0.297E-01 0.238E-06 0.954E-06 0.142E+01 0.889E-01 0.125E+01 0.779E-01
      3       2      12     257     257       4       4 0.615E-02 0.240E-01 0.000E+00 0.000E+00 0.163E-01 0.102E-02 0.146E-01 0.909E-03
      3       2      12      31      31       4       4 0.780E-02 0.311E-01 0.000E+00 0.000E+00 0.181E-02 0.113E-03 0.740E-03 0.463E-04
      3       2      12    4099    4099       4       4 0.733E-02 0.185E-01 0.000E+00 0.000E+00 0.658E+01 0.411E+00 0.619E+01 0.387E+00
      3       2      12     509     509       4       4 0.447E-02 0.155E-01 0.000E+00 0.000E+00 0.556E-01 0.347E-02 0.484E-01 0.302E-02
      3       2      12      67      67       4       4 0.592E-02 0.236E-01 0.000E+00 0.000E+00 0.211E-02 0.132E-03 0.177E-02 0.111E-03
      3       2       2    1021    1021       4       4 0.485E-02 0.135E-01 0.238E-06 0.954E-06 0.377E+00 0.236E-01 0.348E+00 0.217E-01
      3       2       2     127     127       4       4 0.651E-02 0.258E-01 0.000E+00 0.000E+00 0.537E-02 0.335E-03 0.490E-02 0.306E-03
      3       2       2    2053    2053       4       4 0.133E-01 0.296E-01 0.000E+00 0.000E+00 0.202E+01 0.126E+00 0.188E+01 0.118E+00
      3       2       2     257     257       4       4 0.567E-02 0.223E-01 0.238E-06 0.954E-06 0.213E-01 0.133E-02 0.201E-01 0.126E-02
      3       2       2      31      31       4       4 0.103E-01 0.412E-01 0.000E+00 0.000E+00 0.920E-03 0.575E-04 0.680E-03 0.425E-04
      3       2       2    4099    4099       4       4 0.942E-02 0.301E-01 0.000E+00 0.000E+00 0.123E+02 0.767E+00 0.118E+02 0.738E+00
      3       2       2     509     509       4       4 0.410E-02 0.147E-01 0.000E+00 0.000E+00 0.735E-01 0.459E-02 0.669E-01 0.418E-02
      3       2       2      67      67       4       4 0.589E-02 0.235E-01 0.000E+00 0.000E+00 0.282E-02 0.176E-03 0.248E-02 0.155E-03
      3       2       4    1021    1021       4       4 0.456E-02 0.123E-01 0.298E-06 0.119E-05 0.284E+00 0.178E-01 0.250E+00 0.156E-01
      3       2       4     127     127       4       4 0.831E-02 0.329E-01 0.000E+00 0.000E+00 0.497E-02 0.311E-03 0.448E-02 0.280E-03
      3       2       4    2053    2053       4       4 0.989E-02 0.190E-01 0.000E+00 0.000E+00 0.162E+01 0.101E+00 0.146E+01 0.910E-01
      3       2       4     257     257       4       4 0.770E-02 0.303E-01 0.000E+00 0.000E+00 0.193E-01 0.120E-02 0.182E-01 0.114E-02
      3       2       4      31      31       4       4 0.117E-01 0.467E-01 0.000E+00 0.000E+00 0.862E-03 0.539E-04 0.638E-03 0.399E-04
      3       2       4    4099    4099       4       4 0.588E-02 0.153E-01 0.000E+00 0.000E+00 0.811E+01 0.507E+00 0.764E+01 0.477E+00
      3       2       4     509     509       4       4 0.609E-02 0.224E-01 0.000E+00 0.000E+00 0.600E-01 0.375E-02 0.551E-01 0.344E-02
      3       2       4      67      67       4       4 0.916E-02 0.365E-01 0.000E+00 0.000E+00 0.250E-02 0.156E-03 0.226E-02 0.141E-03
      3       2       8    1021    1021       4       4 0.586E-02 0.159E-01 0.000E+00 0.000E+00 0.245E+00 0.153E-01 0.204E+00 0.128E-01
      3       2       8     127     127       4       4 0.947E-02 0.376E-01 0.000E+00 0.000E+00 0.456E-02 0.285E-03 0.396E-02 0.247E-03
      3       2       8    2053    2053       4       4 0.106E-01 0.216E-01 0.000E+00 0.000E+00 0.128E+01 0.799E-01 0.112E+01 0.701E-01
      3       2       8     257     257       4       4 0.494E-02 0.192E-01 0.000E+00 0.000E+00 0.189E-01 0.118E-02 0.174E-01 0.109E-02
      3       2       8      31      31       4       4 0.707E-02 0.282E-01 0.000E+00 0.000E+00 0.980E-03 0.612E-04 0.749E-03 0.468E-04
      3       2       8    4099    4099       4       4 0.658E-02 0.177E-01 0.000E+00 0.000E+00 0.622E+01 0.389E+00 0.560E+01 0.350E+00
      3       2       8     509     509       4       4 0.468E-02 0.166E-01 0.477E-06 0.954E-06 0.515E-01 0.322E-02 0.456E-01 0.285E-02
      3       2       8      67      67       4       4 0.591E-02 0.235E-01 0.000E+00 0.000E+00 0.233E-02 0.145E-03 0.179E-02 0.112E-03
      3       4       1    1021    1021       4       4 0.115E-01 0.404E-01 0.000E+00 0.000E+00 0.348E+00 0.218E-01 0.318E+00 0.199E-01
      3       4       1     127     127       4       4 0.123E-01 0.490E-01 0.000E+00 0.000E+00 0.600E-02 0.375E-03 0.533E-02 0.333E-03
      3       4       1    2053    2053       4       4 0.164E-01 0.435E-01 0.000E+00 0.000E+00 0.199E+01 0.124E+00 0.187E+01 0.117E+00
      3       4       1     257     257       4       4 0.102E-01 0.405E-01 0.000E+00 0.000E+00 0.251E-01 0.157E-02 0.185E-01 0.115E-02
      3       4       1      31      31       4       4 0.106E-01 0.421E-01 0.000E+00 0.000E+00 0.681E-02 0.426E-03 0.531E-03 0.332E-04
      3       4       1    4099    4099       4       4 0.135E-01 0.426E-01 0.000E+00 0.000E+00 0.118E+02 0.738E+00 0.113E+02 0.706E+00
      3       4       1     509     509       4       4 0.104E-01 0.402E-01 0.000E+00 0.000E+00 0.701E-01 0.438E-02 0.634E-01 0.396E-02
      3       4       1      67      67       4       4 0.980E-02 0.391E-01 0.000E+00 0.000E+00 0.253E-02 0.158E-03 0.223E-02 0.139E-03
      3       4       2    1021    1021       4       4 0.117E-01 0.409E-01 0.000E+00 0.000E+00 0.277E+00 0.173E-01 0.249E+00 0.155E-01
      3       4       2     127     127       4       4 0.666E-02 0.264E-01 0.000E+00 0.000E+00 0.514E-02 0.321E-03 0.456E-02 0.285E-03
      3       4       2    2053    2053       4       4 0.155E-01 0.375E-01 0.000E+00 0.000E+00 0.138E+01 0.863E-01 0.125E+01 0.779E-01
      3       4       2     257     257       4       4 0.852E-02 0.335E-01 0.000E+00 0.000E+00 0.175E-01 0.109E-02 0.162E-01 0.102E-02
      3       4       2      31      31       4       4 0.124E-01 0.493E-01 0.000E+00 0.000E+00 0.955E-03 0.597E-04 0.809E-03 0.505E-04
      3       4       2    4099    4099       4       4 0.817E-02 0.245E-01 0.000E+00 0.000E+00 0.803E+01 0.502E+00 0.748E+01 0.467E+00
      3       4       2     509     509       4       4 0.546E-02 0.200E-01 0.000E+00 0.000E+00 0.515E-01 0.322E-02 0.432E-01 0.270E-02
      3       4       2      67      67       4       4 0.142E-01 0.567E-01 0.000E+00 0.000E+00 0.236E-02 0.148E-03 0.204E-02 0.127E-03
      3       4       4    1021    1021       4       4 0.619E-02 0.180E-01 0.298E-06 0.119E-05 0.218E+00 0.137E-01 0.194E+00 0.122E-01
      3       4       4     127     127       4       4 0.120E-01 0.478E-01 0.238E-06 0.954E-06 0.376E-02 0.235E-03 0.309E-02 0.193E-03
      3       4       4    2053    2053       4       4 0.134E-01 0.273E-01 0.000E+00 0.000E+00 0.112E+01 0.701E-01 0.974E+00 0.609E-01
      3       4       4     257     257       4       4 0.122E-01 0.483E-01 0.000E+00 0.000E+00 0.148E-01 0.928E-03 0.130E-01 0.815E-03
      3       4       4      31      31       4       4 0.125E-01 0.497E-01 0.000E+00 0.000E+00 0.111E-02 0.692E-04 0.853E-03 0.533E-04
      3       4       4    4099    4099       4       4 0.973E-02 0.215E-01 0.000E+00 0.000E+00 0.572E+01 0.358E+00 0.518E+01 0.324E+00
      3       4       4     509     509       4       4 0.136E-01 0.523E-01 0.000E+00 0.000E+00 0.489E-01 0.305E-02 0.419E-01 0.262E-02
      3       4       4      67      67       4       4 0.163E-01 0.652E-01 0.000E+00 0.000E+00 0.251E-02 0.157E-03 0.207E-02 0.130E-03
      3       8       1    1021    1021       4       4 0.229E-01 0.856E-01 0.000E+00 0.000E+00 0.259E+00 0.162E-01 0.232E+00 0.145E-01
      3       8       1     127     127       4       4 0.121E-01 0.480E-01 0.000E+00 0.000E+00 0.576E-02 0.360E-03 0.441E-02 0.276E-03
      3       8       1    2053    2053       4       4 0.188E-01 0.527E-01 0.000E+00 0.000E+00 0.135E+01 0.842E-01 0.122E+01 0.762E-01
      3       8       1     257     257       4       4 0.223E-01 0.885E-01 0.000E+00 0.000E+00 0.174E-01 0.109E-02 0.139E-01 0.872E-03
      3       8       1      31      31       4       4 0.219E-01 0.872E-01 0.000E+00 0.000E+00 0.176E-02 0.110E-03 0.999E-03 0.624E-04
      3       8       1    4099    4099       4       4 0.275E-01 0.102E+00 0.000E+00 0.000E+00 0.746E+01 0.466E+00 0.702E+01 0.439E+00
      3       8       1     509     509       4       4 0.297E-01 0.117E+00 0.000E+00 0.000E+00 0.531E-01 0.332E-02 0.447E-01 0.279E-02
      3       8       1      67      67       4       4 0.208E-01 0.832E-01 0.000E+00 0.000E+00 0.323E-02 0.202E-03 0.208E-02 0.130E-03
      3       8       2    1021    1021       4       4 0.260E-01 0.890E-01 0.000E+00 0.000E+00 0.251E+00 0.157E-01 0.233E+00 0.145E-01
      3       8       2     127     127       4       4 0.150E-01 0.598E-01 0.477E-06 0.954E-06 0.490E-02 0.306E-03 0.371E-02 0.232E-03
      3       8       2    2053    2053       4       4 0.173E-01 0.402E-01 0.238E-06 0.954E-06 0.107E+01 0.666E-01 0.961E+00 0.600E-01
      3       8       2     257     257       4       4 0.977E-02 0.384E-01 0.000E+00 0.000E+00 0.136E-01 0.849E-03 0.109E-01 0.680E-03
      3       8       2      31      31       4       4 0.148E-01 0.590E-01 0.000E+00 0.000E+00 0.182E-02 0.114E-03 0.103E-02 0.641E-04
      3       8       2    4099    4099       4       4 0.230E-01 0.308E-01 0.000E+00 0.000E+00 0.541E+01 0.338E+00 0.502E+01 0.313E+00
      3       8       2     509     509       4       4 0.937E-02 0.353E-01 0.000E+00 0.000E+00 0.496E-01 0.310E-02 0.376E-01 0.235E-02
      3       8       2      67      67       4       4 0.216E-01 0.861E-01 0.238E-06 0.954E-06 0.317E-02 0.198E-03 0.217E-02 0.135E-03];
