      2       1       1    1021       4       4 0.302E+00 0.302E+00 0.306E+00 0.312E+00 0.771E-03 0.482E-04 0.756E-03 0.473E-04
      2       1       1   16381       4       4 0.151E+01 0.152E+01 0.177E+01 0.178E+01 0.128E-01 0.797E-03 0.130E-01 0.813E-03
      2       1       1    2053       4       4 0.108E+01 0.108E+01 0.112E+01 0.112E+01 0.171E-02 0.107E-03 0.170E-02 0.107E-03
      2       1       1     257       4       4 0.648E-01 0.654E-01 0.636E-01 0.639E-01 0.154E-03 0.964E-05 0.169E-03 0.105E-04
      2       1       1    4099       4       4 0.149E+01 0.149E+01 0.153E+01 0.154E+01 0.424E-02 0.265E-03 0.429E-02 0.268E-03
      2       1       1     509       4       4 0.148E+00 0.149E+00 0.147E+00 0.150E+00 0.402E-03 0.251E-04 0.402E-03 0.251E-04
      2       1       1    8191       4       4 0.736E+00 0.738E+00 0.861E+00 0.870E+00 0.632E-02 0.395E-03 0.600E-02 0.375E-03
      2       1      12    1021       4       4 0.804E+00 0.836E+00 0.891E+00 0.928E+00 0.216E-02 0.135E-03 0.158E-02 0.990E-04
      2       1      12   16381       4       4 0.276E+01 0.287E+01 0.298E+01 0.307E+01 0.133E-01 0.829E-03 0.133E-01 0.832E-03
      2       1      12    2053       4       4 0.291E+01 0.294E+01 0.305E+01 0.315E+01 0.475E-02 0.297E-03 0.275E-02 0.172E-03
      2       1      12     257       4       4 0.186E+00 0.191E+00 0.189E+00 0.190E+00 0.748E-03 0.467E-04 0.708E-03 0.443E-04
      2       1      12    4099       4       4 0.340E+01 0.344E+01 0.351E+01 0.355E+01 0.686E-02 0.429E-03 0.488E-02 0.305E-03
      2       1      12     509       4       4 0.360E+00 0.367E+00 0.400E+00 0.406E+00 0.108E-02 0.677E-04 0.105E-02 0.656E-04
      2       1      12    8191       4       4 0.177E+01 0.180E+01 0.183E+01 0.184E+01 0.908E-02 0.567E-03 0.776E-02 0.485E-03
      2       1      16    1021       4       4 0.893E+00 0.910E+00 0.993E+00 0.101E+01 0.174E-02 0.109E-03 0.169E-02 0.106E-03
      2       1      16   16381       4       4 0.299E+01 0.302E+01 0.317E+01 0.327E+01 0.136E-01 0.847E-03 0.130E-01 0.812E-03
      2       1      16    2053       4       4 0.316E+01 0.321E+01 0.340E+01 0.342E+01 0.594E-02 0.371E-03 0.398E-02 0.249E-03
      2       1      16     257       4       4 0.145E+00 0.148E+00 0.145E+00 0.148E+00 0.663E-03 0.414E-04 0.635E-03 0.397E-04
      2       1      16    4099       4       4 0.364E+01 0.370E+01 0.377E+01 0.381E+01 0.911E-02 0.569E-03 0.525E-02 0.328E-03
      2       1      16     509       4       4 0.323E+00 0.329E+00 0.367E+00 0.376E+00 0.158E-02 0.987E-04 0.119E-02 0.744E-04
      2       1      16    8191       4       4 0.185E+01 0.189E+01 0.198E+01 0.200E+01 0.103E-01 0.643E-03 0.833E-02 0.521E-03
      2       1       2    1021       4       4 0.445E+00 0.450E+00 0.476E+00 0.489E+00 0.135E-02 0.845E-04 0.132E-02 0.826E-04
      2       1       2   16381       4       4 0.203E+01 0.205E+01 0.225E+01 0.229E+01 0.129E-01 0.807E-03 0.129E-01 0.803E-03
      2       1       2    2053       4       4 0.171E+01 0.171E+01 0.175E+01 0.177E+01 0.193E-02 0.121E-03 0.201E-02 0.126E-03
      2       1       2     257       4       4 0.980E-01 0.989E-01 0.996E-01 0.999E-01 0.322E-03 0.201E-04 0.320E-03 0.200E-04
      2       1       2    4099       4       4 0.229E+01 0.230E+01 0.233E+01 0.236E+01 0.403E-02 0.252E-03 0.400E-02 0.250E-03
      2       1       2     509       4       4 0.207E+00 0.210E+00 0.215E+00 0.216E+00 0.646E-03 0.404E-04 0.623E-03 0.389E-04
      2       1       2    8191       4       4 0.104E+01 0.104E+01 0.115E+01 0.115E+01 0.606E-02 0.379E-03 0.616E-02 0.385E-03
      2       1      24    1021       4       4 0.105E+01 0.108E+01 0.120E+01 0.122E+01 0.995E-02 0.622E-03 0.191E-02 0.120E-03
      2       1      24   16381       4       4 0.367E+01 0.370E+01 0.385E+01 0.395E+01 0.153E-01 0.957E-03 0.152E-01 0.948E-03
      2       1      24    2053       4       4 0.378E+01 0.379E+01 0.383E+01 0.387E+01 0.104E-01 0.652E-03 0.525E-02 0.328E-03
      2       1      24     257       4       4 0.173E+00 0.177E+00 0.180E+00 0.182E+00 0.646E-03 0.404E-04 0.600E-03 0.375E-04
      2       1      24    4099       4       4 0.436E+01 0.442E+01 0.442E+01 0.456E+01 0.198E-01 0.123E-02 0.666E-02 0.416E-03
      2       1      24     509       4       4 0.396E+00 0.418E+00 0.422E+00 0.448E+00 0.325E-02 0.203E-03 0.130E-02 0.810E-04
      2       1      24    8191       4       4 0.219E+01 0.230E+01 0.242E+01 0.245E+01 0.142E-01 0.889E-03 0.958E-02 0.599E-03
      2       1       4    1021       4       4 0.551E+00 0.558E+00 0.602E+00 0.604E+00 0.163E-02 0.102E-03 0.164E-02 0.103E-03
      2       1       4   16381       4       4 0.226E+01 0.228E+01 0.247E+01 0.253E+01 0.131E-01 0.820E-03 0.130E-01 0.812E-03
      2       1       4    2053       4       4 0.205E+01 0.206E+01 0.213E+01 0.216E+01 0.271E-02 0.170E-03 0.277E-02 0.173E-03
      2       1       4     257       4       4 0.123E+00 0.130E+00 0.127E+00 0.133E+00 0.456E-03 0.285E-04 0.419E-03 0.262E-04
      2       1       4    4099       4       4 0.259E+01 0.261E+01 0.259E+01 0.266E+01 0.479E-02 0.300E-03 0.471E-02 0.294E-03
      2       1       4     509       4       4 0.244E+00 0.246E+00 0.261E+00 0.263E+00 0.930E-03 0.581E-04 0.942E-03 0.589E-04
      2       1       4    8191       4       4 0.122E+01 0.123E+01 0.133E+01 0.135E+01 0.722E-02 0.452E-03 0.749E-02 0.468E-03
      2       1       8    1021       4       4 0.731E+00 0.752E+00 0.810E+00 0.823E+00 0.155E-02 0.969E-04 0.144E-02 0.902E-04
      2       1       8   16381       4       4 0.253E+01 0.256E+01 0.272E+01 0.278E+01 0.134E-01 0.836E-03 0.135E-01 0.841E-03
      2       1       8    2053       4       4 0.250E+01 0.252E+01 0.262E+01 0.265E+01 0.331E-02 0.207E-03 0.300E-02 0.187E-03
      2       1       8     257       4       4 0.129E+00 0.134E+00 0.133E+00 0.143E+00 0.524E-03 0.327E-04 0.514E-03 0.321E-04
      2       1       8    4099       4       4 0.297E+01 0.301E+01 0.309E+01 0.313E+01 0.501E-02 0.313E-03 0.482E-02 0.302E-03
      2       1       8     509       4       4 0.269E+00 0.271E+00 0.284E+00 0.285E+00 0.805E-03 0.503E-04 0.772E-03 0.482E-04
      2       1       8    8191       4       4 0.147E+01 0.149E+01 0.156E+01 0.163E+01 0.745E-02 0.466E-03 0.750E-02 0.468E-03
      3       1       1    1021       4       4 0.645E-03 0.240E-02 0.712E-04 0.949E-04 0.372E-03 0.232E-04 0.355E-03 0.222E-04
      3       1       1 1048573       4       4 0.143E+00 0.147E+00 0.140E+00 0.142E+00 0.125E+01 0.784E-01 0.126E+01 0.786E-01
      3       1       1  131071       4       4 0.149E-01 0.191E-01 0.134E-01 0.139E-01 0.110E+00 0.689E-02 0.110E+00 0.687E-02
      3       1       1   16381       4       4 0.222E-02 0.414E-02 0.164E-02 0.175E-02 0.107E-01 0.671E-03 0.101E-01 0.631E-03
      3       1       1    2053       4       4 0.916E-03 0.303E-02 0.176E-03 0.184E-03 0.126E-02 0.785E-04 0.119E-02 0.742E-04
      3       1       1     257       4       4 0.577E-03 0.225E-02 0.195E-04 0.300E-04 0.113E-03 0.706E-05 0.918E-04 0.574E-05
      3       1       1  262147       4       4 0.451E-01 0.510E-01 0.442E-01 0.467E-01 0.513E+00 0.320E-01 0.505E+00 0.316E-01
      3       1       1   32771       4       4 0.641E-02 0.101E-01 0.540E-02 0.627E-02 0.457E-01 0.285E-02 0.446E-01 0.279E-02
      3       1       1    4099       4       4 0.117E-02 0.296E-02 0.744E-03 0.799E-03 0.452E-02 0.283E-03 0.442E-02 0.276E-03
      3       1       1     509       4       4 0.570E-03 0.220E-02 0.310E-04 0.460E-04 0.168E-03 0.105E-04 0.143E-03 0.894E-05
      3       1       1  524287       4       4 0.631E-01 0.698E-01 0.595E-01 0.609E-01 0.538E+00 0.336E-01 0.532E+00 0.333E-01
      3       1       1   65537       4       4 0.987E-02 0.131E-01 0.927E-02 0.105E-01 0.108E+00 0.674E-02 0.107E+00 0.667E-02
      3       1       1    8191       4       4 0.158E-02 0.418E-02 0.771E-03 0.798E-03 0.492E-02 0.307E-03 0.491E-02 0.307E-03
      3       1      12    1021       4       4 0.115E-01 0.460E-01 0.851E-04 0.115E-03 0.445E-03 0.278E-04 0.413E-03 0.258E-04
      3       1      12 1048573       4       4 0.144E+00 0.147E+00 0.141E+00 0.144E+00 0.130E+01 0.811E-01 0.130E+01 0.810E-01
      3       1      12  131071       4       4 0.182E-01 0.337E-01 0.134E-01 0.136E-01 0.114E+00 0.714E-02 0.115E+00 0.720E-02
      3       1      12   16381       4       4 0.509E-02 0.154E-01 0.157E-02 0.169E-02 0.107E-01 0.668E-03 0.110E-01 0.686E-03
      3       1      12    2053       4       4 0.347E-02 0.133E-01 0.207E-03 0.222E-03 0.132E-02 0.826E-04 0.128E-02 0.799E-04
      3       1      12     257       4       4 0.448E-02 0.179E-01 0.218E-04 0.329E-04 0.137E-03 0.854E-05 0.105E-03 0.657E-05
      3       1      12  262147       4       4 0.488E-01 0.630E-01 0.452E-01 0.473E-01 0.539E+00 0.337E-01 0.534E+00 0.334E-01
      3       1      12   32771       4       4 0.897E-02 0.198E-01 0.553E-02 0.624E-02 0.470E-01 0.294E-02 0.463E-01 0.289E-02
      3       1      12    4099       4       4 0.505E-02 0.183E-01 0.590E-03 0.709E-03 0.463E-02 0.289E-03 0.458E-02 0.286E-03
      3       1      12     509       4       4 0.525E-02 0.208E-01 0.455E-04 0.560E-04 0.288E-03 0.180E-04 0.237E-03 0.148E-04
      3       1      12  524287       4       4 0.678E-01 0.844E-01 0.611E-01 0.625E-01 0.560E+00 0.350E-01 0.557E+00 0.348E-01
      3       1      12   65537       4       4 0.144E-01 0.308E-01 0.952E-02 0.108E-01 0.113E+00 0.709E-02 0.114E+00 0.711E-02
      3       1      12    8191       4       4 0.515E-02 0.182E-01 0.813E-03 0.883E-03 0.500E-02 0.313E-03 0.490E-02 0.306E-03
      3       1      16    1021       4       4 0.438E-02 0.173E-01 0.842E-04 0.115E-03 0.441E-03 0.276E-04 0.413E-03 0.258E-04
      3       1      16 1048573       4       4 0.147E+00 0.151E+00 0.143E+00 0.145E+00 0.129E+01 0.809E-01 0.129E+01 0.807E-01
      3       1      16  131071       4       4 0.169E-01 0.284E-01 0.134E-01 0.139E-01 0.114E+00 0.712E-02 0.114E+00 0.715E-02
      3       1      16   16381       4       4 0.600E-02 0.191E-01 0.159E-02 0.173E-02 0.108E-01 0.672E-03 0.110E-01 0.686E-03
      3       1      16    2053       4       4 0.363E-02 0.137E-01 0.286E-03 0.312E-03 0.178E-02 0.111E-03 0.171E-02 0.107E-03
      3       1      16     257       4       4 0.101E-02 0.396E-02 0.266E-04 0.501E-04 0.152E-03 0.949E-05 0.120E-03 0.748E-05
      3       1      16  262147       4       4 0.480E-01 0.606E-01 0.449E-01 0.472E-01 0.536E+00 0.335E-01 0.531E+00 0.332E-01
      3       1      16   32771       4       4 0.103E-01 0.237E-01 0.649E-02 0.703E-02 0.479E-01 0.299E-02 0.474E-01 0.296E-02
      3       1      16    4099       4       4 0.600E-02 0.220E-01 0.662E-03 0.714E-03 0.474E-02 0.296E-03 0.463E-02 0.289E-03
      3       1      16     509       4       4 0.222E-02 0.877E-02 0.370E-04 0.551E-04 0.197E-03 0.123E-04 0.180E-03 0.113E-04
      3       1      16  524287       4       4 0.654E-01 0.756E-01 0.608E-01 0.616E-01 0.558E+00 0.349E-01 0.558E+00 0.349E-01
      3       1      16   65537       4       4 0.145E-01 0.310E-01 0.961E-02 0.109E-01 0.114E+00 0.715E-02 0.115E+00 0.717E-02
      3       1      16    8191       4       4 0.516E-02 0.181E-01 0.922E-03 0.963E-03 0.488E-02 0.305E-03 0.491E-02 0.307E-03
      3       1       2    1021       4       4 0.320E-02 0.126E-01 0.778E-04 0.115E-03 0.421E-03 0.263E-04 0.373E-03 0.233E-04
      3       1       2 1048573       4       4 0.147E+00 0.160E+00 0.140E+00 0.142E+00 0.125E+01 0.784E-01 0.126E+01 0.789E-01
      3       1       2  131071       4       4 0.145E-01 0.189E-01 0.132E-01 0.137E-01 0.109E+00 0.682E-02 0.110E+00 0.687E-02
      3       1       2   16381       4       4 0.450E-02 0.131E-01 0.159E-02 0.177E-02 0.105E-01 0.657E-03 0.106E-01 0.663E-03
      3       1       2    2053       4       4 0.348E-02 0.133E-01 0.208E-03 0.258E-03 0.127E-02 0.795E-04 0.127E-02 0.792E-04
      3       1       2     257       4       4 0.541E-03 0.211E-02 0.203E-04 0.310E-04 0.120E-03 0.751E-05 0.949E-04 0.593E-05
      3       1       2  262147       4       4 0.450E-01 0.518E-01 0.437E-01 0.461E-01 0.512E+00 0.320E-01 0.504E+00 0.315E-01
      3       1       2   32771       4       4 0.832E-02 0.172E-01 0.558E-02 0.649E-02 0.464E-01 0.290E-02 0.452E-01 0.282E-02
      3       1       2    4099       4       4 0.387E-02 0.135E-01 0.573E-03 0.666E-03 0.441E-02 0.275E-03 0.440E-02 0.275E-03
      3       1       2     509       4       4 0.334E-02 0.132E-01 0.418E-04 0.682E-04 0.194E-03 0.121E-04 0.158E-03 0.985E-05
      3       1       2  524287       4       4 0.632E-01 0.697E-01 0.598E-01 0.614E-01 0.538E+00 0.336E-01 0.536E+00 0.335E-01
      3       1       2   65537       4       4 0.106E-01 0.166E-01 0.940E-02 0.106E-01 0.108E+00 0.673E-02 0.109E+00 0.681E-02
      3       1       2    8191       4       4 0.378E-02 0.130E-01 0.763E-03 0.792E-03 0.488E-02 0.305E-03 0.495E-02 0.309E-03
      3       1      24    1021       4       4 0.440E-02 0.173E-01 0.126E-03 0.193E-03 0.595E-03 0.372E-04 0.546E-03 0.341E-04
      3       1      24 1048573       4       4 0.148E+00 0.160E+00 0.141E+00 0.143E+00 0.130E+01 0.813E-01 0.130E+01 0.811E-01
      3       1      24  131071       4       4 0.191E-01 0.366E-01 0.136E-01 0.142E-01 0.115E+00 0.718E-02 0.116E+00 0.722E-02
      3       1      24   16381       4       4 0.956E-02 0.313E-01 0.232E-02 0.248E-02 0.143E-01 0.891E-03 0.140E-01 0.875E-03
      3       1      24    2053       4       4 0.438E-02 0.169E-01 0.216E-03 0.227E-03 0.133E-02 0.829E-04 0.130E-02 0.813E-04
      3       1      24     257       4       4 0.421E-02 0.168E-01 0.225E-04 0.341E-04 0.142E-03 0.885E-05 0.109E-03 0.681E-05
      3       1      24  262147       4       4 0.517E-01 0.635E-01 0.474E-01 0.478E-01 0.533E+00 0.333E-01 0.530E+00 0.331E-01
      3       1      24   32771       4       4 0.997E-02 0.233E-01 0.546E-02 0.668E-02 0.479E-01 0.299E-02 0.472E-01 0.295E-02
      3       1      24    4099       4       4 0.473E-02 0.170E-01 0.691E-03 0.739E-03 0.467E-02 0.292E-03 0.464E-02 0.290E-03
      3       1      24     509       4       4 0.410E-02 0.163E-01 0.390E-04 0.589E-04 0.196E-03 0.122E-04 0.171E-03 0.107E-04
      3       1      24  524287       4       4 0.656E-01 0.767E-01 0.608E-01 0.620E-01 0.560E+00 0.350E-01 0.558E+00 0.349E-01
      3       1      24   65537       4       4 0.141E-01 0.271E-01 0.101E-01 0.108E-01 0.112E+00 0.701E-02 0.113E+00 0.704E-02
      3       1      24    8191       4       4 0.550E-02 0.186E-01 0.111E-02 0.120E-02 0.655E-02 0.409E-03 0.624E-02 0.390E-03
      3       1       4    1021       4       4 0.661E-02 0.262E-01 0.753E-04 0.103E-03 0.379E-03 0.237E-04 0.360E-03 0.225E-04
      3       1       4 1048573       4       4 0.148E+00 0.159E+00 0.141E+00 0.144E+00 0.128E+01 0.799E-01 0.128E+01 0.802E-01
      3       1       4  131071       4       4 0.173E-01 0.295E-01 0.133E-01 0.144E-01 0.112E+00 0.700E-02 0.112E+00 0.701E-02
      3       1       4   16381       4       4 0.594E-02 0.191E-01 0.158E-02 0.167E-02 0.108E-01 0.674E-03 0.105E-01 0.656E-03
      3       1       4    2053       4       4 0.859E-03 0.284E-02 0.208E-03 0.264E-03 0.132E-02 0.826E-04 0.129E-02 0.806E-04
      3       1       4     257       4       4 0.464E-02 0.185E-01 0.204E-04 0.319E-04 0.117E-03 0.732E-05 0.942E-04 0.589E-05
      3       1       4  262147       4       4 0.474E-01 0.601E-01 0.445E-01 0.467E-01 0.521E+00 0.326E-01 0.515E+00 0.322E-01
      3       1       4   32771       4       4 0.899E-02 0.201E-01 0.556E-02 0.628E-02 0.463E-01 0.289E-02 0.458E-01 0.286E-02
      3       1       4    4099       4       4 0.798E-02 0.299E-01 0.579E-03 0.700E-03 0.453E-02 0.283E-03 0.445E-02 0.278E-03
      3       1       4     509       4       4 0.657E-02 0.262E-01 0.328E-04 0.501E-04 0.172E-03 0.107E-04 0.151E-03 0.943E-05
      3       1       4  524287       4       4 0.641E-01 0.702E-01 0.607E-01 0.620E-01 0.548E+00 0.343E-01 0.544E+00 0.340E-01
      3       1       4   65537       4       4 0.118E-01 0.208E-01 0.943E-02 0.109E-01 0.110E+00 0.685E-02 0.110E+00 0.687E-02
      3       1       4    8191       4       4 0.531E-02 0.187E-01 0.927E-03 0.980E-03 0.472E-02 0.295E-03 0.457E-02 0.285E-03
      3       1       8    1021       4       4 0.337E-02 0.133E-01 0.700E-04 0.102E-03 0.388E-03 0.242E-04 0.358E-03 0.224E-04
      3       1       8 1048573       4       4 0.147E+00 0.150E+00 0.142E+00 0.145E+00 0.129E+01 0.804E-01 0.129E+01 0.804E-01
      3       1       8  131071       4       4 0.180E-01 0.323E-01 0.134E-01 0.140E-01 0.113E+00 0.705E-02 0.113E+00 0.709E-02
      3       1       8   16381       4       4 0.599E-02 0.191E-01 0.161E-02 0.182E-02 0.104E-01 0.651E-03 0.108E-01 0.673E-03
      3       1       8    2053       4       4 0.684E-02 0.265E-01 0.235E-03 0.263E-03 0.172E-02 0.107E-03 0.164E-02 0.102E-03
      3       1       8     257       4       4 0.760E-02 0.303E-01 0.308E-04 0.401E-04 0.221E-03 0.138E-04 0.187E-03 0.117E-04
      3       1       8  262147       4       4 0.494E-01 0.656E-01 0.453E-01 0.477E-01 0.530E+00 0.331E-01 0.524E+00 0.328E-01
      3       1       8   32771       4       4 0.120E-01 0.315E-01 0.540E-02 0.664E-02 0.474E-01 0.296E-02 0.465E-01 0.290E-02
      3       1       8    4099       4       4 0.799E-02 0.302E-01 0.625E-03 0.747E-03 0.480E-02 0.300E-03 0.470E-02 0.294E-03
      3       1       8     509       4       4 0.358E-02 0.142E-01 0.330E-04 0.510E-04 0.175E-03 0.109E-04 0.148E-03 0.925E-05
      3       1       8  524287       4       4 0.695E-01 0.945E-01 0.603E-01 0.616E-01 0.551E+00 0.344E-01 0.549E+00 0.343E-01
      3       1       8   65537       4       4 0.144E-01 0.304E-01 0.961E-02 0.110E-01 0.112E+00 0.700E-02 0.113E+00 0.704E-02
      3       1       8    8191       4       4 0.505E-02 0.179E-01 0.855E-03 0.961E-03 0.473E-02 0.296E-03 0.473E-02 0.296E-03
