      2       1       1    1024       4       4 0.628E-01 0.631E-01 0.567E-01 0.570E-01 0.858E-04 0.536E-05 0.870E-04 0.544E-05
      2       1       1   16384       4       4 0.188E+00 0.189E+00 0.187E+00 0.188E+00 0.176E-02 0.110E-03 0.214E-02 0.134E-03
      2       1       1    2048       4       4 0.806E-01 0.813E-01 0.740E-01 0.741E-01 0.174E-03 0.109E-04 0.227E-03 0.142E-04
      2       1       1     256       4       4 0.271E-01 0.272E-01 0.244E-01 0.245E-01 0.279E-04 0.174E-05 0.489E-04 0.305E-05
      2       1       1    4096       4       4 0.104E+00 0.104E+00 0.964E-01 0.968E-01 0.370E-03 0.231E-04 0.413E-03 0.258E-04
      2       1       1     512       4       4 0.462E-01 0.464E-01 0.402E-01 0.404E-01 0.467E-04 0.292E-05 0.536E-04 0.335E-05
      2       1       1    8192       4       4 0.135E+00 0.136E+00 0.130E+00 0.131E+00 0.860E-03 0.538E-04 0.103E-02 0.643E-04
      2       1      12    1024       4       4 0.133E+00 0.137E+00 0.120E+00 0.124E+00 0.572E-03 0.357E-04 0.904E-03 0.565E-04
      2       1      12   16384       4       4 0.304E+00 0.307E+00 0.308E+00 0.319E+00 0.151E-02 0.945E-04 0.204E-02 0.127E-03
      2       1      12    2048       4       4 0.169E+00 0.172E+00 0.159E+00 0.162E+00 0.690E-03 0.431E-04 0.106E-02 0.660E-04
      2       1      12     256       4       4 0.560E-01 0.572E-01 0.513E-01 0.543E-01 0.359E-03 0.224E-04 0.603E-03 0.377E-04
      2       1      12    4096       4       4 0.204E+00 0.209E+00 0.201E+00 0.203E+00 0.976E-03 0.610E-04 0.144E-02 0.900E-04
      2       1      12     512       4       4 0.929E-01 0.952E-01 0.851E-01 0.905E-01 0.403E-03 0.252E-04 0.689E-03 0.430E-04
      2       1      12    8192       4       4 0.241E+00 0.246E+00 0.240E+00 0.243E+00 0.323E-02 0.202E-03 0.184E-02 0.115E-03
      2       1      16    1024       4       4 0.118E+00 0.122E+00 0.111E+00 0.112E+00 0.541E-03 0.338E-04 0.872E-03 0.545E-04
      2       1      16   16384       4       4 0.267E+00 0.271E+00 0.264E+00 0.266E+00 0.126E-02 0.786E-04 0.171E-02 0.107E-03
      2       1      16    2048       4       4 0.151E+00 0.154E+00 0.145E+00 0.147E+00 0.649E-03 0.405E-04 0.105E-02 0.656E-04
      2       1      16     256       4       4 0.472E-01 0.484E-01 0.460E-01 0.465E-01 0.345E-03 0.215E-04 0.716E-03 0.448E-04
      2       1      16    4096       4       4 0.190E+00 0.201E+00 0.187E+00 0.202E+00 0.877E-03 0.548E-04 0.146E-02 0.911E-04
      2       1      16     512       4       4 0.813E-01 0.834E-01 0.779E-01 0.782E-01 0.430E-03 0.269E-04 0.811E-03 0.507E-04
      2       1      16    8192       4       4 0.216E+00 0.218E+00 0.210E+00 0.213E+00 0.240E-02 0.150E-03 0.129E-02 0.808E-04
      2       1       2    1024       4       4 0.880E-01 0.887E-01 0.788E-01 0.791E-01 0.432E-03 0.270E-04 0.665E-03 0.416E-04
      2       1       2   16384       4       4 0.259E+00 0.259E+00 0.257E+00 0.259E+00 0.125E-02 0.783E-04 0.168E-02 0.105E-03
      2       1       2    2048       4       4 0.109E+00 0.109E+00 0.994E-01 0.999E-01 0.274E-03 0.171E-04 0.433E-03 0.271E-04
      2       1       2     256       4       4 0.382E-01 0.390E-01 0.339E-01 0.339E-01 0.170E-03 0.106E-04 0.252E-03 0.158E-04
      2       1       2    4096       4       4 0.139E+00 0.141E+00 0.129E+00 0.130E+00 0.541E-03 0.338E-04 0.705E-03 0.440E-04
      2       1       2     512       4       4 0.632E-01 0.646E-01 0.529E-01 0.533E-01 0.253E-03 0.158E-04 0.323E-03 0.202E-04
      2       1       2    8192       4       4 0.180E+00 0.181E+00 0.172E+00 0.172E+00 0.729E-03 0.456E-04 0.965E-03 0.603E-04
      2       1      24    1024       4       4 0.160E+00 0.168E+00 0.153E+00 0.163E+00 0.197E-02 0.123E-03 0.182E-02 0.114E-03
      2       1      24   16384       4       4 0.379E+00 0.409E+00 0.369E+00 0.386E+00 0.867E-02 0.542E-03 0.535E-02 0.334E-03
      2       1      24    2048       4       4 0.189E+00 0.198E+00 0.187E+00 0.202E+00 0.937E-03 0.585E-04 0.159E-02 0.992E-04
      2       1      24     256       4       4 0.575E-01 0.635E-01 0.531E-01 0.573E-01 0.689E-03 0.431E-04 0.127E-02 0.792E-04
      2       1      24    4096       4       4 0.267E+00 0.287E+00 0.245E+00 0.253E+00 0.155E-02 0.966E-04 0.221E-02 0.138E-03
      2       1      24     512       4       4 0.102E+00 0.108E+00 0.937E-01 0.103E+00 0.686E-03 0.429E-04 0.123E-02 0.769E-04
      2       1      24    8192       4       4 0.280E+00 0.286E+00 0.274E+00 0.290E+00 0.499E-02 0.312E-03 0.526E-02 0.328E-03
      2       1       4    1024       4       4 0.993E-01 0.102E+00 0.895E-01 0.906E-01 0.390E-03 0.243E-04 0.703E-03 0.439E-04
      2       1       4   16384       4       4 0.254E+00 0.256E+00 0.259E+00 0.270E+00 0.146E-02 0.912E-04 0.152E-02 0.951E-04
      2       1       4    2048       4       4 0.118E+00 0.123E+00 0.110E+00 0.110E+00 0.480E-03 0.300E-04 0.860E-03 0.538E-04
      2       1       4     256       4       4 0.430E-01 0.452E-01 0.401E-01 0.433E-01 0.306E-03 0.191E-04 0.365E-03 0.228E-04
      2       1       4    4096       4       4 0.146E+00 0.147E+00 0.139E+00 0.140E+00 0.745E-03 0.466E-04 0.112E-02 0.701E-04
      2       1       4     512       4       4 0.741E-01 0.770E-01 0.655E-01 0.677E-01 0.293E-03 0.183E-04 0.472E-03 0.295E-04
      2       1       4    8192       4       4 0.183E+00 0.184E+00 0.179E+00 0.180E+00 0.832E-03 0.520E-04 0.107E-02 0.667E-04
      2       1       8    1024       4       4 0.112E+00 0.117E+00 0.104E+00 0.110E+00 0.499E-03 0.312E-04 0.753E-03 0.471E-04
      2       1       8   16384       4       4 0.255E+00 0.258E+00 0.269E+00 0.281E+00 0.134E-02 0.835E-04 0.189E-02 0.118E-03
      2       1       8    2048       4       4 0.140E+00 0.148E+00 0.132E+00 0.134E+00 0.483E-03 0.302E-04 0.817E-03 0.511E-04
      2       1       8     256       4       4 0.457E-01 0.479E-01 0.427E-01 0.442E-01 0.325E-03 0.203E-04 0.521E-03 0.325E-04
      2       1       8    4096       4       4 0.162E+00 0.166E+00 0.165E+00 0.174E+00 0.713E-03 0.446E-04 0.117E-02 0.731E-04
      2       1       8     512       4       4 0.775E-01 0.791E-01 0.705E-01 0.713E-01 0.342E-03 0.214E-04 0.560E-03 0.350E-04
      2       1       8    8192       4       4 0.192E+00 0.194E+00 0.187E+00 0.193E+00 0.101E-02 0.630E-04 0.126E-02 0.789E-04
      3       1       1    1024       4       4 0.715E-03 0.284E-02 0.948E-05 0.250E-04 0.477E-04 0.298E-05 0.403E-04 0.252E-05
      3       1       1 1048576       4       4 0.781E-02 0.101E-01 0.646E-02 0.700E-02 0.107E+00 0.672E-02 0.107E+00 0.669E-02
      3       1       1  131072       4       4 0.191E-02 0.425E-02 0.113E-02 0.141E-02 0.105E-01 0.659E-03 0.100E-01 0.626E-03
      3       1       1   16384       4       4 0.871E-03 0.299E-02 0.197E-03 0.237E-03 0.956E-03 0.597E-04 0.945E-03 0.591E-04
      3       1       1    2048       4       4 0.717E-03 0.282E-02 0.163E-04 0.260E-04 0.923E-04 0.577E-05 0.749E-04 0.468E-05
      3       1       1     256       4       4 0.611E-03 0.243E-02 0.197E-05 0.405E-05 0.257E-04 0.161E-05 0.153E-04 0.954E-06
      3       1       1  262144       4       4 0.329E-02 0.557E-02 0.252E-02 0.279E-02 0.214E-01 0.134E-02 0.216E-01 0.135E-02
      3       1       1   32768       4       4 0.100E-02 0.299E-02 0.387E-03 0.523E-03 0.220E-02 0.138E-03 0.214E-02 0.134E-03
      3       1       1    4096       4       4 0.661E-03 0.256E-02 0.393E-04 0.660E-04 0.222E-03 0.139E-04 0.192E-03 0.120E-04
      3       1       1     512       4       4 0.754E-03 0.300E-02 0.429E-05 0.811E-05 0.486E-04 0.304E-05 0.257E-04 0.161E-05
      3       1       1  524288       4       4 0.419E-02 0.629E-02 0.325E-02 0.362E-02 0.505E-01 0.316E-02 0.505E-01 0.315E-02
      3       1       1   65536       4       4 0.153E-02 0.415E-02 0.686E-03 0.804E-03 0.464E-02 0.290E-03 0.448E-02 0.280E-03
      3       1       1    8192       4       4 0.737E-03 0.274E-02 0.812E-04 0.870E-04 0.434E-03 0.271E-04 0.376E-03 0.235E-04
      3       1      12    1024       4       4 0.539E-02 0.216E-01 0.674E-05 0.129E-04 0.501E-04 0.313E-05 0.432E-04 0.270E-05
      3       1      12 1048576       4       4 0.389E-02 0.862E-02 0.249E-02 0.308E-02 0.370E-01 0.231E-02 0.360E-01 0.225E-02
      3       1      12  131072       4       4 0.640E-02 0.246E-01 0.360E-03 0.424E-03 0.485E-02 0.303E-03 0.474E-02 0.297E-03
      3       1      12   16384       4       4 0.125E-02 0.482E-02 0.783E-04 0.920E-04 0.106E-02 0.660E-04 0.916E-03 0.573E-04
      3       1      12    2048       4       4 0.542E-02 0.216E-01 0.215E-04 0.410E-04 0.117E-03 0.732E-05 0.858E-04 0.536E-05
      3       1      12     256       4       4 0.433E-02 0.173E-01 0.703E-05 0.179E-04 0.257E-04 0.161E-05 0.203E-04 0.127E-05
      3       1      12  262144       4       4 0.445E-02 0.160E-01 0.706E-03 0.961E-03 0.977E-02 0.610E-03 0.973E-02 0.608E-03
      3       1      12   32768       4       4 0.340E-02 0.133E-01 0.134E-03 0.173E-03 0.181E-02 0.113E-03 0.171E-02 0.107E-03
      3       1      12    4096       4       4 0.644E-02 0.256E-01 0.485E-04 0.701E-04 0.267E-03 0.167E-04 0.277E-03 0.173E-04
      3       1      12     512       4       4 0.646E-02 0.258E-01 0.376E-05 0.811E-05 0.439E-04 0.274E-05 0.222E-04 0.139E-05
      3       1      12  524288       4       4 0.246E-02 0.625E-02 0.118E-02 0.120E-02 0.186E-01 0.116E-02 0.200E-01 0.125E-02
      3       1      12   65536       4       4 0.421E-02 0.163E-01 0.176E-03 0.189E-03 0.265E-02 0.166E-03 0.243E-02 0.152E-03
      3       1      12    8192       4       4 0.542E-02 0.214E-01 0.973E-04 0.109E-03 0.424E-03 0.265E-04 0.399E-03 0.249E-04
      3       1      16    1024       4       4 0.433E-02 0.173E-01 0.751E-05 0.160E-04 0.503E-04 0.314E-05 0.622E-04 0.389E-05
      3       1      16 1048576       4       4 0.541E-02 0.159E-01 0.193E-02 0.227E-02 0.235E-01 0.147E-02 0.180E-01 0.112E-02
      3       1      16  131072       4       4 0.380E-02 0.142E-01 0.328E-03 0.355E-03 0.398E-02 0.249E-03 0.387E-02 0.242E-03
      3       1      16   16384       4       4 0.434E-02 0.172E-01 0.700E-04 0.901E-04 0.827E-03 0.517E-04 0.491E-03 0.307E-04
      3       1      16    2048       4       4 0.437E-02 0.174E-01 0.188E-04 0.300E-04 0.105E-03 0.657E-05 0.877E-04 0.548E-05
      3       1      16     256       4       4 0.350E-02 0.140E-01 0.274E-05 0.596E-05 0.250E-04 0.156E-05 0.169E-04 0.106E-05
      3       1      16  262144       4       4 0.301E-02 0.102E-01 0.643E-03 0.652E-03 0.730E-02 0.456E-03 0.517E-02 0.323E-03
      3       1      16   32768       4       4 0.324E-02 0.126E-01 0.148E-03 0.196E-03 0.149E-02 0.931E-04 0.118E-02 0.739E-04
      3       1      16    4096       4       4 0.413E-02 0.164E-01 0.396E-04 0.710E-04 0.228E-03 0.143E-04 0.197E-03 0.123E-04
      3       1      16     512       4       4 0.629E-02 0.251E-01 0.459E-05 0.906E-05 0.329E-04 0.206E-05 0.260E-04 0.162E-05
      3       1      16  524288       4       4 0.229E-02 0.604E-02 0.104E-02 0.120E-02 0.146E-01 0.914E-03 0.143E-01 0.892E-03
      3       1      16   65536       4       4 0.418E-02 0.162E-01 0.177E-03 0.187E-03 0.205E-02 0.128E-03 0.150E-02 0.935E-04
      3       1      16    8192       4       4 0.435E-02 0.171E-01 0.104E-03 0.109E-03 0.443E-03 0.277E-04 0.415E-03 0.260E-04
      3       1       2    1024       4       4 0.736E-03 0.293E-02 0.620E-05 0.141E-04 0.479E-04 0.300E-05 0.691E-04 0.432E-05
      3       1       2 1048576       4       4 0.137E-01 0.179E-01 0.122E-01 0.122E-01 0.993E-01 0.621E-02 0.954E-01 0.596E-02
      3       1       2  131072       4       4 0.212E-02 0.415E-02 0.157E-02 0.163E-02 0.111E-01 0.695E-03 0.114E-01 0.712E-03
      3       1       2   16384       4       4 0.751E-03 0.238E-02 0.216E-03 0.243E-03 0.108E-02 0.674E-04 0.969E-03 0.606E-04
      3       1       2    2048       4       4 0.671E-03 0.262E-02 0.258E-04 0.601E-04 0.157E-03 0.980E-05 0.849E-04 0.530E-05
      3       1       2     256       4       4 0.663E-03 0.264E-02 0.274E-05 0.596E-05 0.207E-04 0.130E-05 0.174E-04 0.109E-05
      3       1       2  262144       4       4 0.383E-02 0.637E-02 0.308E-02 0.321E-02 0.229E-01 0.143E-02 0.246E-01 0.153E-02
      3       1       2   32768       4       4 0.329E-02 0.119E-01 0.432E-03 0.487E-03 0.268E-02 0.168E-03 0.287E-02 0.179E-03
      3       1       2    4096       4       4 0.576E-03 0.222E-02 0.322E-04 0.508E-04 0.194E-03 0.121E-04 0.173E-03 0.108E-04
      3       1       2     512       4       4 0.710E-03 0.283E-02 0.650E-05 0.200E-04 0.544E-04 0.340E-05 0.226E-04 0.142E-05
      3       1       2  524288       4       4 0.732E-02 0.109E-01 0.604E-02 0.611E-02 0.551E-01 0.344E-02 0.680E-01 0.425E-02
      3       1       2   65536       4       4 0.263E-02 0.820E-02 0.761E-03 0.861E-03 0.386E-02 0.241E-03 0.376E-02 0.235E-03
      3       1       2    8192       4       4 0.741E-03 0.275E-02 0.945E-04 0.107E-03 0.429E-03 0.268E-04 0.366E-03 0.229E-04
      3       1      24    1024       4       4 0.406E-02 0.162E-01 0.674E-05 0.141E-04 0.544E-04 0.340E-05 0.441E-04 0.276E-05
      3       1      24 1048576       4       4 0.273E-02 0.510E-02 0.188E-02 0.202E-02 0.285E-01 0.178E-02 0.238E-01 0.149E-02
      3       1      24  131072       4       4 0.437E-02 0.166E-01 0.275E-03 0.321E-03 0.379E-02 0.237E-03 0.345E-02 0.216E-03
      3       1      24   16384       4       4 0.682E-02 0.271E-01 0.913E-04 0.109E-03 0.131E-01 0.820E-03 0.840E-03 0.525E-04
      3       1      24    2048       4       4 0.419E-02 0.167E-01 0.197E-04 0.329E-04 0.113E-03 0.708E-05 0.887E-04 0.554E-05
      3       1      24     256       4       4 0.406E-02 0.162E-01 0.328E-05 0.691E-05 0.257E-04 0.161E-05 0.148E-04 0.924E-06
      3       1      24  262144       4       4 0.382E-02 0.136E-01 0.527E-03 0.540E-03 0.750E-02 0.469E-03 0.600E-02 0.375E-03
      3       1      24   32768       4       4 0.500E-02 0.197E-01 0.172E-03 0.199E-03 0.136E-02 0.848E-04 0.127E-02 0.796E-04
      3       1      24    4096       4       4 0.407E-02 0.162E-01 0.361E-04 0.570E-04 0.217E-03 0.136E-04 0.202E-03 0.126E-04
      3       1      24     512       4       4 0.407E-02 0.162E-01 0.453E-05 0.906E-05 0.365E-04 0.228E-05 0.229E-04 0.143E-05
      3       1      24  524288       4       4 0.277E-02 0.742E-02 0.966E-03 0.989E-03 0.141E-01 0.882E-03 0.127E-01 0.791E-03
      3       1      24   65536       4       4 0.403E-02 0.157E-01 0.190E-03 0.208E-03 0.536E-02 0.335E-03 0.194E-02 0.121E-03
      3       1      24    8192       4       4 0.427E-02 0.169E-01 0.966E-04 0.105E-03 0.443E-03 0.277E-04 0.422E-03 0.264E-04
      3       1       4    1024       4       4 0.660E-02 0.264E-01 0.548E-05 0.110E-04 0.458E-04 0.286E-05 0.374E-04 0.234E-05
      3       1       4 1048576       4       4 0.755E-02 0.111E-01 0.700E-02 0.848E-02 0.604E-01 0.378E-02 0.556E-01 0.348E-02
      3       1       4  131072       4       4 0.822E-02 0.302E-01 0.834E-03 0.958E-03 0.883E-02 0.552E-03 0.115E-01 0.718E-03
      3       1       4   16384       4       4 0.391E-02 0.153E-01 0.145E-03 0.184E-03 0.113E-02 0.708E-04 0.848E-03 0.530E-04
      3       1       4    2048       4       4 0.459E-02 0.183E-01 0.183E-04 0.341E-04 0.949E-04 0.593E-05 0.758E-04 0.474E-05
      3       1       4     256       4       4 0.714E-02 0.286E-01 0.298E-05 0.787E-05 0.226E-04 0.142E-05 0.169E-04 0.106E-05
      3       1       4  262144       4       4 0.393E-02 0.110E-01 0.164E-02 0.179E-02 0.139E-01 0.871E-03 0.125E-01 0.779E-03
      3       1       4   32768       4       4 0.417E-02 0.159E-01 0.252E-03 0.259E-03 0.329E-02 0.206E-03 0.345E-02 0.216E-03
      3       1       4    4096       4       4 0.456E-02 0.182E-01 0.319E-04 0.489E-04 0.187E-03 0.117E-04 0.174E-03 0.109E-04
      3       1       4     512       4       4 0.461E-02 0.184E-01 0.376E-05 0.715E-05 0.300E-04 0.188E-05 0.222E-04 0.139E-05
      3       1       4  524288       4       4 0.673E-02 0.172E-01 0.318E-02 0.328E-02 0.353E-01 0.221E-02 0.471E-01 0.294E-02
      3       1       4   65536       4       4 0.274E-02 0.971E-02 0.433E-03 0.538E-03 0.381E-02 0.238E-03 0.354E-02 0.221E-03
      3       1       4    8192       4       4 0.451E-02 0.178E-01 0.947E-04 0.104E-03 0.416E-03 0.260E-04 0.409E-03 0.255E-04
      3       1       8    1024       4       4 0.105E-01 0.421E-01 0.114E-04 0.200E-04 0.658E-04 0.411E-05 0.603E-04 0.377E-05
      3       1       8 1048576       4       4 0.426E-02 0.688E-02 0.333E-02 0.337E-02 0.331E-01 0.207E-02 0.305E-01 0.191E-02
      3       1       8  131072       4       4 0.685E-02 0.260E-01 0.432E-03 0.460E-03 0.536E-02 0.335E-03 0.632E-02 0.395E-03
      3       1       8   16384       4       4 0.654E-02 0.259E-01 0.883E-04 0.109E-03 0.830E-03 0.519E-04 0.590E-03 0.369E-04
      3       1       8    2048       4       4 0.753E-02 0.301E-01 0.197E-04 0.379E-04 0.106E-03 0.663E-05 0.834E-04 0.522E-05
      3       1       8     256       4       4 0.346E-02 0.138E-01 0.298E-05 0.596E-05 0.300E-04 0.188E-05 0.129E-04 0.805E-06
      3       1       8  262144       4       4 0.331E-02 0.108E-01 0.950E-03 0.111E-02 0.852E-02 0.532E-03 0.720E-02 0.450E-03
      3       1       8   32768       4       4 0.714E-02 0.281E-01 0.160E-03 0.183E-03 0.222E-02 0.139E-03 0.205E-02 0.128E-03
      3       1       8    4096       4       4 0.557E-02 0.222E-01 0.343E-04 0.541E-04 0.202E-03 0.126E-04 0.185E-03 0.115E-04
      3       1       8     512       4       4 0.744E-02 0.297E-01 0.103E-04 0.229E-04 0.412E-04 0.258E-05 0.355E-04 0.222E-05
      3       1       8  524288       4       4 0.403E-02 0.107E-01 0.177E-02 0.183E-02 0.204E-01 0.128E-02 0.244E-01 0.153E-02
      3       1       8   65536       4       4 0.514E-02 0.197E-01 0.306E-03 0.339E-03 0.278E-02 0.174E-03 0.218E-02 0.137E-03
      3       1       8    8192       4       4 0.852E-02 0.339E-01 0.905E-04 0.961E-04 0.412E-03 0.257E-04 0.414E-03 0.259E-04
