      2       1       1    1024       4       4 0.699E-01 0.709E-01 0.612E-01 0.614E-01 0.572E-04 0.358E-05 0.567E-04 0.355E-05
      2       1       1   16384       4       4 0.482E+00 0.483E+00 0.448E+00 0.450E+00 0.180E-02 0.112E-03 0.180E-02 0.112E-03
      2       1       1    2048       4       4 0.997E-01 0.100E+00 0.891E-01 0.896E-01 0.144E-03 0.899E-05 0.144E-03 0.900E-05
      2       1      12    1024       4       4 0.169E+00 0.175E+00 0.160E+00 0.163E+00 0.429E-03 0.268E-04 0.434E-03 0.271E-04
      2       1      12   16384       4       4 0.584E+00 0.633E+00 0.510E+00 0.561E+00 0.333E-02 0.208E-03 0.135E-02 0.841E-04
      2       1      12    2048       4       4 0.226E+00 0.246E+00 0.213E+00 0.233E+00 0.593E-03 0.371E-04 0.559E-03 0.349E-04
      2       1      12     256       4       4 0.712E-01 0.720E-01 0.632E-01 0.634E-01 0.260E-03 0.163E-04 0.255E-03 0.159E-04
      2       1      12    4096       4       4 0.301E+00 0.337E+00 0.266E+00 0.303E+00 0.905E-03 0.565E-04 0.880E-03 0.550E-04
      2       1      12     512       4       4 0.109E+00 0.117E+00 0.101E+00 0.109E+00 0.337E-03 0.211E-04 0.340E-03 0.213E-04
      2       1       1     256       4       4 0.371E-01 0.379E-01 0.321E-01 0.322E-01 0.145E-04 0.909E-06 0.110E-04 0.685E-06
      2       1      12    8192       4       4 0.454E+00 0.482E+00 0.399E+00 0.421E+00 0.582E-02 0.364E-03 0.117E-02 0.730E-04
      2       1       1    4096       4       4 0.153E+00 0.154E+00 0.139E+00 0.139E+00 0.370E-03 0.231E-04 0.346E-03 0.216E-04
      2       1       1     512       4       4 0.518E-01 0.525E-01 0.451E-01 0.451E-01 0.231E-04 0.145E-05 0.222E-04 0.139E-05
      2       1      16    1024       4       4 0.167E+00 0.177E+00 0.151E+00 0.156E+00 0.696E-03 0.435E-04 0.695E-03 0.434E-04
      2       1      16   16384       4       4 0.597E+00 0.683E+00 0.489E+00 0.535E+00 0.285E-02 0.178E-03 0.106E-02 0.664E-04
      2       1      16    2048       4       4 0.216E+00 0.222E+00 0.197E+00 0.198E+00 0.141E-02 0.882E-04 0.685E-03 0.428E-04
      2       1      16     256       4       4 0.665E-01 0.682E-01 0.597E-01 0.609E-01 0.400E-03 0.250E-04 0.374E-03 0.234E-04
      2       1      16    4096       4       4 0.296E+00 0.298E+00 0.261E+00 0.262E+00 0.117E-02 0.731E-04 0.691E-03 0.432E-04
      2       1      16     512       4       4 0.971E-01 0.992E-01 0.898E-01 0.924E-01 0.476E-03 0.298E-04 0.474E-03 0.297E-04
      2       1      16    8192       4       4 0.397E+00 0.401E+00 0.349E+00 0.351E+00 0.330E-02 0.206E-03 0.831E-03 0.519E-04
      2       1       1    8192       4       4 0.260E+00 0.261E+00 0.240E+00 0.241E+00 0.726E-03 0.454E-04 0.757E-03 0.473E-04
      2       1       2    1024       4       4 0.850E-01 0.910E-01 0.753E-01 0.816E-01 0.272E-03 0.170E-04 0.263E-03 0.165E-04
      2       1       2   16384       4       4 0.456E+00 0.457E+00 0.422E+00 0.425E+00 0.126E-02 0.790E-04 0.137E-02 0.856E-04
      2       1       2    2048       4       4 0.112E+00 0.118E+00 0.101E+00 0.108E+00 0.319E-03 0.199E-04 0.330E-03 0.207E-04
      2       1       2     256       4       4 0.454E-01 0.479E-01 0.391E-01 0.418E-01 0.197E-03 0.123E-04 0.192E-03 0.120E-04
      2       1       2    4096       4       4 0.160E+00 0.162E+00 0.145E+00 0.146E+00 0.422E-03 0.264E-04 0.406E-03 0.254E-04
      2       1      24    1024       4       4 0.207E+00 0.220E+00 0.192E+00 0.202E+00 0.581E-03 0.363E-04 0.636E-03 0.398E-04
      2       1      24   16384       4       4 0.735E+00 0.790E+00 0.677E+00 0.703E+00 0.936E-02 0.585E-03 0.206E-02 0.129E-03
      2       1      24    2048       4       4 0.334E+00 0.351E+00 0.276E+00 0.285E+00 0.285E-02 0.178E-03 0.104E-02 0.653E-04
      2       1      24     256       4       4 0.732E-01 0.766E-01 0.669E-01 0.705E-01 0.402E-03 0.251E-04 0.357E-03 0.223E-04
      2       1      24    4096       4       4 0.409E+00 0.460E+00 0.363E+00 0.390E+00 0.116E-01 0.726E-03 0.151E-02 0.942E-04
      2       1      24     512       4       4 0.127E+00 0.137E+00 0.118E+00 0.127E+00 0.618E-03 0.386E-04 0.605E-03 0.378E-04
      2       1      24    8192       4       4 0.462E+00 0.485E+00 0.412E+00 0.444E+00 0.431E-02 0.270E-03 0.123E-02 0.767E-04
      2       1       2     512       4       4 0.618E-01 0.646E-01 0.542E-01 0.575E-01 0.220E-03 0.137E-04 0.216E-03 0.135E-04
      2       1       2    8192       4       4 0.258E+00 0.259E+00 0.236E+00 0.237E+00 0.667E-03 0.417E-04 0.674E-03 0.421E-04
      2       1       4    1024       4       4 0.108E+00 0.118E+00 0.927E-01 0.974E-01 0.338E-03 0.211E-04 0.340E-03 0.212E-04
      2       1       4   16384       4       4 0.480E+00 0.495E+00 0.416E+00 0.425E+00 0.135E-02 0.845E-04 0.130E-02 0.815E-04
      2       1       4    2048       4       4 0.153E+00 0.171E+00 0.135E+00 0.149E+00 0.445E-03 0.278E-04 0.429E-03 0.268E-04
      2       1       4     256       4       4 0.508E-01 0.515E-01 0.445E-01 0.450E-01 0.215E-03 0.134E-04 0.213E-03 0.133E-04
      2       1       4    4096       4       4 0.200E+00 0.205E+00 0.171E+00 0.174E+00 0.561E-03 0.350E-04 0.507E-03 0.317E-04
      2       1       4     512       4       4 0.713E-01 0.721E-01 0.633E-01 0.635E-01 0.254E-03 0.159E-04 0.235E-03 0.147E-04
      2       1       4    8192       4       4 0.300E+00 0.304E+00 0.256E+00 0.259E+00 0.887E-03 0.554E-04 0.843E-03 0.527E-04
      2      16       1    1024       4       4 0.105E+00 0.245E+00 0.857E-01 0.212E+00 0.538E-03 0.336E-04 0.477E-03 0.298E-04
      2      16       1   16384       4       4 0.188E+00 0.196E+00 0.158E+00 0.163E+00 0.120E-02 0.747E-04 0.108E-02 0.676E-04
      2      16       1    2048       4       4 0.803E-01 0.877E-01 0.605E-01 0.615E-01 0.486E-03 0.304E-04 0.411E-03 0.257E-04
      2      16       1     256       4       4 0.142E-01 0.161E-01 0.545E-02 0.567E-02 0.361E-03 0.226E-04 0.320E-03 0.200E-04
      2      16       1    4096       4       4 0.104E+00 0.110E+00 0.801E-01 0.823E-01 0.636E-03 0.398E-04 0.560E-03 0.350E-04
      2      16       1     512       4       4 0.407E-01 0.438E-01 0.299E-01 0.310E-01 0.370E-03 0.231E-04 0.306E-03 0.191E-04
      2      16       1    8192       4       4 0.149E+00 0.157E+00 0.123E+00 0.125E+00 0.799E-03 0.499E-04 0.708E-03 0.443E-04
      2       1       8    1024       4       4 0.123E+00 0.127E+00 0.110E+00 0.111E+00 0.388E-03 0.242E-04 0.376E-03 0.235E-04
      2       1       8   16384       4       4 0.519E+00 0.557E+00 0.439E+00 0.488E+00 0.117E-02 0.730E-04 0.116E-02 0.725E-04
      2       1       8    2048       4       4 0.176E+00 0.198E+00 0.162E+00 0.173E+00 0.448E-03 0.280E-04 0.453E-03 0.283E-04
      2       1       8     256       4       4 0.591E-01 0.601E-01 0.524E-01 0.535E-01 0.289E-03 0.180E-04 0.282E-03 0.176E-04
      2       1       8    4096       4       4 0.244E+00 0.264E+00 0.211E+00 0.239E+00 0.532E-03 0.332E-04 0.520E-03 0.325E-04
      2       1       8     512       4       4 0.802E-01 0.815E-01 0.727E-01 0.743E-01 0.315E-03 0.197E-04 0.305E-03 0.191E-04
      2       1       8    8192       4       4 0.328E+00 0.347E+00 0.284E+00 0.294E+00 0.266E-02 0.166E-03 0.797E-03 0.498E-04
      2       2       1    1024       4       4 0.116E+00 0.121E+00 0.993E-01 0.997E-01 0.240E-03 0.150E-04 0.223E-03 0.139E-04
      2       2       1   16384       4       4 0.506E+00 0.512E+00 0.464E+00 0.470E+00 0.307E-02 0.192E-03 0.295E-02 0.185E-03
      2       2       1    2048       4       4 0.151E+00 0.156E+00 0.132E+00 0.133E+00 0.474E-03 0.297E-04 0.421E-03 0.263E-04
      2       2      12    1024       4       4 0.365E+00 0.483E+00 0.294E+00 0.302E+00 0.335E-02 0.209E-03 0.136E-02 0.853E-04
      2       2      12   16384       4       4 0.142E+01 0.147E+01 0.134E+01 0.136E+01 0.158E-01 0.986E-03 0.857E-02 0.536E-03
      2       2      12    2048       4       4 0.473E+00 0.486E+00 0.419E+00 0.434E+00 0.758E-02 0.474E-03 0.708E-02 0.442E-03
      2       2      12     256       4       4 0.179E+00 0.191E+00 0.160E+00 0.168E+00 0.131E-02 0.818E-04 0.158E-02 0.985E-04
      2       2      12    4096       4       4 0.623E+00 0.649E+00 0.589E+00 0.600E+00 0.811E-02 0.507E-03 0.237E-02 0.148E-03
      2       2      12     512       4       4 0.222E+00 0.242E+00 0.198E+00 0.221E+00 0.117E-02 0.732E-04 0.109E-02 0.682E-04
      2       2       1     256       4       4 0.647E-01 0.674E-01 0.547E-01 0.552E-01 0.128E-03 0.802E-05 0.103E-03 0.644E-05
      2       2      12    8192       4       4 0.875E+00 0.935E+00 0.838E+00 0.865E+00 0.686E-02 0.429E-03 0.314E-02 0.196E-03
      2       2       1    4096       4       4 0.204E+00 0.208E+00 0.181E+00 0.183E+00 0.822E-03 0.514E-04 0.753E-03 0.471E-04
      2       2       1     512       4       4 0.863E-01 0.884E-01 0.736E-01 0.744E-01 0.151E-03 0.946E-05 0.129E-03 0.806E-05
      2       2       1    8192       4       4 0.315E+00 0.324E+00 0.283E+00 0.285E+00 0.163E-02 0.102E-03 0.160E-02 0.100E-03
      2       2       2    1024       4       4 0.157E+00 0.164E+00 0.138E+00 0.145E+00 0.856E-03 0.535E-04 0.925E-03 0.578E-04
      2       2       2   16384       4       4 0.604E+00 0.663E+00 0.551E+00 0.597E+00 0.425E-02 0.266E-03 0.401E-02 0.250E-03
      2       2       2    2048       4       4 0.221E+00 0.232E+00 0.200E+00 0.207E+00 0.127E-02 0.792E-04 0.129E-02 0.806E-04
      2       2       2     256       4       4 0.902E-01 0.963E-01 0.771E-01 0.821E-01 0.463E-03 0.290E-04 0.471E-03 0.295E-04
      2       2       2    4096       4       4 0.275E+00 0.298E+00 0.251E+00 0.271E+00 0.159E-02 0.993E-04 0.163E-02 0.102E-03
      2       2       2     512       4       4 0.119E+00 0.125E+00 0.104E+00 0.109E+00 0.686E-03 0.429E-04 0.718E-03 0.449E-04
      2       2       2    8192       4       4 0.402E+00 0.430E+00 0.355E+00 0.399E+00 0.233E-02 0.145E-03 0.211E-02 0.132E-03
      2       2       4    1024       4       4 0.188E+00 0.201E+00 0.168E+00 0.183E+00 0.998E-03 0.624E-04 0.850E-03 0.531E-04
      2       2       4   16384       4       4 0.837E+00 0.899E+00 0.749E+00 0.806E+00 0.461E-02 0.288E-03 0.423E-02 0.264E-03
      2       2       4    2048       4       4 0.282E+00 0.286E+00 0.248E+00 0.266E+00 0.138E-02 0.860E-04 0.126E-02 0.784E-04
      2       2       4     256       4       4 0.108E+00 0.114E+00 0.966E-01 0.104E+00 0.710E-03 0.444E-04 0.594E-03 0.371E-04
      2       2       4    4096       4       4 0.389E+00 0.411E+00 0.357E+00 0.383E+00 0.204E-02 0.127E-03 0.188E-02 0.117E-03
      2       2       4     512       4       4 0.148E+00 0.151E+00 0.133E+00 0.137E+00 0.116E-02 0.724E-04 0.105E-02 0.658E-04
      2       2       4    8192       4       4 0.542E+00 0.591E+00 0.480E+00 0.528E+00 0.295E-02 0.184E-03 0.269E-02 0.168E-03
      2       2       8    1024       4       4 0.227E+00 0.242E+00 0.204E+00 0.224E+00 0.156E-02 0.974E-04 0.151E-02 0.941E-04
      2       2       8   16384       4       4 0.947E+00 0.103E+01 0.850E+00 0.925E+00 0.533E-02 0.333E-03 0.485E-02 0.303E-03
      2       2       8    2048       4       4 0.333E+00 0.353E+00 0.300E+00 0.318E+00 0.187E-02 0.117E-03 0.169E-02 0.106E-03
      2       2       8     256       4       4 0.116E+00 0.118E+00 0.101E+00 0.102E+00 0.103E-02 0.642E-04 0.916E-03 0.572E-04
      2       2       8    4096       4       4 0.412E+00 0.441E+00 0.372E+00 0.409E+00 0.195E-02 0.122E-03 0.179E-02 0.112E-03
      2       2       8     512       4       4 0.158E+00 0.165E+00 0.138E+00 0.140E+00 0.115E-02 0.721E-04 0.102E-02 0.636E-04
      2       2       8    8192       4       4 0.597E+00 0.679E+00 0.559E+00 0.628E+00 0.380E-02 0.237E-03 0.272E-02 0.170E-03
      2       4       1    1024       4       4 0.937E-01 0.101E+00 0.782E-01 0.792E-01 0.245E-03 0.153E-04 0.209E-03 0.131E-04
      2       4       1   16384       4       4 0.330E+00 0.333E+00 0.294E+00 0.296E+00 0.188E-02 0.117E-03 0.185E-02 0.116E-03
      2       4       1    2048       4       4 0.123E+00 0.126E+00 0.105E+00 0.106E+00 0.379E-03 0.237E-04 0.315E-03 0.197E-04
      2       4       1     256       4       4 0.461E-01 0.505E-01 0.377E-01 0.394E-01 0.208E-03 0.130E-04 0.178E-03 0.111E-04
      2       4       1    4096       4       4 0.159E+00 0.163E+00 0.137E+00 0.138E+00 0.551E-03 0.344E-04 0.525E-03 0.328E-04
      2       4       1     512       4       4 0.721E-01 0.757E-01 0.598E-01 0.607E-01 0.233E-03 0.146E-04 0.194E-03 0.121E-04
      2       4       1    8192       4       4 0.215E+00 0.220E+00 0.188E+00 0.190E+00 0.114E-02 0.712E-04 0.105E-02 0.657E-04
      2       4       2    1024       4       4 0.137E+00 0.148E+00 0.118E+00 0.128E+00 0.982E-03 0.613E-04 0.108E-02 0.672E-04
      2       4       2   16384       4       4 0.454E+00 0.483E+00 0.411E+00 0.430E+00 0.317E-02 0.198E-03 0.305E-02 0.191E-03
      2       4       2    2048       4       4 0.178E+00 0.189E+00 0.148E+00 0.160E+00 0.999E-03 0.624E-04 0.106E-02 0.661E-04
      2       4       2     256       4       4 0.722E-01 0.759E-01 0.585E-01 0.637E-01 0.655E-03 0.410E-04 0.704E-03 0.440E-04
      2       4       2    4096       4       4 0.229E+00 0.248E+00 0.202E+00 0.223E+00 0.131E-02 0.818E-04 0.139E-02 0.870E-04
      2       4       2     512       4       4 0.112E+00 0.116E+00 0.946E-01 0.980E-01 0.815E-03 0.509E-04 0.912E-03 0.570E-04
      2       4       2    8192       4       4 0.315E+00 0.330E+00 0.273E+00 0.283E+00 0.226E-02 0.141E-03 0.234E-02 0.146E-03
      2       4       4    1024       4       4 0.155E+00 0.165E+00 0.130E+00 0.133E+00 0.125E-02 0.780E-04 0.134E-02 0.839E-04
      2       4       4   16384       4       4 0.511E+00 0.534E+00 0.450E+00 0.473E+00 0.387E-02 0.242E-03 0.349E-02 0.218E-03
      2       4       4    2048       4       4 0.206E+00 0.215E+00 0.174E+00 0.182E+00 0.143E-02 0.896E-04 0.154E-02 0.961E-04
      2       4       4     256       4       4 0.816E-01 0.848E-01 0.682E-01 0.712E-01 0.963E-03 0.602E-04 0.106E-02 0.665E-04
      2       4       4    4096       4       4 0.290E+00 0.300E+00 0.247E+00 0.255E+00 0.175E-02 0.109E-03 0.179E-02 0.112E-03
      2       4       4     512       4       4 0.122E+00 0.125E+00 0.102E+00 0.105E+00 0.977E-03 0.611E-04 0.106E-02 0.665E-04
      2       4       4    8192       4       4 0.360E+00 0.373E+00 0.304E+00 0.309E+00 0.280E-02 0.175E-03 0.256E-02 0.160E-03
      2       8       1    1024       4       4 0.781E-01 0.788E-01 0.651E-01 0.655E-01 0.351E-03 0.219E-04 0.298E-03 0.186E-04
      2       8       1   16384       4       4 0.228E+00 0.232E+00 0.196E+00 0.198E+00 0.131E-02 0.820E-04 0.132E-02 0.826E-04
      2       8       1    2048       4       4 0.100E+00 0.103E+00 0.832E-01 0.840E-01 0.417E-03 0.260E-04 0.354E-03 0.221E-04
      2       8       1     256       4       4 0.323E-01 0.342E-01 0.240E-01 0.241E-01 0.275E-03 0.172E-04 0.247E-03 0.154E-04
      2       8       1    4096       4       4 0.129E+00 0.137E+00 0.105E+00 0.106E+00 0.597E-03 0.373E-04 0.502E-03 0.314E-04
      2       8       1     512       4       4 0.452E-01 0.466E-01 0.327E-01 0.329E-01 0.337E-03 0.211E-04 0.253E-03 0.158E-04
      2       8       1    8192       4       4 0.176E+00 0.181E+00 0.145E+00 0.146E+00 0.820E-03 0.512E-04 0.776E-03 0.485E-04
      2       8       2    1024       4       4 0.119E+00 0.123E+00 0.966E-01 0.101E+00 0.103E-02 0.642E-04 0.104E-02 0.648E-04
      2       8       2   16384       4       4 0.340E+00 0.350E+00 0.281E+00 0.285E+00 0.256E-02 0.160E-03 0.265E-02 0.165E-03
      2       8       2    2048       4       4 0.149E+00 0.157E+00 0.123E+00 0.126E+00 0.119E-02 0.744E-04 0.122E-02 0.761E-04
      2       8       2     256       4       4 0.510E-01 0.550E-01 0.384E-01 0.400E-01 0.942E-03 0.589E-04 0.106E-02 0.664E-04
      2       8       2    4096       4       4 0.194E+00 0.197E+00 0.160E+00 0.161E+00 0.157E-02 0.982E-04 0.157E-02 0.982E-04
      2       8       2     512       4       4 0.686E-01 0.714E-01 0.511E-01 0.523E-01 0.517E-03 0.323E-04 0.734E-03 0.459E-04
      2       8       2    8192       4       4 0.272E+00 0.279E+00 0.231E+00 0.239E+00 0.196E-02 0.123E-03 0.196E-02 0.122E-03
      3       1       1    1024       4       4 0.747E-03 0.286E-02 0.000E+00 0.000E+00 0.361E-03 0.226E-04 0.264E-03 0.165E-04
      3       1       1 1048576       4       4 0.330E-01 0.383E-01 0.238E-06 0.954E-06 0.575E+00 0.360E-01 0.566E+00 0.354E-01
      3       1       1  131072       4       4 0.486E-02 0.785E-02 0.000E+00 0.000E+00 0.401E-01 0.251E-02 0.401E-01 0.251E-02
      3       1       1   16384       4       4 0.124E-02 0.351E-02 0.000E+00 0.000E+00 0.509E-02 0.318E-03 0.517E-02 0.323E-03
      3       1       1    2048       4       4 0.803E-03 0.301E-02 0.000E+00 0.000E+00 0.642E-03 0.401E-04 0.530E-03 0.331E-04
      3       1      12    1024       4       4 0.629E-02 0.250E-01 0.238E-06 0.954E-06 0.551E-03 0.344E-04 0.391E-03 0.244E-04
      3       1      12 1048576       4       4 0.386E-01 0.462E-01 0.000E+00 0.000E+00 0.459E+00 0.287E-01 0.449E+00 0.281E-01
      3       1      12  131072       4       4 0.847E-02 0.205E-01 0.000E+00 0.000E+00 0.433E-01 0.271E-02 0.424E-01 0.265E-02
      3       1      12   16384       4       4 0.451E-02 0.163E-01 0.238E-06 0.954E-06 0.568E-02 0.355E-03 0.545E-02 0.341E-03
      3       1      12    2048       4       4 0.565E-02 0.223E-01 0.000E+00 0.000E+00 0.105E-02 0.654E-04 0.888E-03 0.555E-04
      3       1      12     256       4       4 0.421E-02 0.168E-01 0.000E+00 0.000E+00 0.710E-03 0.444E-04 0.194E-03 0.121E-04
      3       1      12  262144       4       4 0.122E-01 0.216E-01 0.238E-06 0.954E-06 0.849E-01 0.530E-02 0.820E-01 0.512E-02
      3       1      12   32768       4       4 0.586E-02 0.200E-01 0.238E-06 0.954E-06 0.107E-01 0.668E-03 0.105E-01 0.657E-03
      3       1      12    4096       4       4 0.561E-02 0.220E-01 0.536E-06 0.119E-05 0.206E-02 0.129E-03 0.183E-02 0.114E-03
      3       1      12     512       4       4 0.420E-02 0.167E-01 0.000E+00 0.000E+00 0.412E-03 0.257E-04 0.257E-03 0.161E-04
      3       1      12  524288       4       4 0.195E-01 0.234E-01 0.000E+00 0.000E+00 0.182E+00 0.114E-01 0.170E+00 0.106E-01
      3       1       1     256       4       4 0.688E-03 0.269E-02 0.000E+00 0.000E+00 0.207E-03 0.130E-04 0.989E-04 0.618E-05
      3       1       1  262144       4       4 0.895E-02 0.122E-01 0.000E+00 0.000E+00 0.843E-01 0.527E-02 0.819E-01 0.512E-02
      3       1      12   65536       4       4 0.847E-02 0.270E-01 0.298E-06 0.119E-05 0.224E-01 0.140E-02 0.220E-01 0.138E-02
      3       1      12    8192       4       4 0.548E-02 0.208E-01 0.238E-06 0.954E-06 0.357E-02 0.223E-03 0.355E-02 0.222E-03
      3       1       1   32768       4       4 0.186E-02 0.432E-02 0.000E+00 0.000E+00 0.997E-02 0.623E-03 0.101E-01 0.633E-03
      3       1       1    4096       4       4 0.856E-03 0.302E-02 0.238E-06 0.954E-06 0.125E-02 0.783E-04 0.108E-02 0.677E-04
      3       1       1     512       4       4 0.771E-03 0.300E-02 0.238E-06 0.954E-06 0.252E-03 0.157E-04 0.153E-03 0.958E-05
      3       1       1  524288       4       4 0.170E-01 0.209E-01 0.000E+00 0.000E+00 0.190E+00 0.119E-01 0.180E+00 0.112E-01
      3       1      16    1024       4       4 0.538E-02 0.213E-01 0.000E+00 0.000E+00 0.707E-03 0.442E-04 0.541E-03 0.338E-04
      3       1      16 1048576       4       4 0.373E-01 0.410E-01 0.000E+00 0.000E+00 0.462E+00 0.289E-01 0.449E+00 0.281E-01
      3       1      16  131072       4       4 0.788E-02 0.180E-01 0.000E+00 0.000E+00 0.408E-01 0.255E-02 0.399E-01 0.250E-02
      3       1      16   16384       4       4 0.585E-02 0.212E-01 0.000E+00 0.000E+00 0.659E-02 0.412E-03 0.658E-02 0.411E-03
      3       1      16    2048       4       4 0.431E-02 0.170E-01 0.298E-06 0.119E-05 0.916E-03 0.572E-04 0.715E-03 0.447E-04
      3       1      16     256       4       4 0.420E-02 0.168E-01 0.000E+00 0.000E+00 0.378E-03 0.236E-04 0.198E-03 0.124E-04
      3       1      16  262144       4       4 0.105E-01 0.148E-01 0.238E-06 0.954E-06 0.819E-01 0.512E-02 0.793E-01 0.495E-02
      3       1      16   32768       4       4 0.434E-02 0.129E-01 0.000E+00 0.000E+00 0.128E-01 0.801E-03 0.129E-01 0.809E-03
      3       1      16    4096       4       4 0.452E-02 0.175E-01 0.000E+00 0.000E+00 0.226E-02 0.141E-03 0.213E-02 0.133E-03
      3       1      16     512       4       4 0.343E-02 0.136E-01 0.000E+00 0.000E+00 0.558E-03 0.349E-04 0.376E-03 0.235E-04
      3       1      16  524288       4       4 0.198E-01 0.247E-01 0.775E-06 0.119E-05 0.185E+00 0.116E-01 0.174E+00 0.109E-01
      3       1       1   65536       4       4 0.300E-02 0.596E-02 0.000E+00 0.000E+00 0.201E-01 0.125E-02 0.200E-01 0.125E-02
      3       1      16   65536       4       4 0.677E-02 0.196E-01 0.000E+00 0.000E+00 0.224E-01 0.140E-02 0.221E-01 0.138E-02
      3       1      16    8192       4       4 0.352E-02 0.132E-01 0.000E+00 0.000E+00 0.335E-02 0.210E-03 0.314E-02 0.196E-03
      3       1       1    8192       4       4 0.111E-02 0.366E-02 0.000E+00 0.000E+00 0.241E-02 0.151E-03 0.235E-02 0.147E-03
      3       1       2    1024       4       4 0.764E-03 0.293E-02 0.000E+00 0.000E+00 0.428E-03 0.267E-04 0.311E-03 0.194E-04
      3       1       2 1048576       4       4 0.331E-01 0.388E-01 0.000E+00 0.000E+00 0.515E+00 0.322E-01 0.505E+00 0.316E-01
      3       1       2  131072       4       4 0.493E-02 0.779E-02 0.000E+00 0.000E+00 0.386E-01 0.241E-02 0.382E-01 0.239E-02
      3       1       2   16384       4       4 0.353E-02 0.125E-01 0.000E+00 0.000E+00 0.512E-02 0.320E-03 0.502E-02 0.314E-03
      3       1       2    2048       4       4 0.770E-03 0.287E-02 0.000E+00 0.000E+00 0.710E-03 0.444E-04 0.579E-03 0.362E-04
      3       1       2     256       4       4 0.717E-03 0.282E-02 0.000E+00 0.000E+00 0.254E-03 0.159E-04 0.129E-03 0.803E-05
      3       1       2  262144       4       4 0.931E-02 0.128E-01 0.238E-06 0.954E-06 0.797E-01 0.498E-02 0.776E-01 0.485E-02
      3       1       2   32768       4       4 0.318E-02 0.954E-02 0.238E-06 0.954E-06 0.994E-02 0.621E-03 0.957E-02 0.598E-03
      3       1       2    4096       4       4 0.378E-02 0.147E-01 0.000E+00 0.000E+00 0.142E-02 0.887E-04 0.125E-02 0.784E-04
      3       1      24    1024       4       4 0.420E-02 0.166E-01 0.000E+00 0.000E+00 0.755E-03 0.472E-04 0.541E-03 0.338E-04
      3       1      24 1048576       4       4 0.407E-01 0.546E-01 0.000E+00 0.000E+00 0.468E+00 0.293E-01 0.454E+00 0.284E-01
      3       1      24  131072       4       4 0.722E-02 0.156E-01 0.000E+00 0.000E+00 0.459E-01 0.287E-02 0.447E-01 0.279E-02
      3       1      24   16384       4       4 0.476E-02 0.168E-01 0.000E+00 0.000E+00 0.716E-02 0.447E-03 0.720E-02 0.450E-03
      3       1      24    2048       4       4 0.693E-02 0.274E-01 0.000E+00 0.000E+00 0.114E-02 0.712E-04 0.951E-03 0.594E-04
      3       1      24     256       4       4 0.307E-02 0.122E-01 0.000E+00 0.000E+00 0.503E-03 0.314E-04 0.287E-03 0.179E-04
      3       1      24  262144       4       4 0.126E-01 0.161E-01 0.000E+00 0.000E+00 0.103E+00 0.644E-02 0.102E+00 0.638E-02
      3       1      24   32768       4       4 0.507E-02 0.168E-01 0.596E-06 0.119E-05 0.114E-01 0.711E-03 0.111E-01 0.693E-03
      3       1      24    4096       4       4 0.355E-02 0.136E-01 0.000E+00 0.000E+00 0.270E-02 0.168E-03 0.252E-02 0.158E-03
      3       1      24     512       4       4 0.402E-02 0.160E-01 0.000E+00 0.000E+00 0.623E-03 0.390E-04 0.382E-03 0.239E-04
      3       1      24  524288       4       4 0.203E-01 0.270E-01 0.000E+00 0.000E+00 0.190E+00 0.119E-01 0.179E+00 0.112E-01
      3       1      24   65536       4       4 0.823E-02 0.242E-01 0.238E-06 0.954E-06 0.251E-01 0.157E-02 0.259E-01 0.162E-02
      3       1      24    8192       4       4 0.412E-02 0.153E-01 0.000E+00 0.000E+00 0.441E-02 0.275E-03 0.426E-02 0.266E-03
      3       1       2     512       4       4 0.729E-03 0.284E-02 0.000E+00 0.000E+00 0.315E-03 0.197E-04 0.195E-03 0.122E-04
      3       1       2  524288       4       4 0.179E-01 0.233E-01 0.000E+00 0.000E+00 0.174E+00 0.108E-01 0.163E+00 0.102E-01
      3       1       2   65536       4       4 0.345E-02 0.765E-02 0.000E+00 0.000E+00 0.208E-01 0.130E-02 0.208E-01 0.130E-02
      3       1       2    8192       4       4 0.363E-02 0.137E-01 0.000E+00 0.000E+00 0.262E-02 0.164E-03 0.249E-02 0.155E-03
      3       1       4    1024       4       4 0.525E-02 0.209E-01 0.000E+00 0.000E+00 0.449E-03 0.280E-04 0.327E-03 0.204E-04
      3       1       4 1048576       4       4 0.363E-01 0.455E-01 0.477E-06 0.954E-06 0.473E+00 0.295E-01 0.463E+00 0.289E-01
      3       1       4  131072       4       4 0.793E-02 0.196E-01 0.298E-06 0.119E-05 0.414E-01 0.259E-02 0.411E-01 0.257E-02
      3       1       4   16384       4       4 0.526E-02 0.194E-01 0.238E-06 0.954E-06 0.526E-02 0.329E-03 0.511E-02 0.319E-03
      3       1       4    2048       4       4 0.525E-02 0.208E-01 0.238E-06 0.954E-06 0.732E-03 0.458E-04 0.607E-03 0.379E-04
      3       1       4     256       4       4 0.537E-02 0.214E-01 0.298E-06 0.119E-05 0.265E-03 0.166E-04 0.136E-03 0.849E-05
      3       1       4  262144       4       4 0.102E-01 0.159E-01 0.000E+00 0.000E+00 0.838E-01 0.523E-02 0.818E-01 0.511E-02
      3       1       4   32768       4       4 0.522E-02 0.176E-01 0.000E+00 0.000E+00 0.102E-01 0.634E-03 0.982E-02 0.614E-03
      3       1       4    4096       4       4 0.525E-02 0.206E-01 0.000E+00 0.000E+00 0.153E-02 0.955E-04 0.139E-02 0.870E-04
      3       1       4     512       4       4 0.422E-02 0.168E-01 0.000E+00 0.000E+00 0.326E-03 0.204E-04 0.207E-03 0.129E-04
      3       1       4  524288       4       4 0.180E-01 0.234E-01 0.000E+00 0.000E+00 0.184E+00 0.115E-01 0.174E+00 0.109E-01
      3       1       4   65536       4       4 0.423E-02 0.105E-01 0.238E-06 0.954E-06 0.204E-01 0.127E-02 0.204E-01 0.127E-02
      3       1       4    8192       4       4 0.526E-02 0.202E-01 0.000E+00 0.000E+00 0.272E-02 0.170E-03 0.262E-02 0.164E-03
      3      16       1    1024       4       4 0.170E-01 0.680E-01 0.197E-05 0.691E-05 0.140E-02 0.873E-04 0.156E-02 0.977E-04
      3      16       1 1048576       4       4 0.274E-01 0.102E+00 0.352E-05 0.100E-04 0.191E+00 0.119E-01 0.150E+00 0.936E-02
      3      16       1  131072       4       4 0.153E-01 0.597E-01 0.328E-05 0.811E-05 0.291E-01 0.182E-02 0.208E-01 0.130E-02
      3      16       1   16384       4       4 0.169E-01 0.672E-01 0.250E-05 0.715E-05 0.636E-02 0.397E-03 0.420E-02 0.262E-03
      3      16       1    2048       4       4 0.422E-01 0.168E+00 0.280E-05 0.811E-05 0.466E-02 0.291E-03 0.183E-02 0.115E-03
      3      16       1     256       4       4 0.260E-01 0.104E+00 0.328E-05 0.811E-05 0.125E-02 0.784E-04 0.147E-02 0.916E-04
      3      16       1  262144       4       4 0.275E-01 0.107E+00 0.328E-05 0.787E-05 0.492E-01 0.308E-02 0.359E-01 0.224E-02
      3      16       1   32768       4       4 0.130E-01 0.517E-01 0.238E-05 0.596E-05 0.885E-02 0.553E-03 0.653E-02 0.408E-03
      3      16       1    4096       4       4 0.184E-01 0.734E-01 0.292E-05 0.787E-05 0.254E-02 0.159E-03 0.168E-02 0.105E-03
      3      16       1     512       4       4 0.241E-01 0.961E-01 0.298E-05 0.882E-05 0.147E-02 0.918E-04 0.120E-02 0.748E-04
      3      16       1  524288       4       4 0.173E-01 0.647E-01 0.364E-05 0.882E-05 0.958E-01 0.599E-02 0.689E-01 0.431E-02
      3      16       1   65536       4       4 0.244E-01 0.970E-01 0.274E-05 0.811E-05 0.143E-01 0.896E-03 0.900E-02 0.563E-03
      3      16       1    8192       4       4 0.221E-01 0.881E-01 0.250E-05 0.596E-05 0.422E-02 0.264E-03 0.272E-02 0.170E-03
      3       1       8    1024       4       4 0.431E-02 0.171E-01 0.000E+00 0.000E+00 0.497E-03 0.310E-04 0.379E-03 0.237E-04
      3       1       8 1048576       4       4 0.395E-01 0.522E-01 0.000E+00 0.000E+00 0.451E+00 0.282E-01 0.441E+00 0.276E-01
      3       1       8  131072       4       4 0.581E-02 0.973E-02 0.000E+00 0.000E+00 0.407E-01 0.255E-02 0.401E-01 0.251E-02
      3       1       8   16384       4       4 0.554E-02 0.204E-01 0.000E+00 0.000E+00 0.548E-02 0.343E-03 0.525E-02 0.328E-03
      3       1       8    2048       4       4 0.534E-02 0.211E-01 0.000E+00 0.000E+00 0.827E-03 0.517E-04 0.667E-03 0.417E-04
      3       1       8     256       4       4 0.430E-02 0.171E-01 0.000E+00 0.000E+00 0.306E-03 0.191E-04 0.174E-03 0.109E-04
      3       1       8  262144       4       4 0.104E-01 0.149E-01 0.238E-06 0.954E-06 0.833E-01 0.520E-02 0.809E-01 0.506E-02
      3       1       8   32768       4       4 0.471E-02 0.154E-01 0.000E+00 0.000E+00 0.106E-01 0.665E-03 0.104E-01 0.647E-03
      3       1       8    4096       4       4 0.436E-02 0.170E-01 0.000E+00 0.000E+00 0.164E-02 0.103E-03 0.151E-02 0.946E-04
      3       1       8     512       4       4 0.555E-02 0.221E-01 0.000E+00 0.000E+00 0.483E-03 0.302E-04 0.334E-03 0.208E-04
      3       1       8  524288       4       4 0.213E-01 0.322E-01 0.000E+00 0.000E+00 0.182E+00 0.114E-01 0.170E+00 0.106E-01
      3       1       8   65536       4       4 0.720E-02 0.220E-01 0.000E+00 0.000E+00 0.250E-01 0.156E-02 0.207E-01 0.129E-02
      3       1       8    8192       4       4 0.441E-02 0.167E-01 0.238E-06 0.954E-06 0.295E-02 0.184E-03 0.279E-02 0.174E-03
      3       2       1    1024       4       4 0.721E-02 0.287E-01 0.715E-06 0.954E-06 0.666E-03 0.416E-04 0.536E-03 0.335E-04
      3       2       1 1048576       4       4 0.208E-01 0.360E-01 0.954E-06 0.954E-06 0.334E+00 0.209E-01 0.291E+00 0.182E-01
      3       2       1  131072       4       4 0.108E-01 0.359E-01 0.536E-06 0.119E-05 0.325E-01 0.203E-02 0.289E-01 0.180E-02
      3       2       1   16384       4       4 0.886E-02 0.346E-01 0.834E-06 0.119E-05 0.454E-02 0.284E-03 0.407E-02 0.254E-03
      3       2       1    2048       4       4 0.314E-02 0.124E-01 0.000E+00 0.000E+00 0.104E-02 0.652E-04 0.780E-03 0.488E-04
      3       2      12    1024       4       4 0.917E-02 0.366E-01 0.536E-06 0.119E-05 0.911E-03 0.569E-04 0.660E-03 0.412E-04
      3       2      12 1048576       4       4 0.308E-01 0.415E-01 0.477E-06 0.954E-06 0.486E+00 0.303E-01 0.436E+00 0.273E-01
      3       2      12  131072       4       4 0.786E-02 0.242E-01 0.107E-05 0.215E-05 0.333E-01 0.208E-02 0.301E-01 0.188E-02
      3       2      12   16384       4       4 0.735E-02 0.282E-01 0.715E-06 0.954E-06 0.561E-02 0.351E-03 0.508E-02 0.317E-03
      3       2      12    2048       4       4 0.101E-01 0.402E-01 0.536E-06 0.119E-05 0.130E-02 0.816E-04 0.103E-02 0.646E-04
      3       2      12     256       4       4 0.794E-02 0.317E-01 0.101E-05 0.215E-05 0.543E-03 0.339E-04 0.418E-03 0.261E-04
      3       2      12  262144       4       4 0.107E-01 0.225E-01 0.477E-06 0.954E-06 0.963E-01 0.602E-02 0.856E-01 0.535E-02
      3       2      12   32768       4       4 0.487E-02 0.177E-01 0.775E-06 0.215E-05 0.920E-02 0.575E-03 0.825E-02 0.516E-03
      3       2      12    4096       4       4 0.607E-02 0.241E-01 0.298E-06 0.119E-05 0.230E-02 0.144E-03 0.118E-02 0.738E-04
      3       2      12     512       4       4 0.684E-02 0.273E-01 0.238E-06 0.954E-06 0.729E-03 0.456E-04 0.544E-03 0.340E-04
      3       2      12  524288       4       4 0.154E-01 0.270E-01 0.775E-06 0.191E-05 0.157E+00 0.979E-02 0.138E+00 0.862E-02
      3       2       1     256       4       4 0.464E-02 0.185E-01 0.119E-05 0.191E-05 0.381E-03 0.238E-04 0.291E-03 0.182E-04
      3       2       1  262144       4       4 0.876E-02 0.226E-01 0.477E-06 0.954E-06 0.758E-01 0.474E-02 0.609E-01 0.381E-02
      3       2      12   65536       4       4 0.745E-02 0.254E-01 0.715E-06 0.954E-06 0.178E-01 0.111E-02 0.166E-01 0.104E-02
      3       2      12    8192       4       4 0.831E-02 0.327E-01 0.596E-06 0.119E-05 0.349E-02 0.218E-03 0.315E-02 0.197E-03
      3       2       1   32768       4       4 0.511E-02 0.188E-01 0.477E-06 0.954E-06 0.877E-02 0.548E-03 0.813E-02 0.508E-03
      3       2       1    4096       4       4 0.804E-02 0.319E-01 0.477E-06 0.954E-06 0.213E-01 0.133E-02 0.130E-02 0.815E-04
      3       2       1     512       4       4 0.439E-02 0.175E-01 0.477E-06 0.954E-06 0.590E-03 0.369E-04 0.381E-03 0.238E-04
      3       2       1  524288       4       4 0.129E-01 0.272E-01 0.775E-06 0.119E-05 0.144E+00 0.902E-02 0.128E+00 0.799E-02
      3       2       1   65536       4       4 0.428E-02 0.133E-01 0.715E-06 0.954E-06 0.174E-01 0.109E-02 0.163E-01 0.102E-02
      3       2       1    8192       4       4 0.364E-02 0.139E-01 0.238E-06 0.954E-06 0.296E-02 0.185E-03 0.267E-02 0.167E-03
      3       2       2    1024       4       4 0.725E-02 0.289E-01 0.119E-05 0.191E-05 0.651E-03 0.407E-04 0.472E-03 0.295E-04
      3       2       2 1048576       4       4 0.214E-01 0.353E-01 0.101E-05 0.119E-05 0.313E+00 0.195E-01 0.271E+00 0.169E-01
      3       2       2  131072       4       4 0.636E-02 0.184E-01 0.477E-06 0.954E-06 0.280E-01 0.175E-02 0.252E-01 0.158E-02
      3       2       2   16384       4       4 0.489E-02 0.183E-01 0.596E-06 0.119E-05 0.590E-02 0.369E-03 0.548E-02 0.343E-03
      3       2       2    2048       4       4 0.537E-02 0.213E-01 0.715E-06 0.954E-06 0.117E-02 0.734E-04 0.928E-03 0.580E-04
      3       2       2     256       4       4 0.855E-02 0.342E-01 0.101E-05 0.119E-05 0.636E-03 0.398E-04 0.532E-03 0.332E-04
      3       2       2  262144       4       4 0.134E-01 0.397E-01 0.715E-06 0.954E-06 0.104E+00 0.651E-02 0.511E-01 0.319E-02
      3       2       2   32768       4       4 0.967E-02 0.366E-01 0.536E-06 0.215E-05 0.858E-02 0.536E-03 0.788E-02 0.492E-03
      3       2       2    4096       4       4 0.535E-02 0.212E-01 0.715E-06 0.954E-06 0.152E-02 0.950E-04 0.129E-02 0.807E-04
      3       2       2     512       4       4 0.102E-01 0.405E-01 0.536E-06 0.215E-05 0.813E-02 0.508E-03 0.343E-03 0.214E-04
      3       2       2  524288       4       4 0.170E-01 0.433E-01 0.119E-05 0.191E-05 0.132E+00 0.825E-02 0.114E+00 0.715E-02
      3       2       2   65536       4       4 0.896E-02 0.325E-01 0.715E-06 0.954E-06 0.178E-01 0.112E-02 0.165E-01 0.103E-02
      3       2       2    8192       4       4 0.735E-02 0.289E-01 0.954E-06 0.954E-06 0.299E-02 0.187E-03 0.264E-02 0.165E-03
      3       2       4    1024       4       4 0.818E-02 0.326E-01 0.477E-06 0.954E-06 0.823E-03 0.514E-04 0.577E-03 0.361E-04
      3       2       4 1048576       4       4 0.219E-01 0.348E-01 0.954E-06 0.191E-05 0.304E+00 0.190E-01 0.268E+00 0.167E-01
      3       2       4  131072       4       4 0.946E-02 0.290E-01 0.715E-06 0.954E-06 0.378E-01 0.236E-02 0.342E-01 0.214E-02
      3       2       4   16384       4       4 0.416E-02 0.154E-01 0.477E-06 0.954E-06 0.604E-02 0.377E-03 0.556E-02 0.347E-03
      3       2       4    2048       4       4 0.939E-02 0.374E-01 0.715E-06 0.954E-06 0.133E-02 0.829E-04 0.112E-02 0.701E-04
      3       2       4     256       4       4 0.840E-02 0.335E-01 0.954E-06 0.954E-06 0.403E-03 0.252E-04 0.306E-03 0.191E-04
      3       2       4  262144       4       4 0.876E-02 0.215E-01 0.101E-05 0.215E-05 0.679E-01 0.424E-02 0.604E-01 0.377E-02
      3       2       4   32768       4       4 0.746E-02 0.277E-01 0.954E-06 0.191E-05 0.102E-01 0.638E-03 0.958E-02 0.599E-03
      3       2       4    4096       4       4 0.996E-02 0.396E-01 0.298E-06 0.119E-05 0.160E-02 0.100E-03 0.132E-02 0.827E-04
      3       2       4     512       4       4 0.962E-02 0.384E-01 0.954E-06 0.191E-05 0.588E-03 0.368E-04 0.462E-03 0.289E-04
      3       2       4  524288       4       4 0.156E-01 0.349E-01 0.715E-06 0.191E-05 0.134E+00 0.837E-02 0.113E+00 0.708E-02
      3       2       4   65536       4       4 0.892E-02 0.322E-01 0.125E-05 0.191E-05 0.173E-01 0.108E-02 0.161E-01 0.101E-02
      3       2       4    8192       4       4 0.921E-02 0.363E-01 0.119E-05 0.191E-05 0.291E-02 0.182E-03 0.250E-02 0.156E-03
      3       2       8    1024       4       4 0.818E-02 0.326E-01 0.119E-05 0.191E-05 0.703E-03 0.440E-04 0.506E-03 0.316E-04
      3       2       8 1048576       4       4 0.231E-01 0.379E-01 0.477E-06 0.954E-06 0.326E+00 0.204E-01 0.284E+00 0.178E-01
      3       2       8  131072       4       4 0.118E-01 0.404E-01 0.477E-06 0.954E-06 0.310E-01 0.193E-02 0.276E-01 0.173E-02
      3       2       8   16384       4       4 0.925E-02 0.356E-01 0.775E-06 0.119E-05 0.630E-02 0.394E-03 0.582E-02 0.364E-03
      3       2       8    2048       4       4 0.724E-02 0.288E-01 0.715E-06 0.954E-06 0.128E-02 0.799E-04 0.110E-02 0.686E-04
      3       2       8     256       4       4 0.101E-01 0.405E-01 0.715E-06 0.954E-06 0.490E-03 0.307E-04 0.375E-03 0.234E-04
      3       2       8  262144       4       4 0.836E-02 0.196E-01 0.238E-06 0.954E-06 0.650E-01 0.406E-02 0.548E-01 0.343E-02
      3       2       8   32768       4       4 0.666E-02 0.244E-01 0.101E-05 0.215E-05 0.105E-01 0.658E-03 0.992E-02 0.620E-03
      3       2       8    4096       4       4 0.716E-02 0.283E-01 0.775E-06 0.191E-05 0.175E-02 0.110E-03 0.151E-02 0.943E-04
      3       2       8     512       4       4 0.818E-02 0.326E-01 0.101E-05 0.215E-05 0.594E-03 0.371E-04 0.462E-03 0.289E-04
      3       2       8  524288       4       4 0.137E-01 0.249E-01 0.119E-05 0.191E-05 0.142E+00 0.887E-02 0.121E+00 0.758E-02
      3       2       8   65536       4       4 0.820E-02 0.293E-01 0.954E-06 0.954E-06 0.145E-01 0.906E-03 0.134E-01 0.837E-03
      3       2       8    8192       4       4 0.712E-02 0.279E-01 0.119E-05 0.191E-05 0.309E-02 0.193E-03 0.264E-02 0.165E-03
      3       4       1    1024       4       4 0.118E-01 0.470E-01 0.197E-05 0.501E-05 0.246E-01 0.154E-02 0.618E-03 0.386E-04
      3       4       1 1048576       4       4 0.175E-01 0.440E-01 0.125E-05 0.405E-05 0.291E+00 0.182E-01 0.249E+00 0.156E-01
      3       4       1  131072       4       4 0.154E-01 0.583E-01 0.125E-05 0.310E-05 0.289E-01 0.181E-02 0.243E-01 0.152E-02
      3       4       1   16384       4       4 0.100E-01 0.395E-01 0.131E-05 0.310E-05 0.520E-02 0.325E-03 0.453E-02 0.283E-03
      3       4       1    2048       4       4 0.166E-01 0.661E-01 0.155E-05 0.310E-05 0.136E-02 0.851E-04 0.981E-03 0.613E-04
      3       4       1     256       4       4 0.886E-02 0.354E-01 0.854E-02 0.341E-01 0.245E-01 0.153E-02 0.464E-03 0.290E-04
      3       4       1  262144       4       4 0.127E-01 0.443E-01 0.161E-05 0.310E-05 0.534E-01 0.334E-02 0.454E-01 0.284E-02
      3       4       1   32768       4       4 0.149E-01 0.584E-01 0.954E-06 0.286E-05 0.139E-01 0.869E-03 0.667E-02 0.417E-03
      3       4       1    4096       4       4 0.155E-01 0.617E-01 0.125E-05 0.310E-05 0.334E-01 0.209E-02 0.131E-02 0.817E-04
      3       4       1     512       4       4 0.138E-01 0.550E-01 0.143E-05 0.286E-05 0.525E-03 0.328E-04 0.403E-03 0.252E-04
      3       4       1  524288       4       4 0.125E-01 0.373E-01 0.221E-05 0.596E-05 0.157E+00 0.983E-02 0.958E-01 0.599E-02
      3       4       1   65536       4       4 0.130E-01 0.501E-01 0.209E-05 0.310E-05 0.145E-01 0.905E-03 0.127E-01 0.792E-03
      3       4       1    8192       4       4 0.216E-01 0.860E-01 0.221E-05 0.501E-05 0.705E-01 0.441E-02 0.258E-02 0.161E-03
      3       4       2    1024       4       4 0.139E-01 0.555E-01 0.119E-05 0.286E-05 0.877E-03 0.548E-04 0.706E-03 0.441E-04
      3       4       2 1048576       4       4 0.197E-01 0.515E-01 0.226E-05 0.501E-05 0.240E+00 0.150E-01 0.202E+00 0.127E-01
      3       4       2  131072       4       4 0.788E-02 0.271E-01 0.715E-06 0.191E-05 0.272E-01 0.170E-02 0.230E-01 0.144E-02
      3       4       2   16384       4       4 0.533E-02 0.209E-01 0.775E-06 0.310E-05 0.374E-02 0.234E-03 0.300E-02 0.187E-03
      3       4       2    2048       4       4 0.150E-01 0.600E-01 0.101E-05 0.310E-05 0.118E-02 0.740E-04 0.931E-03 0.582E-04
      3       4       2     256       4       4 0.139E-01 0.554E-01 0.775E-06 0.215E-05 0.696E-03 0.435E-04 0.553E-03 0.346E-04
      3       4       2  262144       4       4 0.160E-01 0.569E-01 0.125E-05 0.310E-05 0.597E-01 0.373E-02 0.518E-01 0.323E-02
      3       4       2   32768       4       4 0.102E-01 0.398E-01 0.954E-06 0.191E-05 0.635E-02 0.397E-03 0.525E-02 0.328E-03
      3       4       2    4096       4       4 0.130E-01 0.518E-01 0.149E-05 0.310E-05 0.172E-02 0.107E-03 0.136E-02 0.849E-04
      3       4       2     512       4       4 0.133E-01 0.530E-01 0.775E-06 0.215E-05 0.715E-03 0.447E-04 0.521E-03 0.326E-04
      3       4       2  524288       4       4 0.100E-01 0.262E-01 0.101E-05 0.310E-05 0.110E+00 0.690E-02 0.886E-01 0.554E-02
      3       4       2   65536       4       4 0.137E-01 0.528E-01 0.155E-05 0.310E-05 0.142E-01 0.888E-03 0.121E-01 0.754E-03
      3       4       2    8192       4       4 0.139E-01 0.553E-01 0.155E-05 0.215E-05 0.283E-02 0.177E-03 0.208E-02 0.130E-03
      3       4       4    1024       4       4 0.124E-01 0.494E-01 0.107E-05 0.215E-05 0.806E-03 0.504E-04 0.688E-03 0.430E-04
      3       4       4 1048576       4       4 0.182E-01 0.454E-01 0.125E-05 0.405E-05 0.260E+00 0.162E-01 0.224E+00 0.140E-01
      3       4       4  131072       4       4 0.102E-01 0.372E-01 0.191E-05 0.381E-05 0.266E-01 0.166E-02 0.227E-01 0.142E-02
      3       4       4   16384       4       4 0.135E-01 0.534E-01 0.131E-05 0.310E-05 0.458E-02 0.286E-03 0.375E-02 0.235E-03
      3       4       4    2048       4       4 0.154E-01 0.614E-01 0.125E-05 0.191E-05 0.127E-02 0.796E-04 0.942E-03 0.589E-04
      3       4       4     256       4       4 0.132E-01 0.527E-01 0.101E-05 0.310E-05 0.534E-03 0.334E-04 0.376E-03 0.235E-04
      3       4       4  262144       4       4 0.136E-01 0.468E-01 0.191E-05 0.381E-05 0.685E-01 0.428E-02 0.511E-01 0.319E-02
      3       4       4   32768       4       4 0.133E-01 0.524E-01 0.149E-05 0.310E-05 0.864E-02 0.540E-03 0.754E-02 0.471E-03
      3       4       4    4096       4       4 0.126E-01 0.501E-01 0.954E-06 0.286E-05 0.170E-02 0.106E-03 0.130E-02 0.811E-04
      3       4       4     512       4       4 0.177E-01 0.706E-01 0.149E-05 0.286E-05 0.825E-03 0.515E-04 0.698E-03 0.436E-04
      3       4       4  524288       4       4 0.138E-01 0.408E-01 0.173E-05 0.405E-05 0.117E+00 0.732E-02 0.947E-01 0.592E-02
      3       4       4   65536       4       4 0.124E-01 0.474E-01 0.101E-05 0.310E-05 0.159E-01 0.995E-03 0.139E-01 0.866E-03
      3       4       4    8192       4       4 0.903E-02 0.358E-01 0.149E-05 0.310E-05 0.295E-02 0.184E-03 0.246E-02 0.154E-03
      3       8       1    1024       4       4 0.118E-01 0.471E-01 0.119E-05 0.286E-05 0.108E-02 0.675E-04 0.873E-03 0.545E-04
      3       8       1 1048576       4       4 0.263E-01 0.900E-01 0.250E-05 0.691E-05 0.215E+00 0.134E-01 0.178E+00 0.111E-01
      3       8       1  131072       4       4 0.916E-02 0.348E-01 0.173E-05 0.405E-05 0.233E-01 0.146E-02 0.163E-01 0.102E-02
      3       8       1   16384       4       4 0.121E-01 0.481E-01 0.155E-05 0.405E-05 0.370E-02 0.231E-03 0.298E-02 0.186E-03
      3       8       1    2048       4       4 0.197E-01 0.788E-01 0.149E-05 0.310E-05 0.135E-02 0.842E-04 0.114E-02 0.713E-04
      3       8       1     256       4       4 0.108E-01 0.432E-01 0.143E-05 0.381E-05 0.101E-02 0.632E-04 0.851E-03 0.532E-04
      3       8       1  262144       4       4 0.225E-01 0.864E-01 0.226E-05 0.501E-05 0.485E-01 0.303E-02 0.364E-01 0.228E-02
      3       8       1   32768       4       4 0.939E-02 0.370E-01 0.197E-05 0.501E-05 0.688E-02 0.430E-03 0.507E-02 0.317E-03
      3       8       1    4096       4       4 0.169E-01 0.671E-01 0.197E-05 0.501E-05 0.241E-02 0.151E-03 0.190E-02 0.119E-03
      3       8       1     512       4       4 0.854E-02 0.341E-01 0.119E-05 0.286E-05 0.970E-03 0.606E-04 0.784E-03 0.490E-04
      3       8       1  524288       4       4 0.210E-01 0.769E-01 0.197E-05 0.477E-05 0.973E-01 0.608E-02 0.777E-01 0.486E-02
      3       8       1   65536       4       4 0.103E-01 0.402E-01 0.203E-05 0.405E-05 0.115E-01 0.720E-03 0.915E-02 0.572E-03
      3       8       1    8192       4       4 0.207E-01 0.825E-01 0.197E-05 0.381E-05 0.375E-02 0.235E-03 0.307E-02 0.192E-03
      3       8       2    1024       4       4 0.132E-01 0.526E-01 0.179E-05 0.405E-05 0.133E-02 0.830E-04 0.108E-02 0.673E-04
      3       8       2 1048576       4       4 0.269E-01 0.934E-01 0.310E-05 0.620E-05 0.211E+00 0.132E-01 0.171E+00 0.107E-01
      3       8       2  131072       4       4 0.231E-01 0.896E-01 0.197E-05 0.501E-05 0.289E-01 0.180E-02 0.236E-01 0.148E-02
      3       8       2   16384       4       4 0.231E-01 0.922E-01 0.149E-05 0.405E-05 0.405E-02 0.253E-03 0.314E-02 0.196E-03
      3       8       2    2048       4       4 0.114E-01 0.454E-01 0.119E-05 0.381E-05 0.166E-02 0.104E-03 0.133E-02 0.832E-04
      3       8       2     256       4       4 0.164E-01 0.655E-01 0.197E-05 0.501E-05 0.105E-02 0.654E-04 0.836E-03 0.523E-04
      3       8       2  262144       4       4 0.193E-01 0.733E-01 0.286E-05 0.620E-05 0.468E-01 0.293E-02 0.354E-01 0.221E-02
      3       8       2   32768       4       4 0.193E-01 0.766E-01 0.149E-05 0.405E-05 0.759E-02 0.474E-03 0.588E-02 0.368E-03
      3       8       2    4096       4       4 0.973E-02 0.388E-01 0.149E-05 0.405E-05 0.240E-02 0.150E-03 0.185E-02 0.116E-03
      3       8       2     512       4       4 0.144E-01 0.576E-01 0.125E-05 0.405E-05 0.107E-02 0.670E-04 0.849E-03 0.531E-04
      3       8       2  524288       4       4 0.112E-01 0.374E-01 0.221E-05 0.501E-05 0.100E+00 0.628E-02 0.758E-01 0.474E-02
      3       8       2   65536       4       4 0.185E-01 0.724E-01 0.173E-05 0.405E-05 0.137E-01 0.854E-03 0.105E-01 0.656E-03
      3       8       2    8192       4       4 0.231E-01 0.922E-01 0.232E-05 0.501E-05 0.408E-02 0.255E-03 0.325E-02 0.203E-03
