      2       1       1    1024    1024       4       4 0.255E+00 0.261E+00 0.348E+00 0.359E+00 0.182E+00 0.114E-01 0.210E+00 0.131E-01
      2       1       1     128     128       4       4 0.407E-01 0.411E-01 0.376E-01 0.376E-01 0.182E-02 0.114E-03 0.169E-02 0.106E-03
      2       1       1    2048    2048       4       4 0.772E+00 0.775E+00 0.156E+01 0.157E+01 0.885E+00 0.553E-01 0.104E+01 0.652E-01
      2       1       1     256     256       4       4 0.632E-01 0.642E-01 0.590E-01 0.594E-01 0.885E-02 0.553E-03 0.928E-02 0.580E-03
      2       1       1      32      32       4       4 0.109E-01 0.113E-01 0.103E-01 0.104E-01 0.696E-04 0.435E-05 0.720E-04 0.450E-05
      2       1       1    4096    4096       4       4 0.176E+01 0.178E+01 0.396E+01 0.399E+01 0.404E+01 0.253E+00 0.469E+01 0.293E+00
      2       1       1     512     512       4       4 0.111E+00 0.112E+00 0.122E+00 0.123E+00 0.381E-01 0.238E-02 0.422E-01 0.264E-02
      2       1       1      64      64       4       4 0.226E-01 0.230E-01 0.207E-01 0.208E-01 0.342E-03 0.214E-04 0.360E-03 0.225E-04
      2       1      12    1024    1024       4       4 0.450E+00 0.459E+00 0.539E+00 0.551E+00 0.442E-01 0.276E-02 0.447E-01 0.280E-02
      2       1      12     128     128       4       4 0.766E-01 0.770E-01 0.893E-01 0.898E-01 0.123E-02 0.770E-04 0.155E-02 0.969E-04
      2       1      12    2048    2048       4       4 0.128E+01 0.129E+01 0.144E+01 0.146E+01 0.156E+00 0.976E-02 0.175E+00 0.109E-01
      2       1      12     256     256       4       4 0.106E+00 0.108E+00 0.128E+00 0.134E+00 0.276E-02 0.173E-03 0.295E-02 0.185E-03
      2       1      12      32      32       4       4 0.416E-01 0.419E-01 0.439E-01 0.447E-01 0.445E-02 0.278E-03 0.696E-03 0.435E-04
      2       1      12    4096    4096       4       4 0.274E+01 0.303E+01 0.326E+01 0.341E+01 0.706E+00 0.441E-01 0.726E+00 0.454E-01
      2       1      12     512     512       4       4 0.211E+00 0.214E+00 0.261E+00 0.266E+00 0.126E-01 0.788E-03 0.116E-01 0.724E-03
      2       1      12      64      64       4       4 0.523E-01 0.530E-01 0.608E-01 0.616E-01 0.485E-02 0.303E-03 0.125E-02 0.783E-04
      2       1      16    1024    1024       4       4 0.338E+00 0.354E+00 0.408E+00 0.429E+00 0.309E-01 0.193E-02 0.312E-01 0.195E-02
      2       1      16     128     128       4       4 0.616E-01 0.633E-01 0.722E-01 0.726E-01 0.132E-02 0.826E-04 0.143E-02 0.895E-04
      2       1      16    2048    2048       4       4 0.951E+00 0.999E+00 0.112E+01 0.118E+01 0.131E+00 0.819E-02 0.161E+00 0.101E-01
      2       1      16     256     256       4       4 0.964E-01 0.976E-01 0.118E+00 0.120E+00 0.709E-02 0.443E-03 0.330E-02 0.206E-03
      2       1      16      32      32       4       4 0.218E-01 0.235E-01 0.245E-01 0.251E-01 0.556E-02 0.347E-03 0.837E-03 0.523E-04
      2       1      16    4096    4096       4       4 0.238E+01 0.255E+01 0.246E+01 0.273E+01 0.652E+00 0.407E-01 0.641E+00 0.401E-01
      2       1      16     512     512       4       4 0.162E+00 0.169E+00 0.213E+00 0.219E+00 0.143E-01 0.894E-03 0.125E-01 0.780E-03
      2       1      16      64      64       4       4 0.378E-01 0.382E-01 0.438E-01 0.446E-01 0.123E-01 0.771E-03 0.913E-03 0.571E-04
      2       1       2    1024    1024       4       4 0.300E+00 0.302E+00 0.401E+00 0.402E+00 0.961E-01 0.600E-02 0.111E+00 0.695E-02
      2       1       2     128     128       4       4 0.474E-01 0.476E-01 0.464E-01 0.467E-01 0.136E-02 0.852E-04 0.121E-02 0.754E-04
      2       1       2    2048    2048       4       4 0.119E+01 0.126E+01 0.174E+01 0.181E+01 0.496E+00 0.310E-01 0.570E+00 0.356E-01
      2       1       2     256     256       4       4 0.788E-01 0.810E-01 0.788E-01 0.831E-01 0.523E-02 0.327E-03 0.633E-02 0.395E-03
      2       1       2      32      32       4       4 0.145E-01 0.147E-01 0.150E-01 0.155E-01 0.251E-03 0.157E-04 0.237E-03 0.148E-04
      2       1       2    4096    4096       4       4 0.270E+01 0.272E+01 0.412E+01 0.415E+01 0.228E+01 0.143E+00 0.257E+01 0.161E+00
      2       1       2     512     512       4       4 0.132E+00 0.133E+00 0.147E+00 0.147E+00 0.209E-01 0.131E-02 0.244E-01 0.152E-02
      2       1       2      64      64       4       4 0.264E-01 0.270E-01 0.258E-01 0.269E-01 0.411E-03 0.257E-04 0.420E-03 0.262E-04
      2       1      24    1024    1024       4       4 0.512E+00 0.526E+00 0.603E+00 0.614E+00 0.342E-01 0.214E-02 0.356E-01 0.222E-02
      2       1      24     128     128       4       4 0.103E+00 0.107E+00 0.119E+00 0.124E+00 0.427E-02 0.267E-03 0.415E-02 0.260E-03
      2       1      24    2048    2048       4       4 0.122E+01 0.124E+01 0.139E+01 0.146E+01 0.120E+00 0.752E-02 0.154E+00 0.964E-02
      2       1      24     256     256       4       4 0.145E+00 0.152E+00 0.185E+00 0.188E+00 0.205E-01 0.128E-02 0.495E-02 0.309E-03
      2       1      24      32      32       4       4 0.267E-01 0.308E-01 0.295E-01 0.338E-01 0.172E-02 0.108E-03 0.153E-02 0.953E-04
      2       1      24    4096    4096       4       4 0.277E+01 0.287E+01 0.277E+01 0.288E+01 0.695E+00 0.434E-01 0.620E+00 0.388E-01
      2       1      24     512     512       4       4 0.236E+00 0.248E+00 0.284E+00 0.298E+00 0.113E-01 0.707E-03 0.112E-01 0.703E-03
      2       1      24      64      64       4       4 0.900E-01 0.950E-01 0.101E+00 0.110E+00 0.150E-01 0.935E-03 0.197E-02 0.123E-03
      2       1       4    1024    1024       4       4 0.298E+00 0.304E+00 0.358E+00 0.360E+00 0.621E-01 0.388E-02 0.662E-01 0.414E-02
      2       1       4     128     128       4       4 0.475E-01 0.482E-01 0.471E-01 0.481E-01 0.109E-02 0.679E-04 0.113E-02 0.703E-04
      2       1       4    2048    2048       4       4 0.104E+01 0.104E+01 0.117E+01 0.120E+01 0.266E+00 0.166E-01 0.327E+00 0.205E-01
      2       1       4     256     256       4       4 0.744E-01 0.749E-01 0.758E-01 0.761E-01 0.331E-02 0.207E-03 0.367E-02 0.229E-03
      2       1       4      32      32       4       4 0.143E-01 0.144E-01 0.146E-01 0.148E-01 0.273E-03 0.170E-04 0.310E-03 0.194E-04
      2       1       4    4096    4096       4       4 0.240E+01 0.244E+01 0.296E+01 0.301E+01 0.126E+01 0.786E-01 0.138E+01 0.862E-01
      2       1       4     512     512       4       4 0.139E+00 0.140E+00 0.145E+00 0.149E+00 0.139E-01 0.870E-03 0.155E-01 0.970E-03
      2       1       4      64      64       4       4 0.273E-01 0.276E-01 0.272E-01 0.277E-01 0.628E-03 0.393E-04 0.583E-03 0.364E-04
      2       1       8    1024    1024       4       4 0.322E+00 0.329E+00 0.339E+00 0.346E+00 0.371E-01 0.232E-02 0.428E-01 0.267E-02
      2       1       8     128     128       4       4 0.568E-01 0.582E-01 0.567E-01 0.585E-01 0.180E-02 0.112E-03 0.118E-02 0.738E-04
      2       1       8    2048    2048       4       4 0.101E+01 0.102E+01 0.103E+01 0.112E+01 0.173E+00 0.108E-01 0.209E+00 0.131E-01
      2       1       8     256     256       4       4 0.867E-01 0.883E-01 0.866E-01 0.878E-01 0.392E-02 0.245E-03 0.348E-02 0.217E-03
      2       1       8      32      32       4       4 0.172E-01 0.177E-01 0.172E-01 0.178E-01 0.399E-03 0.249E-04 0.393E-03 0.246E-04
      2       1       8    4096    4096       4       4 0.171E+01 0.184E+01 0.241E+01 0.248E+01 0.868E+00 0.542E-01 0.866E+00 0.541E-01
      2       1       8     512     512       4       4 0.147E+00 0.147E+00 0.157E+00 0.166E+00 0.120E-01 0.749E-03 0.104E-01 0.651E-03
      2       1       8      64      64       4       4 0.326E-01 0.330E-01 0.317E-01 0.319E-01 0.555E-03 0.347E-04 0.574E-03 0.359E-04
      2      12       1    1024    1024       4       4 0.138E+00 0.140E+00 0.937E-01 0.940E-01 0.425E-01 0.266E-02 0.421E-01 0.263E-02
      2      12       1     128     128       4       4 0.313E-01 0.335E-01 0.200E-01 0.202E-01 0.984E-03 0.615E-04 0.862E-03 0.539E-04
      2      12       1    2048    2048       4       4 0.205E+00 0.208E+00 0.191E+00 0.193E+00 0.186E+00 0.116E-01 0.185E+00 0.116E-01
      2      12       1     256     256       4       4 0.533E-01 0.563E-01 0.331E-01 0.342E-01 0.291E-02 0.182E-03 0.281E-02 0.176E-03
      2      12       1      32      32       4       4 0.110E-01 0.137E-01 0.679E-02 0.684E-02 0.540E-03 0.337E-04 0.433E-03 0.271E-04
      2      12       1    4096    4096       4       4 0.532E+00 0.537E+00 0.388E+00 0.393E+00 0.137E+01 0.855E-01 0.137E+01 0.854E-01
      2      12       1     512     512       4       4 0.773E-01 0.794E-01 0.532E-01 0.533E-01 0.113E-01 0.707E-03 0.937E-02 0.586E-03
      2      12       1      64      64       4       4 0.233E-01 0.256E-01 0.139E-01 0.139E-01 0.629E-03 0.393E-04 0.511E-03 0.319E-04
      2      12       2    1024    1024       4       4 0.192E+00 0.206E+00 0.120E+00 0.127E+00 0.729E-01 0.456E-02 0.718E-01 0.449E-02
      2      12       2     128     128       4       4 0.355E-01 0.370E-01 0.239E-01 0.251E-01 0.526E-02 0.329E-03 0.376E-02 0.235E-03
      2      12       2    2048    2048       4       4 0.277E+00 0.289E+00 0.269E+00 0.277E+00 0.375E+00 0.235E-01 0.404E+00 0.252E-01
      2      12       2     256     256       4       4 0.632E-01 0.658E-01 0.380E-01 0.403E-01 0.604E-02 0.377E-03 0.688E-02 0.430E-03
      2      12       2      32      32       4       4 0.145E-01 0.159E-01 0.853E-02 0.910E-02 0.288E-02 0.180E-03 0.425E-02 0.266E-03
      2      12       2    4096    4096       4       4 0.922E+00 0.983E+00 0.461E+00 0.470E+00 0.282E+01 0.177E+00 0.252E+01 0.158E+00
      2      12       2     512     512       4       4 0.884E-01 0.948E-01 0.610E-01 0.630E-01 0.182E-01 0.114E-02 0.150E-01 0.936E-03
      2      12       2      64      64       4       4 0.285E-01 0.309E-01 0.145E-01 0.148E-01 0.200E-02 0.125E-03 0.179E-02 0.112E-03
      2      16       1    1024    1024       4       4 0.246E+00 0.248E+00 0.214E+00 0.215E+00 0.262E-01 0.164E-02 0.250E-01 0.156E-02
      2      16       1     128     128       4       4 0.634E-01 0.655E-01 0.460E-01 0.467E-01 0.732E-03 0.458E-04 0.662E-03 0.414E-04
      2      16       1    2048    2048       4       4 0.453E+00 0.457E+00 0.446E+00 0.446E+00 0.989E-01 0.618E-02 0.108E+00 0.675E-02
      2      16       1     256     256       4       4 0.927E-01 0.946E-01 0.676E-01 0.677E-01 0.151E-02 0.942E-04 0.156E-02 0.977E-04
      2      16       1      32      32       4       4 0.299E-01 0.312E-01 0.224E-01 0.230E-01 0.289E-03 0.181E-04 0.240E-03 0.150E-04
      2      16       1    4096    4096       4       4 0.222E+01 0.224E+01 0.226E+01 0.231E+01 0.657E+00 0.410E-01 0.646E+00 0.404E-01
      2      16       1     512     512       4       4 0.184E+00 0.187E+00 0.148E+00 0.148E+00 0.599E-02 0.375E-03 0.647E-02 0.404E-03
      2      16       1      64      64       4       4 0.480E-01 0.528E-01 0.368E-01 0.369E-01 0.415E-03 0.259E-04 0.357E-03 0.223E-04
      2       2       1    1024    1024       4       4 0.498E+00 0.507E+00 0.516E+00 0.521E+00 0.126E+00 0.785E-02 0.135E+00 0.843E-02
      2       2       1     128     128       4       4 0.655E-01 0.681E-01 0.546E-01 0.549E-01 0.146E-02 0.910E-04 0.151E-02 0.946E-04
      2       2       1    2048    2048       4       4 0.167E+01 0.169E+01 0.191E+01 0.194E+01 0.559E+00 0.349E-01 0.605E+00 0.378E-01
      2       2       1     256     256       4       4 0.113E+00 0.116E+00 0.955E-01 0.962E-01 0.602E-02 0.377E-03 0.653E-02 0.408E-03
      2       2       1      32      32       4       4 0.263E-01 0.289E-01 0.219E-01 0.221E-01 0.123E-03 0.770E-05 0.880E-04 0.550E-05
      2       2       1    4096    4096       4       4 0.846E+01 0.854E+01 0.925E+01 0.928E+01 0.366E+01 0.229E+00 0.379E+01 0.237E+00
      2       2       1     512     512       4       4 0.217E+00 0.221E+00 0.199E+00 0.201E+00 0.269E-01 0.168E-02 0.289E-01 0.181E-02
      2       2       1      64      64       4       4 0.442E-01 0.461E-01 0.368E-01 0.369E-01 0.371E-03 0.232E-04 0.309E-03 0.193E-04
      2       2      12    1024    1024       4       4 0.104E+01 0.106E+01 0.106E+01 0.108E+01 0.122E+00 0.763E-02 0.124E+00 0.777E-02
      2       2      12     128     128       4       4 0.160E+00 0.161E+00 0.145E+00 0.156E+00 0.178E-01 0.111E-02 0.339E-02 0.212E-03
      2       2      12    2048    2048       4       4 0.270E+01 0.277E+01 0.278E+01 0.287E+01 0.482E+00 0.301E-01 0.545E+00 0.341E-01
      2       2      12     256     256       4       4 0.258E+00 0.263E+00 0.236E+00 0.240E+00 0.717E-02 0.448E-03 0.637E-02 0.398E-03
      2       2      12      32      32       4       4 0.612E-01 0.630E-01 0.545E-01 0.559E-01 0.179E-01 0.112E-02 0.809E-03 0.505E-04
      2       2      12    4096    4096       4       4 0.992E+01 0.100E+02 0.958E+01 0.967E+01 0.238E+01 0.149E+00 0.229E+01 0.143E+00
      2       2      12     512     512       4       4 0.446E+00 0.460E+00 0.415E+00 0.420E+00 0.320E-01 0.200E-02 0.301E-01 0.188E-02
      2       2      12      64      64       4       4 0.121E+00 0.126E+00 0.105E+00 0.109E+00 0.142E-01 0.890E-03 0.329E-02 0.206E-03
      2       2       2    1024    1024       4       4 0.651E+00 0.663E+00 0.675E+00 0.679E+00 0.115E+00 0.721E-02 0.122E+00 0.760E-02
      2       2       2     128     128       4       4 0.824E-01 0.875E-01 0.684E-01 0.727E-01 0.155E-02 0.969E-04 0.164E-02 0.103E-03
      2       2       2    2048    2048       4       4 0.221E+01 0.226E+01 0.240E+01 0.243E+01 0.620E+00 0.388E-01 0.666E+00 0.416E-01
      2       2       2     256     256       4       4 0.147E+00 0.151E+00 0.130E+00 0.137E+00 0.508E-02 0.317E-03 0.592E-02 0.370E-03
      2       2       2      32      32       4       4 0.360E-01 0.367E-01 0.292E-01 0.302E-01 0.531E-03 0.332E-04 0.471E-03 0.295E-04
      2       2       2    4096    4096       4       4 0.916E+01 0.922E+01 0.943E+01 0.946E+01 0.270E+01 0.169E+00 0.273E+01 0.170E+00
      2       2       2     512     512       4       4 0.286E+00 0.311E+00 0.259E+00 0.260E+00 0.274E-01 0.171E-02 0.291E-01 0.182E-02
      2       2       2      64      64       4       4 0.545E-01 0.561E-01 0.461E-01 0.490E-01 0.760E-03 0.475E-04 0.659E-03 0.412E-04
      2       2       4    1024    1024       4       4 0.754E+00 0.768E+00 0.758E+00 0.767E+00 0.102E+00 0.639E-02 0.110E+00 0.685E-02
      2       2       4     128     128       4       4 0.879E-01 0.896E-01 0.699E-01 0.704E-01 0.205E-02 0.128E-03 0.189E-02 0.118E-03
      2       2       4    2048    2048       4       4 0.255E+01 0.259E+01 0.261E+01 0.269E+01 0.481E+00 0.300E-01 0.512E+00 0.320E-01
      2       2       4     256     256       4       4 0.149E+00 0.152E+00 0.132E+00 0.136E+00 0.507E-02 0.317E-03 0.544E-02 0.340E-03
      2       2       4      32      32       4       4 0.372E-01 0.389E-01 0.305E-01 0.313E-01 0.174E-02 0.109E-03 0.527E-03 0.329E-04
      2       2       4    4096    4096       4       4 0.954E+01 0.988E+01 0.929E+01 0.947E+01 0.256E+01 0.160E+00 0.244E+01 0.153E+00
      2       2       4     512     512       4       4 0.309E+00 0.314E+00 0.293E+00 0.296E+00 0.264E-01 0.165E-02 0.267E-01 0.167E-02
      2       2       4      64      64       4       4 0.588E-01 0.614E-01 0.466E-01 0.473E-01 0.109E-02 0.679E-04 0.977E-03 0.610E-04
      2       2       8    1024    1024       4       4 0.806E+00 0.822E+00 0.795E+00 0.807E+00 0.125E+00 0.783E-02 0.130E+00 0.812E-02
      2       2       8     128     128       4       4 0.971E-01 0.100E+00 0.825E-01 0.834E-01 0.453E-02 0.283E-03 0.162E-02 0.101E-03
      2       2       8    2048    2048       4       4 0.243E+01 0.256E+01 0.253E+01 0.261E+01 0.472E+00 0.295E-01 0.496E+00 0.310E-01
      2       2       8     256     256       4       4 0.168E+00 0.173E+00 0.149E+00 0.152E+00 0.534E-02 0.334E-03 0.571E-02 0.357E-03
      2       2       8      32      32       4       4 0.403E-01 0.418E-01 0.337E-01 0.343E-01 0.193E-02 0.121E-03 0.740E-03 0.463E-04
      2       2       8    4096    4096       4       4 0.917E+01 0.930E+01 0.875E+01 0.883E+01 0.244E+01 0.152E+00 0.221E+01 0.138E+00
      2       2       8     512     512       4       4 0.338E+00 0.348E+00 0.315E+00 0.323E+00 0.276E-01 0.173E-02 0.267E-01 0.167E-02
      2       2       8      64      64       4       4 0.643E-01 0.663E-01 0.540E-01 0.584E-01 0.105E-02 0.654E-04 0.879E-03 0.550E-04
      2      24       1    1024    1024       4       4 0.114E+00 0.117E+00 0.807E-01 0.809E-01 0.278E-01 0.174E-02 0.229E-01 0.143E-02
      2      24       1     128     128       4       4 0.350E-01 0.379E-01 0.209E-01 0.212E-01 0.127E-02 0.796E-04 0.106E-02 0.663E-04
      2      24       1    2048    2048       4       4 0.164E+00 0.167E+00 0.142E+00 0.142E+00 0.102E+00 0.637E-02 0.104E+00 0.653E-02
      2      24       1     256     256       4       4 0.504E-01 0.561E-01 0.329E-01 0.354E-01 0.238E-02 0.149E-03 0.221E-02 0.138E-03
      2      24       1      32      32       4       4 0.124E-01 0.153E-01 0.752E-02 0.762E-02 0.709E-03 0.443E-04 0.581E-03 0.363E-04
      2      24       1     512     512       4       4 0.780E-01 0.807E-01 0.497E-01 0.498E-01 0.101E-01 0.633E-03 0.596E-02 0.372E-03
      2      24       1      64      64       4       4 0.206E-01 0.235E-01 0.141E-01 0.142E-01 0.106E-02 0.664E-04 0.845E-03 0.528E-04
      2       4       1    1024    1024       4       4 0.334E+00 0.340E+00 0.316E+00 0.319E+00 0.672E-01 0.420E-02 0.714E-01 0.446E-02
      2       4       1     128     128       4       4 0.714E-01 0.792E-01 0.588E-01 0.648E-01 0.114E-02 0.711E-04 0.116E-02 0.727E-04
      2       4       1    2048    2048       4       4 0.883E+00 0.897E+00 0.998E+00 0.103E+01 0.297E+00 0.186E-01 0.326E+00 0.204E-01
      2       4       1     256     256       4       4 0.999E-01 0.104E+00 0.826E-01 0.831E-01 0.339E-02 0.212E-03 0.396E-02 0.247E-03
      2       4       1      32      32       4       4 0.308E-01 0.332E-01 0.243E-01 0.246E-01 0.228E-03 0.143E-04 0.184E-03 0.115E-04
      2       4       1    4096    4096       4       4 0.341E+01 0.343E+01 0.379E+01 0.380E+01 0.159E+01 0.995E-01 0.163E+01 0.102E+00
      2       4       1     512     512       4       4 0.183E+00 0.187E+00 0.158E+00 0.159E+00 0.154E-01 0.964E-03 0.162E-01 0.101E-02
      2       4       1      64      64       4       4 0.494E-01 0.502E-01 0.419E-01 0.420E-01 0.273E-03 0.171E-04 0.236E-03 0.148E-04
      2       4       2    1024    1024       4       4 0.482E+00 0.575E+00 0.430E+00 0.468E+00 0.833E-01 0.521E-02 0.864E-01 0.540E-02
      2       4       2     128     128       4       4 0.887E-01 0.944E-01 0.739E-01 0.777E-01 0.163E-02 0.102E-03 0.160E-02 0.100E-03
      2       4       2    2048    2048       4       4 0.142E+01 0.150E+01 0.149E+01 0.155E+01 0.434E+00 0.271E-01 0.451E+00 0.282E-01
      2       4       2     256     256       4       4 0.125E+00 0.127E+00 0.107E+00 0.110E+00 0.445E-02 0.278E-03 0.467E-02 0.292E-03
      2       4       2      32      32       4       4 0.416E-01 0.457E-01 0.339E-01 0.357E-01 0.102E-02 0.639E-04 0.927E-03 0.579E-04
      2       4       2    4096    4096       4       4 0.529E+01 0.626E+01 0.523E+01 0.655E+01 0.166E+01 0.104E+00 0.166E+01 0.104E+00
      2       4       2     512     512       4       4 0.245E+00 0.257E+00 0.211E+00 0.222E+00 0.146E-01 0.911E-03 0.154E-01 0.962E-03
      2       4       2      64      64       4       4 0.622E-01 0.659E-01 0.527E-01 0.541E-01 0.786E-03 0.491E-04 0.744E-03 0.465E-04
      2       4       4    1024    1024       4       4 0.489E+00 0.498E+00 0.451E+00 0.459E+00 0.776E-01 0.485E-02 0.778E-01 0.486E-02
      2       4       4     128     128       4       4 0.959E-01 0.975E-01 0.788E-01 0.801E-01 0.248E-02 0.155E-03 0.261E-02 0.163E-03
      2       4       4    2048    2048       4       4 0.124E+01 0.126E+01 0.128E+01 0.131E+01 0.324E+00 0.203E-01 0.344E+00 0.215E-01
      2       4       4     256     256       4       4 0.130E+00 0.133E+00 0.111E+00 0.112E+00 0.532E-02 0.333E-03 0.474E-02 0.297E-03
      2       4       4      32      32       4       4 0.491E-01 0.528E-01 0.404E-01 0.423E-01 0.155E-02 0.966E-04 0.152E-02 0.948E-04
      2       4       4    4096    4096       4       4 0.423E+01 0.431E+01 0.440E+01 0.443E+01 0.146E+01 0.912E-01 0.148E+01 0.924E-01
      2       4       4     512     512       4       4 0.244E+00 0.252E+00 0.209E+00 0.211E+00 0.146E-01 0.915E-03 0.135E-01 0.846E-03
      2       4       4      64      64       4       4 0.660E-01 0.688E-01 0.549E-01 0.563E-01 0.336E-02 0.210E-03 0.970E-03 0.606E-04
      2       8       1    1024    1024       4       4 0.260E+00 0.264E+00 0.237E+00 0.238E+00 0.390E-01 0.244E-02 0.407E-01 0.254E-02
      2       8       1     128     128       4       4 0.758E-01 0.781E-01 0.618E-01 0.620E-01 0.719E-03 0.450E-04 0.652E-03 0.408E-04
      2       8       1    2048    2048       4       4 0.606E+00 0.610E+00 0.627E+00 0.630E+00 0.173E+00 0.108E-01 0.184E+00 0.115E-01
      2       8       1     256     256       4       4 0.113E+00 0.117E+00 0.918E-01 0.935E-01 0.242E-02 0.152E-03 0.261E-02 0.163E-03
      2       8       1      32      32       4       4 0.269E-01 0.287E-01 0.181E-01 0.184E-01 0.357E-03 0.223E-04 0.282E-03 0.176E-04
      2       8       1    4096    4096       4       4 0.236E+01 0.243E+01 0.251E+01 0.255E+01 0.987E+00 0.617E-01 0.103E+01 0.643E-01
      2       8       1     512     512       4       4 0.155E+00 0.158E+00 0.131E+00 0.132E+00 0.980E-02 0.612E-03 0.981E-02 0.613E-03
      2       8       1      64      64       4       4 0.419E-01 0.445E-01 0.313E-01 0.344E-01 0.432E-03 0.270E-04 0.352E-03 0.220E-04
      2       8       2    1024    1024       4       4 0.388E+00 0.399E+00 0.358E+00 0.364E+00 0.398E-01 0.249E-02 0.407E-01 0.254E-02
      2       8       2     128     128       4       4 0.937E-01 0.988E-01 0.750E-01 0.765E-01 0.135E-02 0.841E-04 0.132E-02 0.826E-04
      2       8       2    2048    2048       4       4 0.101E+01 0.104E+01 0.100E+01 0.102E+01 0.208E+00 0.130E-01 0.227E+00 0.142E-01
      2       8       2     256     256       4       4 0.146E+00 0.149E+00 0.119E+00 0.120E+00 0.384E-02 0.240E-03 0.370E-02 0.231E-03
      2       8       2      32      32       4       4 0.360E-01 0.381E-01 0.266E-01 0.278E-01 0.129E-02 0.805E-04 0.125E-02 0.782E-04
      2       8       2    4096    4096       4       4 0.286E+01 0.307E+01 0.307E+01 0.328E+01 0.101E+01 0.630E-01 0.100E+01 0.627E-01
      2       8       2     512     512       4       4 0.197E+00 0.206E+00 0.168E+00 0.179E+00 0.127E-01 0.796E-03 0.113E-01 0.705E-03
      2       8       2      64      64       4       4 0.505E-01 0.532E-01 0.393E-01 0.396E-01 0.114E-02 0.712E-04 0.109E-02 0.682E-04
      3       1       1    1024    1024       4       4 0.786E-03 0.293E-02 0.000E+00 0.000E+00 0.252E+00 0.158E-01 0.464E+00 0.290E-01
      3       1       1     128     128       4       4 0.807E-03 0.319E-02 0.238E-06 0.954E-06 0.254E-02 0.159E-03 0.506E-02 0.316E-03
      3       1       1    2048    2048       4       4 0.816E-03 0.298E-02 0.000E+00 0.000E+00 0.176E+01 0.110E+00 0.350E+01 0.219E+00
      3       1       1     256     256       4       4 0.724E-03 0.285E-02 0.000E+00 0.000E+00 0.124E-01 0.774E-03 0.245E-01 0.153E-02
      3       1       1      32      32       4       4 0.757E-03 0.299E-02 0.000E+00 0.000E+00 0.248E-03 0.155E-04 0.391E-03 0.244E-04
      3       1       1    4096    4096       4       4 0.945E-03 0.332E-02 0.000E+00 0.000E+00 0.886E+01 0.554E+00 0.174E+02 0.109E+01
      3       1       1     512     512       4       4 0.764E-03 0.294E-02 0.000E+00 0.000E+00 0.501E-01 0.313E-02 0.980E-01 0.613E-02
      3       1       1      64      64       4       4 0.717E-03 0.283E-02 0.000E+00 0.000E+00 0.636E-03 0.398E-04 0.106E-02 0.664E-04
      3       1      12    1024    1024       4       4 0.313E-02 0.123E-01 0.000E+00 0.000E+00 0.192E+00 0.120E-01 0.347E+00 0.217E-01
      3       1      12     128     128       4       4 0.398E-02 0.159E-01 0.000E+00 0.000E+00 0.293E-02 0.183E-03 0.547E-02 0.342E-03
      3       1      12    2048    2048       4       4 0.716E-03 0.254E-02 0.000E+00 0.000E+00 0.919E+00 0.574E-01 0.182E+01 0.114E+00
      3       1      12     256     256       4       4 0.369E-02 0.147E-01 0.000E+00 0.000E+00 0.110E-01 0.684E-03 0.210E-01 0.131E-02
      3       1      12      32      32       4       4 0.436E-02 0.174E-01 0.000E+00 0.000E+00 0.465E-03 0.290E-04 0.761E-03 0.475E-04
      3       1      12    4096    4096       4       4 0.690E-03 0.220E-02 0.000E+00 0.000E+00 0.506E+01 0.316E+00 0.100E+02 0.627E+00
      3       1      12     512     512       4       4 0.359E-02 0.143E-01 0.000E+00 0.000E+00 0.418E-01 0.261E-02 0.804E-01 0.503E-02
      3       1      12      64      64       4       4 0.439E-02 0.175E-01 0.298E-06 0.119E-05 0.101E-02 0.630E-04 0.179E-02 0.112E-03
      3       1      16    1024    1024       4       4 0.771E-03 0.288E-02 0.000E+00 0.000E+00 0.192E+00 0.120E-01 0.346E+00 0.216E-01
      3       1      16     128     128       4       4 0.394E-02 0.157E-01 0.238E-06 0.954E-06 0.374E-02 0.234E-03 0.700E-02 0.438E-03
      3       1      16    2048    2048       4       4 0.580E-03 0.200E-02 0.000E+00 0.000E+00 0.908E+00 0.568E-01 0.180E+01 0.112E+00
      3       1      16     256     256       4       4 0.499E-02 0.199E-01 0.000E+00 0.000E+00 0.107E-01 0.667E-03 0.205E-01 0.128E-02
      3       1      16      32      32       4       4 0.418E-02 0.167E-01 0.238E-06 0.954E-06 0.311E-01 0.194E-02 0.474E-01 0.296E-02
      3       1      16    4096    4096       4       4 0.740E-03 0.243E-02 0.000E+00 0.000E+00 0.513E+01 0.321E+00 0.102E+02 0.634E+00
      3       1      16     512     512       4       4 0.398E-02 0.158E-01 0.000E+00 0.000E+00 0.434E-01 0.272E-02 0.827E-01 0.517E-02
      3       1      16      64      64       4       4 0.400E-02 0.159E-01 0.000E+00 0.000E+00 0.153E-02 0.958E-04 0.266E-02 0.166E-03
      3       1       2    1024    1024       4       4 0.113E-02 0.432E-02 0.238E-06 0.954E-06 0.220E+00 0.138E-01 0.411E+00 0.257E-01
      3       1       2     128     128       4       4 0.302E-02 0.121E-01 0.000E+00 0.000E+00 0.274E-02 0.171E-03 0.528E-02 0.330E-03
      3       1       2    2048    2048       4       4 0.833E-03 0.302E-02 0.238E-06 0.954E-06 0.134E+01 0.837E-01 0.264E+01 0.165E+00
      3       1       2     256     256       4       4 0.143E-02 0.564E-02 0.000E+00 0.000E+00 0.110E-01 0.687E-03 0.216E-01 0.135E-02
      3       1       2      32      32       4       4 0.719E-03 0.284E-02 0.000E+00 0.000E+00 0.324E-03 0.203E-04 0.524E-03 0.328E-04
      3       1       2    4096    4096       4       4 0.897E-03 0.307E-02 0.238E-06 0.954E-06 0.739E+01 0.462E+00 0.145E+02 0.909E+00
      3       1       2     512     512       4       4 0.134E-02 0.522E-02 0.000E+00 0.000E+00 0.452E-01 0.283E-02 0.894E-01 0.559E-02
      3       1       2      64      64       4       4 0.369E-02 0.147E-01 0.000E+00 0.000E+00 0.702E-03 0.439E-04 0.125E-02 0.779E-04
      3       1      24    1024    1024       4       4 0.272E-02 0.107E-01 0.000E+00 0.000E+00 0.193E+00 0.121E-01 0.348E+00 0.217E-01
      3       1      24     128     128       4       4 0.460E-02 0.183E-01 0.000E+00 0.000E+00 0.470E-02 0.294E-03 0.853E-02 0.533E-03
      3       1      24    2048    2048       4       4 0.605E-03 0.210E-02 0.000E+00 0.000E+00 0.888E+00 0.555E-01 0.176E+01 0.110E+00
      3       1      24     256     256       4       4 0.330E-02 0.131E-01 0.000E+00 0.000E+00 0.107E-01 0.669E-03 0.206E-01 0.128E-02
      3       1      24      32      32       4       4 0.400E-02 0.159E-01 0.000E+00 0.000E+00 0.167E-02 0.104E-03 0.213E-02 0.133E-03
      3       1      24    4096    4096       4       4 0.652E-03 0.207E-02 0.238E-06 0.954E-06 0.515E+01 0.322E+00 0.102E+02 0.639E+00
      3       1      24     512     512       4       4 0.104E-02 0.399E-02 0.000E+00 0.000E+00 0.513E-01 0.321E-02 0.986E-01 0.616E-02
      3       1      24      64      64       4       4 0.601E-02 0.240E-01 0.000E+00 0.000E+00 0.498E-02 0.311E-03 0.629E-02 0.393E-03
      3       1       4    1024    1024       4       4 0.224E-02 0.878E-02 0.238E-06 0.954E-06 0.221E+00 0.138E-01 0.406E+00 0.253E-01
      3       1       4     128     128       4       4 0.383E-02 0.153E-01 0.238E-06 0.954E-06 0.278E-02 0.174E-03 0.529E-02 0.331E-03
      3       1       4    2048    2048       4       4 0.778E-03 0.280E-02 0.000E+00 0.000E+00 0.106E+01 0.662E-01 0.209E+01 0.131E+00
      3       1       4     256     256       4       4 0.341E-02 0.136E-01 0.000E+00 0.000E+00 0.103E-01 0.641E-03 0.198E-01 0.124E-02
      3       1       4      32      32       4       4 0.381E-02 0.152E-01 0.238E-06 0.954E-06 0.382E-03 0.239E-04 0.600E-03 0.375E-04
      3       1       4    4096    4096       4       4 0.878E-03 0.300E-02 0.238E-06 0.954E-06 0.567E+01 0.355E+00 0.112E+02 0.702E+00
      3       1       4     512     512       4       4 0.118E-02 0.458E-02 0.000E+00 0.000E+00 0.487E-01 0.305E-02 0.957E-01 0.598E-02
      3       1       4      64      64       4       4 0.514E-02 0.205E-01 0.000E+00 0.000E+00 0.751E-03 0.470E-04 0.131E-02 0.816E-04
      3       1       8    1024    1024       4       4 0.321E-02 0.126E-01 0.238E-06 0.954E-06 0.199E+00 0.125E-01 0.372E+00 0.233E-01
      3       1       8     128     128       4       4 0.611E-02 0.244E-01 0.000E+00 0.000E+00 0.298E-02 0.186E-03 0.559E-02 0.350E-03
      3       1       8    2048    2048       4       4 0.703E-03 0.249E-02 0.000E+00 0.000E+00 0.941E+00 0.588E-01 0.187E+01 0.117E+00
      3       1       8     256     256       4       4 0.305E-02 0.121E-01 0.000E+00 0.000E+00 0.122E-01 0.765E-03 0.236E-01 0.148E-02
      3       1       8      32      32       4       4 0.421E-02 0.168E-01 0.238E-06 0.954E-06 0.407E-03 0.255E-04 0.657E-03 0.411E-04
      3       1       8    4096    4096       4       4 0.859E-03 0.292E-02 0.000E+00 0.000E+00 0.523E+01 0.327E+00 0.103E+02 0.644E+00
      3       1       8     512     512       4       4 0.160E-02 0.629E-02 0.000E+00 0.000E+00 0.434E-01 0.271E-02 0.837E-01 0.523E-02
      3       1       8      64      64       4       4 0.532E-02 0.213E-01 0.000E+00 0.000E+00 0.806E-03 0.504E-04 0.138E-02 0.865E-04
      3      12       1    1024    1024       4       4 0.330E-01 0.132E+00 0.400E-02 0.160E-01 0.128E+00 0.798E-02 0.251E+00 0.157E-01
      3      12       1     128     128       4       4 0.269E-01 0.108E+00 0.125E-05 0.215E-05 0.201E-02 0.126E-03 0.311E-02 0.194E-03
      3      12       1    2048    2048       4       4 0.134E-01 0.533E-01 0.119E-05 0.191E-05 0.212E+00 0.132E-01 0.422E+00 0.264E-01
      3      12       1     256     256       4       4 0.114E-01 0.456E-01 0.101E-05 0.119E-05 0.340E-02 0.212E-03 0.559E-02 0.349E-03
      3      12       1      32      32       4       4 0.173E-01 0.692E-01 0.954E-06 0.954E-06 0.154E-02 0.964E-04 0.212E-02 0.133E-03
      3      12       1    4096    4096       4       4 0.409E-01 0.163E+00 0.800E-02 0.320E-01 0.108E+01 0.672E-01 0.214E+01 0.133E+00
      3      12       1     512     512       4       4 0.133E-01 0.531E-01 0.125E-05 0.191E-05 0.149E-01 0.930E-03 0.280E-01 0.175E-02
      3      12       1      64      64       4       4 0.127E-01 0.506E-01 0.536E-06 0.119E-05 0.161E-02 0.100E-03 0.225E-02 0.141E-03
      3      12       2    1024    1024       4       4 0.140E-01 0.557E-01 0.131E-05 0.215E-05 0.536E-01 0.335E-02 0.103E+00 0.644E-02
      3      12       2     128     128       4       4 0.328E-01 0.131E+00 0.131E-05 0.191E-05 0.215E-02 0.134E-03 0.336E-02 0.210E-03
      3      12       2    2048    2048       4       4 0.158E-01 0.629E-01 0.715E-06 0.954E-06 0.297E+00 0.186E-01 0.594E+00 0.371E-01
      3      12       2     256     256       4       4 0.238E-01 0.952E-01 0.107E-05 0.119E-05 0.349E-02 0.218E-03 0.569E-02 0.355E-03
      3      12       2      32      32       4       4 0.164E-01 0.657E-01 0.715E-06 0.954E-06 0.167E-02 0.104E-03 0.244E-02 0.152E-03
      3      12       2    4096    4096       4       4 0.994E-02 0.392E-01 0.125E-05 0.215E-05 0.106E+01 0.661E-01 0.209E+01 0.131E+00
      3      12       2     512     512       4       4 0.208E-01 0.831E-01 0.954E-06 0.954E-06 0.164E-01 0.103E-02 0.313E-01 0.195E-02
      3      12       2      64      64       4       4 0.177E-01 0.706E-01 0.238E-06 0.954E-06 0.186E-02 0.116E-03 0.264E-02 0.165E-03
      3      16       1    1024    1024       4       4 0.284E-01 0.113E+00 0.173E-05 0.215E-05 0.467E-01 0.292E-02 0.893E-01 0.558E-02
      3      16       1     128     128       4       4 0.159E-01 0.635E-01 0.119E-05 0.191E-05 0.224E-02 0.140E-03 0.331E-02 0.207E-03
      3      16       1    2048    2048       4       4 0.186E-01 0.738E-01 0.149E-05 0.215E-05 0.229E+00 0.143E-01 0.455E+00 0.284E-01
      3      16       1     256     256       4       4 0.184E-01 0.735E-01 0.715E-06 0.954E-06 0.334E-02 0.209E-03 0.528E-02 0.330E-03
      3      16       1      32      32       4       4 0.133E-01 0.531E-01 0.197E-05 0.286E-05 0.175E-02 0.110E-03 0.247E-02 0.154E-03
      3      16       1    4096    4096       4       4 0.208E-01 0.828E-01 0.185E-05 0.215E-05 0.854E+00 0.534E-01 0.168E+01 0.105E+00
      3      16       1     512     512       4       4 0.307E-01 0.123E+00 0.954E-06 0.954E-06 0.139E-01 0.869E-03 0.258E-01 0.161E-02
      3      16       1      64      64       4       4 0.329E-01 0.132E+00 0.954E-06 0.954E-06 0.186E-02 0.116E-03 0.265E-02 0.166E-03
      3       2       1    1024    1024       4       4 0.423E-02 0.167E-01 0.477E-06 0.954E-06 0.161E+00 0.101E-01 0.305E+00 0.191E-01
      3       2       1     128     128       4       4 0.523E-02 0.208E-01 0.221E-05 0.691E-05 0.241E-02 0.150E-03 0.401E-02 0.251E-03
      3       2       1    2048    2048       4       4 0.458E-02 0.180E-01 0.238E-06 0.954E-06 0.898E+00 0.561E-01 0.177E+01 0.111E+00
      3       2       1     256     256       4       4 0.444E-02 0.177E-01 0.298E-06 0.119E-05 0.910E-02 0.569E-03 0.179E-01 0.112E-02
      3       2       1      32      32       4       4 0.450E-02 0.180E-01 0.000E+00 0.000E+00 0.424E-03 0.265E-04 0.679E-03 0.424E-04
      3       2       1    4096    4096       4       4 0.439E-02 0.171E-01 0.238E-06 0.954E-06 0.446E+01 0.278E+00 0.878E+01 0.548E+00
      3       2       1     512     512       4       4 0.424E-02 0.168E-01 0.102E-02 0.408E-02 0.395E-01 0.247E-02 0.786E-01 0.491E-02
      3       2       1      64      64       4       4 0.403E-02 0.161E-01 0.107E-05 0.119E-05 0.634E-03 0.396E-04 0.108E-02 0.678E-04
      3       2      12    1024    1024       4       4 0.528E-02 0.209E-01 0.107E-05 0.119E-05 0.171E+00 0.107E-01 0.328E+00 0.205E-01
      3       2      12     128     128       4       4 0.524E-02 0.209E-01 0.477E-06 0.954E-06 0.238E-02 0.149E-03 0.438E-02 0.274E-03
      3       2      12    2048    2048       4       4 0.372E-02 0.145E-01 0.238E-06 0.954E-06 0.641E+00 0.401E-01 0.127E+01 0.796E-01
      3       2      12     256     256       4       4 0.786E-02 0.314E-01 0.477E-06 0.954E-06 0.846E-02 0.529E-03 0.160E-01 0.100E-02
      3       2      12      32      32       4       4 0.833E-02 0.332E-01 0.238E-06 0.954E-06 0.618E-03 0.386E-04 0.108E-02 0.675E-04
      3       2      12    4096    4096       4       4 0.424E-02 0.165E-01 0.715E-06 0.954E-06 0.266E+01 0.166E+00 0.528E+01 0.330E+00
      3       2      12     512     512       4       4 0.512E-02 0.202E-01 0.238E-06 0.954E-06 0.485E-01 0.303E-02 0.944E-01 0.590E-02
      3       2      12      64      64       4       4 0.733E-02 0.293E-01 0.715E-06 0.954E-06 0.109E-02 0.684E-04 0.189E-02 0.118E-03
      3       2       2    1024    1024       4       4 0.539E-02 0.214E-01 0.477E-06 0.954E-06 0.152E+00 0.952E-02 0.296E+00 0.185E-01
      3       2       2     128     128       4       4 0.815E-02 0.325E-01 0.715E-06 0.954E-06 0.248E-02 0.155E-03 0.413E-02 0.258E-03
      3       2       2    2048    2048       4       4 0.286E-02 0.111E-01 0.477E-06 0.954E-06 0.877E+00 0.548E-01 0.174E+01 0.108E+00
      3       2       2     256     256       4       4 0.735E-02 0.293E-01 0.477E-06 0.954E-06 0.986E-02 0.616E-03 0.194E-01 0.121E-02
      3       2       2      32      32       4       4 0.532E-02 0.212E-01 0.298E-06 0.119E-05 0.549E-03 0.343E-04 0.888E-03 0.555E-04
      3       2       2    4096    4096       4       4 0.468E-02 0.183E-01 0.107E-05 0.119E-05 0.388E+01 0.242E+00 0.765E+01 0.478E+00
      3       2       2     512     512       4       4 0.438E-02 0.174E-01 0.715E-06 0.954E-06 0.413E-01 0.258E-02 0.811E-01 0.507E-02
      3       2       2      64      64       4       4 0.760E-02 0.304E-01 0.000E+00 0.000E+00 0.829E-03 0.518E-04 0.142E-02 0.889E-04
      3       2       4    1024    1024       4       4 0.463E-02 0.183E-01 0.954E-06 0.191E-05 0.156E+00 0.975E-02 0.299E+00 0.187E-01
      3       2       4     128     128       4       4 0.743E-02 0.297E-01 0.477E-06 0.954E-06 0.225E-02 0.140E-03 0.410E-02 0.256E-03
      3       2       4    2048    2048       4       4 0.451E-02 0.177E-01 0.477E-06 0.954E-06 0.724E+00 0.452E-01 0.143E+01 0.896E-01
      3       2       4     256     256       4       4 0.873E-02 0.349E-01 0.715E-06 0.954E-06 0.934E-02 0.583E-03 0.182E-01 0.114E-02
      3       2       4      32      32       4       4 0.131E-01 0.525E-01 0.238E-06 0.954E-06 0.571E-03 0.357E-04 0.957E-03 0.598E-04
      3       2       4    4096    4096       4       4 0.306E-02 0.118E-01 0.238E-06 0.954E-06 0.313E+01 0.196E+00 0.622E+01 0.389E+00
      3       2       4     512     512       4       4 0.749E-02 0.298E-01 0.715E-06 0.954E-06 0.307E-01 0.192E-02 0.592E-01 0.370E-02
      3       2       4      64      64       4       4 0.822E-02 0.328E-01 0.715E-06 0.954E-06 0.105E-02 0.656E-04 0.184E-02 0.115E-03
      3       2       8    1024    1024       4       4 0.442E-02 0.174E-01 0.477E-06 0.954E-06 0.143E+00 0.895E-02 0.269E+00 0.168E-01
      3       2       8     128     128       4       4 0.603E-02 0.240E-01 0.238E-06 0.954E-06 0.271E-02 0.169E-03 0.504E-02 0.315E-03
      3       2       8    2048    2048       4       4 0.413E-02 0.162E-01 0.000E+00 0.000E+00 0.648E+00 0.405E-01 0.128E+01 0.801E-01
      3       2       8     256     256       4       4 0.534E-02 0.213E-01 0.715E-06 0.954E-06 0.109E-01 0.679E-03 0.212E-01 0.133E-02
      3       2       8      32      32       4       4 0.710E-02 0.284E-01 0.834E-06 0.119E-05 0.531E-03 0.332E-04 0.896E-03 0.560E-04
      3       2       8    4096    4096       4       4 0.440E-02 0.171E-01 0.000E+00 0.000E+00 0.278E+01 0.174E+00 0.551E+01 0.345E+00
      3       2       8     512     512       4       4 0.411E-02 0.163E-01 0.715E-06 0.954E-06 0.370E-01 0.231E-02 0.724E-01 0.453E-02
      3       2       8      64      64       4       4 0.807E-02 0.322E-01 0.477E-06 0.954E-06 0.899E-03 0.562E-04 0.157E-02 0.982E-04
      3      24       1    1024    1024       4       4 0.284E-01 0.113E+00 0.155E-05 0.215E-05 0.500E-01 0.313E-02 0.950E-01 0.594E-02
      3      24       1     128     128       4       4 0.523E-01 0.209E+00 0.954E-06 0.954E-06 0.286E-02 0.179E-03 0.444E-02 0.277E-03
      3      24       1    2048    2048       4       4 0.390E-01 0.156E+00 0.125E-05 0.191E-05 0.176E+00 0.110E-01 0.350E+00 0.219E-01
      3      24       1     256     256       4       4 0.253E-01 0.101E+00 0.954E-06 0.954E-06 0.419E-02 0.262E-03 0.618E-02 0.386E-03
      3      24       1      32      32       4       4 0.500E-02 0.157E-01 0.143E-05 0.191E-05 0.377E-02 0.235E-03 0.744E-02 0.465E-03
      3      24       1     512     512       4       4 0.363E-01 0.145E+00 0.149E-05 0.215E-05 0.767E-02 0.479E-03 0.124E-01 0.776E-03
      3      24       1      64      64       4       4 0.460E-01 0.184E+00 0.203E-05 0.215E-05 0.237E-02 0.148E-03 0.362E-02 0.226E-03
      3       4       1    1024    1024       4       4 0.124E-01 0.495E-01 0.119E-05 0.191E-05 0.106E+00 0.659E-02 0.205E+00 0.128E-01
      3       4       1     128     128       4       4 0.988E-02 0.395E-01 0.775E-06 0.119E-05 0.177E-02 0.111E-03 0.319E-02 0.199E-03
      3       4       1    2048    2048       4       4 0.103E-01 0.410E-01 0.143E-05 0.286E-05 0.541E+00 0.338E-01 0.106E+01 0.664E-01
      3       4       1     256     256       4       4 0.102E-01 0.406E-01 0.101E-05 0.119E-05 0.683E-02 0.427E-03 0.133E-01 0.831E-03
      3       4       1      32      32       4       4 0.975E-02 0.389E-01 0.352E-05 0.112E-04 0.558E-03 0.349E-04 0.906E-03 0.566E-04
      3       4       1    4096    4096       4       4 0.101E-01 0.398E-01 0.954E-06 0.954E-06 0.246E+01 0.154E+00 0.488E+01 0.305E+00
      3       4       1     512     512       4       4 0.103E-01 0.412E-01 0.400E-02 0.160E-01 0.563E-01 0.352E-02 0.816E-01 0.510E-02
      3       4       1      64      64       4       4 0.905E-02 0.362E-01 0.800E-02 0.320E-01 0.903E-02 0.564E-03 0.936E-02 0.585E-03
      3       4       2    1024    1024       4       4 0.967E-02 0.384E-01 0.301E-02 0.121E-01 0.102E+00 0.636E-02 0.196E+00 0.122E-01
      3       4       2     128     128       4       4 0.171E-01 0.684E-01 0.153E-02 0.610E-02 0.204E-02 0.128E-03 0.349E-02 0.218E-03
      3       4       2    2048    2048       4       4 0.125E-01 0.498E-01 0.156E-01 0.624E-01 0.554E+00 0.346E-01 0.103E+01 0.646E-01
      3       4       2     256     256       4       4 0.875E-02 0.349E-01 0.715E-06 0.954E-06 0.513E-02 0.321E-03 0.983E-02 0.614E-03
      3       4       2      32      32       4       4 0.189E-01 0.754E-01 0.477E-06 0.954E-06 0.641E-03 0.401E-04 0.114E-02 0.712E-04
      3       4       2    4096    4096       4       4 0.185E-01 0.735E-01 0.900E-02 0.360E-01 0.221E+01 0.138E+00 0.439E+01 0.274E+00
      3       4       2     512     512       4       4 0.843E-02 0.336E-01 0.101E-05 0.119E-05 0.265E-01 0.166E-02 0.519E-01 0.325E-02
      3       4       2      64      64       4       4 0.171E-01 0.684E-01 0.119E-05 0.191E-05 0.812E-03 0.507E-04 0.143E-02 0.896E-04
      3       4       4    1024    1024       4       4 0.980E-02 0.389E-01 0.477E-06 0.954E-06 0.914E-01 0.571E-02 0.173E+00 0.108E-01
      3       4       4     128     128       4       4 0.155E-01 0.620E-01 0.137E-05 0.215E-05 0.202E-02 0.126E-03 0.363E-02 0.227E-03
      3       4       4    2048    2048       4       4 0.940E-02 0.373E-01 0.125E-05 0.191E-05 0.451E+00 0.282E-01 0.896E+00 0.560E-01
      3       4       4     256     256       4       4 0.967E-02 0.386E-01 0.477E-06 0.954E-06 0.593E-02 0.371E-03 0.113E-01 0.703E-03
      3       4       4      32      32       4       4 0.151E-01 0.605E-01 0.775E-06 0.119E-05 0.558E-03 0.349E-04 0.955E-03 0.597E-04
      3       4       4    4096    4096       4       4 0.219E-01 0.872E-01 0.155E-05 0.310E-05 0.186E+01 0.116E+00 0.367E+01 0.230E+00
      3       4       4     512     512       4       4 0.993E-02 0.396E-01 0.954E-06 0.954E-06 0.226E-01 0.142E-02 0.441E-01 0.276E-02
      3       4       4      64      64       4       4 0.159E-01 0.635E-01 0.954E-06 0.191E-05 0.743E-03 0.464E-04 0.136E-02 0.849E-04
      3       8       1    1024    1024       4       4 0.101E-01 0.403E-01 0.125E-05 0.215E-05 0.596E-01 0.373E-02 0.116E+00 0.724E-02
      3       8       1     128     128       4       4 0.111E-01 0.444E-01 0.715E-06 0.954E-06 0.140E-02 0.874E-04 0.210E-02 0.131E-03
      3       8       1    2048    2048       4       4 0.230E-01 0.915E-01 0.101E-05 0.119E-05 0.333E+00 0.208E-01 0.663E+00 0.414E-01
      3       8       1     256     256       4       4 0.984E-02 0.392E-01 0.298E-06 0.119E-05 0.412E-02 0.257E-03 0.651E-02 0.407E-03
      3       8       1      32      32       4       4 0.109E-01 0.435E-01 0.101E-05 0.119E-05 0.126E-02 0.788E-04 0.169E-02 0.106E-03
      3       8       1    4096    4096       4       4 0.211E-01 0.839E-01 0.400E-02 0.160E-01 0.142E+01 0.886E-01 0.282E+01 0.176E+00
      3       8       1     512     512       4       4 0.924E-02 0.368E-01 0.715E-06 0.954E-06 0.168E-01 0.105E-02 0.320E-01 0.200E-02
      3       8       1      64      64       4       4 0.807E-02 0.322E-01 0.477E-06 0.954E-06 0.134E-02 0.835E-04 0.186E-02 0.116E-03
      3       8       2    1024    1024       4       4 0.216E-01 0.863E-01 0.674E-05 0.238E-04 0.758E-01 0.473E-02 0.144E+00 0.899E-02
      3       8       2     128     128       4       4 0.904E-02 0.361E-01 0.775E-06 0.119E-05 0.206E-02 0.129E-03 0.311E-02 0.195E-03
      3       8       2    2048    2048       4       4 0.238E-01 0.950E-01 0.125E-05 0.215E-05 0.282E+00 0.176E-01 0.558E+00 0.349E-01
      3       8       2     256     256       4       4 0.108E-01 0.431E-01 0.107E-05 0.119E-05 0.434E-02 0.271E-03 0.720E-02 0.450E-03
      3       8       2      32      32       4       4 0.161E-01 0.642E-01 0.000E+00 0.000E+00 0.144E-02 0.898E-04 0.205E-02 0.128E-03
      3       8       2    4096    4096       4       4 0.197E-01 0.783E-01 0.226E-05 0.501E-05 0.129E+01 0.805E-01 0.255E+01 0.159E+00
      3       8       2     512     512       4       4 0.136E-01 0.542E-01 0.113E-05 0.119E-05 0.197E-01 0.123E-02 0.376E-01 0.235E-02
      3       8       2      64      64       4       4 0.228E-01 0.911E-01 0.155E-05 0.215E-05 0.145E-02 0.904E-04 0.211E-02 0.132E-03
