      2       1       1    1021       4       4 0.301E+00 0.301E+00 0.310E+00 0.312E+00 0.749E-03 0.468E-04 0.745E-03 0.465E-04
      2       1       1   16381       4       4 0.151E+01 0.152E+01 0.174E+01 0.176E+01 0.126E-01 0.785E-03 0.127E-01 0.793E-03
      2       1       1    2053       4       4 0.108E+01 0.108E+01 0.111E+01 0.112E+01 0.162E-02 0.101E-03 0.164E-02 0.103E-03
      2       1       1     257       4       4 0.645E-01 0.650E-01 0.616E-01 0.639E-01 0.158E-03 0.986E-05 0.159E-03 0.995E-05
      2       1       1    4099       4       4 0.149E+01 0.149E+01 0.152E+01 0.152E+01 0.409E-02 0.256E-03 0.403E-02 0.252E-03
      2       1       1     509       4       4 0.148E+00 0.149E+00 0.146E+00 0.150E+00 0.393E-03 0.246E-04 0.431E-03 0.270E-04
      2       1       1    8191       4       4 0.735E+00 0.737E+00 0.851E+00 0.866E+00 0.598E-02 0.374E-03 0.610E-02 0.381E-03
      2       1      12    1021       4       4 0.829E+00 0.875E+00 0.923E+00 0.975E+00 0.240E-02 0.150E-03 0.159E-02 0.997E-04
      2       1      12   16381       4       4 0.279E+01 0.284E+01 0.300E+01 0.306E+01 0.128E-01 0.800E-03 0.132E-01 0.828E-03
      2       1      12    2053       4       4 0.291E+01 0.293E+01 0.309E+01 0.312E+01 0.278E-02 0.174E-03 0.268E-02 0.168E-03
      2       1      12     257       4       4 0.185E+00 0.188E+00 0.197E+00 0.199E+00 0.752E-03 0.470E-04 0.721E-03 0.451E-04
      2       1      12    4099       4       4 0.335E+01 0.338E+01 0.346E+01 0.349E+01 0.859E-02 0.537E-03 0.497E-02 0.310E-03
      2       1      12     509       4       4 0.360E+00 0.370E+00 0.396E+00 0.401E+00 0.109E-02 0.683E-04 0.105E-02 0.656E-04
      2       1      12    8191       4       4 0.177E+01 0.180E+01 0.181E+01 0.184E+01 0.884E-02 0.552E-03 0.781E-02 0.488E-03
      2       1      16    1021       4       4 0.852E+00 0.895E+00 0.968E+00 0.984E+00 0.164E-02 0.103E-03 0.161E-02 0.101E-03
      2       1      16   16381       4       4 0.304E+01 0.307E+01 0.308E+01 0.324E+01 0.132E-01 0.827E-03 0.134E-01 0.838E-03
      2       1      16    2053       4       4 0.315E+01 0.321E+01 0.332E+01 0.335E+01 0.609E-02 0.381E-03 0.405E-02 0.253E-03
      2       1      16     257       4       4 0.143E+00 0.144E+00 0.146E+00 0.148E+00 0.650E-03 0.406E-04 0.645E-03 0.403E-04
      2       1      16    4099       4       4 0.368E+01 0.370E+01 0.381E+01 0.386E+01 0.638E-02 0.399E-03 0.502E-02 0.314E-03
      2       1      16     509       4       4 0.297E+00 0.299E+00 0.319E+00 0.321E+00 0.852E-03 0.532E-04 0.848E-03 0.530E-04
      2       1      16    8191       4       4 0.180E+01 0.181E+01 0.195E+01 0.196E+01 0.891E-02 0.557E-03 0.799E-02 0.500E-03
      2       1       2    1021       4       4 0.422E+00 0.424E+00 0.446E+00 0.449E+00 0.111E-02 0.691E-04 0.107E-02 0.670E-04
      2       1       2   16381       4       4 0.205E+01 0.212E+01 0.229E+01 0.240E+01 0.130E-01 0.815E-03 0.137E-01 0.858E-03
      2       1       2    2053       4       4 0.172E+01 0.173E+01 0.176E+01 0.177E+01 0.182E-02 0.113E-03 0.185E-02 0.116E-03
      2       1       2     257       4       4 0.979E-01 0.988E-01 0.991E-01 0.994E-01 0.338E-03 0.211E-04 0.398E-03 0.249E-04
      2       1       2    4099       4       4 0.230E+01 0.230E+01 0.234E+01 0.236E+01 0.407E-02 0.255E-03 0.401E-02 0.251E-03
      2       1       2     509       4       4 0.207E+00 0.209E+00 0.215E+00 0.215E+00 0.636E-03 0.398E-04 0.618E-03 0.386E-04
      2       1       2    8191       4       4 0.103E+01 0.104E+01 0.114E+01 0.115E+01 0.609E-02 0.381E-03 0.617E-02 0.386E-03
      2       1      24    1021       4       4 0.108E+01 0.109E+01 0.121E+01 0.122E+01 0.658E-02 0.411E-03 0.189E-02 0.118E-03
      2       1      24   16381       4       4 0.359E+01 0.361E+01 0.384E+01 0.389E+01 0.161E-01 0.101E-02 0.140E-01 0.877E-03
      2       1      24    2053       4       4 0.375E+01 0.379E+01 0.378E+01 0.383E+01 0.980E-02 0.612E-03 0.494E-02 0.309E-03
      2       1      24     257       4       4 0.193E+00 0.208E+00 0.200E+00 0.208E+00 0.762E-03 0.476E-04 0.712E-03 0.445E-04
      2       1      24    4099       4       4 0.428E+01 0.437E+01 0.436E+01 0.450E+01 0.121E-01 0.757E-03 0.666E-02 0.416E-03
      2       1      24     509       4       4 0.383E+00 0.386E+00 0.410E+00 0.436E+00 0.135E-02 0.845E-04 0.127E-02 0.794E-04
      2       1      24    8191       4       4 0.227E+01 0.227E+01 0.245E+01 0.248E+01 0.136E-01 0.852E-03 0.944E-02 0.590E-03
      2       1       4    1021       4       4 0.549E+00 0.555E+00 0.599E+00 0.604E+00 0.162E-02 0.101E-03 0.170E-02 0.107E-03
      2       1       4   16381       4       4 0.228E+01 0.230E+01 0.249E+01 0.254E+01 0.131E-01 0.819E-03 0.136E-01 0.853E-03
      2       1       4    2053       4       4 0.206E+01 0.208E+01 0.215E+01 0.217E+01 0.298E-02 0.186E-03 0.257E-02 0.160E-03
      2       1       4     257       4       4 0.123E+00 0.130E+00 0.125E+00 0.134E+00 0.461E-03 0.288E-04 0.439E-03 0.274E-04
      2       1       4    4099       4       4 0.261E+01 0.267E+01 0.265E+01 0.273E+01 0.474E-02 0.297E-03 0.488E-02 0.305E-03
      2       1       4     509       4       4 0.244E+00 0.257E+00 0.258E+00 0.267E+00 0.888E-03 0.555E-04 0.774E-03 0.484E-04
      2       1       4    8191       4       4 0.123E+01 0.124E+01 0.136E+01 0.139E+01 0.700E-02 0.438E-03 0.752E-02 0.470E-03
      2       1       8    1021       4       4 0.729E+00 0.737E+00 0.813E+00 0.824E+00 0.161E-02 0.101E-03 0.156E-02 0.972E-04
      2       1       8   16381       4       4 0.250E+01 0.252E+01 0.268E+01 0.278E+01 0.126E-01 0.787E-03 0.130E-01 0.812E-03
      2       1       8    2053       4       4 0.248E+01 0.251E+01 0.261E+01 0.262E+01 0.300E-02 0.187E-03 0.305E-02 0.191E-03
      2       1       8     257       4       4 0.129E+00 0.136E+00 0.131E+00 0.137E+00 0.509E-03 0.318E-04 0.488E-03 0.305E-04
      2       1       8    4099       4       4 0.297E+01 0.298E+01 0.300E+01 0.305E+01 0.457E-02 0.285E-03 0.452E-02 0.283E-03
      2       1       8     509       4       4 0.282E+00 0.287E+00 0.303E+00 0.306E+00 0.104E-02 0.650E-04 0.977E-03 0.611E-04
      2       1       8    8191       4       4 0.146E+01 0.147E+01 0.158E+01 0.162E+01 0.734E-02 0.459E-03 0.705E-02 0.440E-03
      3       1       1    1021       4       4 0.657E-03 0.244E-02 0.724E-04 0.980E-04 0.375E-03 0.234E-04 0.352E-03 0.220E-04
      3       1       1 1048573       4       4 0.143E+00 0.146E+00 0.139E+00 0.142E+00 0.124E+01 0.775E-01 0.124E+01 0.777E-01
      3       1       1  131071       4       4 0.145E-01 0.182E-01 0.132E-01 0.134E-01 0.110E+00 0.686E-02 0.109E+00 0.683E-02
      3       1       1   16381       4       4 0.224E-02 0.426E-02 0.155E-02 0.162E-02 0.103E-01 0.645E-03 0.107E-01 0.667E-03
      3       1       1    2053       4       4 0.758E-03 0.239E-02 0.185E-03 0.208E-03 0.122E-02 0.760E-04 0.119E-02 0.745E-04
      3       1       1     257       4       4 0.667E-03 0.261E-02 0.195E-04 0.310E-04 0.111E-03 0.693E-05 0.925E-04 0.578E-05
      3       1       1  262147       4       4 0.444E-01 0.501E-01 0.438E-01 0.461E-01 0.509E+00 0.318E-01 0.502E+00 0.314E-01
      3       1       1   32771       4       4 0.617E-02 0.926E-02 0.517E-02 0.641E-02 0.454E-01 0.284E-02 0.444E-01 0.278E-02
      3       1       1    4099       4       4 0.130E-02 0.345E-02 0.719E-03 0.860E-03 0.457E-02 0.286E-03 0.432E-02 0.270E-03
      3       1       1     509       4       4 0.641E-03 0.248E-02 0.315E-04 0.470E-04 0.169E-03 0.106E-04 0.141E-03 0.879E-05
      3       1       1  524287       4       4 0.615E-01 0.666E-01 0.585E-01 0.603E-01 0.529E+00 0.331E-01 0.525E+00 0.328E-01
      3       1       1   65537       4       4 0.996E-02 0.135E-01 0.919E-02 0.103E-01 0.108E+00 0.672E-02 0.107E+00 0.669E-02
      3       1       1    8191       4       4 0.160E-02 0.425E-02 0.735E-03 0.789E-03 0.493E-02 0.308E-03 0.493E-02 0.308E-03
      3       1      12    1021       4       4 0.656E-02 0.260E-01 0.857E-04 0.116E-03 0.519E-03 0.324E-04 0.427E-03 0.267E-04
      3       1      12 1048573       4       4 0.144E+00 0.148E+00 0.139E+00 0.142E+00 0.129E+01 0.804E-01 0.128E+01 0.801E-01
      3       1      12  131071       4       4 0.191E-01 0.369E-01 0.133E-01 0.141E-01 0.115E+00 0.719E-02 0.115E+00 0.722E-02
      3       1      12   16381       4       4 0.606E-02 0.194E-01 0.163E-02 0.174E-02 0.107E-01 0.667E-03 0.110E-01 0.687E-03
      3       1      12    2053       4       4 0.349E-02 0.133E-01 0.212E-03 0.228E-03 0.135E-02 0.844E-04 0.128E-02 0.799E-04
      3       1      12     257       4       4 0.451E-02 0.180E-01 0.218E-04 0.322E-04 0.133E-03 0.829E-05 0.110E-03 0.690E-05
      3       1      12  262147       4       4 0.472E-01 0.588E-01 0.443E-01 0.462E-01 0.530E+00 0.331E-01 0.525E+00 0.328E-01
      3       1      12   32771       4       4 0.968E-02 0.231E-01 0.547E-02 0.650E-02 0.460E-01 0.287E-02 0.456E-01 0.285E-02
      3       1      12    4099       4       4 0.491E-02 0.178E-01 0.654E-03 0.757E-03 0.476E-02 0.297E-03 0.464E-02 0.290E-03
      3       1      12     509       4       4 0.329E-02 0.131E-01 0.364E-04 0.558E-04 0.200E-03 0.125E-04 0.166E-03 0.104E-04
      3       1      12  524287       4       4 0.667E-01 0.711E-01 0.644E-01 0.650E-01 0.555E+00 0.347E-01 0.555E+00 0.347E-01
      3       1      12   65537       4       4 0.125E-01 0.229E-01 0.958E-02 0.108E-01 0.114E+00 0.713E-02 0.114E+00 0.714E-02
      3       1      12    8191       4       4 0.621E-02 0.225E-01 0.802E-03 0.825E-03 0.495E-02 0.309E-03 0.488E-02 0.305E-03
      3       1      16    1021       4       4 0.521E-02 0.206E-01 0.863E-04 0.117E-03 0.446E-03 0.279E-04 0.411E-03 0.257E-04
      3       1      16 1048573       4       4 0.145E+00 0.149E+00 0.141E+00 0.143E+00 0.128E+01 0.803E-01 0.128E+01 0.801E-01
      3       1      16  131071       4       4 0.168E-01 0.283E-01 0.131E-01 0.136E-01 0.113E+00 0.709E-02 0.114E+00 0.712E-02
      3       1      16   16381       4       4 0.599E-02 0.190E-01 0.161E-02 0.172E-02 0.110E-01 0.687E-03 0.111E-01 0.691E-03
      3       1      16    2053       4       4 0.449E-02 0.174E-01 0.206E-03 0.231E-03 0.131E-02 0.822E-04 0.128E-02 0.799E-04
      3       1      16     257       4       4 0.327E-02 0.130E-01 0.297E-04 0.479E-04 0.135E-03 0.843E-05 0.117E-03 0.733E-05
      3       1      16  262147       4       4 0.477E-01 0.608E-01 0.446E-01 0.466E-01 0.531E+00 0.332E-01 0.525E+00 0.328E-01
      3       1      16   32771       4       4 0.104E-01 0.257E-01 0.556E-02 0.661E-02 0.480E-01 0.300E-02 0.464E-01 0.290E-02
      3       1      16    4099       4       4 0.501E-02 0.181E-01 0.649E-03 0.772E-03 0.475E-02 0.297E-03 0.461E-02 0.288E-03
      3       1      16     509       4       4 0.356E-02 0.141E-01 0.343E-04 0.532E-04 0.182E-03 0.114E-04 0.171E-03 0.107E-04
      3       1      16  524287       4       4 0.630E-01 0.672E-01 0.603E-01 0.612E-01 0.553E+00 0.346E-01 0.552E+00 0.345E-01
      3       1      16   65537       4       4 0.132E-01 0.262E-01 0.942E-02 0.107E-01 0.113E+00 0.703E-02 0.113E+00 0.705E-02
      3       1      16    8191       4       4 0.444E-02 0.154E-01 0.885E-03 0.117E-02 0.525E-02 0.328E-03 0.497E-02 0.310E-03
      3       1       2    1021       4       4 0.337E-02 0.133E-01 0.747E-04 0.109E-03 0.453E-03 0.283E-04 0.368E-03 0.230E-04
      3       1       2 1048573       4       4 0.143E+00 0.148E+00 0.138E+00 0.141E+00 0.124E+01 0.772E-01 0.125E+01 0.779E-01
      3       1       2  131071       4       4 0.143E-01 0.185E-01 0.130E-01 0.137E-01 0.109E+00 0.682E-02 0.109E+00 0.684E-02
      3       1       2   16381       4       4 0.448E-02 0.131E-01 0.158E-02 0.184E-02 0.103E-01 0.647E-03 0.103E-01 0.646E-03
      3       1       2    2053       4       4 0.811E-03 0.260E-02 0.184E-03 0.194E-03 0.125E-02 0.780E-04 0.124E-02 0.774E-04
      3       1       2     257       4       4 0.327E-02 0.130E-01 0.277E-04 0.401E-04 0.188E-03 0.118E-04 0.104E-03 0.653E-05
      3       1       2  262147       4       4 0.449E-01 0.534E-01 0.435E-01 0.459E-01 0.506E+00 0.316E-01 0.499E+00 0.312E-01
      3       1       2   32771       4       4 0.809E-02 0.170E-01 0.518E-02 0.643E-02 0.454E-01 0.284E-02 0.448E-01 0.280E-02
      3       1       2    4099       4       4 0.112E-02 0.282E-02 0.580E-03 0.700E-03 0.473E-02 0.296E-03 0.465E-02 0.291E-03
      3       1       2     509       4       4 0.634E-03 0.245E-02 0.337E-04 0.498E-04 0.172E-03 0.108E-04 0.149E-03 0.933E-05
      3       1       2  524287       4       4 0.618E-01 0.678E-01 0.584E-01 0.596E-01 0.531E+00 0.332E-01 0.530E+00 0.331E-01
      3       1       2   65537       4       4 0.106E-01 0.166E-01 0.935E-02 0.107E-01 0.108E+00 0.675E-02 0.108E+00 0.673E-02
      3       1       2    8191       4       4 0.395E-02 0.135E-01 0.837E-03 0.909E-03 0.468E-02 0.293E-03 0.464E-02 0.290E-03
      3       1      24    1021       4       4 0.415E-02 0.164E-01 0.920E-04 0.155E-03 0.453E-03 0.283E-04 0.409E-03 0.256E-04
      3       1      24 1048573       4       4 0.147E+00 0.160E+00 0.139E+00 0.141E+00 0.128E+01 0.802E-01 0.128E+01 0.801E-01
      3       1      24  131071       4       4 0.186E-01 0.331E-01 0.140E-01 0.146E-01 0.113E+00 0.708E-02 0.114E+00 0.714E-02
      3       1      24   16381       4       4 0.704E-02 0.229E-01 0.174E-02 0.209E-02 0.117E-01 0.732E-03 0.114E-01 0.710E-03
      3       1      24    2053       4       4 0.433E-02 0.167E-01 0.211E-03 0.234E-03 0.131E-02 0.821E-04 0.129E-02 0.809E-04
      3       1      24     257       4       4 0.406E-02 0.162E-01 0.332E-04 0.651E-04 0.143E-03 0.891E-05 0.112E-03 0.700E-05
      3       1      24  262147       4       4 0.484E-01 0.634E-01 0.446E-01 0.468E-01 0.529E+00 0.331E-01 0.524E+00 0.328E-01
      3       1      24   32771       4       4 0.963E-02 0.220E-01 0.557E-02 0.665E-02 0.479E-01 0.299E-02 0.472E-01 0.295E-02
      3       1      24    4099       4       4 0.471E-02 0.169E-01 0.640E-03 0.741E-03 0.477E-02 0.298E-03 0.467E-02 0.292E-03
      3       1      24     509       4       4 0.627E-02 0.249E-01 0.526E-04 0.799E-04 0.274E-03 0.171E-04 0.242E-03 0.152E-04
      3       1      24  524287       4       4 0.663E-01 0.814E-01 0.599E-01 0.612E-01 0.552E+00 0.345E-01 0.550E+00 0.344E-01
      3       1      24   65537       4       4 0.144E-01 0.304E-01 0.968E-02 0.109E-01 0.115E+00 0.716E-02 0.115E+00 0.718E-02
      3       1      24    8191       4       4 0.514E-02 0.178E-01 0.922E-03 0.110E-02 0.565E-02 0.353E-03 0.550E-02 0.344E-03
      3       1       4    1021       4       4 0.367E-02 0.145E-01 0.750E-04 0.101E-03 0.383E-03 0.239E-04 0.353E-03 0.221E-04
      3       1       4 1048573       4       4 0.145E+00 0.156E+00 0.138E+00 0.140E+00 0.125E+01 0.783E-01 0.126E+01 0.786E-01
      3       1       4  131071       4       4 0.139E-01 0.176E-01 0.130E-01 0.139E-01 0.111E+00 0.693E-02 0.111E+00 0.697E-02
      3       1       4   16381       4       4 0.802E-02 0.269E-01 0.184E-02 0.202E-02 0.106E-01 0.661E-03 0.107E-01 0.672E-03
      3       1       4    2053       4       4 0.380E-02 0.146E-01 0.183E-03 0.191E-03 0.123E-02 0.766E-04 0.124E-02 0.773E-04
      3       1       4     257       4       4 0.360E-02 0.143E-01 0.197E-04 0.310E-04 0.119E-03 0.744E-05 0.920E-04 0.575E-05
      3       1       4  262147       4       4 0.471E-01 0.597E-01 0.442E-01 0.465E-01 0.519E+00 0.324E-01 0.510E+00 0.319E-01
      3       1       4   32771       4       4 0.125E-01 0.340E-01 0.547E-02 0.649E-02 0.460E-01 0.288E-02 0.453E-01 0.283E-02
      3       1       4    4099       4       4 0.711E-02 0.267E-01 0.591E-03 0.705E-03 0.475E-02 0.297E-03 0.464E-02 0.290E-03
      3       1       4     509       4       4 0.764E-02 0.305E-01 0.322E-04 0.491E-04 0.172E-03 0.107E-04 0.153E-03 0.957E-05
      3       1       4  524287       4       4 0.633E-01 0.715E-01 0.598E-01 0.620E-01 0.540E+00 0.338E-01 0.535E+00 0.334E-01
      3       1       4   65537       4       4 0.156E-01 0.358E-01 0.935E-02 0.107E-01 0.109E+00 0.683E-02 0.109E+00 0.682E-02
      3       1       4    8191       4       4 0.722E-02 0.265E-01 0.839E-03 0.887E-03 0.479E-02 0.299E-03 0.468E-02 0.292E-03
      3       1       8    1021       4       4 0.665E-02 0.263E-01 0.993E-04 0.108E-03 0.584E-03 0.365E-04 0.553E-03 0.346E-04
      3       1       8 1048573       4       4 0.149E+00 0.162E+00 0.142E+00 0.144E+00 0.128E+01 0.797E-01 0.128E+01 0.797E-01
      3       1       8  131071       4       4 0.199E-01 0.402E-01 0.132E-01 0.139E-01 0.112E+00 0.702E-02 0.113E+00 0.707E-02
      3       1       8   16381       4       4 0.906E-02 0.314E-01 0.162E-02 0.170E-02 0.109E-01 0.681E-03 0.108E-01 0.673E-03
      3       1       8    2053       4       4 0.738E-02 0.289E-01 0.202E-03 0.226E-03 0.125E-02 0.781E-04 0.124E-02 0.778E-04
      3       1       8     257       4       4 0.645E-02 0.257E-01 0.222E-04 0.370E-04 0.126E-03 0.787E-05 0.985E-04 0.615E-05
      3       1       8  262147       4       4 0.505E-01 0.718E-01 0.446E-01 0.469E-01 0.527E+00 0.329E-01 0.521E+00 0.326E-01
      3       1       8   32771       4       4 0.128E-01 0.350E-01 0.601E-02 0.859E-02 0.483E-01 0.302E-02 0.465E-01 0.291E-02
      3       1       8    4099       4       4 0.618E-02 0.230E-01 0.613E-03 0.735E-03 0.478E-02 0.299E-03 0.471E-02 0.294E-03
      3       1       8     509       4       4 0.542E-02 0.216E-01 0.350E-04 0.539E-04 0.182E-03 0.114E-04 0.157E-03 0.982E-05
      3       1       8  524287       4       4 0.671E-01 0.847E-01 0.598E-01 0.611E-01 0.547E+00 0.342E-01 0.546E+00 0.341E-01
      3       1       8   65537       4       4 0.150E-01 0.334E-01 0.944E-02 0.106E-01 0.112E+00 0.701E-02 0.112E+00 0.703E-02
      3       1       8    8191       4       4 0.523E-02 0.184E-01 0.834E-03 0.935E-03 0.499E-02 0.312E-03 0.487E-02 0.304E-03
