      2       1       1    1021       4       4 0.302E+00 0.303E+00 0.306E+00 0.312E+00 0.821E-03 0.513E-04 0.778E-03 0.486E-04
      2       1       1   16381       4       4 0.151E+01 0.151E+01 0.175E+01 0.177E+01 0.128E-01 0.801E-03 0.128E-01 0.801E-03
      2       1       1    2053       4       4 0.108E+01 0.108E+01 0.112E+01 0.113E+01 0.165E-02 0.103E-03 0.162E-02 0.102E-03
      2       1       1     257       4       4 0.644E-01 0.649E-01 0.628E-01 0.638E-01 0.162E-03 0.101E-04 0.154E-03 0.964E-05
      2       1       1    4099       4       4 0.149E+01 0.149E+01 0.154E+01 0.154E+01 0.432E-02 0.270E-03 0.409E-02 0.255E-03
      2       1       1     509       4       4 0.148E+00 0.149E+00 0.146E+00 0.148E+00 0.449E-03 0.281E-04 0.417E-03 0.261E-04
      2       1       1    8191       4       4 0.737E+00 0.738E+00 0.857E+00 0.863E+00 0.617E-02 0.386E-03 0.624E-02 0.390E-03
      2       1      12    1021       4       4 0.848E+00 0.864E+00 0.948E+00 0.964E+00 0.194E-02 0.121E-03 0.182E-02 0.114E-03
      2       1      12   16381       4       4 0.280E+01 0.284E+01 0.301E+01 0.307E+01 0.160E-01 0.100E-02 0.139E-01 0.869E-03
      2       1      12    2053       4       4 0.287E+01 0.294E+01 0.304E+01 0.310E+01 0.426E-02 0.266E-03 0.275E-02 0.172E-03
      2       1      12     257       4       4 0.183E+00 0.193E+00 0.194E+00 0.203E+00 0.754E-03 0.471E-04 0.705E-03 0.441E-04
      2       1      12    4099       4       4 0.333E+01 0.340E+01 0.338E+01 0.350E+01 0.542E-02 0.339E-03 0.508E-02 0.318E-03
      2       1      12     509       4       4 0.353E+00 0.362E+00 0.380E+00 0.388E+00 0.108E-02 0.674E-04 0.996E-03 0.622E-04
      2       1      12    8191       4       4 0.173E+01 0.176E+01 0.180E+01 0.182E+01 0.979E-02 0.612E-03 0.786E-02 0.491E-03
      2       1      16    1021       4       4 0.888E+00 0.893E+00 0.986E+00 0.998E+00 0.326E-02 0.204E-03 0.163E-02 0.102E-03
      2       1      16   16381       4       4 0.305E+01 0.310E+01 0.315E+01 0.333E+01 0.137E-01 0.855E-03 0.137E-01 0.857E-03
      2       1      16    2053       4       4 0.314E+01 0.319E+01 0.331E+01 0.333E+01 0.644E-02 0.402E-03 0.408E-02 0.255E-03
      2       1      16     257       4       4 0.147E+00 0.160E+00 0.149E+00 0.154E+00 0.664E-03 0.415E-04 0.627E-03 0.392E-04
      2       1      16    4099       4       4 0.367E+01 0.372E+01 0.381E+01 0.383E+01 0.755E-02 0.472E-03 0.534E-02 0.334E-03
      2       1      16     509       4       4 0.303E+00 0.304E+00 0.322E+00 0.323E+00 0.154E-02 0.960E-04 0.885E-03 0.553E-04
      2       1      16    8191       4       4 0.183E+01 0.185E+01 0.195E+01 0.199E+01 0.103E-01 0.642E-03 0.841E-02 0.526E-03
      2       1       2    1021       4       4 0.424E+00 0.425E+00 0.445E+00 0.449E+00 0.108E-02 0.677E-04 0.112E-02 0.700E-04
      2       1       2   16381       4       4 0.203E+01 0.204E+01 0.226E+01 0.232E+01 0.123E-01 0.767E-03 0.130E-01 0.814E-03
      2       1       2    2053       4       4 0.171E+01 0.171E+01 0.176E+01 0.177E+01 0.191E-02 0.120E-03 0.191E-02 0.119E-03
      2       1       2     257       4       4 0.981E-01 0.987E-01 0.994E-01 0.995E-01 0.339E-03 0.212E-04 0.320E-03 0.200E-04
      2       1       2    4099       4       4 0.230E+01 0.230E+01 0.235E+01 0.237E+01 0.391E-02 0.244E-03 0.402E-02 0.251E-03
      2       1       2     509       4       4 0.207E+00 0.209E+00 0.216E+00 0.216E+00 0.699E-03 0.437E-04 0.669E-03 0.418E-04
      2       1       2    8191       4       4 0.103E+01 0.104E+01 0.114E+01 0.115E+01 0.617E-02 0.386E-03 0.610E-02 0.381E-03
      2       1      24    1021       4       4 0.109E+01 0.113E+01 0.121E+01 0.123E+01 0.127E-01 0.795E-03 0.201E-02 0.126E-03
      2       1      24   16381       4       4 0.363E+01 0.365E+01 0.368E+01 0.391E+01 0.162E-01 0.102E-02 0.160E-01 0.100E-02
      2       1      24    2053       4       4 0.365E+01 0.373E+01 0.383E+01 0.391E+01 0.118E-01 0.737E-03 0.506E-02 0.316E-03
      2       1      24     257       4       4 0.179E+00 0.189E+00 0.191E+00 0.202E+00 0.695E-03 0.435E-04 0.679E-03 0.425E-04
      2       1      24    4099       4       4 0.424E+01 0.438E+01 0.441E+01 0.454E+01 0.137E-01 0.859E-03 0.693E-02 0.433E-03
      2       1      24     509       4       4 0.422E+00 0.442E+00 0.443E+00 0.462E+00 0.150E-02 0.940E-04 0.140E-02 0.875E-04
      2       1      24    8191       4       4 0.220E+01 0.229E+01 0.241E+01 0.246E+01 0.138E-01 0.860E-03 0.101E-01 0.630E-03
      2       1       4    1021       4       4 0.550E+00 0.562E+00 0.588E+00 0.601E+00 0.152E-02 0.947E-04 0.134E-02 0.837E-04
      2       1       4   16381       4       4 0.228E+01 0.229E+01 0.251E+01 0.254E+01 0.132E-01 0.825E-03 0.129E-01 0.805E-03
      2       1       4    2053       4       4 0.205E+01 0.207E+01 0.214E+01 0.217E+01 0.278E-02 0.174E-03 0.273E-02 0.170E-03
      2       1       4     257       4       4 0.125E+00 0.134E+00 0.127E+00 0.133E+00 0.432E-03 0.270E-04 0.433E-03 0.271E-04
      2       1       4    4099       4       4 0.260E+01 0.261E+01 0.269E+01 0.272E+01 0.472E-02 0.295E-03 0.470E-02 0.294E-03
      2       1       4     509       4       4 0.242E+00 0.248E+00 0.254E+00 0.266E+00 0.902E-03 0.564E-04 0.829E-03 0.518E-04
      2       1       4    8191       4       4 0.122E+01 0.123E+01 0.132E+01 0.137E+01 0.895E-02 0.559E-03 0.708E-02 0.442E-03
      2       1       8    1021       4       4 0.731E+00 0.743E+00 0.804E+00 0.815E+00 0.162E-02 0.101E-03 0.151E-02 0.944E-04
      2       1       8   16381       4       4 0.252E+01 0.256E+01 0.273E+01 0.274E+01 0.128E-01 0.801E-03 0.132E-01 0.824E-03
      2       1       8    2053       4       4 0.249E+01 0.252E+01 0.257E+01 0.260E+01 0.502E-02 0.313E-03 0.308E-02 0.193E-03
      2       1       8     257       4       4 0.129E+00 0.136E+00 0.133E+00 0.145E+00 0.526E-03 0.329E-04 0.515E-03 0.322E-04
      2       1       8    4099       4       4 0.297E+01 0.299E+01 0.307E+01 0.312E+01 0.499E-02 0.312E-03 0.484E-02 0.303E-03
      2       1       8     509       4       4 0.280E+00 0.293E+00 0.296E+00 0.312E+00 0.932E-03 0.583E-04 0.870E-03 0.544E-04
      2       1       8    8191       4       4 0.146E+01 0.148E+01 0.162E+01 0.164E+01 0.767E-02 0.479E-03 0.756E-02 0.472E-03
      3       1       1    1021       4       4 0.638E-03 0.234E-02 0.865E-04 0.980E-04 0.440E-03 0.275E-04 0.370E-03 0.231E-04
      3       1       1 1048573       4       4 0.144E+00 0.147E+00 0.141E+00 0.144E+00 0.125E+01 0.782E-01 0.126E+01 0.785E-01
      3       1       1  131071       4       4 0.143E-01 0.175E-01 0.131E-01 0.135E-01 0.110E+00 0.690E-02 0.110E+00 0.688E-02
      3       1       1   16381       4       4 0.214E-02 0.401E-02 0.165E-02 0.175E-02 0.108E-01 0.674E-03 0.102E-01 0.636E-03
      3       1       1    2053       4       4 0.844E-03 0.276E-02 0.183E-03 0.195E-03 0.124E-02 0.774E-04 0.128E-02 0.800E-04
      3       1       1     257       4       4 0.758E-03 0.298E-02 0.208E-04 0.291E-04 0.105E-03 0.659E-05 0.932E-04 0.583E-05
      3       1       1  262147       4       4 0.447E-01 0.503E-01 0.438E-01 0.464E-01 0.513E+00 0.320E-01 0.505E+00 0.316E-01
      3       1       1   32771       4       4 0.656E-02 0.998E-02 0.557E-02 0.649E-02 0.455E-01 0.285E-02 0.444E-01 0.277E-02
      3       1       1    4099       4       4 0.145E-02 0.387E-02 0.668E-03 0.726E-03 0.452E-02 0.283E-03 0.410E-02 0.256E-03
      3       1       1     509       4       4 0.722E-03 0.280E-02 0.315E-04 0.460E-04 0.165E-03 0.103E-04 0.145E-03 0.906E-05
      3       1       1  524287       4       4 0.621E-01 0.672E-01 0.592E-01 0.603E-01 0.535E+00 0.334E-01 0.530E+00 0.331E-01
      3       1       1   65537       4       4 0.102E-01 0.142E-01 0.943E-02 0.108E-01 0.109E+00 0.682E-02 0.108E+00 0.677E-02
      3       1       1    8191       4       4 0.156E-02 0.412E-02 0.708E-03 0.757E-03 0.498E-02 0.311E-03 0.495E-02 0.310E-03
      3       1      12    1021       4       4 0.325E-02 0.128E-01 0.830E-04 0.124E-03 0.435E-03 0.272E-04 0.394E-03 0.246E-04
      3       1      12 1048573       4       4 0.145E+00 0.149E+00 0.141E+00 0.143E+00 0.130E+01 0.810E-01 0.129E+01 0.809E-01
      3       1      12  131071       4       4 0.185E-01 0.339E-01 0.135E-01 0.142E-01 0.117E+00 0.731E-02 0.118E+00 0.735E-02
      3       1      12   16381       4       4 0.612E-02 0.184E-01 0.225E-02 0.268E-02 0.121E-01 0.758E-03 0.121E-01 0.759E-03
      3       1      12    2053       4       4 0.366E-02 0.140E-01 0.208E-03 0.229E-03 0.128E-02 0.799E-04 0.125E-02 0.779E-04
      3       1      12     257       4       4 0.535E-02 0.213E-01 0.276E-04 0.551E-04 0.142E-03 0.887E-05 0.111E-03 0.691E-05
      3       1      12  262147       4       4 0.502E-01 0.676E-01 0.456E-01 0.478E-01 0.542E+00 0.339E-01 0.536E+00 0.335E-01
      3       1      12   32771       4       4 0.985E-02 0.236E-01 0.528E-02 0.629E-02 0.469E-01 0.293E-02 0.460E-01 0.287E-02
      3       1      12    4099       4       4 0.505E-02 0.183E-01 0.602E-03 0.704E-03 0.466E-02 0.291E-03 0.463E-02 0.289E-03
      3       1      12     509       4       4 0.543E-02 0.216E-01 0.353E-04 0.570E-04 0.215E-03 0.134E-04 0.159E-03 0.991E-05
      3       1      12  524287       4       4 0.663E-01 0.796E-01 0.606E-01 0.621E-01 0.560E+00 0.350E-01 0.557E+00 0.348E-01
      3       1      12   65537       4       4 0.136E-01 0.275E-01 0.968E-02 0.107E-01 0.114E+00 0.713E-02 0.115E+00 0.719E-02
      3       1      12    8191       4       4 0.416E-02 0.142E-01 0.818E-03 0.836E-03 0.499E-02 0.312E-03 0.494E-02 0.309E-03
      3       1      16    1021       4       4 0.341E-02 0.134E-01 0.920E-04 0.157E-03 0.420E-03 0.262E-04 0.402E-03 0.251E-04
      3       1      16 1048573       4       4 0.146E+00 0.150E+00 0.142E+00 0.144E+00 0.132E+01 0.822E-01 0.131E+01 0.819E-01
      3       1      16  131071       4       4 0.170E-01 0.266E-01 0.140E-01 0.146E-01 0.119E+00 0.746E-02 0.120E+00 0.747E-02
      3       1      16   16381       4       4 0.399E-02 0.108E-01 0.168E-02 0.177E-02 0.111E-01 0.691E-03 0.111E-01 0.692E-03
      3       1      16    2053       4       4 0.457E-02 0.176E-01 0.210E-03 0.231E-03 0.124E-02 0.775E-04 0.121E-02 0.754E-04
      3       1      16     257       4       4 0.440E-02 0.175E-01 0.234E-04 0.410E-04 0.131E-03 0.820E-05 0.106E-03 0.665E-05
      3       1      16  262147       4       4 0.479E-01 0.581E-01 0.455E-01 0.471E-01 0.539E+00 0.337E-01 0.534E+00 0.334E-01
      3       1      16   32771       4       4 0.131E-01 0.360E-01 0.544E-02 0.656E-02 0.482E-01 0.301E-02 0.472E-01 0.295E-02
      3       1      16    4099       4       4 0.503E-02 0.182E-01 0.690E-03 0.738E-03 0.469E-02 0.293E-03 0.473E-02 0.296E-03
      3       1      16     509       4       4 0.557E-02 0.222E-01 0.515E-04 0.751E-04 0.273E-03 0.171E-04 0.241E-03 0.150E-04
      3       1      16  524287       4       4 0.681E-01 0.826E-01 0.616E-01 0.619E-01 0.564E+00 0.353E-01 0.564E+00 0.352E-01
      3       1      16   65537       4       4 0.137E-01 0.271E-01 0.994E-02 0.111E-01 0.116E+00 0.727E-02 0.116E+00 0.728E-02
      3       1      16    8191       4       4 0.506E-02 0.180E-01 0.796E-03 0.834E-03 0.499E-02 0.312E-03 0.494E-02 0.309E-03
      3       1       2    1021       4       4 0.311E-02 0.123E-01 0.795E-04 0.121E-03 0.431E-03 0.269E-04 0.380E-03 0.238E-04
      3       1       2 1048573       4       4 0.144E+00 0.148E+00 0.140E+00 0.142E+00 0.125E+01 0.783E-01 0.126E+01 0.788E-01
      3       1       2  131071       4       4 0.146E-01 0.189E-01 0.132E-01 0.140E-01 0.110E+00 0.687E-02 0.110E+00 0.688E-02
      3       1       2   16381       4       4 0.439E-02 0.128E-01 0.181E-02 0.200E-02 0.100E-01 0.627E-03 0.106E-01 0.665E-03
      3       1       2    2053       4       4 0.344E-02 0.131E-01 0.211E-03 0.235E-03 0.129E-02 0.807E-04 0.129E-02 0.807E-04
      3       1       2     257       4       4 0.331E-02 0.132E-01 0.240E-04 0.348E-04 0.159E-03 0.991E-05 0.128E-03 0.797E-05
      3       1       2  262147       4       4 0.455E-01 0.526E-01 0.439E-01 0.462E-01 0.513E+00 0.321E-01 0.506E+00 0.316E-01
      3       1       2   32771       4       4 0.885E-02 0.194E-01 0.528E-02 0.624E-02 0.456E-01 0.285E-02 0.447E-01 0.279E-02
      3       1       2    4099       4       4 0.391E-02 0.136E-01 0.571E-03 0.626E-03 0.437E-02 0.273E-03 0.421E-02 0.263E-03
      3       1       2     509       4       4 0.331E-02 0.132E-01 0.352E-04 0.560E-04 0.193E-03 0.120E-04 0.158E-03 0.986E-05
      3       1       2  524287       4       4 0.640E-01 0.718E-01 0.602E-01 0.617E-01 0.535E+00 0.334E-01 0.532E+00 0.333E-01
      3       1       2   65537       4       4 0.114E-01 0.197E-01 0.942E-02 0.107E-01 0.108E+00 0.677E-02 0.109E+00 0.684E-02
      3       1       2    8191       4       4 0.372E-02 0.127E-01 0.765E-03 0.820E-03 0.489E-02 0.306E-03 0.490E-02 0.306E-03
      3       1      24    1021       4       4 0.430E-02 0.170E-01 0.855E-04 0.117E-03 0.452E-03 0.283E-04 0.425E-03 0.265E-04
      3       1      24 1048573       4       4 0.148E+00 0.151E+00 0.143E+00 0.146E+00 0.133E+01 0.830E-01 0.132E+01 0.824E-01
      3       1      24  131071       4       4 0.180E-01 0.333E-01 0.133E-01 0.137E-01 0.115E+00 0.718E-02 0.115E+00 0.722E-02
      3       1      24   16381       4       4 0.597E-02 0.188E-01 0.164E-02 0.179E-02 0.112E-01 0.700E-03 0.112E-01 0.698E-03
      3       1      24    2053       4       4 0.654E-02 0.255E-01 0.222E-03 0.243E-03 0.135E-02 0.847E-04 0.130E-02 0.810E-04
      3       1      24     257       4       4 0.434E-02 0.173E-01 0.322E-04 0.460E-04 0.219E-03 0.137E-04 0.183E-03 0.114E-04
      3       1      24  262147       4       4 0.516E-01 0.605E-01 0.484E-01 0.491E-01 0.546E+00 0.341E-01 0.541E+00 0.338E-01
      3       1      24   32771       4       4 0.998E-02 0.228E-01 0.558E-02 0.676E-02 0.480E-01 0.300E-02 0.473E-01 0.296E-02
      3       1      24    4099       4       4 0.476E-02 0.170E-01 0.737E-03 0.782E-03 0.480E-02 0.300E-03 0.465E-02 0.290E-03
      3       1      24     509       4       4 0.417E-02 0.166E-01 0.373E-04 0.551E-04 0.206E-03 0.128E-04 0.206E-03 0.129E-04
      3       1      24  524287       4       4 0.676E-01 0.824E-01 0.611E-01 0.620E-01 0.568E+00 0.355E-01 0.568E+00 0.355E-01
      3       1      24   65537       4       4 0.148E-01 0.317E-01 0.109E-01 0.143E-01 0.123E+00 0.771E-02 0.123E+00 0.770E-02
      3       1      24    8191       4       4 0.510E-02 0.179E-01 0.820E-03 0.872E-03 0.504E-02 0.315E-03 0.497E-02 0.311E-03
      3       1       4    1021       4       4 0.467E-02 0.185E-01 0.747E-04 0.101E-03 0.386E-03 0.241E-04 0.356E-03 0.222E-04
      3       1       4 1048573       4       4 0.146E+00 0.154E+00 0.140E+00 0.143E+00 0.127E+01 0.792E-01 0.127E+01 0.793E-01
      3       1       4  131071       4       4 0.209E-01 0.449E-01 0.131E-01 0.138E-01 0.111E+00 0.695E-02 0.112E+00 0.698E-02
      3       1       4   16381       4       4 0.861E-02 0.295E-01 0.164E-02 0.188E-02 0.108E-01 0.675E-03 0.104E-01 0.647E-03
      3       1       4    2053       4       4 0.663E-02 0.259E-01 0.193E-03 0.212E-03 0.125E-02 0.784E-04 0.124E-02 0.774E-04
      3       1       4     257       4       4 0.734E-02 0.293E-01 0.198E-04 0.310E-04 0.119E-03 0.747E-05 0.925E-04 0.578E-05
      3       1       4  262147       4       4 0.474E-01 0.590E-01 0.446E-01 0.473E-01 0.522E+00 0.326E-01 0.515E+00 0.322E-01
      3       1       4   32771       4       4 0.127E-01 0.344E-01 0.530E-02 0.615E-02 0.466E-01 0.291E-02 0.454E-01 0.284E-02
      3       1       4    4099       4       4 0.488E-02 0.178E-01 0.616E-03 0.693E-03 0.482E-02 0.301E-03 0.473E-02 0.296E-03
      3       1       4     509       4       4 0.353E-02 0.140E-01 0.326E-04 0.501E-04 0.174E-03 0.108E-04 0.149E-03 0.934E-05
      3       1       4  524287       4       4 0.639E-01 0.700E-01 0.606E-01 0.619E-01 0.545E+00 0.340E-01 0.542E+00 0.339E-01
      3       1       4   65537       4       4 0.120E-01 0.212E-01 0.965E-02 0.108E-01 0.111E+00 0.696E-02 0.112E+00 0.698E-02
      3       1       4    8191       4       4 0.797E-02 0.294E-01 0.918E-03 0.957E-03 0.469E-02 0.293E-03 0.465E-02 0.290E-03
      3       1       8    1021       4       4 0.564E-02 0.224E-01 0.740E-04 0.106E-03 0.412E-03 0.258E-04 0.378E-03 0.236E-04
      3       1       8 1048573       4       4 0.149E+00 0.157E+00 0.145E+00 0.147E+00 0.129E+01 0.806E-01 0.129E+01 0.805E-01
      3       1       8  131071       4       4 0.177E-01 0.288E-01 0.141E-01 0.143E-01 0.112E+00 0.700E-02 0.113E+00 0.704E-02
      3       1       8   16381       4       4 0.996E-02 0.349E-01 0.169E-02 0.181E-02 0.109E-01 0.681E-03 0.106E-01 0.660E-03
      3       1       8    2053       4       4 0.582E-02 0.224E-01 0.287E-03 0.320E-03 0.170E-02 0.107E-03 0.169E-02 0.106E-03
      3       1       8     257       4       4 0.639E-02 0.255E-01 0.215E-04 0.350E-04 0.126E-03 0.787E-05 0.100E-03 0.627E-05
      3       1       8  262147       4       4 0.514E-01 0.741E-01 0.453E-01 0.480E-01 0.531E+00 0.332E-01 0.525E+00 0.328E-01
      3       1       8   32771       4       4 0.120E-01 0.318E-01 0.556E-02 0.613E-02 0.478E-01 0.299E-02 0.465E-01 0.290E-02
      3       1       8    4099       4       4 0.700E-02 0.262E-01 0.628E-03 0.714E-03 0.476E-02 0.298E-03 0.473E-02 0.296E-03
      3       1       8     509       4       4 0.451E-02 0.179E-01 0.408E-04 0.730E-04 0.222E-03 0.139E-04 0.181E-03 0.113E-04
      3       1       8  524287       4       4 0.672E-01 0.828E-01 0.606E-01 0.621E-01 0.552E+00 0.345E-01 0.550E+00 0.343E-01
      3       1       8   65537       4       4 0.178E-01 0.443E-01 0.962E-02 0.108E-01 0.114E+00 0.712E-02 0.113E+00 0.703E-02
      3       1       8    8191       4       4 0.804E-02 0.299E-01 0.825E-03 0.863E-03 0.487E-02 0.304E-03 0.481E-02 0.301E-03
];
