      2       1       1    1024       4       4 0.631E-01 0.635E-01 0.567E-01 0.569E-01 0.801E-04 0.501E-05 0.832E-04 0.520E-05
      2       1       1   16384       4       4 0.191E+00 0.192E+00 0.188E+00 0.189E+00 0.193E-02 0.121E-03 0.267E-02 0.167E-03
      2       1       1    2048       4       4 0.804E-01 0.810E-01 0.741E-01 0.742E-01 0.175E-03 0.109E-04 0.208E-03 0.130E-04
      2       1       1     256       4       4 0.271E-01 0.273E-01 0.244E-01 0.246E-01 0.269E-04 0.168E-05 0.288E-04 0.180E-05
      2       1       1    4096       4       4 0.104E+00 0.104E+00 0.969E-01 0.971E-01 0.377E-03 0.235E-04 0.468E-03 0.292E-04
      2       1       1     512       4       4 0.463E-01 0.469E-01 0.403E-01 0.405E-01 0.513E-04 0.320E-05 0.567E-04 0.355E-05
      2       1       1    8192       4       4 0.135E+00 0.136E+00 0.130E+00 0.130E+00 0.890E-03 0.556E-04 0.117E-02 0.728E-04
      2       1      12    1024       4       4 0.130E+00 0.135E+00 0.120E+00 0.126E+00 0.624E-03 0.390E-04 0.964E-03 0.602E-04
      2       1      12   16384       4       4 0.309E+00 0.315E+00 0.308E+00 0.316E+00 0.350E-02 0.219E-03 0.228E-02 0.142E-03
      2       1      12    2048       4       4 0.164E+00 0.167E+00 0.158E+00 0.165E+00 0.648E-03 0.405E-04 0.107E-02 0.668E-04
      2       1      12     256       4       4 0.559E-01 0.571E-01 0.506E-01 0.513E-01 0.326E-03 0.204E-04 0.615E-03 0.384E-04
      2       1      12    4096       4       4 0.201E+00 0.210E+00 0.199E+00 0.213E+00 0.941E-03 0.588E-04 0.128E-02 0.800E-04
      2       1      12     512       4       4 0.940E-01 0.997E-01 0.863E-01 0.878E-01 0.467E-03 0.292E-04 0.760E-03 0.475E-04
      2       1      12    8192       4       4 0.243E+00 0.253E+00 0.242E+00 0.247E+00 0.138E-02 0.860E-04 0.171E-02 0.107E-03
      2       1      16    1024       4       4 0.120E+00 0.123E+00 0.115E+00 0.124E+00 0.545E-03 0.341E-04 0.932E-03 0.583E-04
      2       1      16   16384       4       4 0.279E+00 0.285E+00 0.290E+00 0.305E+00 0.330E-02 0.206E-03 0.221E-02 0.138E-03
      2       1      16    2048       4       4 0.155E+00 0.164E+00 0.151E+00 0.166E+00 0.747E-03 0.467E-04 0.110E-02 0.686E-04
      2       1      16     256       4       4 0.469E-01 0.476E-01 0.456E-01 0.458E-01 0.379E-03 0.237E-04 0.761E-03 0.475E-04
      2       1      16    4096       4       4 0.190E+00 0.207E+00 0.197E+00 0.207E+00 0.891E-03 0.557E-04 0.147E-02 0.917E-04
      2       1      16     512       4       4 0.812E-01 0.824E-01 0.778E-01 0.781E-01 0.448E-03 0.280E-04 0.806E-03 0.504E-04
      2       1      16    8192       4       4 0.223E+00 0.236E+00 0.218E+00 0.242E+00 0.201E-02 0.126E-03 0.146E-02 0.913E-04
      2       1       2    1024       4       4 0.862E-01 0.879E-01 0.760E-01 0.764E-01 0.243E-03 0.152E-04 0.386E-03 0.241E-04
      2       1       2   16384       4       4 0.260E+00 0.267E+00 0.261E+00 0.264E+00 0.137E-02 0.858E-04 0.187E-02 0.117E-03
      2       1       2    2048       4       4 0.109E+00 0.110E+00 0.994E-01 0.999E-01 0.289E-03 0.181E-04 0.412E-03 0.257E-04
      2       1       2     256       4       4 0.385E-01 0.405E-01 0.337E-01 0.338E-01 0.167E-03 0.104E-04 0.185E-03 0.116E-04
      2       1       2    4096       4       4 0.138E+00 0.140E+00 0.129E+00 0.129E+00 0.401E-03 0.251E-04 0.580E-03 0.363E-04
      2       1       2     512       4       4 0.629E-01 0.641E-01 0.532E-01 0.533E-01 0.183E-03 0.114E-04 0.259E-03 0.162E-04
      2       1       2    8192       4       4 0.181E+00 0.182E+00 0.173E+00 0.174E+00 0.755E-03 0.472E-04 0.994E-03 0.622E-04
      2       1      24    1024       4       4 0.152E+00 0.166E+00 0.137E+00 0.144E+00 0.886E-03 0.554E-04 0.144E-02 0.903E-04
      2       1      24   16384       4       4 0.376E+00 0.398E+00 0.373E+00 0.380E+00 0.989E-02 0.618E-03 0.271E-02 0.170E-03
      2       1      24    2048       4       4 0.201E+00 0.216E+00 0.184E+00 0.198E+00 0.927E-03 0.579E-04 0.159E-02 0.991E-04
      2       1      24     256       4       4 0.515E-01 0.519E-01 0.482E-01 0.497E-01 0.606E-03 0.379E-04 0.106E-02 0.660E-04
      2       1      24    4096       4       4 0.262E+00 0.271E+00 0.249E+00 0.254E+00 0.516E-02 0.323E-03 0.202E-02 0.126E-03
      2       1      24     512       4       4 0.102E+00 0.105E+00 0.997E-01 0.105E+00 0.728E-03 0.455E-04 0.128E-02 0.803E-04
      2       1      24    8192       4       4 0.326E+00 0.339E+00 0.309E+00 0.311E+00 0.482E-02 0.301E-03 0.257E-02 0.161E-03
      2       1       4    1024       4       4 0.995E-01 0.102E+00 0.890E-01 0.904E-01 0.416E-03 0.260E-04 0.653E-03 0.408E-04
      2       1       4   16384       4       4 0.251E+00 0.255E+00 0.261E+00 0.275E+00 0.156E-02 0.976E-04 0.173E-02 0.108E-03
      2       1       4    2048       4       4 0.117E+00 0.118E+00 0.109E+00 0.110E+00 0.458E-03 0.286E-04 0.777E-03 0.486E-04
      2       1       4     256       4       4 0.432E-01 0.454E-01 0.403E-01 0.430E-01 0.278E-03 0.174E-04 0.345E-03 0.216E-04
      2       1       4    4096       4       4 0.147E+00 0.148E+00 0.140E+00 0.141E+00 0.761E-03 0.475E-04 0.111E-02 0.693E-04
      2       1       4     512       4       4 0.734E-01 0.771E-01 0.658E-01 0.692E-01 0.305E-03 0.191E-04 0.477E-03 0.298E-04
      2       1       4    8192       4       4 0.182E+00 0.183E+00 0.180E+00 0.188E+00 0.891E-03 0.557E-04 0.112E-02 0.699E-04
      2       1       8    1024       4       4 0.111E+00 0.112E+00 0.108E+00 0.112E+00 0.527E-03 0.329E-04 0.811E-03 0.507E-04
      2       1       8   16384       4       4 0.256E+00 0.262E+00 0.270E+00 0.280E+00 0.131E-02 0.816E-04 0.177E-02 0.110E-03
      2       1       8    2048       4       4 0.136E+00 0.138E+00 0.131E+00 0.140E+00 0.511E-03 0.319E-04 0.806E-03 0.504E-04
      2       1       8     256       4       4 0.468E-01 0.487E-01 0.435E-01 0.453E-01 0.286E-03 0.179E-04 0.486E-03 0.304E-04
      2       1       8    4096       4       4 0.164E+00 0.175E+00 0.165E+00 0.174E+00 0.657E-03 0.411E-04 0.112E-02 0.699E-04
      2       1       8     512       4       4 0.781E-01 0.812E-01 0.719E-01 0.781E-01 0.401E-03 0.251E-04 0.638E-03 0.399E-04
      2       1       8    8192       4       4 0.195E+00 0.200E+00 0.196E+00 0.202E+00 0.935E-03 0.584E-04 0.141E-02 0.883E-04
      3       1       1    1024       4       4 0.721E-03 0.287E-02 0.572E-05 0.110E-04 0.441E-04 0.276E-05 0.362E-04 0.226E-05
      3       1       1 1048576       4       4 0.763E-02 0.985E-02 0.649E-02 0.715E-02 0.107E+00 0.671E-02 0.107E+00 0.670E-02
      3       1       1  131072       4       4 0.200E-02 0.449E-02 0.114E-02 0.144E-02 0.107E-01 0.670E-03 0.996E-02 0.623E-03
      3       1       1   16384       4       4 0.927E-03 0.311E-02 0.194E-03 0.224E-03 0.104E-02 0.647E-04 0.965E-03 0.603E-04
      3       1       1    2048       4       4 0.637E-03 0.250E-02 0.160E-04 0.250E-04 0.911E-04 0.569E-05 0.746E-04 0.466E-05
      3       1       1     256       4       4 0.651E-03 0.259E-02 0.250E-05 0.405E-05 0.229E-04 0.143E-05 0.141E-04 0.879E-06
      3       1       1  262144       4       4 0.316E-02 0.532E-02 0.241E-02 0.284E-02 0.225E-01 0.140E-02 0.209E-01 0.131E-02
      3       1       1   32768       4       4 0.109E-02 0.337E-02 0.399E-03 0.525E-03 0.217E-02 0.135E-03 0.216E-02 0.135E-03
      3       1       1    4096       4       4 0.791E-03 0.308E-02 0.358E-04 0.641E-04 0.250E-03 0.156E-04 0.190E-03 0.119E-04
      3       1       1     512       4       4 0.615E-03 0.244E-02 0.322E-05 0.596E-05 0.305E-04 0.191E-05 0.231E-04 0.145E-05
      3       1       1  524288       4       4 0.409E-02 0.602E-02 0.318E-02 0.350E-02 0.507E-01 0.317E-02 0.513E-01 0.321E-02
      3       1       1   65536       4       4 0.145E-02 0.370E-02 0.784E-03 0.992E-03 0.475E-02 0.297E-03 0.447E-02 0.279E-03
      3       1       1    8192       4       4 0.751E-03 0.280E-02 0.874E-04 0.104E-03 0.412E-03 0.257E-04 0.380E-03 0.238E-04
      3       1      12    1024       4       4 0.351E-02 0.140E-01 0.781E-05 0.181E-04 0.565E-04 0.353E-05 0.463E-04 0.289E-05
      3       1      12 1048576       4       4 0.349E-02 0.688E-02 0.231E-02 0.232E-02 0.355E-01 0.222E-02 0.374E-01 0.234E-02
      3       1      12  131072       4       4 0.461E-02 0.173E-01 0.380E-03 0.449E-03 0.510E-02 0.319E-03 0.443E-02 0.277E-03
      3       1      12   16384       4       4 0.431E-02 0.170E-01 0.832E-04 0.103E-03 0.965E-03 0.603E-04 0.841E-03 0.526E-04
      3       1      12    2048       4       4 0.440E-02 0.175E-01 0.193E-04 0.339E-04 0.109E-03 0.681E-05 0.849E-04 0.530E-05
      3       1      12     256       4       4 0.640E-02 0.256E-01 0.274E-05 0.596E-05 0.265E-04 0.165E-05 0.200E-04 0.125E-05
      3       1      12  262144       4       4 0.354E-02 0.123E-01 0.662E-03 0.848E-03 0.806E-02 0.504E-03 0.878E-02 0.549E-03
      3       1      12   32768       4       4 0.531E-02 0.209E-01 0.129E-03 0.140E-03 0.176E-02 0.110E-03 0.167E-02 0.104E-03
      3       1      12    4096       4       4 0.427E-02 0.170E-01 0.360E-04 0.560E-04 0.218E-03 0.136E-04 0.197E-03 0.123E-04
      3       1      12     512       4       4 0.645E-02 0.258E-01 0.793E-05 0.250E-04 0.348E-04 0.218E-05 0.217E-04 0.136E-05
      3       1      12  524288       4       4 0.772E-02 0.268E-01 0.138E-02 0.154E-02 0.208E-01 0.130E-02 0.200E-01 0.125E-02
      3       1      12   65536       4       4 0.422E-02 0.162E-01 0.233E-03 0.249E-03 0.301E-02 0.188E-03 0.258E-02 0.161E-03
      3       1      12    8192       4       4 0.423E-02 0.167E-01 0.100E-03 0.111E-03 0.437E-03 0.273E-04 0.402E-03 0.251E-04
      3       1      16    1024       4       4 0.197E-02 0.783E-02 0.751E-05 0.150E-04 0.498E-04 0.311E-05 0.443E-04 0.277E-05
      3       1      16 1048576       4       4 0.264E-02 0.422E-02 0.207E-02 0.233E-02 0.259E-01 0.162E-02 0.189E-01 0.118E-02
      3       1      16  131072       4       4 0.401E-02 0.150E-01 0.344E-03 0.368E-03 0.403E-02 0.252E-03 0.378E-02 0.236E-03
      3       1      16   16384       4       4 0.326E-02 0.129E-01 0.896E-04 0.106E-03 0.865E-03 0.541E-04 0.516E-03 0.322E-04
      3       1      16    2048       4       4 0.413E-02 0.165E-01 0.198E-04 0.331E-04 0.117E-03 0.730E-05 0.939E-04 0.587E-05
      3       1      16     256       4       4 0.399E-02 0.159E-01 0.328E-05 0.691E-05 0.236E-04 0.148E-05 0.176E-04 0.110E-05
      3       1      16  262144       4       4 0.283E-02 0.957E-02 0.580E-03 0.599E-03 0.659E-02 0.412E-03 0.500E-02 0.313E-03
      3       1      16   32768       4       4 0.431E-02 0.169E-01 0.120E-03 0.126E-03 0.137E-02 0.858E-04 0.109E-02 0.683E-04
      3       1      16    4096       4       4 0.441E-02 0.175E-01 0.369E-04 0.579E-04 0.228E-03 0.143E-04 0.201E-03 0.126E-04
      3       1      16     512       4       4 0.435E-02 0.174E-01 0.441E-05 0.906E-05 0.339E-04 0.212E-05 0.257E-04 0.161E-05
      3       1      16  524288       4       4 0.269E-02 0.789E-02 0.100E-02 0.113E-02 0.134E-01 0.836E-03 0.131E-01 0.822E-03
      3       1      16   65536       4       4 0.516E-02 0.201E-01 0.184E-03 0.195E-03 0.209E-02 0.131E-03 0.144E-02 0.899E-04
      3       1      16    8192       4       4 0.138E-02 0.530E-02 0.967E-04 0.112E-03 0.426E-03 0.266E-04 0.398E-03 0.249E-04
      3       1       2    1024       4       4 0.318E-02 0.127E-01 0.912E-05 0.238E-04 0.501E-04 0.313E-05 0.520E-04 0.325E-05
      3       1       2 1048576       4       4 0.130E-01 0.148E-01 0.122E-01 0.123E-01 0.101E+00 0.629E-02 0.994E-01 0.621E-02
      3       1       2  131072       4       4 0.228E-02 0.446E-02 0.154E-02 0.170E-02 0.126E-01 0.788E-03 0.155E-01 0.967E-03
      3       1       2   16384       4       4 0.747E-03 0.235E-02 0.193E-03 0.227E-03 0.107E-02 0.671E-04 0.967E-03 0.604E-04
      3       1       2    2048       4       4 0.319E-02 0.127E-01 0.214E-04 0.420E-04 0.141E-03 0.879E-05 0.951E-04 0.595E-05
      3       1       2     256       4       4 0.314E-02 0.125E-01 0.757E-05 0.241E-04 0.436E-04 0.273E-05 0.179E-04 0.112E-05
      3       1       2  262144       4       4 0.418E-02 0.750E-02 0.313E-02 0.319E-02 0.202E-01 0.126E-02 0.219E-01 0.137E-02
      3       1       2   32768       4       4 0.341E-02 0.123E-01 0.448E-03 0.514E-03 0.277E-02 0.173E-03 0.277E-02 0.173E-03
      3       1       2    4096       4       4 0.298E-02 0.118E-01 0.355E-04 0.660E-04 0.223E-03 0.140E-04 0.178E-03 0.111E-04
      3       1       2     512       4       4 0.311E-02 0.124E-01 0.105E-04 0.341E-04 0.319E-04 0.200E-05 0.274E-04 0.171E-05
      3       1       2  524288       4       4 0.675E-02 0.823E-02 0.621E-02 0.634E-02 0.629E-01 0.393E-02 0.879E-01 0.550E-02
      3       1       2   65536       4       4 0.285E-02 0.906E-02 0.879E-03 0.969E-03 0.575E-02 0.360E-03 0.538E-02 0.336E-03
      3       1       2    8192       4       4 0.301E-02 0.118E-01 0.911E-04 0.111E-03 0.409E-03 0.256E-04 0.392E-03 0.245E-04
      3       1      24    1024       4       4 0.404E-02 0.162E-01 0.727E-05 0.160E-04 0.708E-04 0.443E-05 0.434E-04 0.271E-05
      3       1      24 1048576       4       4 0.633E-02 0.194E-01 0.195E-02 0.199E-02 0.298E-01 0.186E-02 0.254E-01 0.159E-02
      3       1      24  131072       4       4 0.411E-02 0.145E-01 0.359E-03 0.378E-03 0.135E-01 0.841E-03 0.332E-02 0.208E-03
      3       1      24   16384       4       4 0.406E-02 0.160E-01 0.952E-04 0.115E-03 0.968E-03 0.605E-04 0.748E-03 0.467E-04
      3       1      24    2048       4       4 0.406E-02 0.162E-01 0.232E-04 0.319E-04 0.126E-03 0.788E-05 0.885E-04 0.553E-05
      3       1      24     256       4       4 0.411E-02 0.164E-01 0.471E-05 0.787E-05 0.343E-04 0.215E-05 0.405E-04 0.253E-05
      3       1      24  262144       4       4 0.558E-02 0.198E-01 0.500E-03 0.552E-03 0.714E-02 0.447E-03 0.505E-02 0.316E-03
      3       1      24   32768       4       4 0.399E-02 0.157E-01 0.149E-03 0.155E-03 0.142E-02 0.885E-04 0.120E-02 0.751E-04
      3       1      24    4096       4       4 0.421E-02 0.167E-01 0.563E-04 0.958E-04 0.288E-03 0.180E-04 0.264E-03 0.165E-04
      3       1      24     512       4       4 0.406E-02 0.162E-01 0.453E-05 0.906E-05 0.350E-04 0.219E-05 0.257E-04 0.161E-05
      3       1      24  524288       4       4 0.356E-02 0.112E-01 0.969E-03 0.998E-03 0.146E-01 0.911E-03 0.142E-01 0.890E-03
      3       1      24   65536       4       4 0.308E-02 0.119E-01 0.210E-03 0.245E-03 0.476E-02 0.297E-03 0.203E-02 0.127E-03
      3       1      24    8192       4       4 0.438E-02 0.172E-01 0.152E-03 0.185E-03 0.585E-03 0.366E-04 0.567E-03 0.354E-04
      3       1       4    1024       4       4 0.641E-02 0.256E-01 0.775E-05 0.191E-04 0.460E-04 0.288E-05 0.417E-04 0.261E-05
      3       1       4 1048576       4       4 0.975E-02 0.199E-01 0.639E-02 0.651E-02 0.569E-01 0.355E-02 0.531E-01 0.332E-02
      3       1       4  131072       4       4 0.540E-02 0.190E-01 0.856E-03 0.982E-03 0.894E-02 0.559E-03 0.112E-01 0.702E-03
      3       1       4   16384       4       4 0.439E-02 0.172E-01 0.145E-03 0.185E-03 0.991E-03 0.619E-04 0.930E-03 0.581E-04
      3       1       4    2048       4       4 0.410E-02 0.164E-01 0.176E-04 0.291E-04 0.954E-04 0.596E-05 0.765E-04 0.478E-05
      3       1       4     256       4       4 0.414E-02 0.165E-01 0.268E-05 0.596E-05 0.210E-04 0.131E-05 0.172E-04 0.107E-05
      3       1       4  262144       4       4 0.474E-02 0.142E-01 0.166E-02 0.175E-02 0.129E-01 0.804E-03 0.130E-01 0.812E-03
      3       1       4   32768       4       4 0.314E-02 0.119E-01 0.251E-03 0.289E-03 0.318E-02 0.199E-03 0.369E-02 0.231E-03
      3       1       4    4096       4       4 0.457E-02 0.182E-01 0.317E-04 0.489E-04 0.190E-03 0.119E-04 0.174E-03 0.109E-04
      3       1       4     512       4       4 0.727E-02 0.291E-01 0.399E-05 0.787E-05 0.288E-04 0.180E-05 0.229E-04 0.143E-05
      3       1       4  524288       4       4 0.431E-02 0.788E-02 0.323E-02 0.327E-02 0.335E-01 0.210E-02 0.431E-01 0.269E-02
      3       1       4   65536       4       4 0.377E-02 0.137E-01 0.534E-03 0.622E-03 0.381E-02 0.238E-03 0.338E-02 0.211E-03
      3       1       4    8192       4       4 0.422E-02 0.167E-01 0.935E-04 0.970E-04 0.427E-03 0.267E-04 0.393E-03 0.246E-04
      3       1       8    1024       4       4 0.640E-02 0.256E-01 0.626E-05 0.129E-04 0.515E-04 0.322E-05 0.410E-04 0.256E-05
      3       1       8 1048576       4       4 0.555E-02 0.120E-01 0.334E-02 0.337E-02 0.345E-01 0.216E-02 0.308E-01 0.192E-02
      3       1       8  131072       4       4 0.514E-02 0.190E-01 0.491E-03 0.571E-03 0.574E-02 0.359E-03 0.662E-02 0.414E-03
      3       1       8   16384       4       4 0.700E-02 0.273E-01 0.912E-04 0.999E-04 0.967E-03 0.604E-04 0.725E-03 0.453E-04
      3       1       8    2048       4       4 0.554E-02 0.221E-01 0.173E-04 0.272E-04 0.102E-03 0.638E-05 0.796E-04 0.498E-05
      3       1       8     256       4       4 0.641E-02 0.256E-01 0.268E-05 0.501E-05 0.257E-04 0.161E-05 0.160E-04 0.998E-06
      3       1       8  262144       4       4 0.600E-02 0.214E-01 0.950E-03 0.106E-02 0.841E-02 0.525E-03 0.710E-02 0.444E-03
      3       1       8   32768       4       4 0.692E-02 0.272E-01 0.180E-03 0.201E-03 0.226E-02 0.142E-03 0.204E-02 0.127E-03
      3       1       8    4096       4       4 0.616E-02 0.246E-01 0.345E-04 0.551E-04 0.206E-03 0.129E-04 0.182E-03 0.114E-04
      3       1       8     512       4       4 0.639E-02 0.255E-01 0.656E-05 0.141E-04 0.451E-04 0.282E-05 0.370E-04 0.231E-05
      3       1       8  524288       4       4 0.415E-02 0.115E-01 0.171E-02 0.178E-02 0.200E-01 0.125E-02 0.246E-01 0.154E-02
      3       1       8   65536       4       4 0.727E-02 0.282E-01 0.292E-03 0.339E-03 0.297E-02 0.185E-03 0.238E-02 0.149E-03
      3       1       8    8192       4       4 0.435E-02 0.172E-01 0.907E-04 0.101E-03 0.422E-03 0.264E-04 0.401E-03 0.251E-04
