      2       1       1    1024       4       4 0.722E-01 0.741E-01 0.630E-01 0.652E-01 0.577E-04 0.361E-05 0.558E-04 0.349E-05
      2       1       1   16384       4       4 0.488E+00 0.506E+00 0.453E+00 0.463E+00 0.179E-02 0.112E-03 0.175E-02 0.109E-03
      2       1       1    2048       4       4 0.996E-01 0.100E+00 0.894E-01 0.896E-01 0.146E-03 0.913E-05 0.139E-03 0.870E-05
      2       1      12    1024       4       4 0.161E+00 0.168E+00 0.152E+00 0.156E+00 0.402E-03 0.251E-04 0.384E-03 0.240E-04
      2       1      12   16384       4       4 0.594E+00 0.623E+00 0.536E+00 0.555E+00 0.536E-02 0.335E-03 0.140E-02 0.876E-04
      2       1      12    2048       4       4 0.237E+00 0.254E+00 0.219E+00 0.238E+00 0.645E-03 0.403E-04 0.639E-03 0.400E-04
      2       1      12     256       4       4 0.742E-01 0.770E-01 0.681E-01 0.728E-01 0.263E-03 0.165E-04 0.248E-03 0.155E-04
      2       1      12    4096       4       4 0.305E+00 0.339E+00 0.275E+00 0.295E+00 0.870E-03 0.544E-04 0.906E-03 0.566E-04
      2       1      12     512       4       4 0.105E+00 0.106E+00 0.944E-01 0.955E-01 0.308E-03 0.192E-04 0.292E-03 0.182E-04
      2       1       1     256       4       4 0.372E-01 0.378E-01 0.321E-01 0.323E-01 0.136E-04 0.849E-06 0.954E-05 0.596E-06
      2       1      12    8192       4       4 0.413E+00 0.439E+00 0.390E+00 0.423E+00 0.134E-01 0.838E-03 0.117E-02 0.730E-04
      2       1       1    4096       4       4 0.153E+00 0.154E+00 0.139E+00 0.139E+00 0.353E-03 0.221E-04 0.352E-03 0.220E-04
      2       1       1     512       4       4 0.519E-01 0.528E-01 0.451E-01 0.453E-01 0.253E-04 0.158E-05 0.257E-04 0.161E-05
      2       1      16    1024       4       4 0.145E+00 0.153E+00 0.137E+00 0.147E+00 0.550E-03 0.343E-04 0.540E-03 0.337E-04
      2       1      16   16384       4       4 0.584E+00 0.621E+00 0.503E+00 0.532E+00 0.462E-02 0.289E-03 0.116E-02 0.727E-04
      2       1      16    2048       4       4 0.218E+00 0.243E+00 0.198E+00 0.213E+00 0.761E-03 0.475E-04 0.721E-03 0.450E-04
      2       1      16     256       4       4 0.663E-01 0.688E-01 0.590E-01 0.600E-01 0.368E-03 0.230E-04 0.377E-03 0.236E-04
      2       1      16    4096       4       4 0.295E+00 0.298E+00 0.256E+00 0.258E+00 0.265E-02 0.166E-03 0.678E-03 0.423E-04
      2       1      16     512       4       4 0.992E-01 0.100E+00 0.889E-01 0.891E-01 0.468E-03 0.293E-04 0.459E-03 0.287E-04
      2       1      16    8192       4       4 0.400E+00 0.406E+00 0.353E+00 0.363E+00 0.276E-02 0.173E-03 0.801E-03 0.501E-04
      2       1       1    8192       4       4 0.261E+00 0.263E+00 0.245E+00 0.260E+00 0.720E-03 0.450E-04 0.773E-03 0.483E-04
      2       1       2    1024       4       4 0.873E-01 0.941E-01 0.750E-01 0.812E-01 0.257E-03 0.161E-04 0.256E-03 0.160E-04
      2       1       2   16384       4       4 0.464E+00 0.480E+00 0.430E+00 0.444E+00 0.162E-02 0.101E-03 0.167E-02 0.105E-03
      2       1       2    2048       4       4 0.111E+00 0.118E+00 0.101E+00 0.107E+00 0.344E-03 0.215E-04 0.329E-03 0.206E-04
      2       1       2     256       4       4 0.451E-01 0.472E-01 0.392E-01 0.422E-01 0.189E-03 0.118E-04 0.184E-03 0.115E-04
      2       1       2    4096       4       4 0.161E+00 0.161E+00 0.146E+00 0.146E+00 0.407E-03 0.255E-04 0.377E-03 0.235E-04
      2       1      24    1024       4       4 0.204E+00 0.238E+00 0.177E+00 0.184E+00 0.629E-03 0.393E-04 0.602E-03 0.376E-04
      2       1      24   16384       4       4 0.671E+00 0.707E+00 0.682E+00 0.710E+00 0.760E-02 0.475E-03 0.237E-02 0.148E-03
      2       1      24    2048       4       4 0.264E+00 0.267E+00 0.233E+00 0.235E+00 0.905E-03 0.565E-04 0.901E-03 0.563E-04
      2       1      24     256       4       4 0.786E-01 0.849E-01 0.694E-01 0.707E-01 0.377E-03 0.235E-04 0.372E-03 0.232E-04
      2       1      24    4096       4       4 0.421E+00 0.479E+00 0.380E+00 0.387E+00 0.773E-02 0.483E-03 0.156E-02 0.977E-04
      2       1      24     512       4       4 0.143E+00 0.164E+00 0.133E+00 0.140E+00 0.726E-03 0.454E-04 0.684E-03 0.427E-04
      2       1      24    8192       4       4 0.529E+00 0.558E+00 0.472E+00 0.513E+00 0.884E-02 0.552E-03 0.173E-02 0.108E-03
      2       1       2     512       4       4 0.636E-01 0.667E-01 0.543E-01 0.572E-01 0.212E-03 0.132E-04 0.209E-03 0.130E-04
      2       1       2    8192       4       4 0.258E+00 0.260E+00 0.237E+00 0.238E+00 0.692E-03 0.433E-04 0.664E-03 0.415E-04
      2       1       4    1024       4       4 0.110E+00 0.119E+00 0.961E-01 0.105E+00 0.403E-03 0.252E-04 0.372E-03 0.233E-04
      2       1       4   16384       4       4 0.461E+00 0.483E+00 0.401E+00 0.412E+00 0.998E-03 0.624E-04 0.109E-02 0.684E-04
      2       1       4    2048       4       4 0.139E+00 0.141E+00 0.122E+00 0.123E+00 0.287E-03 0.179E-04 0.283E-03 0.177E-04
      2       1       4     256       4       4 0.535E-01 0.574E-01 0.471E-01 0.511E-01 0.251E-03 0.157E-04 0.267E-03 0.167E-04
      2       1       4    4096       4       4 0.190E+00 0.191E+00 0.162E+00 0.165E+00 0.409E-03 0.255E-04 0.381E-03 0.238E-04
      2       1       4     512       4       4 0.708E-01 0.713E-01 0.629E-01 0.633E-01 0.234E-03 0.146E-04 0.248E-03 0.155E-04
      2       1       4    8192       4       4 0.284E+00 0.287E+00 0.242E+00 0.246E+00 0.574E-03 0.359E-04 0.581E-03 0.363E-04
      2      16       1    1024       4       4 0.231E+00 0.233E+00 0.180E+00 0.213E+00 0.738E-03 0.461E-04 0.448E-03 0.280E-04
      2      16       1   16384       4       4 0.188E+00 0.196E+00 0.156E+00 0.157E+00 0.125E-02 0.784E-04 0.112E-02 0.699E-04
      2      16       1    2048       4       4 0.785E-01 0.808E-01 0.605E-01 0.605E-01 0.494E-03 0.309E-04 0.419E-03 0.262E-04
      2      16       1     256       4       4 0.135E-01 0.168E-01 0.535E-02 0.610E-02 0.345E-03 0.215E-04 0.304E-03 0.190E-04
      2      16       1    4096       4       4 0.102E+00 0.105E+00 0.795E-01 0.807E-01 0.602E-03 0.377E-04 0.518E-03 0.324E-04
      2      16       1     512       4       4 0.422E-01 0.462E-01 0.305E-01 0.329E-01 0.370E-03 0.231E-04 0.318E-03 0.199E-04
      2      16       1    8192       4       4 0.148E+00 0.153E+00 0.123E+00 0.123E+00 0.819E-03 0.512E-04 0.735E-03 0.459E-04
      2       1       8    1024       4       4 0.125E+00 0.134E+00 0.110E+00 0.114E+00 0.425E-03 0.266E-04 0.392E-03 0.245E-04
      2       1       8   16384       4       4 0.488E+00 0.514E+00 0.431E+00 0.455E+00 0.115E-02 0.720E-04 0.117E-02 0.732E-04
      2       1       8    2048       4       4 0.174E+00 0.182E+00 0.161E+00 0.184E+00 0.458E-03 0.286E-04 0.450E-03 0.281E-04
      2       1       8     256       4       4 0.581E-01 0.587E-01 0.513E-01 0.522E-01 0.294E-03 0.184E-04 0.289E-03 0.181E-04
      2       1       8    4096       4       4 0.236E+00 0.244E+00 0.211E+00 0.235E+00 0.567E-03 0.354E-04 0.526E-03 0.329E-04
      2       1       8     512       4       4 0.789E-01 0.795E-01 0.717E-01 0.727E-01 0.305E-03 0.191E-04 0.300E-03 0.188E-04
      2       1       8    8192       4       4 0.329E+00 0.340E+00 0.280E+00 0.288E+00 0.798E-03 0.499E-04 0.788E-03 0.492E-04
      2       2       1    1024       4       4 0.115E+00 0.118E+00 0.989E-01 0.100E+00 0.211E-03 0.132E-04 0.179E-03 0.112E-04
      2       2       1   16384       4       4 0.504E+00 0.510E+00 0.462E+00 0.464E+00 0.310E-02 0.194E-03 0.301E-02 0.188E-03
      2       2       1    2048       4       4 0.151E+00 0.155E+00 0.132E+00 0.133E+00 0.473E-03 0.295E-04 0.440E-03 0.275E-04
      2       2      12    1024       4       4 0.345E+00 0.386E+00 0.292E+00 0.311E+00 0.152E-02 0.950E-04 0.144E-02 0.901E-04
      2       2      12   16384       4       4 0.140E+01 0.143E+01 0.133E+01 0.134E+01 0.135E-01 0.846E-03 0.562E-02 0.351E-03
      2       2      12    2048       4       4 0.461E+00 0.482E+00 0.413E+00 0.427E+00 0.751E-02 0.469E-03 0.178E-02 0.111E-03
      2       2      12     256       4       4 0.164E+00 0.186E+00 0.145E+00 0.166E+00 0.114E-02 0.715E-04 0.124E-02 0.777E-04
      2       2      12    4096       4       4 0.668E+00 0.695E+00 0.591E+00 0.607E+00 0.768E-02 0.480E-03 0.226E-02 0.142E-03
      2       2      12     512       4       4 0.222E+00 0.268E+00 0.201E+00 0.225E+00 0.120E-02 0.750E-04 0.115E-02 0.721E-04
      2       2       1     256       4       4 0.646E-01 0.671E-01 0.549E-01 0.559E-01 0.143E-03 0.896E-05 0.102E-03 0.639E-05
      2       2      12    8192       4       4 0.986E+00 0.101E+01 0.877E+00 0.894E+00 0.113E-01 0.709E-03 0.353E-02 0.220E-03
      2       2       1    4096       4       4 0.207E+00 0.218E+00 0.182E+00 0.184E+00 0.834E-03 0.521E-04 0.765E-03 0.478E-04
      2       2       1     512       4       4 0.861E-01 0.887E-01 0.738E-01 0.744E-01 0.160E-03 0.100E-04 0.137E-03 0.854E-05
      2       2       1    8192       4       4 0.314E+00 0.324E+00 0.282E+00 0.283E+00 0.157E-02 0.983E-04 0.152E-02 0.951E-04
      2       2       2    1024       4       4 0.153E+00 0.163E+00 0.135E+00 0.146E+00 0.773E-03 0.483E-04 0.789E-03 0.493E-04
      2       2       2   16384       4       4 0.606E+00 0.669E+00 0.542E+00 0.589E+00 0.402E-02 0.251E-03 0.371E-02 0.232E-03
      2       2       2    2048       4       4 0.212E+00 0.233E+00 0.186E+00 0.208E+00 0.102E-02 0.639E-04 0.107E-02 0.668E-04
      2       2       2     256       4       4 0.909E-01 0.964E-01 0.789E-01 0.829E-01 0.568E-03 0.355E-04 0.587E-03 0.367E-04
      2       2       2    4096       4       4 0.264E+00 0.287E+00 0.240E+00 0.271E+00 0.152E-02 0.953E-04 0.137E-02 0.859E-04
      2       2       2     512       4       4 0.119E+00 0.124E+00 0.104E+00 0.110E+00 0.638E-03 0.399E-04 0.675E-03 0.422E-04
      2       2       2    8192       4       4 0.395E+00 0.439E+00 0.358E+00 0.403E+00 0.238E-02 0.149E-03 0.218E-02 0.136E-03
      2       2       4    1024       4       4 0.203E+00 0.204E+00 0.183E+00 0.186E+00 0.119E-02 0.746E-04 0.101E-02 0.634E-04
      2       2       4   16384       4       4 0.845E+00 0.936E+00 0.762E+00 0.826E+00 0.461E-02 0.288E-03 0.402E-02 0.251E-03
      2       2       4    2048       4       4 0.284E+00 0.296E+00 0.252E+00 0.265E+00 0.138E-02 0.863E-04 0.127E-02 0.792E-04
      2       2       4     256       4       4 0.108E+00 0.112E+00 0.935E-01 0.964E-01 0.674E-03 0.421E-04 0.571E-03 0.357E-04
      2       2       4    4096       4       4 0.391E+00 0.412E+00 0.345E+00 0.369E+00 0.200E-02 0.125E-03 0.197E-02 0.123E-03
      2       2       4     512       4       4 0.141E+00 0.143E+00 0.127E+00 0.136E+00 0.994E-03 0.621E-04 0.917E-03 0.573E-04
      2       2       4    8192       4       4 0.545E+00 0.608E+00 0.464E+00 0.512E+00 0.310E-02 0.194E-03 0.283E-02 0.177E-03
      2       2       8    1024       4       4 0.211E+00 0.230E+00 0.191E+00 0.208E+00 0.131E-02 0.817E-04 0.123E-02 0.769E-04
      2       2       8   16384       4       4 0.958E+00 0.102E+01 0.805E+00 0.833E+00 0.519E-02 0.324E-03 0.448E-02 0.280E-03
      2       2       8    2048       4       4 0.302E+00 0.304E+00 0.269E+00 0.274E+00 0.243E-02 0.152E-03 0.148E-02 0.922E-04
      2       2       8     256       4       4 0.126E+00 0.131E+00 0.110E+00 0.113E+00 0.118E-02 0.738E-04 0.107E-02 0.669E-04
      2       2       8    4096       4       4 0.405E+00 0.410E+00 0.358E+00 0.362E+00 0.501E-02 0.313E-03 0.180E-02 0.113E-03
      2       2       8     512       4       4 0.176E+00 0.180E+00 0.160E+00 0.162E+00 0.133E-02 0.833E-04 0.127E-02 0.794E-04
      2       2       8    8192       4       4 0.582E+00 0.637E+00 0.523E+00 0.562E+00 0.478E-02 0.299E-03 0.276E-02 0.173E-03
      2       4       1    1024       4       4 0.921E-01 0.943E-01 0.778E-01 0.781E-01 0.267E-03 0.167E-04 0.228E-03 0.142E-04
      2       4       1   16384       4       4 0.330E+00 0.336E+00 0.293E+00 0.294E+00 0.183E-02 0.114E-03 0.180E-02 0.113E-03
      2       4       1    2048       4       4 0.124E+00 0.130E+00 0.104E+00 0.105E+00 0.376E-03 0.235E-04 0.322E-03 0.201E-04
      2       4       1     256       4       4 0.457E-01 0.489E-01 0.373E-01 0.376E-01 0.185E-03 0.115E-04 0.134E-03 0.836E-05
      2       4       1    4096       4       4 0.160E+00 0.164E+00 0.137E+00 0.138E+00 0.553E-03 0.345E-04 0.527E-03 0.329E-04
      2       4       1     512       4       4 0.720E-01 0.743E-01 0.601E-01 0.610E-01 0.226E-03 0.141E-04 0.178E-03 0.111E-04
      2       4       1    8192       4       4 0.217E+00 0.222E+00 0.190E+00 0.191E+00 0.111E-02 0.696E-04 0.104E-02 0.651E-04
      2       4       2    1024       4       4 0.136E+00 0.143E+00 0.118E+00 0.122E+00 0.886E-03 0.554E-04 0.929E-03 0.581E-04
      2       4       2   16384       4       4 0.433E+00 0.464E+00 0.383E+00 0.408E+00 0.315E-02 0.197E-03 0.301E-02 0.188E-03
      2       4       2    2048       4       4 0.185E+00 0.192E+00 0.157E+00 0.165E+00 0.102E-02 0.638E-04 0.104E-02 0.648E-04
      2       4       2     256       4       4 0.725E-01 0.782E-01 0.603E-01 0.641E-01 0.648E-03 0.405E-04 0.751E-03 0.470E-04
      2       4       2    4096       4       4 0.239E+00 0.259E+00 0.202E+00 0.218E+00 0.137E-02 0.859E-04 0.144E-02 0.902E-04
      2       4       2     512       4       4 0.113E+00 0.114E+00 0.936E-01 0.962E-01 0.904E-03 0.565E-04 0.942E-03 0.589E-04
      2       4       2    8192       4       4 0.299E+00 0.317E+00 0.259E+00 0.280E+00 0.196E-02 0.123E-03 0.197E-02 0.123E-03
      2       4       4    1024       4       4 0.154E+00 0.159E+00 0.134E+00 0.138E+00 0.117E-02 0.730E-04 0.122E-02 0.765E-04
      2       4       4   16384       4       4 0.503E+00 0.518E+00 0.428E+00 0.437E+00 0.407E-02 0.254E-03 0.352E-02 0.220E-03
      2       4       4    2048       4       4 0.197E+00 0.199E+00 0.170E+00 0.175E+00 0.131E-02 0.822E-04 0.141E-02 0.879E-04
      2       4       4     256       4       4 0.849E-01 0.893E-01 0.701E-01 0.740E-01 0.105E-02 0.657E-04 0.112E-02 0.700E-04
      2       4       4    4096       4       4 0.277E+00 0.282E+00 0.239E+00 0.242E+00 0.180E-02 0.112E-03 0.187E-02 0.117E-03
      2       4       4     512       4       4 0.122E+00 0.135E+00 0.101E+00 0.107E+00 0.101E-02 0.630E-04 0.111E-02 0.693E-04
      2       4       4    8192       4       4 0.368E+00 0.392E+00 0.324E+00 0.327E+00 0.280E-02 0.175E-03 0.256E-02 0.160E-03
      2       8       1    1024       4       4 0.791E-01 0.849E-01 0.648E-01 0.655E-01 0.353E-03 0.220E-04 0.281E-03 0.175E-04
      2       8       1   16384       4       4 0.229E+00 0.233E+00 0.198E+00 0.200E+00 0.135E-02 0.844E-04 0.131E-02 0.821E-04
      2       8       1    2048       4       4 0.995E-01 0.104E+00 0.820E-01 0.833E-01 0.454E-03 0.284E-04 0.390E-03 0.244E-04
      2       8       1     256       4       4 0.319E-01 0.323E-01 0.237E-01 0.244E-01 0.318E-03 0.199E-04 0.265E-03 0.166E-04
      2       8       1    4096       4       4 0.128E+00 0.132E+00 0.107E+00 0.111E+00 0.597E-03 0.373E-04 0.516E-03 0.323E-04
      2       8       1     512       4       4 0.452E-01 0.474E-01 0.328E-01 0.331E-01 0.323E-03 0.202E-04 0.274E-03 0.171E-04
      2       8       1    8192       4       4 0.173E+00 0.187E+00 0.145E+00 0.147E+00 0.815E-03 0.509E-04 0.772E-03 0.482E-04
      2       8       2    1024       4       4 0.119E+00 0.121E+00 0.971E-01 0.998E-01 0.113E-02 0.708E-04 0.121E-02 0.756E-04
      2       8       2   16384       4       4 0.332E+00 0.347E+00 0.281E+00 0.296E+00 0.269E-02 0.168E-03 0.281E-02 0.176E-03
      2       8       2    2048       4       4 0.154E+00 0.159E+00 0.127E+00 0.128E+00 0.131E-02 0.817E-04 0.136E-02 0.850E-04
      2       8       2     256       4       4 0.512E-01 0.539E-01 0.380E-01 0.412E-01 0.101E-02 0.631E-04 0.113E-02 0.705E-04
      2       8       2    4096       4       4 0.198E+00 0.200E+00 0.162E+00 0.163E+00 0.161E-02 0.101E-03 0.169E-02 0.105E-03
      2       8       2     512       4       4 0.667E-01 0.700E-01 0.505E-01 0.525E-01 0.604E-03 0.378E-04 0.760E-03 0.475E-04
      2       8       2    8192       4       4 0.270E+00 0.277E+00 0.227E+00 0.230E+00 0.193E-02 0.120E-03 0.195E-02 0.122E-03
      3       1       1    1024       4       4 0.807E-03 0.313E-02 0.238E-06 0.954E-06 0.310E-03 0.194E-04 0.201E-03 0.126E-04
      3       1       1 1048576       4       4 0.167E-01 0.203E-01 0.000E+00 0.000E+00 0.260E+00 0.162E-01 0.265E+00 0.166E-01
      3       1       1  131072       4       4 0.274E-02 0.523E-02 0.000E+00 0.000E+00 0.240E-01 0.150E-02 0.238E-01 0.149E-02
      3       1       1   16384       4       4 0.104E-02 0.335E-02 0.000E+00 0.000E+00 0.297E-02 0.186E-03 0.288E-02 0.180E-03
      3       1       1    2048       4       4 0.754E-03 0.288E-02 0.238E-06 0.954E-06 0.462E-03 0.289E-04 0.347E-03 0.217E-04
      3       1      12    1024       4       4 0.441E-02 0.175E-01 0.000E+00 0.000E+00 0.465E-03 0.291E-04 0.307E-03 0.192E-04
      3       1      12 1048576       4       4 0.193E-01 0.231E-01 0.238E-06 0.954E-06 0.254E+00 0.159E-01 0.247E+00 0.155E-01
      3       1      12  131072       4       4 0.530E-02 0.146E-01 0.000E+00 0.000E+00 0.258E-01 0.161E-02 0.254E-01 0.159E-02
      3       1      12   16384       4       4 0.454E-02 0.172E-01 0.536E-06 0.119E-05 0.390E-02 0.244E-03 0.358E-02 0.224E-03
      3       1      12    2048       4       4 0.453E-02 0.180E-01 0.000E+00 0.000E+00 0.609E-03 0.381E-04 0.515E-03 0.322E-04
      3       1      12     256       4       4 0.447E-02 0.178E-01 0.238E-06 0.954E-06 0.360E-03 0.225E-04 0.218E-03 0.136E-04
      3       1      12  262144       4       4 0.730E-02 0.157E-01 0.000E+00 0.000E+00 0.529E-01 0.331E-02 0.502E-01 0.314E-02
      3       1      12   32768       4       4 0.366E-02 0.129E-01 0.000E+00 0.000E+00 0.670E-02 0.419E-03 0.640E-02 0.400E-03
      3       1      12    4096       4       4 0.429E-02 0.169E-01 0.238E-06 0.954E-06 0.106E-02 0.663E-04 0.844E-03 0.528E-04
      3       1      12     512       4       4 0.422E-02 0.168E-01 0.000E+00 0.000E+00 0.363E-03 0.227E-04 0.216E-03 0.135E-04
      3       1      12  524288       4       4 0.113E-01 0.181E-01 0.000E+00 0.000E+00 0.112E+00 0.697E-02 0.102E+00 0.638E-02
      3       1       1     256       4       4 0.817E-03 0.322E-02 0.298E-06 0.119E-05 0.203E-03 0.127E-04 0.951E-04 0.595E-05
      3       1       1  262144       4       4 0.486E-02 0.783E-02 0.000E+00 0.000E+00 0.491E-01 0.307E-02 0.482E-01 0.302E-02
      3       1      12   65536       4       4 0.498E-02 0.165E-01 0.000E+00 0.000E+00 0.130E-01 0.813E-03 0.130E-01 0.812E-03
      3       1      12    8192       4       4 0.445E-02 0.173E-01 0.238E-06 0.954E-06 0.222E-02 0.139E-03 0.195E-02 0.122E-03
      3       1       1   32768       4       4 0.128E-02 0.355E-02 0.000E+00 0.000E+00 0.623E-02 0.390E-03 0.623E-02 0.390E-03
      3       1       1    4096       4       4 0.759E-03 0.283E-02 0.000E+00 0.000E+00 0.801E-03 0.501E-04 0.677E-03 0.423E-04
      3       1       1     512       4       4 0.740E-03 0.290E-02 0.000E+00 0.000E+00 0.242E-03 0.152E-04 0.132E-03 0.824E-05
      3       1       1  524288       4       4 0.888E-02 0.120E-01 0.000E+00 0.000E+00 0.113E+00 0.703E-02 0.104E+00 0.652E-02
      3       1      16    1024       4       4 0.435E-02 0.173E-01 0.000E+00 0.000E+00 0.528E-03 0.330E-04 0.304E-03 0.190E-04
      3       1      16 1048576       4       4 0.209E-01 0.295E-01 0.000E+00 0.000E+00 0.249E+00 0.156E-01 0.245E+00 0.153E-01
      3       1      16  131072       4       4 0.599E-02 0.173E-01 0.000E+00 0.000E+00 0.258E-01 0.161E-02 0.257E-01 0.160E-02
      3       1      16   16384       4       4 0.649E-02 0.251E-01 0.000E+00 0.000E+00 0.391E-02 0.245E-03 0.360E-02 0.225E-03
      3       1      16    2048       4       4 0.438E-02 0.173E-01 0.238E-06 0.954E-06 0.708E-03 0.442E-04 0.496E-03 0.310E-04
      3       1      16     256       4       4 0.734E-02 0.293E-01 0.000E+00 0.000E+00 0.442E-03 0.276E-04 0.230E-03 0.144E-04
      3       1      16  262144       4       4 0.602E-02 0.109E-01 0.298E-06 0.119E-05 0.508E-01 0.317E-02 0.506E-01 0.316E-02
      3       1      16   32768       4       4 0.450E-02 0.162E-01 0.000E+00 0.000E+00 0.664E-02 0.415E-03 0.646E-02 0.404E-03
      3       1      16    4096       4       4 0.401E-02 0.158E-01 0.000E+00 0.000E+00 0.108E-02 0.678E-04 0.880E-03 0.550E-04
      3       1      16     512       4       4 0.522E-02 0.208E-01 0.000E+00 0.000E+00 0.406E-03 0.254E-04 0.255E-03 0.159E-04
      3       1      16  524288       4       4 0.112E-01 0.178E-01 0.000E+00 0.000E+00 0.106E+00 0.663E-02 0.985E-01 0.616E-02
      3       1       1   65536       4       4 0.188E-02 0.447E-02 0.000E+00 0.000E+00 0.122E-01 0.761E-03 0.123E-01 0.771E-03
      3       1      16   65536       4       4 0.525E-02 0.166E-01 0.238E-06 0.954E-06 0.149E-01 0.934E-03 0.145E-01 0.907E-03
      3       1      16    8192       4       4 0.440E-02 0.172E-01 0.238E-06 0.954E-06 0.238E-02 0.149E-03 0.209E-02 0.131E-03
      3       1       1    8192       4       4 0.867E-03 0.309E-02 0.000E+00 0.000E+00 0.157E-02 0.980E-04 0.143E-02 0.897E-04
      3       1       2    1024       4       4 0.750E-03 0.291E-02 0.000E+00 0.000E+00 0.381E-03 0.238E-04 0.241E-03 0.151E-04
      3       1       2 1048576       4       4 0.178E-01 0.233E-01 0.000E+00 0.000E+00 0.241E+00 0.150E-01 0.237E+00 0.148E-01
      3       1       2  131072       4       4 0.310E-02 0.647E-02 0.477E-06 0.954E-06 0.250E-01 0.156E-02 0.249E-01 0.156E-02
      3       1       2   16384       4       4 0.346E-02 0.130E-01 0.000E+00 0.000E+00 0.326E-02 0.204E-03 0.302E-02 0.189E-03
      3       1       2    2048       4       4 0.746E-03 0.285E-02 0.000E+00 0.000E+00 0.529E-03 0.331E-04 0.389E-03 0.243E-04
      3       1       2     256       4       4 0.715E-03 0.281E-02 0.000E+00 0.000E+00 0.257E-03 0.161E-04 0.124E-03 0.775E-05
      3       1       2  262144       4       4 0.514E-02 0.864E-02 0.000E+00 0.000E+00 0.470E-01 0.294E-02 0.450E-01 0.281E-02
      3       1       2   32768       4       4 0.316E-02 0.111E-01 0.000E+00 0.000E+00 0.612E-02 0.383E-03 0.610E-02 0.381E-03
      3       1       2    4096       4       4 0.745E-03 0.273E-02 0.000E+00 0.000E+00 0.897E-03 0.561E-04 0.748E-03 0.467E-04
      3       1      24    1024       4       4 0.332E-02 0.131E-01 0.238E-06 0.954E-06 0.682E-03 0.426E-04 0.426E-03 0.266E-04
      3       1      24 1048576       4       4 0.230E-01 0.258E-01 0.477E-06 0.954E-06 0.290E+00 0.181E-01 0.286E+00 0.179E-01
      3       1      24  131072       4       4 0.483E-02 0.126E-01 0.000E+00 0.000E+00 0.273E-01 0.171E-02 0.270E-01 0.169E-02
      3       1      24   16384       4       4 0.459E-02 0.174E-01 0.000E+00 0.000E+00 0.513E-02 0.321E-03 0.454E-02 0.284E-03
      3       1      24    2048       4       4 0.336E-02 0.133E-01 0.238E-06 0.954E-06 0.161E-02 0.100E-03 0.517E-03 0.323E-04
      3       1      24     256       4       4 0.399E-02 0.159E-01 0.238E-06 0.954E-06 0.190E-02 0.119E-03 0.199E-03 0.124E-04
      3       1      24  262144       4       4 0.739E-02 0.163E-01 0.000E+00 0.000E+00 0.541E-01 0.338E-02 0.538E-01 0.336E-02
      3       1      24   32768       4       4 0.377E-02 0.127E-01 0.298E-06 0.119E-05 0.145E-01 0.906E-03 0.822E-02 0.514E-03
      3       1      24    4096       4       4 0.212E-02 0.816E-02 0.000E+00 0.000E+00 0.138E-02 0.862E-04 0.112E-02 0.698E-04
      3       1      24     512       4       4 0.433E-02 0.172E-01 0.000E+00 0.000E+00 0.983E-03 0.614E-04 0.244E-03 0.153E-04
      3       1      24  524288       4       4 0.106E-01 0.158E-01 0.238E-06 0.954E-06 0.112E+00 0.699E-02 0.106E+00 0.662E-02
      3       1      24   65536       4       4 0.962E-02 0.341E-01 0.000E+00 0.000E+00 0.168E-01 0.105E-02 0.161E-01 0.101E-02
      3       1      24    8192       4       4 0.616E-02 0.240E-01 0.000E+00 0.000E+00 0.319E-02 0.199E-03 0.293E-02 0.183E-03
      3       1       2     512       4       4 0.720E-03 0.282E-02 0.000E+00 0.000E+00 0.314E-03 0.196E-04 0.159E-03 0.992E-05
      3       1       2  524288       4       4 0.982E-02 0.154E-01 0.238E-06 0.954E-06 0.102E+00 0.636E-02 0.922E-01 0.576E-02
      3       1       2   65536       4       4 0.250E-02 0.678E-02 0.000E+00 0.000E+00 0.117E-01 0.729E-03 0.116E-01 0.723E-03
      3       1       2    8192       4       4 0.369E-02 0.144E-01 0.238E-06 0.954E-06 0.174E-02 0.109E-03 0.162E-02 0.101E-03
      3       1       4    1024       4       4 0.525E-02 0.209E-01 0.000E+00 0.000E+00 0.392E-03 0.245E-04 0.258E-03 0.161E-04
      3       1       4 1048576       4       4 0.180E-01 0.226E-01 0.238E-06 0.954E-06 0.252E+00 0.157E-01 0.245E+00 0.153E-01
      3       1       4  131072       4       4 0.279E-02 0.499E-02 0.000E+00 0.000E+00 0.233E-01 0.146E-02 0.234E-01 0.147E-02
      3       1       4   16384       4       4 0.516E-02 0.198E-01 0.298E-06 0.119E-05 0.341E-02 0.213E-03 0.317E-02 0.198E-03
      3       1       4    2048       4       4 0.424E-02 0.168E-01 0.000E+00 0.000E+00 0.552E-03 0.345E-04 0.415E-03 0.260E-04
      3       1       4     256       4       4 0.525E-02 0.210E-01 0.000E+00 0.000E+00 0.275E-03 0.172E-04 0.131E-03 0.818E-05
      3       1       4  262144       4       4 0.621E-02 0.126E-01 0.000E+00 0.000E+00 0.494E-01 0.309E-02 0.495E-01 0.309E-02
      3       1       4   32768       4       4 0.408E-02 0.147E-01 0.000E+00 0.000E+00 0.635E-02 0.397E-03 0.620E-02 0.388E-03
      3       1       4    4096       4       4 0.423E-02 0.167E-01 0.238E-06 0.954E-06 0.918E-03 0.574E-04 0.763E-03 0.477E-04
      3       1       4     512       4       4 0.525E-02 0.209E-01 0.000E+00 0.000E+00 0.311E-03 0.194E-04 0.167E-03 0.105E-04
      3       1       4  524288       4       4 0.954E-02 0.135E-01 0.238E-06 0.954E-06 0.107E+00 0.671E-02 0.101E+00 0.632E-02
      3       1       4   65536       4       4 0.437E-02 0.142E-01 0.000E+00 0.000E+00 0.114E-01 0.715E-03 0.115E-01 0.716E-03
      3       1       4    8192       4       4 0.520E-02 0.204E-01 0.238E-06 0.954E-06 0.189E-02 0.118E-03 0.164E-02 0.102E-03
      3      16       1    1024       4       4 0.181E-01 0.722E-01 0.322E-05 0.787E-05 0.166E-02 0.104E-03 0.192E-02 0.120E-03
      3      16       1 1048576       4       4 0.261E-01 0.101E+00 0.429E-05 0.811E-05 0.164E+00 0.102E-01 0.120E+00 0.748E-02
      3      16       1  131072       4       4 0.227E-01 0.900E-01 0.399E-05 0.811E-05 0.231E-01 0.144E-02 0.144E-01 0.899E-03
      3      16       1   16384       4       4 0.346E-01 0.138E+00 0.328E-05 0.691E-05 0.488E-02 0.305E-03 0.393E-02 0.246E-03
      3      16       1    2048       4       4 0.192E-01 0.766E-01 0.250E-05 0.596E-05 0.238E-02 0.149E-03 0.137E-02 0.857E-04
      3      16       1  262144       4       4 0.373E-01 0.148E+00 0.435E-05 0.811E-05 0.444E-01 0.277E-02 0.291E-01 0.182E-02
      3      16       1   32768       4       4 0.491E-01 0.196E+00 0.145E-04 0.510E-04 0.507E-01 0.317E-02 0.615E-02 0.384E-03
      3      16       1    4096       4       4 0.169E-01 0.675E-01 0.387E-05 0.691E-05 0.199E-02 0.125E-03 0.166E-02 0.104E-03
      3      16       1  524288       4       4 0.162E-01 0.626E-01 0.441E-05 0.882E-05 0.831E-01 0.519E-02 0.564E-01 0.352E-02
      3      16       1   65536       4       4 0.276E-01 0.110E+00 0.477E-05 0.811E-05 0.140E-01 0.876E-03 0.889E-02 0.556E-03
      3      16       1    8192       4       4 0.262E-01 0.105E+00 0.393E-05 0.691E-05 0.420E-02 0.262E-03 0.264E-02 0.165E-03
      3       1       8    1024       4       4 0.643E-02 0.256E-01 0.000E+00 0.000E+00 0.422E-03 0.264E-04 0.276E-03 0.172E-04
      3       1       8 1048576       4       4 0.181E-01 0.211E-01 0.000E+00 0.000E+00 0.249E+00 0.156E-01 0.242E+00 0.151E-01
      3       1       8  131072       4       4 0.478E-02 0.125E-01 0.000E+00 0.000E+00 0.245E-01 0.153E-02 0.247E-01 0.154E-02
      3       1       8   16384       4       4 0.569E-02 0.216E-01 0.000E+00 0.000E+00 0.431E-02 0.269E-03 0.394E-02 0.246E-03
      3       1       8    2048       4       4 0.719E-02 0.286E-01 0.000E+00 0.000E+00 0.593E-03 0.370E-04 0.451E-03 0.282E-04
      3       1       8     256       4       4 0.660E-02 0.263E-01 0.298E-06 0.119E-05 0.234E-01 0.146E-02 0.220E-03 0.137E-04
      3       1       8  262144       4       4 0.583E-02 0.102E-01 0.238E-06 0.954E-06 0.501E-01 0.313E-02 0.487E-01 0.305E-02
      3       1       8   32768       4       4 0.559E-02 0.206E-01 0.000E+00 0.000E+00 0.656E-02 0.410E-03 0.638E-02 0.399E-03
      3       1       8    4096       4       4 0.546E-02 0.216E-01 0.000E+00 0.000E+00 0.966E-03 0.604E-04 0.844E-03 0.528E-04
      3       1       8     512       4       4 0.440E-02 0.175E-01 0.000E+00 0.000E+00 0.343E-03 0.214E-04 0.192E-03 0.120E-04
      3       1       8  524288       4       4 0.985E-02 0.122E-01 0.000E+00 0.000E+00 0.107E+00 0.668E-02 0.101E+00 0.629E-02
      3       1       8   65536       4       4 0.461E-02 0.150E-01 0.000E+00 0.000E+00 0.123E-01 0.766E-03 0.119E-01 0.744E-03
      3       1       8    8192       4       4 0.443E-02 0.173E-01 0.238E-06 0.954E-06 0.202E-02 0.126E-03 0.177E-02 0.111E-03
      3       2       1    1024       4       4 0.843E-02 0.336E-01 0.155E-05 0.191E-05 0.550E-03 0.343E-04 0.385E-03 0.240E-04
      3       2       1 1048576       4       4 0.129E-01 0.275E-01 0.954E-06 0.954E-06 0.216E+00 0.135E-01 0.185E+00 0.115E-01
      3       2       1  131072       4       4 0.835E-02 0.304E-01 0.137E-05 0.215E-05 0.233E-01 0.146E-02 0.209E-01 0.130E-02
      3       2       1   16384       4       4 0.422E-02 0.163E-01 0.167E-05 0.191E-05 0.359E-02 0.224E-03 0.303E-02 0.190E-03
      3       2       1    2048       4       4 0.829E-02 0.330E-01 0.203E-05 0.215E-05 0.758E-03 0.474E-04 0.528E-03 0.330E-04
      3       2      12    1024       4       4 0.101E-01 0.402E-01 0.775E-06 0.119E-05 0.829E-03 0.518E-04 0.557E-03 0.348E-04
      3       2      12 1048576       4       4 0.138E-01 0.281E-01 0.101E-05 0.119E-05 0.227E+00 0.142E-01 0.188E+00 0.118E-01
      3       2      12  131072       4       4 0.683E-02 0.239E-01 0.167E-05 0.191E-05 0.253E-01 0.158E-02 0.229E-01 0.143E-02
      3       2      12   16384       4       4 0.791E-02 0.310E-01 0.101E-05 0.119E-05 0.421E-02 0.263E-03 0.345E-02 0.216E-03
      3       2      12    2048       4       4 0.103E-01 0.410E-01 0.149E-05 0.310E-05 0.117E-02 0.729E-04 0.870E-03 0.544E-04
      3       2      12     256       4       4 0.701E-02 0.280E-01 0.715E-06 0.954E-06 0.532E-03 0.333E-04 0.277E-03 0.173E-04
      3       2      12  262144       4       4 0.768E-02 0.237E-01 0.125E-05 0.215E-05 0.542E-01 0.339E-02 0.438E-01 0.274E-02
      3       2      12   32768       4       4 0.720E-02 0.277E-01 0.101E-05 0.119E-05 0.693E-02 0.433E-03 0.598E-02 0.374E-03
      3       2      12    4096       4       4 0.720E-02 0.286E-01 0.149E-05 0.191E-05 0.244E-02 0.152E-03 0.129E-02 0.805E-04
      3       2      12     512       4       4 0.996E-02 0.398E-01 0.155E-05 0.215E-05 0.785E-03 0.491E-04 0.553E-03 0.346E-04
      3       2      12  524288       4       4 0.115E-01 0.285E-01 0.197E-05 0.215E-05 0.113E+00 0.707E-02 0.944E-01 0.590E-02
      3       2       1     256       4       4 0.469E-02 0.187E-01 0.954E-06 0.954E-06 0.358E-03 0.224E-04 0.224E-03 0.140E-04
      3       2       1  262144       4       4 0.722E-02 0.225E-01 0.131E-05 0.215E-05 0.487E-01 0.304E-02 0.400E-01 0.250E-02
      3       2      12   65536       4       4 0.894E-02 0.339E-01 0.775E-06 0.119E-05 0.113E-01 0.707E-03 0.987E-02 0.617E-03
      3       2      12    8192       4       4 0.708E-02 0.280E-01 0.107E-05 0.119E-05 0.185E-02 0.115E-03 0.153E-02 0.957E-04
      3       2       1   32768       4       4 0.380E-02 0.143E-01 0.131E-05 0.191E-05 0.624E-02 0.390E-03 0.544E-02 0.340E-03
      3       2       1    4096       4       4 0.418E-02 0.166E-01 0.149E-05 0.215E-05 0.121E-02 0.756E-04 0.954E-03 0.596E-04
      3       2       1     512       4       4 0.844E-02 0.337E-01 0.143E-05 0.191E-05 0.476E-03 0.298E-04 0.353E-03 0.221E-04
      3       2       1  524288       4       4 0.866E-02 0.227E-01 0.119E-05 0.191E-05 0.981E-01 0.613E-02 0.818E-01 0.511E-02
      3       2       1   65536       4       4 0.505E-02 0.185E-01 0.173E-05 0.215E-05 0.123E-01 0.766E-03 0.107E-01 0.668E-03
      3       2       1    8192       4       4 0.854E-02 0.339E-01 0.197E-05 0.215E-05 0.195E-02 0.122E-03 0.157E-02 0.984E-04
      3       2       2    1024       4       4 0.553E-02 0.220E-01 0.167E-05 0.191E-05 0.608E-03 0.380E-04 0.418E-03 0.261E-04
      3       2       2 1048576       4       4 0.127E-01 0.264E-01 0.173E-05 0.215E-05 0.207E+00 0.129E-01 0.178E+00 0.111E-01
      3       2       2  131072       4       4 0.709E-02 0.251E-01 0.954E-06 0.954E-06 0.210E-01 0.131E-02 0.181E-01 0.113E-02
      3       2       2   16384       4       4 0.480E-02 0.188E-01 0.149E-05 0.191E-05 0.379E-02 0.237E-03 0.338E-02 0.211E-03
      3       2       2    2048       4       4 0.547E-02 0.218E-01 0.954E-06 0.954E-06 0.835E-03 0.522E-04 0.600E-03 0.375E-04
      3       2       2     256       4       4 0.568E-02 0.226E-01 0.173E-05 0.215E-05 0.520E-03 0.325E-04 0.368E-03 0.230E-04
      3       2       2  262144       4       4 0.691E-02 0.212E-01 0.179E-05 0.215E-05 0.493E-01 0.308E-02 0.437E-01 0.273E-02
      3       2       2   32768       4       4 0.524E-02 0.201E-01 0.119E-05 0.191E-05 0.693E-02 0.433E-03 0.612E-02 0.382E-03
      3       2       2    4096       4       4 0.635E-02 0.253E-01 0.131E-05 0.215E-05 0.136E-02 0.847E-04 0.103E-02 0.641E-04
      3       2       2     512       4       4 0.378E-02 0.150E-01 0.715E-06 0.954E-06 0.672E-03 0.420E-04 0.452E-03 0.283E-04
      3       2       2  524288       4       4 0.123E-01 0.365E-01 0.173E-05 0.215E-05 0.927E-01 0.580E-02 0.779E-01 0.487E-02
      3       2       2   65536       4       4 0.874E-02 0.333E-01 0.113E-05 0.119E-05 0.125E-01 0.781E-03 0.115E-01 0.716E-03
      3       2       2    8192       4       4 0.699E-02 0.277E-01 0.155E-05 0.191E-05 0.200E-02 0.125E-03 0.170E-02 0.106E-03
      3       2       4    1024       4       4 0.879E-02 0.351E-01 0.173E-05 0.215E-05 0.666E-03 0.416E-04 0.466E-03 0.291E-04
      3       2       4 1048576       4       4 0.146E-01 0.322E-01 0.197E-05 0.215E-05 0.214E+00 0.133E-01 0.186E+00 0.117E-01
      3       2       4  131072       4       4 0.728E-02 0.258E-01 0.203E-05 0.215E-05 0.237E-01 0.148E-02 0.216E-01 0.135E-02
      3       2       4   16384       4       4 0.100E-01 0.397E-01 0.179E-05 0.215E-05 0.388E-02 0.243E-03 0.330E-02 0.207E-03
      3       2       4    2048       4       4 0.718E-02 0.286E-01 0.173E-05 0.215E-05 0.835E-03 0.522E-04 0.658E-03 0.411E-04
      3       2       4     256       4       4 0.108E-01 0.430E-01 0.155E-05 0.215E-05 0.461E-03 0.288E-04 0.308E-03 0.192E-04
      3       2       4  262144       4       4 0.752E-02 0.231E-01 0.119E-05 0.191E-05 0.453E-01 0.283E-02 0.371E-01 0.232E-02
      3       2       4   32768       4       4 0.568E-02 0.216E-01 0.715E-06 0.954E-06 0.658E-02 0.411E-03 0.569E-02 0.356E-03
      3       2       4    4096       4       4 0.949E-02 0.378E-01 0.715E-06 0.954E-06 0.126E-02 0.790E-04 0.999E-03 0.625E-04
      3       2       4     512       4       4 0.882E-02 0.352E-01 0.477E-06 0.954E-06 0.495E-03 0.309E-04 0.358E-03 0.224E-04
      3       2       4  524288       4       4 0.868E-02 0.210E-01 0.954E-06 0.191E-05 0.956E-01 0.597E-02 0.746E-01 0.466E-02
      3       2       4   65536       4       4 0.978E-02 0.374E-01 0.119E-05 0.191E-05 0.126E-01 0.787E-03 0.118E-01 0.739E-03
      3       2       4    8192       4       4 0.111E-01 0.440E-01 0.197E-05 0.215E-05 0.214E-02 0.134E-03 0.176E-02 0.110E-03
      3       2       8    1024       4       4 0.609E-02 0.242E-01 0.155E-05 0.215E-05 0.188E-01 0.118E-02 0.672E-03 0.420E-04
      3       2       8 1048576       4       4 0.129E-01 0.246E-01 0.101E-05 0.119E-05 0.219E+00 0.137E-01 0.180E+00 0.113E-01
      3       2       8  131072       4       4 0.744E-02 0.260E-01 0.107E-05 0.119E-05 0.225E-01 0.140E-02 0.195E-01 0.122E-02
      3       2       8   16384       4       4 0.892E-02 0.352E-01 0.155E-05 0.215E-05 0.394E-02 0.246E-03 0.331E-02 0.207E-03
      3       2       8    2048       4       4 0.917E-02 0.365E-01 0.149E-05 0.215E-05 0.978E-03 0.611E-04 0.681E-03 0.426E-04
      3       2       8     256       4       4 0.715E-02 0.285E-01 0.107E-05 0.119E-05 0.452E-03 0.282E-04 0.275E-03 0.172E-04
      3       2       8  262144       4       4 0.878E-02 0.281E-01 0.149E-05 0.191E-05 0.482E-01 0.301E-02 0.418E-01 0.261E-02
      3       2       8   32768       4       4 0.594E-02 0.228E-01 0.834E-06 0.119E-05 0.596E-02 0.373E-03 0.526E-02 0.329E-03
      3       2       8    4096       4       4 0.646E-02 0.256E-01 0.197E-05 0.215E-05 0.152E-02 0.950E-04 0.122E-02 0.763E-04
      3       2       8     512       4       4 0.636E-02 0.254E-01 0.477E-06 0.954E-06 0.113E-02 0.706E-04 0.398E-03 0.249E-04
      3       2       8  524288       4       4 0.975E-02 0.253E-01 0.101E-05 0.119E-05 0.966E-01 0.604E-02 0.744E-01 0.465E-02
      3       2       8   65536       4       4 0.800E-02 0.302E-01 0.143E-05 0.191E-05 0.126E-01 0.786E-03 0.112E-01 0.703E-03
      3       2       8    8192       4       4 0.542E-02 0.214E-01 0.715E-06 0.954E-06 0.179E-02 0.112E-03 0.149E-02 0.930E-04
      3       4       1    1024       4       4 0.197E-01 0.788E-01 0.160E-01 0.640E-01 0.525E-01 0.328E-02 0.406E-01 0.253E-02
      3       4       1 1048576       4       4 0.191E-01 0.641E-01 0.226E-05 0.310E-05 0.181E+00 0.113E-01 0.145E+00 0.906E-02
      3       4       1  131072       4       4 0.113E-01 0.436E-01 0.203E-05 0.310E-05 0.254E-01 0.159E-02 0.165E-01 0.103E-02
      3       4       1   16384       4       4 0.102E-01 0.403E-01 0.226E-05 0.286E-05 0.388E-02 0.243E-03 0.312E-02 0.195E-03
      3       4       1    2048       4       4 0.107E-01 0.425E-01 0.197E-05 0.381E-05 0.689E-02 0.431E-03 0.920E-03 0.575E-04
      3       4       1     256       4       4 0.185E-01 0.741E-01 0.203E-05 0.310E-05 0.705E-03 0.441E-04 0.356E-03 0.223E-04
      3       4       1  262144       4       4 0.114E-01 0.421E-01 0.221E-05 0.286E-05 0.421E-01 0.263E-02 0.335E-01 0.209E-02
      3       4       1   32768       4       4 0.120E-01 0.476E-01 0.173E-05 0.310E-05 0.683E-02 0.427E-03 0.568E-02 0.355E-03
      3       4       1    4096       4       4 0.137E-01 0.549E-01 0.160E-01 0.640E-01 0.611E-01 0.382E-02 0.675E-02 0.422E-03
      3       4       1     512       4       4 0.115E-01 0.457E-01 0.173E-05 0.286E-05 0.452E-02 0.283E-03 0.542E-03 0.339E-04
      3       4       1  524288       4       4 0.114E-01 0.393E-01 0.221E-05 0.286E-05 0.869E-01 0.543E-02 0.655E-01 0.409E-02
      3       4       1   65536       4       4 0.126E-01 0.492E-01 0.221E-05 0.310E-05 0.165E-01 0.103E-02 0.841E-02 0.526E-03
      3       4       1    8192       4       4 0.103E-01 0.408E-01 0.202E-02 0.807E-02 0.160E-01 0.999E-03 0.170E-02 0.106E-03
      3       4       2    1024       4       4 0.147E-01 0.587E-01 0.197E-05 0.286E-05 0.794E-03 0.496E-04 0.684E-03 0.427E-04
      3       4       2 1048576       4       4 0.176E-01 0.568E-01 0.179E-05 0.405E-05 0.189E+00 0.118E-01 0.151E+00 0.944E-02
      3       4       2  131072       4       4 0.142E-01 0.549E-01 0.250E-05 0.310E-05 0.215E-01 0.135E-02 0.172E-01 0.107E-02
      3       4       2   16384       4       4 0.219E-01 0.871E-01 0.221E-05 0.310E-05 0.352E-02 0.220E-03 0.272E-02 0.170E-03
      3       4       2    2048       4       4 0.134E-01 0.534E-01 0.554E-05 0.172E-04 0.126E-02 0.785E-04 0.941E-03 0.588E-04
      3       4       2     256       4       4 0.189E-01 0.757E-01 0.262E-05 0.310E-05 0.679E-03 0.425E-04 0.510E-03 0.319E-04
      3       4       2  262144       4       4 0.148E-01 0.555E-01 0.226E-05 0.310E-05 0.433E-01 0.271E-02 0.346E-01 0.216E-02
      3       4       2   32768       4       4 0.137E-01 0.542E-01 0.215E-05 0.286E-05 0.627E-02 0.392E-03 0.498E-02 0.311E-03
      3       4       2    4096       4       4 0.152E-01 0.607E-01 0.125E-05 0.215E-05 0.130E-02 0.813E-04 0.938E-03 0.587E-04
      3       4       2     512       4       4 0.189E-01 0.755E-01 0.173E-05 0.310E-05 0.677E-03 0.423E-04 0.503E-03 0.314E-04
      3       4       2  524288       4       4 0.122E-01 0.421E-01 0.167E-05 0.381E-05 0.917E-01 0.573E-02 0.707E-01 0.442E-02
      3       4       2   65536       4       4 0.102E-01 0.397E-01 0.244E-05 0.310E-05 0.114E-01 0.712E-03 0.967E-02 0.605E-03
      3       4       2    8192       4       4 0.180E-01 0.718E-01 0.197E-05 0.286E-05 0.827E-02 0.517E-03 0.181E-02 0.113E-03
      3       4       4    1024       4       4 0.151E-01 0.602E-01 0.131E-05 0.310E-05 0.769E-03 0.481E-04 0.598E-03 0.374E-04
      3       4       4 1048576       4       4 0.235E-01 0.797E-01 0.256E-05 0.310E-05 0.195E+00 0.122E-01 0.154E+00 0.960E-02
      3       4       4  131072       4       4 0.120E-01 0.456E-01 0.203E-05 0.310E-05 0.213E-01 0.133E-02 0.171E-01 0.107E-02
      3       4       4   16384       4       4 0.138E-01 0.550E-01 0.119E-05 0.191E-05 0.352E-02 0.220E-03 0.272E-02 0.170E-03
      3       4       4    2048       4       4 0.111E-01 0.444E-01 0.197E-05 0.215E-05 0.112E-02 0.703E-04 0.849E-03 0.531E-04
      3       4       4     256       4       4 0.143E-01 0.571E-01 0.155E-05 0.215E-05 0.654E-03 0.409E-04 0.521E-03 0.326E-04
      3       4       4  262144       4       4 0.107E-01 0.394E-01 0.167E-05 0.215E-05 0.406E-01 0.253E-02 0.293E-01 0.183E-02
      3       4       4   32768       4       4 0.150E-01 0.595E-01 0.179E-05 0.310E-05 0.728E-02 0.455E-03 0.600E-02 0.375E-03
      3       4       4    4096       4       4 0.896E-02 0.357E-01 0.149E-05 0.310E-05 0.131E-02 0.818E-04 0.969E-03 0.605E-04
      3       4       4     512       4       4 0.164E-01 0.655E-01 0.167E-05 0.286E-05 0.722E-03 0.451E-04 0.534E-03 0.334E-04
      3       4       4  524288       4       4 0.116E-01 0.394E-01 0.191E-05 0.286E-05 0.846E-01 0.529E-02 0.595E-01 0.372E-02
      3       4       4   65536       4       4 0.121E-01 0.473E-01 0.125E-05 0.215E-05 0.997E-02 0.623E-03 0.793E-02 0.495E-03
      3       4       4    8192       4       4 0.136E-01 0.543E-01 0.226E-05 0.286E-05 0.220E-02 0.138E-03 0.181E-02 0.113E-03
      3       8       1    1024       4       4 0.674E-02 0.269E-01 0.179E-05 0.405E-05 0.964E-03 0.602E-04 0.712E-03 0.445E-04
      3       8       1 1048576       4       4 0.235E-01 0.871E-01 0.346E-05 0.596E-05 0.174E+00 0.109E-01 0.121E+00 0.757E-02
      3       8       1  131072       4       4 0.855E-02 0.330E-01 0.203E-05 0.310E-05 0.222E-01 0.139E-02 0.152E-01 0.949E-03
      3       8       1   16384       4       4 0.121E-01 0.483E-01 0.221E-05 0.405E-05 0.428E-02 0.267E-03 0.298E-02 0.187E-03
      3       8       1    2048       4       4 0.247E-01 0.986E-01 0.274E-05 0.501E-05 0.138E-02 0.861E-04 0.113E-02 0.709E-04
      3       8       1     256       4       4 0.204E-01 0.814E-01 0.292E-05 0.381E-05 0.110E-02 0.686E-04 0.859E-03 0.537E-04
      3       8       1  262144       4       4 0.188E-01 0.735E-01 0.274E-05 0.405E-05 0.406E-01 0.254E-02 0.295E-01 0.185E-02
      3       8       1   32768       4       4 0.803E-02 0.318E-01 0.179E-05 0.286E-05 0.526E-02 0.329E-03 0.355E-02 0.222E-03
      3       8       1    4096       4       4 0.213E-01 0.849E-01 0.244E-05 0.405E-05 0.222E-02 0.139E-03 0.159E-02 0.993E-04
      3       8       1     512       4       4 0.918E-02 0.367E-01 0.149E-05 0.310E-05 0.927E-03 0.580E-04 0.714E-03 0.446E-04
      3       8       1  524288       4       4 0.910E-02 0.327E-01 0.256E-05 0.405E-05 0.729E-01 0.456E-02 0.483E-01 0.302E-02
      3       8       1   65536       4       4 0.194E-01 0.767E-01 0.280E-05 0.405E-05 0.121E-01 0.757E-03 0.948E-02 0.593E-03
      3       8       1    8192       4       4 0.949E-02 0.379E-01 0.149E-05 0.286E-05 0.223E-02 0.139E-03 0.154E-02 0.965E-04
      3       8       2    1024       4       4 0.104E-01 0.416E-01 0.149E-05 0.405E-05 0.120E-02 0.750E-04 0.946E-03 0.591E-04
      3       8       2 1048576       4       4 0.239E-01 0.881E-01 0.268E-05 0.501E-05 0.176E+00 0.110E-01 0.131E+00 0.816E-02
      3       8       2  131072       4       4 0.970E-02 0.373E-01 0.226E-05 0.405E-05 0.229E-01 0.143E-02 0.151E-01 0.943E-03
      3       8       2   16384       4       4 0.202E-01 0.804E-01 0.209E-05 0.310E-05 0.394E-02 0.246E-03 0.298E-02 0.186E-03
      3       8       2    2048       4       4 0.196E-01 0.781E-01 0.244E-05 0.381E-05 0.156E-02 0.977E-04 0.124E-02 0.777E-04
      3       8       2     256       4       4 0.121E-01 0.482E-01 0.173E-05 0.405E-05 0.109E-02 0.680E-04 0.861E-03 0.538E-04
      3       8       2  262144       4       4 0.124E-01 0.475E-01 0.280E-05 0.501E-05 0.454E-01 0.283E-02 0.358E-01 0.224E-02
      3       8       2   32768       4       4 0.127E-01 0.505E-01 0.179E-05 0.405E-05 0.592E-02 0.370E-03 0.420E-02 0.262E-03
      3       8       2    4096       4       4 0.246E-01 0.984E-01 0.268E-05 0.501E-05 0.223E-02 0.139E-03 0.151E-02 0.945E-04
      3       8       2     512       4       4 0.225E-01 0.900E-01 0.328E-05 0.596E-05 0.211E-02 0.132E-03 0.111E-02 0.696E-04
      3       8       2  524288       4       4 0.213E-01 0.818E-01 0.322E-05 0.501E-05 0.806E-01 0.504E-02 0.610E-01 0.382E-02
      3       8       2   65536       4       4 0.193E-01 0.766E-01 0.316E-05 0.501E-05 0.123E-01 0.766E-03 0.974E-02 0.609E-03
      3       8       2    8192       4       4 0.273E-01 0.109E+00 0.298E-05 0.405E-05 0.286E-02 0.179E-03 0.211E-02 0.132E-03
