      2       1       1    1024       4       4 0.699E-01 0.709E-01 0.613E-01 0.614E-01 0.577E-04 0.361E-05 0.558E-04 0.349E-05
      2       1       1   16384       4       4 0.482E+00 0.483E+00 0.450E+00 0.451E+00 0.179E-02 0.112E-03 0.180E-02 0.112E-03
      2       1       1    2048       4       4 0.996E-01 0.100E+00 0.894E-01 0.896E-01 0.148E-03 0.925E-05 0.146E-03 0.910E-05
      2       1      12    1024       4       4 0.168E+00 0.174E+00 0.158E+00 0.161E+00 0.423E-03 0.264E-04 0.404E-03 0.253E-04
      2       1      12   16384       4       4 0.604E+00 0.629E+00 0.511E+00 0.541E+00 0.878E-02 0.549E-03 0.153E-02 0.954E-04
      2       1      12    2048       4       4 0.226E+00 0.248E+00 0.207E+00 0.223E+00 0.595E-03 0.372E-04 0.591E-03 0.370E-04
      2       1      12     256       4       4 0.726E-01 0.740E-01 0.640E-01 0.642E-01 0.259E-03 0.162E-04 0.269E-03 0.168E-04
      2       1      12    4096       4       4 0.299E+00 0.340E+00 0.274E+00 0.293E+00 0.276E-02 0.172E-03 0.882E-03 0.551E-04
      2       1      12     512       4       4 0.107E+00 0.109E+00 0.955E-01 0.971E-01 0.303E-03 0.189E-04 0.318E-03 0.198E-04
      2       1       1     256       4       4 0.372E-01 0.381E-01 0.321E-01 0.322E-01 0.134E-04 0.834E-06 0.105E-04 0.656E-06
      2       1      12    8192       4       4 0.434E+00 0.451E+00 0.380E+00 0.400E+00 0.308E-02 0.193E-03 0.117E-02 0.728E-04
      2       1       1    4096       4       4 0.154E+00 0.155E+00 0.139E+00 0.140E+00 0.348E-03 0.217E-04 0.363E-03 0.227E-04
      2       1       1     512       4       4 0.519E-01 0.527E-01 0.450E-01 0.452E-01 0.253E-04 0.158E-05 0.253E-04 0.158E-05
      2       1      16    1024       4       4 0.152E+00 0.163E+00 0.140E+00 0.155E+00 0.569E-03 0.356E-04 0.582E-03 0.364E-04
      2       1      16   16384       4       4 0.577E+00 0.647E+00 0.485E+00 0.523E+00 0.248E-02 0.155E-03 0.108E-02 0.673E-04
      2       1      16    2048       4       4 0.253E+00 0.268E+00 0.231E+00 0.246E+00 0.903E-03 0.564E-04 0.962E-03 0.601E-04
      2       1      16     256       4       4 0.667E-01 0.682E-01 0.594E-01 0.600E-01 0.371E-03 0.232E-04 0.372E-03 0.232E-04
      2       1      16    4096       4       4 0.309E+00 0.358E+00 0.270E+00 0.306E+00 0.177E-02 0.110E-03 0.756E-03 0.473E-04
      2       1      16     512       4       4 0.107E+00 0.112E+00 0.970E-01 0.101E+00 0.532E-03 0.332E-04 0.563E-03 0.352E-04
      2       1      16    8192       4       4 0.401E+00 0.411E+00 0.346E+00 0.351E+00 0.149E-01 0.931E-03 0.819E-03 0.512E-04
      2       1       1    8192       4       4 0.261E+00 0.261E+00 0.240E+00 0.240E+00 0.704E-03 0.440E-04 0.745E-03 0.466E-04
      2       1       2    1024       4       4 0.871E-01 0.934E-01 0.753E-01 0.817E-01 0.265E-03 0.166E-04 0.243E-03 0.152E-04
      2       1       2   16384       4       4 0.476E+00 0.493E+00 0.427E+00 0.429E+00 0.127E-02 0.793E-04 0.130E-02 0.811E-04
      2       1       2    2048       4       4 0.111E+00 0.117E+00 0.101E+00 0.107E+00 0.333E-03 0.208E-04 0.313E-03 0.195E-04
      2       1       2     256       4       4 0.456E-01 0.478E-01 0.391E-01 0.418E-01 0.190E-03 0.119E-04 0.187E-03 0.117E-04
      2       1       2    4096       4       4 0.161E+00 0.161E+00 0.146E+00 0.147E+00 0.437E-03 0.273E-04 0.383E-03 0.240E-04
      2       1      24    1024       4       4 0.215E+00 0.228E+00 0.206E+00 0.212E+00 0.236E-02 0.148E-03 0.662E-03 0.414E-04
      2       1      24   16384       4       4 0.765E+00 0.801E+00 0.685E+00 0.703E+00 0.818E-02 0.512E-03 0.189E-02 0.118E-03
      2       1      24    2048       4       4 0.327E+00 0.335E+00 0.280E+00 0.285E+00 0.348E-02 0.218E-03 0.111E-02 0.696E-04
      2       1      24     256       4       4 0.820E-01 0.875E-01 0.737E-01 0.801E-01 0.418E-03 0.261E-04 0.404E-03 0.253E-04
      2       1      24    4096       4       4 0.393E+00 0.451E+00 0.355E+00 0.393E+00 0.111E-01 0.692E-03 0.127E-02 0.796E-04
      2       1      24     512       4       4 0.116E+00 0.118E+00 0.104E+00 0.105E+00 0.472E-03 0.295E-04 0.482E-03 0.301E-04
      2       1      24    8192       4       4 0.485E+00 0.530E+00 0.447E+00 0.499E+00 0.692E-02 0.433E-03 0.146E-02 0.910E-04
      2       1       2     512       4       4 0.636E-01 0.669E-01 0.543E-01 0.573E-01 0.230E-03 0.144E-04 0.202E-03 0.126E-04
      2       1       2    8192       4       4 0.259E+00 0.261E+00 0.237E+00 0.238E+00 0.627E-03 0.392E-04 0.642E-03 0.401E-04
      2       1       4    1024       4       4 0.110E+00 0.119E+00 0.967E-01 0.106E+00 0.386E-03 0.241E-04 0.370E-03 0.231E-04
      2       1       4   16384       4       4 0.476E+00 0.486E+00 0.411E+00 0.416E+00 0.131E-02 0.818E-04 0.127E-02 0.795E-04
      2       1       4    2048       4       4 0.148E+00 0.160E+00 0.133E+00 0.148E+00 0.407E-03 0.254E-04 0.377E-03 0.236E-04
      2       1       4     256       4       4 0.504E-01 0.514E-01 0.442E-01 0.444E-01 0.207E-03 0.129E-04 0.206E-03 0.129E-04
      2       1       4    4096       4       4 0.203E+00 0.204E+00 0.174E+00 0.175E+00 0.643E-03 0.402E-04 0.580E-03 0.363E-04
      2       1       4     512       4       4 0.709E-01 0.717E-01 0.631E-01 0.635E-01 0.238E-03 0.149E-04 0.244E-03 0.152E-04
      2       1       4    8192       4       4 0.298E+00 0.306E+00 0.251E+00 0.258E+00 0.838E-03 0.523E-04 0.789E-03 0.493E-04
      2      16       1    1024       4       4 0.171E+00 0.231E+00 0.123E+00 0.213E+00 0.574E-03 0.359E-04 0.539E-03 0.337E-04
      2      16       1   16384       4       4 0.188E+00 0.196E+00 0.156E+00 0.157E+00 0.122E-02 0.766E-04 0.111E-02 0.692E-04
      2      16       1    2048       4       4 0.811E-01 0.880E-01 0.709E-01 0.993E-01 0.469E-03 0.293E-04 0.490E-03 0.306E-04
      2      16       1     256       4       4 0.136E-01 0.168E-01 0.527E-02 0.604E-02 0.336E-03 0.210E-04 0.295E-03 0.185E-04
      2      16       1    4096       4       4 0.104E+00 0.109E+00 0.795E-01 0.798E-01 0.592E-03 0.370E-04 0.526E-03 0.329E-04
      2      16       1     512       4       4 0.411E-01 0.454E-01 0.290E-01 0.312E-01 0.346E-03 0.217E-04 0.344E-03 0.215E-04
      2      16       1    8192       4       4 0.148E+00 0.153E+00 0.123E+00 0.124E+00 0.805E-03 0.503E-04 0.726E-03 0.454E-04
      2       1       8    1024       4       4 0.126E+00 0.137E+00 0.112E+00 0.120E+00 0.410E-03 0.256E-04 0.412E-03 0.258E-04
      2       1       8   16384       4       4 0.526E+00 0.559E+00 0.439E+00 0.469E+00 0.129E-02 0.809E-04 0.122E-02 0.763E-04
      2       1       8    2048       4       4 0.175E+00 0.197E+00 0.163E+00 0.186E+00 0.427E-03 0.267E-04 0.412E-03 0.257E-04
      2       1       8     256       4       4 0.591E-01 0.600E-01 0.523E-01 0.532E-01 0.298E-03 0.186E-04 0.287E-03 0.180E-04
      2       1       8    4096       4       4 0.243E+00 0.264E+00 0.216E+00 0.236E+00 0.624E-03 0.390E-04 0.550E-03 0.344E-04
      2       1       8     512       4       4 0.826E-01 0.834E-01 0.742E-01 0.756E-01 0.345E-03 0.216E-04 0.358E-03 0.224E-04
      2       1       8    8192       4       4 0.333E+00 0.341E+00 0.298E+00 0.319E+00 0.836E-03 0.523E-04 0.798E-03 0.499E-04
      2       2       1    1024       4       4 0.115E+00 0.118E+00 0.994E-01 0.101E+00 0.239E-03 0.149E-04 0.215E-03 0.134E-04
      2       2       1   16384       4       4 0.504E+00 0.510E+00 0.469E+00 0.471E+00 0.308E-02 0.193E-03 0.297E-02 0.186E-03
      2       2       1    2048       4       4 0.151E+00 0.155E+00 0.132E+00 0.134E+00 0.484E-03 0.302E-04 0.415E-03 0.259E-04
      2       2      12    1024       4       4 0.347E+00 0.370E+00 0.295E+00 0.303E+00 0.384E-02 0.240E-03 0.147E-02 0.921E-04
      2       2      12   16384       4       4 0.133E+01 0.147E+01 0.123E+01 0.132E+01 0.265E-01 0.165E-02 0.515E-02 0.322E-03
      2       2      12    2048       4       4 0.468E+00 0.484E+00 0.425E+00 0.440E+00 0.409E-02 0.256E-03 0.177E-02 0.111E-03
      2       2      12     256       4       4 0.178E+00 0.185E+00 0.166E+00 0.175E+00 0.163E-02 0.102E-03 0.152E-02 0.947E-04
      2       2      12    4096       4       4 0.604E+00 0.685E+00 0.552E+00 0.603E+00 0.616E-02 0.385E-03 0.221E-02 0.138E-03
      2       2      12     512       4       4 0.235E+00 0.250E+00 0.205E+00 0.218E+00 0.131E-02 0.818E-04 0.119E-02 0.745E-04
      2       2       1     256       4       4 0.646E-01 0.683E-01 0.545E-01 0.553E-01 0.106E-03 0.663E-05 0.801E-04 0.501E-05
      2       2      12    8192       4       4 0.925E+00 0.978E+00 0.830E+00 0.878E+00 0.113E-01 0.704E-03 0.343E-02 0.215E-03
      2       2       1    4096       4       4 0.206E+00 0.211E+00 0.181E+00 0.182E+00 0.824E-03 0.515E-04 0.742E-03 0.464E-04
      2       2       1     512       4       4 0.854E-01 0.896E-01 0.730E-01 0.733E-01 0.139E-03 0.870E-05 0.111E-03 0.694E-05
      2       2       1    8192       4       4 0.314E+00 0.319E+00 0.284E+00 0.285E+00 0.160E-02 0.100E-03 0.159E-02 0.991E-04
      2       2       2    1024       4       4 0.154E+00 0.163E+00 0.135E+00 0.146E+00 0.754E-03 0.471E-04 0.823E-03 0.515E-04
      2       2       2   16384       4       4 0.649E+00 0.700E+00 0.579E+00 0.622E+00 0.417E-02 0.261E-03 0.367E-02 0.229E-03
      2       2       2    2048       4       4 0.204E+00 0.224E+00 0.183E+00 0.199E+00 0.937E-03 0.585E-04 0.972E-03 0.607E-04
      2       2       2     256       4       4 0.891E-01 0.985E-01 0.770E-01 0.832E-01 0.575E-03 0.359E-04 0.598E-03 0.374E-04
      2       2       2    4096       4       4 0.279E+00 0.305E+00 0.243E+00 0.264E+00 0.166E-02 0.104E-03 0.172E-02 0.107E-03
      2       2       2     512       4       4 0.119E+00 0.124E+00 0.105E+00 0.110E+00 0.745E-03 0.465E-04 0.813E-03 0.508E-04
      2       2       2    8192       4       4 0.415E+00 0.431E+00 0.385E+00 0.403E+00 0.263E-02 0.164E-03 0.234E-02 0.146E-03
      2       2       4    1024       4       4 0.196E+00 0.207E+00 0.179E+00 0.186E+00 0.117E-02 0.733E-04 0.113E-02 0.706E-04
      2       2       4   16384       4       4 0.859E+00 0.908E+00 0.762E+00 0.816E+00 0.464E-02 0.290E-03 0.402E-02 0.251E-03
      2       2       4    2048       4       4 0.277E+00 0.286E+00 0.249E+00 0.261E+00 0.153E-02 0.957E-04 0.141E-02 0.884E-04
      2       2       4     256       4       4 0.115E+00 0.118E+00 0.100E+00 0.103E+00 0.868E-03 0.542E-04 0.750E-03 0.469E-04
      2       2       4    4096       4       4 0.387E+00 0.410E+00 0.358E+00 0.367E+00 0.198E-02 0.124E-03 0.188E-02 0.118E-03
      2       2       4     512       4       4 0.146E+00 0.150E+00 0.131E+00 0.136E+00 0.984E-03 0.615E-04 0.875E-03 0.547E-04
      2       2       4    8192       4       4 0.559E+00 0.604E+00 0.497E+00 0.528E+00 0.301E-02 0.188E-03 0.264E-02 0.165E-03
      2       2       8    1024       4       4 0.206E+00 0.210E+00 0.185E+00 0.186E+00 0.134E-02 0.838E-04 0.126E-02 0.786E-04
      2       2       8   16384       4       4 0.869E+00 0.921E+00 0.793E+00 0.819E+00 0.524E-02 0.327E-03 0.471E-02 0.295E-03
      2       2       8    2048       4       4 0.318E+00 0.352E+00 0.280E+00 0.314E+00 0.167E-02 0.104E-03 0.156E-02 0.978E-04
      2       2       8     256       4       4 0.112E+00 0.115E+00 0.985E-01 0.992E-01 0.991E-03 0.619E-04 0.932E-03 0.582E-04
      2       2       8    4096       4       4 0.409E+00 0.414E+00 0.364E+00 0.375E+00 0.394E-02 0.246E-03 0.190E-02 0.119E-03
      2       2       8     512       4       4 0.167E+00 0.177E+00 0.150E+00 0.163E+00 0.141E-02 0.884E-04 0.133E-02 0.831E-04
      2       2       8    8192       4       4 0.584E+00 0.622E+00 0.524E+00 0.574E+00 0.971E-02 0.607E-03 0.300E-02 0.187E-03
      2       4       1    1024       4       4 0.934E-01 0.961E-01 0.779E-01 0.786E-01 0.272E-03 0.170E-04 0.243E-03 0.152E-04
      2       4       1   16384       4       4 0.329E+00 0.333E+00 0.294E+00 0.294E+00 0.183E-02 0.115E-03 0.184E-02 0.115E-03
      2       4       1    2048       4       4 0.123E+00 0.126E+00 0.104E+00 0.106E+00 0.370E-03 0.231E-04 0.373E-03 0.233E-04
      2       4       1     256       4       4 0.455E-01 0.501E-01 0.369E-01 0.370E-01 0.190E-03 0.118E-04 0.140E-03 0.875E-05
      2       4       1    4096       4       4 0.160E+00 0.165E+00 0.137E+00 0.138E+00 0.553E-03 0.346E-04 0.506E-03 0.317E-04
      2       4       1     512       4       4 0.718E-01 0.741E-01 0.601E-01 0.605E-01 0.208E-03 0.130E-04 0.162E-03 0.101E-04
      2       4       1    8192       4       4 0.215E+00 0.218E+00 0.189E+00 0.189E+00 0.109E-02 0.679E-04 0.106E-02 0.662E-04
      2       4       2    1024       4       4 0.138E+00 0.143E+00 0.119E+00 0.123E+00 0.988E-03 0.618E-04 0.107E-02 0.666E-04
      2       4       2   16384       4       4 0.434E+00 0.464E+00 0.382E+00 0.410E+00 0.305E-02 0.191E-03 0.297E-02 0.186E-03
      2       4       2    2048       4       4 0.180E+00 0.191E+00 0.155E+00 0.161E+00 0.115E-02 0.719E-04 0.124E-02 0.777E-04
      2       4       2     256       4       4 0.750E-01 0.759E-01 0.635E-01 0.658E-01 0.730E-03 0.456E-04 0.806E-03 0.504E-04
      2       4       2    4096       4       4 0.234E+00 0.253E+00 0.206E+00 0.227E+00 0.138E-02 0.860E-04 0.143E-02 0.895E-04
      2       4       2     512       4       4 0.107E+00 0.112E+00 0.886E-01 0.951E-01 0.698E-03 0.436E-04 0.741E-03 0.463E-04
      2       4       2    8192       4       4 0.312E+00 0.320E+00 0.272E+00 0.289E+00 0.214E-02 0.134E-03 0.230E-02 0.144E-03
      2       4       4    1024       4       4 0.152E+00 0.157E+00 0.130E+00 0.136E+00 0.115E-02 0.720E-04 0.124E-02 0.777E-04
      2       4       4   16384       4       4 0.523E+00 0.534E+00 0.452E+00 0.458E+00 0.398E-02 0.249E-03 0.365E-02 0.228E-03
      2       4       4    2048       4       4 0.197E+00 0.200E+00 0.174E+00 0.177E+00 0.140E-02 0.877E-04 0.148E-02 0.927E-04
      2       4       4     256       4       4 0.841E-01 0.861E-01 0.667E-01 0.692E-01 0.892E-03 0.558E-04 0.998E-03 0.624E-04
      2       4       4    4096       4       4 0.267E+00 0.285E+00 0.235E+00 0.246E+00 0.161E-02 0.101E-03 0.166E-02 0.104E-03
      2       4       4     512       4       4 0.123E+00 0.126E+00 0.103E+00 0.107E+00 0.835E-02 0.522E-03 0.946E-02 0.591E-03
      2       4       4    8192       4       4 0.355E+00 0.361E+00 0.308E+00 0.317E+00 0.246E-02 0.153E-03 0.248E-02 0.155E-03
      2       8       1    1024       4       4 0.788E-01 0.836E-01 0.631E-01 0.649E-01 0.314E-03 0.196E-04 0.260E-03 0.162E-04
      2       8       1   16384       4       4 0.243E+00 0.283E+00 0.213E+00 0.254E+00 0.151E-02 0.943E-04 0.148E-02 0.925E-04
      2       8       1    2048       4       4 0.996E-01 0.101E+00 0.826E-01 0.834E-01 0.448E-03 0.280E-04 0.345E-03 0.216E-04
      2       8       1     256       4       4 0.329E-01 0.360E-01 0.243E-01 0.244E-01 0.269E-03 0.168E-04 0.242E-03 0.151E-04
      2       8       1    4096       4       4 0.127E+00 0.130E+00 0.106E+00 0.107E+00 0.546E-03 0.341E-04 0.467E-03 0.292E-04
      2       8       1     512       4       4 0.423E-01 0.441E-01 0.308E-01 0.311E-01 0.262E-03 0.163E-04 0.182E-03 0.114E-04
      2       8       1    8192       4       4 0.171E+00 0.180E+00 0.145E+00 0.147E+00 0.810E-03 0.506E-04 0.771E-03 0.482E-04
      2       8       2    1024       4       4 0.120E+00 0.123E+00 0.974E-01 0.100E+00 0.103E-02 0.641E-04 0.104E-02 0.650E-04
      2       8       2   16384       4       4 0.357E+00 0.368E+00 0.285E+00 0.292E+00 0.269E-02 0.168E-03 0.282E-02 0.176E-03
      2       8       2    2048       4       4 0.151E+00 0.156E+00 0.123E+00 0.128E+00 0.127E-02 0.795E-04 0.131E-02 0.822E-04
      2       8       2     256       4       4 0.529E-01 0.601E-01 0.385E-01 0.418E-01 0.107E-02 0.666E-04 0.118E-02 0.737E-04
      2       8       2    4096       4       4 0.194E+00 0.200E+00 0.160E+00 0.167E+00 0.145E-02 0.907E-04 0.152E-02 0.948E-04
      2       8       2     512       4       4 0.689E-01 0.730E-01 0.521E-01 0.532E-01 0.566E-03 0.354E-04 0.837E-03 0.523E-04
      2       8       2    8192       4       4 0.264E+00 0.273E+00 0.226E+00 0.234E+00 0.170E-02 0.106E-03 0.183E-02 0.115E-03
      3       1       1    1024       4       4 0.748E-03 0.290E-02 0.000E+00 0.000E+00 0.304E-03 0.190E-04 0.196E-03 0.123E-04
      3       1       1 1048576       4       4 0.168E-01 0.204E-01 0.000E+00 0.000E+00 0.262E+00 0.164E-01 0.267E+00 0.167E-01
      3       1       1  131072       4       4 0.275E-02 0.524E-02 0.000E+00 0.000E+00 0.240E-01 0.150E-02 0.238E-01 0.149E-02
      3       1       1   16384       4       4 0.104E-02 0.338E-02 0.000E+00 0.000E+00 0.295E-02 0.184E-03 0.284E-02 0.178E-03
      3       1       1    2048       4       4 0.762E-03 0.291E-02 0.000E+00 0.000E+00 0.463E-03 0.289E-04 0.349E-03 0.218E-04
      3       1      12    1024       4       4 0.453E-02 0.180E-01 0.000E+00 0.000E+00 0.540E-03 0.338E-04 0.386E-03 0.241E-04
      3       1      12 1048576       4       4 0.189E-01 0.217E-01 0.000E+00 0.000E+00 0.258E+00 0.161E-01 0.249E+00 0.156E-01
      3       1      12  131072       4       4 0.544E-02 0.143E-01 0.000E+00 0.000E+00 0.274E-01 0.171E-02 0.266E-01 0.166E-02
      3       1      12   16384       4       4 0.447E-02 0.170E-01 0.000E+00 0.000E+00 0.391E-02 0.244E-03 0.362E-02 0.226E-03
      3       1      12    2048       4       4 0.435E-02 0.173E-01 0.000E+00 0.000E+00 0.637E-03 0.398E-04 0.481E-03 0.301E-04
      3       1      12     256       4       4 0.637E-02 0.254E-01 0.000E+00 0.000E+00 0.310E-03 0.194E-04 0.177E-03 0.111E-04
      3       1      12  262144       4       4 0.727E-02 0.156E-01 0.000E+00 0.000E+00 0.518E-01 0.324E-02 0.489E-01 0.306E-02
      3       1      12   32768       4       4 0.459E-02 0.166E-01 0.000E+00 0.000E+00 0.681E-02 0.425E-03 0.659E-02 0.412E-03
      3       1      12    4096       4       4 0.447E-02 0.176E-01 0.477E-06 0.954E-06 0.102E-02 0.637E-04 0.879E-03 0.550E-04
      3       1      12     512       4       4 0.430E-02 0.171E-01 0.298E-06 0.119E-05 0.436E-03 0.273E-04 0.294E-03 0.184E-04
      3       1      12  524288       4       4 0.111E-01 0.175E-01 0.000E+00 0.000E+00 0.109E+00 0.680E-02 0.101E+00 0.634E-02
      3       1       1     256       4       4 0.709E-03 0.279E-02 0.000E+00 0.000E+00 0.221E-03 0.138E-04 0.923E-04 0.577E-05
      3       1       1  262144       4       4 0.489E-02 0.793E-02 0.000E+00 0.000E+00 0.491E-01 0.307E-02 0.481E-01 0.301E-02
      3       1      12   65536       4       4 0.592E-02 0.202E-01 0.238E-06 0.954E-06 0.135E-01 0.846E-03 0.130E-01 0.810E-03
      3       1      12    8192       4       4 0.430E-02 0.167E-01 0.000E+00 0.000E+00 0.221E-02 0.138E-03 0.193E-02 0.121E-03
      3       1       1   32768       4       4 0.126E-02 0.352E-02 0.298E-06 0.119E-05 0.617E-02 0.386E-03 0.618E-02 0.386E-03
      3       1       1    4096       4       4 0.903E-03 0.340E-02 0.000E+00 0.000E+00 0.810E-03 0.506E-04 0.710E-03 0.444E-04
      3       1       1     512       4       4 0.740E-03 0.290E-02 0.000E+00 0.000E+00 0.237E-03 0.148E-04 0.129E-03 0.803E-05
      3       1       1  524288       4       4 0.888E-02 0.121E-01 0.000E+00 0.000E+00 0.112E+00 0.702E-02 0.105E+00 0.655E-02
      3       1      16    1024       4       4 0.330E-02 0.131E-01 0.000E+00 0.000E+00 0.536E-03 0.335E-04 0.332E-03 0.207E-04
      3       1      16 1048576       4       4 0.198E-01 0.253E-01 0.000E+00 0.000E+00 0.248E+00 0.155E-01 0.243E+00 0.152E-01
      3       1      16  131072       4       4 0.559E-02 0.157E-01 0.000E+00 0.000E+00 0.260E-01 0.163E-02 0.256E-01 0.160E-02
      3       1      16   16384       4       4 0.350E-02 0.131E-01 0.536E-06 0.119E-05 0.389E-02 0.243E-03 0.360E-02 0.225E-03
      3       1      16    2048       4       4 0.346E-02 0.137E-01 0.000E+00 0.000E+00 0.808E-03 0.505E-04 0.650E-03 0.406E-04
      3       1      16     256       4       4 0.422E-02 0.168E-01 0.000E+00 0.000E+00 0.374E-03 0.234E-04 0.199E-03 0.125E-04
      3       1      16  262144       4       4 0.730E-02 0.158E-01 0.238E-06 0.954E-06 0.489E-01 0.306E-02 0.483E-01 0.302E-02
      3       1      16   32768       4       4 0.447E-02 0.162E-01 0.000E+00 0.000E+00 0.670E-02 0.419E-03 0.662E-02 0.414E-03
      3       1      16    4096       4       4 0.427E-02 0.168E-01 0.000E+00 0.000E+00 0.105E-02 0.656E-04 0.867E-03 0.542E-04
      3       1      16     512       4       4 0.455E-02 0.181E-01 0.000E+00 0.000E+00 0.409E-02 0.256E-03 0.304E-03 0.190E-04
      3       1      16  524288       4       4 0.103E-01 0.143E-01 0.238E-06 0.954E-06 0.107E+00 0.670E-02 0.101E+00 0.632E-02
      3       1       1   65536       4       4 0.181E-02 0.422E-02 0.000E+00 0.000E+00 0.121E-01 0.756E-03 0.121E-01 0.759E-03
      3       1      16   65536       4       4 0.487E-02 0.160E-01 0.238E-06 0.954E-06 0.125E-01 0.781E-03 0.122E-01 0.764E-03
      3       1      16    8192       4       4 0.428E-02 0.167E-01 0.000E+00 0.000E+00 0.233E-02 0.145E-03 0.205E-02 0.128E-03
      3       1       1    8192       4       4 0.110E-02 0.398E-02 0.238E-06 0.954E-06 0.152E-02 0.953E-04 0.138E-02 0.863E-04
      3       1       2    1024       4       4 0.754E-03 0.293E-02 0.000E+00 0.000E+00 0.382E-03 0.239E-04 0.254E-03 0.159E-04
      3       1       2 1048576       4       4 0.172E-01 0.214E-01 0.000E+00 0.000E+00 0.268E+00 0.167E-01 0.259E+00 0.162E-01
      3       1       2  131072       4       4 0.297E-02 0.598E-02 0.000E+00 0.000E+00 0.246E-01 0.153E-02 0.245E-01 0.153E-02
      3       1       2   16384       4       4 0.351E-02 0.132E-01 0.000E+00 0.000E+00 0.323E-02 0.202E-03 0.295E-02 0.185E-03
      3       1       2    2048       4       4 0.747E-03 0.285E-02 0.000E+00 0.000E+00 0.534E-03 0.334E-04 0.399E-03 0.250E-04
      3       1       2     256       4       4 0.698E-03 0.274E-02 0.238E-06 0.954E-06 0.280E-03 0.175E-04 0.141E-03 0.879E-05
      3       1       2  262144       4       4 0.503E-02 0.827E-02 0.238E-06 0.954E-06 0.524E-01 0.327E-02 0.503E-01 0.314E-02
      3       1       2   32768       4       4 0.319E-02 0.111E-01 0.000E+00 0.000E+00 0.621E-02 0.388E-03 0.613E-02 0.383E-03
      3       1       2    4096       4       4 0.761E-03 0.280E-02 0.000E+00 0.000E+00 0.874E-03 0.546E-04 0.743E-03 0.464E-04
      3       1      24    1024       4       4 0.415E-02 0.165E-01 0.000E+00 0.000E+00 0.653E-03 0.408E-04 0.425E-03 0.266E-04
      3       1      24 1048576       4       4 0.209E-01 0.297E-01 0.000E+00 0.000E+00 0.259E+00 0.162E-01 0.257E+00 0.160E-01
      3       1      24  131072       4       4 0.589E-02 0.169E-01 0.238E-06 0.954E-06 0.306E-01 0.191E-02 0.268E-01 0.167E-02
      3       1      24   16384       4       4 0.349E-02 0.131E-01 0.238E-06 0.954E-06 0.435E-02 0.272E-03 0.395E-02 0.247E-03
      3       1      24    2048       4       4 0.538E-02 0.213E-01 0.000E+00 0.000E+00 0.876E-03 0.547E-04 0.645E-03 0.403E-04
      3       1      24     256       4       4 0.608E-02 0.242E-01 0.000E+00 0.000E+00 0.499E-03 0.312E-04 0.259E-03 0.162E-04
      3       1      24  262144       4       4 0.746E-02 0.166E-01 0.238E-06 0.954E-06 0.535E-01 0.334E-02 0.528E-01 0.330E-02
      3       1      24   32768       4       4 0.486E-02 0.172E-01 0.000E+00 0.000E+00 0.824E-02 0.515E-03 0.794E-02 0.496E-03
      3       1      24    4096       4       4 0.618E-02 0.244E-01 0.000E+00 0.000E+00 0.212E-02 0.133E-03 0.109E-02 0.684E-04
      3       1      24     512       4       4 0.535E-02 0.213E-01 0.000E+00 0.000E+00 0.534E-03 0.334E-04 0.311E-03 0.195E-04
      3       1      24  524288       4       4 0.108E-01 0.167E-01 0.000E+00 0.000E+00 0.112E+00 0.700E-02 0.107E+00 0.671E-02
      3       1      24   65536       4       4 0.504E-02 0.167E-01 0.477E-06 0.954E-06 0.136E-01 0.849E-03 0.134E-01 0.838E-03
      3       1      24    8192       4       4 0.511E-02 0.200E-01 0.238E-06 0.954E-06 0.287E-02 0.179E-03 0.252E-02 0.158E-03
      3       1       2     512       4       4 0.730E-03 0.286E-02 0.000E+00 0.000E+00 0.292E-03 0.182E-04 0.164E-03 0.103E-04
      3       1       2  524288       4       4 0.974E-02 0.148E-01 0.000E+00 0.000E+00 0.103E+00 0.645E-02 0.941E-01 0.588E-02
      3       1       2   65536       4       4 0.250E-02 0.682E-02 0.000E+00 0.000E+00 0.116E-01 0.726E-03 0.114E-01 0.715E-03
      3       1       2    8192       4       4 0.370E-02 0.144E-01 0.000E+00 0.000E+00 0.182E-02 0.114E-03 0.159E-02 0.993E-04
      3       1       4    1024       4       4 0.525E-02 0.209E-01 0.298E-06 0.119E-05 0.381E-03 0.238E-04 0.256E-03 0.160E-04
      3       1       4 1048576       4       4 0.193E-01 0.278E-01 0.000E+00 0.000E+00 0.249E+00 0.156E-01 0.249E+00 0.156E-01
      3       1       4  131072       4       4 0.737E-02 0.233E-01 0.000E+00 0.000E+00 0.251E-01 0.157E-02 0.248E-01 0.155E-02
      3       1       4   16384       4       4 0.416E-02 0.158E-01 0.000E+00 0.000E+00 0.340E-02 0.212E-03 0.313E-02 0.196E-03
      3       1       4    2048       4       4 0.525E-02 0.209E-01 0.000E+00 0.000E+00 0.543E-03 0.339E-04 0.420E-03 0.263E-04
      3       1       4     256       4       4 0.525E-02 0.209E-01 0.000E+00 0.000E+00 0.283E-03 0.177E-04 0.132E-03 0.826E-05
      3       1       4  262144       4       4 0.637E-02 0.129E-01 0.298E-06 0.119E-05 0.465E-01 0.291E-02 0.460E-01 0.288E-02
      3       1       4   32768       4       4 0.505E-02 0.186E-01 0.000E+00 0.000E+00 0.639E-02 0.400E-03 0.622E-02 0.389E-03
      3       1       4    4096       4       4 0.744E-03 0.274E-02 0.000E+00 0.000E+00 0.908E-03 0.568E-04 0.772E-03 0.483E-04
      3       1       4     512       4       4 0.525E-02 0.209E-01 0.000E+00 0.000E+00 0.313E-03 0.196E-04 0.186E-03 0.116E-04
      3       1       4  524288       4       4 0.997E-02 0.151E-01 0.238E-06 0.954E-06 0.108E+00 0.676E-02 0.103E+00 0.644E-02
      3       1       4   65536       4       4 0.398E-02 0.127E-01 0.238E-06 0.954E-06 0.125E-01 0.783E-03 0.129E-01 0.807E-03
      3       1       4    8192       4       4 0.519E-02 0.204E-01 0.000E+00 0.000E+00 0.191E-02 0.119E-03 0.165E-02 0.103E-03
      3      16       1    1024       4       4 0.273E-01 0.109E+00 0.328E-05 0.715E-05 0.208E-02 0.130E-03 0.133E-02 0.833E-04
      3      16       1 1048576       4       4 0.159E-01 0.598E-01 0.376E-05 0.811E-05 0.163E+00 0.102E-01 0.117E+00 0.731E-02
      3      16       1  131072       4       4 0.234E-01 0.928E-01 0.429E-05 0.787E-05 0.222E-01 0.139E-02 0.138E-01 0.866E-03
      3      16       1   16384       4       4 0.296E-01 0.118E+00 0.352E-05 0.811E-05 0.489E-02 0.306E-03 0.340E-02 0.212E-03
      3      16       1    2048       4       4 0.206E-01 0.824E-01 0.381E-05 0.811E-05 0.184E-02 0.115E-03 0.151E-02 0.946E-04
      3      16       1  262144       4       4 0.467E-01 0.186E+00 0.423E-05 0.787E-05 0.447E-01 0.280E-02 0.303E-01 0.189E-02
      3      16       1   32768       4       4 0.244E-01 0.973E-01 0.274E-05 0.596E-05 0.796E-02 0.497E-03 0.493E-02 0.308E-03
      3      16       1    4096       4       4 0.258E-01 0.103E+00 0.280E-05 0.596E-05 0.229E-02 0.143E-03 0.151E-02 0.941E-04
      3      16       1  524288       4       4 0.180E-01 0.699E-01 0.417E-05 0.906E-05 0.819E-01 0.512E-02 0.533E-01 0.333E-02
      3      16       1   65536       4       4 0.201E-01 0.800E-01 0.292E-05 0.691E-05 0.142E-01 0.887E-03 0.914E-02 0.571E-03
      3      16       1    8192       4       4 0.352E-01 0.141E+00 0.352E-05 0.715E-05 0.432E-02 0.270E-03 0.270E-02 0.169E-03
      3       1       8    1024       4       4 0.843E-02 0.336E-01 0.238E-06 0.954E-06 0.439E-03 0.274E-04 0.289E-03 0.181E-04
      3       1       8 1048576       4       4 0.190E-01 0.232E-01 0.000E+00 0.000E+00 0.250E+00 0.156E-01 0.244E+00 0.153E-01
      3       1       8  131072       4       4 0.564E-02 0.161E-01 0.000E+00 0.000E+00 0.243E-01 0.152E-02 0.244E-01 0.152E-02
      3       1       8   16384       4       4 0.449E-02 0.171E-01 0.298E-06 0.119E-05 0.358E-02 0.224E-03 0.326E-02 0.204E-03
      3       1       8    2048       4       4 0.438E-02 0.174E-01 0.000E+00 0.000E+00 0.894E-03 0.559E-04 0.458E-03 0.286E-04
      3       1       8     256       4       4 0.430E-02 0.172E-01 0.000E+00 0.000E+00 0.292E-03 0.182E-04 0.147E-03 0.921E-05
      3       1       8  262144       4       4 0.543E-02 0.824E-02 0.238E-06 0.954E-06 0.484E-01 0.303E-02 0.474E-01 0.296E-02
      3       1       8   32768       4       4 0.452E-02 0.163E-01 0.000E+00 0.000E+00 0.637E-02 0.398E-03 0.621E-02 0.388E-03
      3       1       8    4096       4       4 0.549E-02 0.217E-01 0.238E-06 0.954E-06 0.965E-03 0.603E-04 0.823E-03 0.514E-04
      3       1       8     512       4       4 0.429E-02 0.171E-01 0.000E+00 0.000E+00 0.346E-03 0.216E-04 0.186E-03 0.116E-04
      3       1       8  524288       4       4 0.118E-01 0.216E-01 0.000E+00 0.000E+00 0.104E+00 0.651E-02 0.989E-01 0.618E-02
      3       1       8   65536       4       4 0.657E-02 0.228E-01 0.238E-06 0.954E-06 0.127E-01 0.794E-03 0.123E-01 0.771E-03
      3       1       8    8192       4       4 0.438E-02 0.171E-01 0.000E+00 0.000E+00 0.201E-02 0.125E-03 0.177E-02 0.110E-03
      3       2       1    1024       4       4 0.841E-02 0.336E-01 0.119E-05 0.191E-05 0.623E-03 0.390E-04 0.411E-03 0.257E-04
      3       2       1 1048576       4       4 0.123E-01 0.254E-01 0.215E-05 0.215E-05 0.217E+00 0.135E-01 0.183E+00 0.115E-01
      3       2       1  131072       4       4 0.914E-02 0.335E-01 0.101E-05 0.119E-05 0.316E-01 0.198E-02 0.208E-01 0.130E-02
      3       2       1   16384       4       4 0.653E-02 0.255E-01 0.119E-05 0.191E-05 0.343E-02 0.215E-03 0.297E-02 0.186E-03
      3       2       1    2048       4       4 0.439E-02 0.174E-01 0.101E-05 0.119E-05 0.779E-03 0.487E-04 0.551E-03 0.344E-04
      3       2      12    1024       4       4 0.870E-02 0.347E-01 0.137E-05 0.215E-05 0.882E-03 0.551E-04 0.665E-03 0.416E-04
      3       2      12 1048576       4       4 0.131E-01 0.248E-01 0.197E-05 0.215E-05 0.225E+00 0.140E-01 0.187E+00 0.117E-01
      3       2      12  131072       4       4 0.100E-01 0.356E-01 0.179E-05 0.215E-05 0.268E-01 0.167E-02 0.231E-01 0.144E-02
      3       2      12   16384       4       4 0.517E-02 0.202E-01 0.775E-06 0.119E-05 0.364E-02 0.227E-03 0.308E-02 0.192E-03
      3       2      12    2048       4       4 0.894E-02 0.356E-01 0.101E-05 0.215E-05 0.105E-02 0.659E-04 0.822E-03 0.513E-04
      3       2      12     256       4       4 0.714E-02 0.285E-01 0.775E-06 0.119E-05 0.632E-03 0.395E-04 0.355E-03 0.222E-04
      3       2      12  262144       4       4 0.794E-02 0.229E-01 0.179E-05 0.215E-05 0.558E-01 0.349E-02 0.459E-01 0.287E-02
      3       2      12   32768       4       4 0.920E-02 0.356E-01 0.107E-05 0.119E-05 0.703E-02 0.440E-03 0.601E-02 0.376E-03
      3       2      12    4096       4       4 0.117E-01 0.465E-01 0.179E-05 0.215E-05 0.155E-02 0.967E-04 0.120E-02 0.753E-04
      3       2      12     512       4       4 0.937E-02 0.374E-01 0.954E-06 0.954E-06 0.577E-03 0.361E-04 0.337E-03 0.211E-04
      3       2      12  524288       4       4 0.885E-02 0.217E-01 0.131E-05 0.215E-05 0.101E+00 0.633E-02 0.842E-01 0.526E-02
      3       2       1     256       4       4 0.847E-02 0.338E-01 0.149E-05 0.215E-05 0.348E-03 0.218E-04 0.242E-03 0.151E-04
      3       2       1  262144       4       4 0.101E-01 0.343E-01 0.173E-05 0.215E-05 0.489E-01 0.306E-02 0.405E-01 0.253E-02
      3       2      12   65536       4       4 0.656E-02 0.239E-01 0.477E-06 0.954E-06 0.129E-01 0.804E-03 0.110E-01 0.689E-03
      3       2      12    8192       4       4 0.643E-02 0.254E-01 0.238E-06 0.954E-06 0.215E-02 0.134E-03 0.174E-02 0.109E-03
      3       2       1   32768       4       4 0.455E-02 0.174E-01 0.143E-05 0.191E-05 0.643E-02 0.402E-03 0.553E-02 0.346E-03
      3       2       1    4096       4       4 0.425E-02 0.168E-01 0.155E-05 0.215E-05 0.126E-02 0.785E-04 0.932E-03 0.582E-04
      3       2       1     512       4       4 0.855E-02 0.341E-01 0.149E-05 0.215E-05 0.517E-03 0.323E-04 0.315E-03 0.197E-04
      3       2       1  524288       4       4 0.890E-02 0.235E-01 0.119E-05 0.191E-05 0.988E-01 0.617E-02 0.819E-01 0.512E-02
      3       2       1   65536       4       4 0.450E-02 0.164E-01 0.149E-05 0.215E-05 0.118E-01 0.740E-03 0.104E-01 0.653E-03
      3       2       1    8192       4       4 0.863E-02 0.342E-01 0.238E-06 0.954E-06 0.194E-02 0.122E-03 0.159E-02 0.995E-04
      3       2       2    1024       4       4 0.649E-02 0.259E-01 0.149E-05 0.215E-05 0.614E-03 0.384E-04 0.458E-03 0.286E-04
      3       2       2 1048576       4       4 0.134E-01 0.294E-01 0.197E-05 0.215E-05 0.221E+00 0.138E-01 0.187E+00 0.117E-01
      3       2       2  131072       4       4 0.504E-02 0.169E-01 0.834E-06 0.119E-05 0.204E-01 0.128E-02 0.175E-01 0.110E-02
      3       2       2   16384       4       4 0.865E-02 0.342E-01 0.149E-05 0.191E-05 0.351E-02 0.219E-03 0.298E-02 0.186E-03
      3       2       2    2048       4       4 0.714E-02 0.284E-01 0.238E-06 0.954E-06 0.912E-03 0.570E-04 0.509E-03 0.318E-04
      3       2       2     256       4       4 0.104E-01 0.416E-01 0.119E-05 0.191E-05 0.411E-03 0.257E-04 0.304E-03 0.190E-04
      3       2       2  262144       4       4 0.770E-02 0.244E-01 0.155E-05 0.215E-05 0.485E-01 0.303E-02 0.409E-01 0.256E-02
      3       2       2   32768       4       4 0.922E-02 0.360E-01 0.173E-05 0.215E-05 0.684E-02 0.428E-03 0.589E-02 0.368E-03
      3       2       2    4096       4       4 0.680E-02 0.270E-01 0.107E-05 0.119E-05 0.134E-02 0.839E-04 0.101E-02 0.631E-04
      3       2       2     512       4       4 0.796E-02 0.318E-01 0.715E-06 0.954E-06 0.564E-03 0.352E-04 0.401E-03 0.251E-04
      3       2       2  524288       4       4 0.129E-01 0.394E-01 0.173E-05 0.215E-05 0.101E+00 0.630E-02 0.861E-01 0.538E-02
      3       2       2   65536       4       4 0.103E-01 0.397E-01 0.149E-05 0.215E-05 0.121E-01 0.754E-03 0.111E-01 0.697E-03
      3       2       2    8192       4       4 0.705E-02 0.280E-01 0.119E-05 0.191E-05 0.199E-02 0.125E-03 0.169E-02 0.105E-03
      3       2       4    1024       4       4 0.862E-02 0.344E-01 0.101E-05 0.191E-05 0.621E-03 0.388E-04 0.441E-03 0.276E-04
      3       2       4 1048576       4       4 0.174E-01 0.430E-01 0.119E-05 0.191E-05 0.215E+00 0.134E-01 0.181E+00 0.113E-01
      3       2       4  131072       4       4 0.745E-02 0.262E-01 0.173E-05 0.215E-05 0.243E-01 0.152E-02 0.220E-01 0.137E-02
      3       2       4   16384       4       4 0.593E-02 0.231E-01 0.131E-05 0.215E-05 0.414E-02 0.259E-03 0.366E-02 0.229E-03
      3       2       4    2048       4       4 0.848E-02 0.338E-01 0.131E-05 0.215E-05 0.857E-03 0.535E-04 0.666E-03 0.416E-04
      3       2       4     256       4       4 0.631E-02 0.252E-01 0.143E-05 0.191E-05 0.506E-03 0.316E-04 0.371E-03 0.232E-04
      3       2       4  262144       4       4 0.763E-02 0.237E-01 0.179E-05 0.215E-05 0.484E-01 0.302E-02 0.422E-01 0.264E-02
      3       2       4   32768       4       4 0.610E-02 0.235E-01 0.173E-05 0.191E-05 0.714E-02 0.446E-03 0.642E-02 0.401E-03
      3       2       4    4096       4       4 0.114E-01 0.455E-01 0.179E-05 0.215E-05 0.130E-02 0.811E-04 0.107E-02 0.666E-04
      3       2       4     512       4       4 0.692E-02 0.276E-01 0.143E-05 0.191E-05 0.701E-03 0.438E-04 0.592E-03 0.370E-04
      3       2       4  524288       4       4 0.922E-02 0.235E-01 0.167E-05 0.191E-05 0.962E-01 0.601E-02 0.811E-01 0.507E-02
      3       2       4   65536       4       4 0.552E-02 0.203E-01 0.173E-05 0.215E-05 0.127E-01 0.792E-03 0.117E-01 0.730E-03
      3       2       4    8192       4       4 0.965E-02 0.383E-01 0.155E-05 0.215E-05 0.209E-02 0.130E-03 0.173E-02 0.108E-03
      3       2       8    1024       4       4 0.741E-02 0.295E-01 0.119E-05 0.191E-05 0.679E-03 0.424E-04 0.476E-03 0.297E-04
      3       2       8 1048576       4       4 0.144E-01 0.302E-01 0.149E-05 0.215E-05 0.220E+00 0.138E-01 0.183E+00 0.115E-01
      3       2       8  131072       4       4 0.699E-02 0.236E-01 0.101E-05 0.119E-05 0.230E-01 0.144E-02 0.199E-01 0.124E-02
      3       2       8   16384       4       4 0.812E-02 0.319E-01 0.149E-05 0.215E-05 0.416E-02 0.260E-03 0.360E-02 0.225E-03
      3       2       8    2048       4       4 0.929E-02 0.370E-01 0.101E-05 0.119E-05 0.929E-03 0.581E-04 0.742E-03 0.464E-04
      3       2       8     256       4       4 0.878E-02 0.350E-01 0.167E-05 0.191E-05 0.599E-03 0.374E-04 0.478E-03 0.299E-04
      3       2       8  262144       4       4 0.742E-02 0.222E-01 0.125E-05 0.215E-05 0.489E-01 0.305E-02 0.417E-01 0.261E-02
      3       2       8   32768       4       4 0.810E-02 0.312E-01 0.149E-05 0.215E-05 0.661E-02 0.413E-03 0.592E-02 0.370E-03
      3       2       8    4096       4       4 0.614E-02 0.244E-01 0.101E-05 0.119E-05 0.116E-02 0.723E-04 0.867E-03 0.542E-04
      3       2       8     512       4       4 0.726E-02 0.290E-01 0.775E-06 0.119E-05 0.742E-03 0.464E-04 0.510E-03 0.319E-04
      3       2       8  524288       4       4 0.970E-02 0.250E-01 0.119E-05 0.191E-05 0.945E-01 0.591E-02 0.733E-01 0.458E-02
      3       2       8   65536       4       4 0.610E-02 0.226E-01 0.131E-05 0.215E-05 0.122E-01 0.765E-03 0.109E-01 0.684E-03
      3       2       8    8192       4       4 0.876E-02 0.347E-01 0.197E-05 0.215E-05 0.255E-02 0.160E-03 0.216E-02 0.135E-03
      3       4       1    1024       4       4 0.139E-01 0.555E-01 0.700E-02 0.280E-01 0.165E-01 0.103E-02 0.551E-03 0.344E-04
      3       4       1 1048576       4       4 0.173E-01 0.567E-01 0.620E-05 0.169E-04 0.194E+00 0.121E-01 0.152E+00 0.952E-02
      3       4       1  131072       4       4 0.153E-01 0.587E-01 0.232E-05 0.310E-05 0.246E-01 0.154E-02 0.196E-01 0.123E-02
      3       4       1   16384       4       4 0.132E-01 0.522E-01 0.101E-02 0.405E-02 0.553E-01 0.346E-02 0.341E-02 0.213E-03
      3       4       1    2048       4       4 0.990E-02 0.395E-01 0.203E-05 0.286E-05 0.169E-01 0.105E-02 0.818E-03 0.512E-04
      3       4       1     256       4       4 0.102E-01 0.406E-01 0.173E-05 0.310E-05 0.573E-03 0.358E-04 0.398E-03 0.249E-04
      3       4       1  262144       4       4 0.115E-01 0.427E-01 0.221E-05 0.310E-05 0.411E-01 0.257E-02 0.319E-01 0.199E-02
      3       4       1   32768       4       4 0.956E-02 0.377E-01 0.203E-05 0.215E-05 0.703E-02 0.440E-03 0.558E-02 0.349E-03
      3       4       1    4096       4       4 0.112E-01 0.445E-01 0.197E-05 0.286E-05 0.849E-02 0.531E-03 0.118E-02 0.738E-04
      3       4       1     512       4       4 0.980E-02 0.391E-01 0.149E-05 0.310E-05 0.164E-01 0.103E-02 0.446E-03 0.279E-04
      3       4       1  524288       4       4 0.125E-01 0.436E-01 0.244E-05 0.405E-05 0.902E-01 0.564E-02 0.657E-01 0.410E-02
      3       4       1   65536       4       4 0.123E-01 0.481E-01 0.191E-05 0.215E-05 0.114E-01 0.713E-03 0.922E-02 0.576E-03
      3       4       1    8192       4       4 0.117E-01 0.467E-01 0.110E-01 0.440E-01 0.513E-01 0.321E-02 0.294E-01 0.183E-02
      3       4       2    1024       4       4 0.694E-02 0.277E-01 0.119E-05 0.191E-05 0.721E-03 0.451E-04 0.531E-03 0.332E-04
      3       4       2 1048576       4       4 0.107E-01 0.296E-01 0.173E-05 0.405E-05 0.197E+00 0.123E-01 0.153E+00 0.958E-02
      3       4       2  131072       4       4 0.110E-01 0.422E-01 0.125E-05 0.215E-05 0.211E-01 0.132E-02 0.157E-01 0.982E-03
      3       4       2   16384       4       4 0.161E-01 0.641E-01 0.149E-05 0.215E-05 0.359E-02 0.224E-03 0.267E-02 0.167E-03
      3       4       2    2048       4       4 0.137E-01 0.545E-01 0.191E-05 0.191E-05 0.130E-02 0.814E-04 0.922E-03 0.576E-04
      3       4       2     256       4       4 0.133E-01 0.532E-01 0.125E-05 0.191E-05 0.698E-03 0.436E-04 0.476E-03 0.298E-04
      3       4       2  262144       4       4 0.150E-01 0.563E-01 0.179E-05 0.310E-05 0.434E-01 0.271E-02 0.352E-01 0.220E-02
      3       4       2   32768       4       4 0.652E-02 0.256E-01 0.119E-05 0.191E-05 0.568E-02 0.355E-03 0.428E-02 0.268E-03
      3       4       2    4096       4       4 0.149E-01 0.593E-01 0.221E-05 0.286E-05 0.148E-02 0.923E-04 0.108E-02 0.678E-04
      3       4       2     512       4       4 0.110E-01 0.438E-01 0.226E-05 0.310E-05 0.764E-03 0.478E-04 0.573E-03 0.358E-04
      3       4       2  524288       4       4 0.154E-01 0.548E-01 0.232E-05 0.310E-05 0.890E-01 0.556E-02 0.666E-01 0.416E-02
      3       4       2   65536       4       4 0.142E-01 0.560E-01 0.101E-05 0.191E-05 0.105E-01 0.654E-03 0.824E-02 0.515E-03
      3       4       2    8192       4       4 0.122E-01 0.485E-01 0.119E-05 0.191E-05 0.214E-02 0.134E-03 0.153E-02 0.956E-04
      3       4       4    1024       4       4 0.158E-01 0.630E-01 0.226E-05 0.310E-05 0.966E-03 0.603E-04 0.691E-03 0.432E-04
      3       4       4 1048576       4       4 0.151E-01 0.464E-01 0.221E-05 0.310E-05 0.192E+00 0.120E-01 0.154E+00 0.959E-02
      3       4       4  131072       4       4 0.114E-01 0.437E-01 0.143E-05 0.191E-05 0.192E-01 0.120E-02 0.141E-01 0.882E-03
      3       4       4   16384       4       4 0.123E-01 0.488E-01 0.161E-05 0.310E-05 0.348E-02 0.217E-03 0.271E-02 0.169E-03
      3       4       4    2048       4       4 0.154E-01 0.616E-01 0.125E-05 0.191E-05 0.104E-02 0.653E-04 0.713E-03 0.446E-04
      3       4       4     256       4       4 0.156E-01 0.624E-01 0.203E-05 0.286E-05 0.635E-03 0.397E-04 0.486E-03 0.304E-04
      3       4       4  262144       4       4 0.137E-01 0.513E-01 0.119E-05 0.191E-05 0.403E-01 0.252E-02 0.284E-01 0.178E-02
      3       4       4   32768       4       4 0.130E-01 0.512E-01 0.125E-05 0.191E-05 0.594E-02 0.372E-03 0.462E-02 0.289E-03
      3       4       4    4096       4       4 0.145E-01 0.579E-01 0.215E-05 0.286E-05 0.176E-02 0.110E-03 0.136E-02 0.849E-04
      3       4       4     512       4       4 0.130E-01 0.518E-01 0.107E-05 0.215E-05 0.574E-03 0.359E-04 0.390E-03 0.244E-04
      3       4       4  524288       4       4 0.126E-01 0.434E-01 0.238E-05 0.310E-05 0.883E-01 0.552E-02 0.643E-01 0.402E-02
      3       4       4   65536       4       4 0.134E-01 0.525E-01 0.101E-05 0.215E-05 0.108E-01 0.676E-03 0.860E-02 0.538E-03
      3       4       4    8192       4       4 0.134E-01 0.536E-01 0.149E-05 0.310E-05 0.189E-02 0.118E-03 0.147E-02 0.917E-04
      3       8       1    1024       4       4 0.253E-01 0.101E+00 0.292E-05 0.405E-05 0.128E-02 0.800E-04 0.980E-03 0.613E-04
      3       8       1 1048576       4       4 0.101E-01 0.335E-01 0.304E-05 0.501E-05 0.172E+00 0.108E-01 0.123E+00 0.770E-02
      3       8       1  131072       4       4 0.594E-02 0.227E-01 0.226E-05 0.405E-05 0.191E-01 0.119E-02 0.121E-01 0.754E-03
      3       8       1   16384       4       4 0.223E-01 0.888E-01 0.274E-05 0.501E-05 0.439E-02 0.275E-03 0.326E-02 0.203E-03
      3       8       1    2048       4       4 0.961E-02 0.383E-01 0.441E-05 0.978E-05 0.144E-02 0.901E-04 0.102E-02 0.637E-04
      3       8       1     256       4       4 0.208E-01 0.833E-01 0.298E-05 0.501E-05 0.122E-02 0.760E-04 0.930E-03 0.581E-04
      3       8       1  262144       4       4 0.114E-01 0.438E-01 0.256E-05 0.405E-05 0.390E-01 0.244E-02 0.274E-01 0.171E-02
      3       8       1   32768       4       4 0.117E-01 0.465E-01 0.173E-05 0.405E-05 0.493E-02 0.308E-03 0.344E-02 0.215E-03
      3       8       1    4096       4       4 0.119E-01 0.475E-01 0.221E-05 0.405E-05 0.194E-02 0.121E-03 0.132E-02 0.824E-04
      3       8       1     512       4       4 0.146E-01 0.583E-01 0.286E-05 0.381E-05 0.103E-02 0.647E-04 0.766E-03 0.479E-04
      3       8       1  524288       4       4 0.220E-01 0.845E-01 0.334E-05 0.405E-05 0.826E-01 0.516E-02 0.588E-01 0.368E-02
      3       8       1   65536       4       4 0.975E-02 0.384E-01 0.149E-05 0.310E-05 0.100E-01 0.626E-03 0.665E-02 0.415E-03
      3       8       1    8192       4       4 0.193E-01 0.771E-01 0.179E-05 0.405E-05 0.251E-02 0.157E-03 0.180E-02 0.112E-03
      3       8       2    1024       4       4 0.183E-01 0.729E-01 0.244E-05 0.405E-05 0.125E-02 0.784E-04 0.100E-02 0.625E-04
      3       8       2 1048576       4       4 0.247E-01 0.907E-01 0.268E-05 0.405E-05 0.175E+00 0.109E-01 0.129E+00 0.804E-02
      3       8       2  131072       4       4 0.133E-01 0.518E-01 0.203E-05 0.405E-05 0.217E-01 0.135E-02 0.140E-01 0.875E-03
      3       8       2   16384       4       4 0.226E-01 0.902E-01 0.173E-05 0.310E-05 0.801E-02 0.501E-03 0.321E-02 0.201E-03
      3       8       2    2048       4       4 0.201E-01 0.802E-01 0.268E-05 0.381E-05 0.198E-02 0.124E-03 0.111E-02 0.693E-04
      3       8       2     256       4       4 0.205E-01 0.820E-01 0.304E-05 0.501E-05 0.145E-02 0.905E-04 0.984E-03 0.615E-04
      3       8       2  262144       4       4 0.179E-01 0.696E-01 0.244E-05 0.405E-05 0.411E-01 0.257E-02 0.286E-01 0.179E-02
      3       8       2   32768       4       4 0.219E-01 0.873E-01 0.250E-05 0.405E-05 0.678E-02 0.424E-03 0.522E-02 0.326E-03
      3       8       2    4096       4       4 0.255E-01 0.102E+00 0.250E-05 0.405E-05 0.282E-02 0.176E-03 0.143E-02 0.896E-04
      3       8       2     512       4       4 0.213E-01 0.851E-01 0.280E-05 0.501E-05 0.162E-02 0.101E-03 0.103E-02 0.641E-04
      3       8       2  524288       4       4 0.230E-01 0.882E-01 0.286E-05 0.501E-05 0.806E-01 0.504E-02 0.592E-01 0.370E-02
      3       8       2   65536       4       4 0.167E-01 0.662E-01 0.274E-05 0.501E-05 0.122E-01 0.765E-03 0.888E-02 0.555E-03
      3       8       2    8192       4       4 0.243E-01 0.971E-01 0.256E-05 0.501E-05 0.306E-02 0.191E-03 0.226E-02 0.141E-03
