res2dt3=[      2       1    1024    1024       4       4 0.641E-01 0.256E+00 0.882E-01 0.353E+00 0.188E+00 0.118E-01 0.210E+00 0.131E-01
      2       1     128     128       4       4 0.102E-01 0.407E-01 0.935E-02 0.374E-01 0.155E-02 0.967E-04 0.164E-02 0.102E-03
      2       1    2048    2048       4       4 0.201E+00 0.804E+00 0.417E+00 0.167E+01 0.916E+00 0.572E-01 0.111E+01 0.697E-01
      2       1     256     256       4       4 0.160E-01 0.637E-01 0.150E-01 0.597E-01 0.868E-02 0.543E-03 0.963E-02 0.602E-03
      2       1      32      32       4       4 0.280E-02 0.112E-01 0.257E-02 0.102E-01 0.482E-04 0.301E-05 0.520E-04 0.325E-05
      2       1    4096    4096       4       4 0.455E+00 0.182E+01 0.109E+01 0.436E+01 0.414E+01 0.259E+00 0.537E+01 0.336E+00
      2       1     512     512       4       4 0.283E-01 0.113E+00 0.310E-01 0.124E+00 0.386E-01 0.241E-02 0.436E-01 0.272E-02
      2       1      64      64       4       4 0.573E-02 0.229E-01 0.514E-02 0.205E-01 0.249E-03 0.156E-04 0.260E-03 0.162E-04
      2      12    1024    1024       4       4 0.125E+00 0.491E+00 0.139E+00 0.548E+00 0.348E-01 0.218E-02 0.363E-01 0.227E-02
      2      12     128     128       4       4 0.192E-01 0.757E-01 0.220E-01 0.867E-01 0.157E-02 0.982E-04 0.160E-02 0.100E-03
      2      12    2048    2048       4       4 0.353E+00 0.141E+01 0.353E+00 0.141E+01 0.184E+00 0.115E-01 0.183E+00 0.114E-01
      2      12     256     256       4       4 0.289E-01 0.113E+00 0.337E-01 0.131E+00 0.345E-02 0.216E-03 0.339E-02 0.212E-03
      2      12      32      32       4       4 0.107E-01 0.422E-01 0.111E-01 0.436E-01 0.851E-03 0.532E-04 0.835E-03 0.522E-04
      2      12    4096    4096       4       4 0.751E+00 0.300E+01 0.754E+00 0.301E+01 0.665E+00 0.416E-01 0.717E+00 0.448E-01
      2      12     512     512       4       4 0.593E-01 0.233E+00 0.664E-01 0.259E+00 0.119E-01 0.742E-03 0.107E-01 0.670E-03
      2      12      64      64       4       4 0.130E-01 0.514E-01 0.147E-01 0.578E-01 0.899E-03 0.562E-04 0.887E-03 0.554E-04
      2      16    1024    1024       4       4 0.876E-01 0.344E+00 0.103E+00 0.407E+00 0.326E-01 0.204E-02 0.334E-01 0.209E-02
      2      16     128     128       4       4 0.157E-01 0.607E-01 0.190E-01 0.732E-01 0.177E-02 0.111E-03 0.182E-02 0.114E-03
      2      16    2048    2048       4       4 0.283E+00 0.113E+01 0.290E+00 0.115E+01 0.175E+00 0.110E-01 0.177E+00 0.111E-01
      2      16     256     256       4       4 0.256E-01 0.975E-01 0.304E-01 0.117E+00 0.394E-02 0.246E-03 0.408E-02 0.255E-03
      2      16      32      32       4       4 0.534E-02 0.208E-01 0.615E-02 0.239E-01 0.919E-03 0.574E-04 0.883E-03 0.552E-04
      2      16    4096    4096       4       4 0.540E+00 0.215E+01 0.547E+00 0.218E+01 0.776E+00 0.485E-01 0.775E+00 0.484E-01
      2      16     512     512       4       4 0.438E-01 0.171E+00 0.485E-01 0.189E+00 0.106E-01 0.661E-03 0.972E-02 0.607E-03
      2      16      64      64       4       4 0.945E-02 0.371E-01 0.110E-01 0.433E-01 0.911E-03 0.570E-04 0.903E-03 0.564E-04
      2       2    1024    1024       4       4 0.790E-01 0.315E+00 0.101E+00 0.404E+00 0.102E+00 0.635E-02 0.114E+00 0.715E-02
      2       2     128     128       4       4 0.119E-01 0.473E-01 0.115E-01 0.459E-01 0.110E-02 0.684E-04 0.123E-02 0.771E-04
      2       2    2048    2048       4       4 0.327E+00 0.131E+01 0.442E+00 0.177E+01 0.495E+00 0.310E-01 0.601E+00 0.376E-01
      2       2     256     256       4       4 0.195E-01 0.776E-01 0.189E-01 0.751E-01 0.570E-02 0.356E-03 0.638E-02 0.399E-03
      2       2      32      32       4       4 0.381E-02 0.151E-01 0.393E-02 0.156E-01 0.400E-03 0.250E-04 0.361E-03 0.226E-04
      2       2    4096    4096       4       4 0.589E+00 0.236E+01 0.112E+01 0.448E+01 0.234E+01 0.146E+00 0.299E+01 0.187E+00
      2       2     512     512       4       4 0.331E-01 0.132E+00 0.368E-01 0.147E+00 0.220E-01 0.137E-02 0.260E-01 0.163E-02
      2       2      64      64       4       4 0.682E-02 0.272E-01 0.677E-02 0.270E-01 0.805E-03 0.503E-04 0.717E-03 0.448E-04
      2      24    1024    1024       4       4 0.139E+00 0.542E+00 0.156E+00 0.611E+00 0.423E-01 0.265E-02 0.398E-01 0.249E-02
      2      24     128     128       4       4 0.259E-01 0.101E+00 0.284E-01 0.112E+00 0.248E-02 0.155E-03 0.533E-02 0.333E-03
      2      24    2048    2048       4       4 0.318E+00 0.126E+01 0.343E+00 0.136E+01 0.167E+00 0.104E-01 0.178E+00 0.111E-01
      2      24     256     256       4       4 0.351E-01 0.136E+00 0.430E-01 0.165E+00 0.377E-02 0.236E-03 0.433E-02 0.271E-03
      2      24      32      32       4       4 0.696E-02 0.267E-01 0.733E-02 0.280E-01 0.130E-02 0.809E-04 0.944E-03 0.590E-04
      2      24    4096    4096       4       4 0.770E+00 0.307E+01 0.732E+00 0.292E+01 0.661E+00 0.413E-01 0.621E+00 0.388E-01
      2      24     512     512       4       4 0.619E-01 0.240E+00 0.714E-01 0.277E+00 0.103E-01 0.644E-03 0.115E-01 0.717E-03
      2      24      64      64       4       4 0.223E-01 0.875E-01 0.244E-01 0.947E-01 0.158E-02 0.987E-04 0.185E-02 0.116E-03
      2       4    1024    1024       4       4 0.805E-01 0.321E+00 0.917E-01 0.366E+00 0.622E-01 0.389E-02 0.638E-01 0.399E-02
      2       4     128     128       4       4 0.120E-01 0.474E-01 0.119E-01 0.470E-01 0.128E-02 0.797E-04 0.136E-02 0.849E-04
      2       4    2048    2048       4       4 0.270E+00 0.108E+01 0.284E+00 0.114E+01 0.334E+00 0.209E-01 0.295E+00 0.185E-01
      2       4     256     256       4       4 0.191E-01 0.755E-01 0.190E-01 0.747E-01 0.410E-02 0.256E-03 0.411E-02 0.257E-03
      2       4      32      32       4       4 0.369E-02 0.146E-01 0.378E-02 0.149E-01 0.374E-03 0.234E-04 0.390E-03 0.244E-04
      2       4    4096    4096       4       4 0.623E+00 0.249E+01 0.724E+00 0.290E+01 0.129E+01 0.806E-01 0.156E+01 0.973E-01
      2       4     512     512       4       4 0.362E-01 0.144E+00 0.363E-01 0.144E+00 0.149E-01 0.931E-03 0.178E-01 0.111E-02
      2       4      64      64       4       4 0.698E-02 0.277E-01 0.684E-02 0.270E-01 0.751E-03 0.469E-04 0.725E-03 0.453E-04
      2       8    1024    1024       4       4 0.819E-01 0.325E+00 0.852E-01 0.338E+00 0.535E-01 0.335E-02 0.574E-01 0.359E-02
      2       8     128     128       4       4 0.148E-01 0.582E-01 0.141E-01 0.553E-01 0.132E-02 0.825E-04 0.117E-02 0.730E-04
      2       8    2048    2048       4       4 0.248E+00 0.989E+00 0.266E+00 0.106E+01 0.165E+00 0.103E-01 0.232E+00 0.145E-01
      2       8     256     256       4       4 0.228E-01 0.896E-01 0.228E-01 0.887E-01 0.389E-02 0.243E-03 0.425E-02 0.266E-03
      2       8      32      32       4       4 0.460E-02 0.180E-01 0.447E-02 0.175E-01 0.556E-03 0.347E-04 0.582E-03 0.364E-04
      2       8    4096    4096       4       4 0.582E+00 0.232E+01 0.587E+00 0.234E+01 0.101E+01 0.630E-01 0.976E+00 0.610E-01
      2       8     512     512       4       4 0.404E-01 0.160E+00 0.401E-01 0.158E+00 0.167E-01 0.104E-02 0.136E-01 0.848E-03
      2       8      64      64       4       4 0.821E-02 0.325E-01 0.803E-02 0.317E-01 0.839E-03 0.524E-04 0.854E-03 0.534E-04
      3       1    1024    1024       4       4 0.101E-02 0.362E-02 0.109E-03 0.136E-03 0.974E-01 0.609E-02 0.927E-01 0.579E-02
      3       1     128     128       4       4 0.850E-03 0.334E-02 0.201E-04 0.298E-04 0.734E-03 0.459E-04 0.721E-03 0.451E-04
      3       1    2048    2048       4       4 0.119E-02 0.399E-02 0.241E-03 0.299E-03 0.641E+00 0.401E-01 0.629E+00 0.393E-01
      3       1     256     256       4       4 0.844E-03 0.327E-02 0.340E-04 0.520E-04 0.350E-02 0.219E-03 0.356E-02 0.223E-03
      3       1      32      32       4       4 0.782E-03 0.312E-02 0.173E-05 0.405E-05 0.517E-04 0.323E-05 0.434E-04 0.271E-05
      3       1    4096    4096       4       4 0.119E-02 0.384E-02 0.312E-03 0.403E-03 0.253E+01 0.158E+00 0.240E+01 0.150E+00
      3       1     512     512       4       4 0.983E-03 0.375E-02 0.569E-04 0.799E-04 0.155E-01 0.966E-03 0.152E-01 0.948E-03
      3       1      64      64       4       4 0.819E-03 0.325E-02 0.799E-05 0.169E-04 0.200E-03 0.125E-04 0.207E-03 0.130E-04
      3      12    1024    1024       4       4 0.105E-02 0.361E-02 0.167E-03 0.195E-03 0.139E-01 0.869E-03 0.117E-01 0.731E-03
      3      12     128     128       4       4 0.417E-02 0.166E-01 0.250E-04 0.370E-04 0.609E-03 0.381E-04 0.542E-03 0.339E-04
      3      12    2048    2048       4       4 0.884E-03 0.244E-02 0.343E-03 0.366E-03 0.798E-01 0.499E-02 0.637E-01 0.398E-02
      3      12     256     256       4       4 0.127E-02 0.495E-02 0.507E-04 0.101E-03 0.126E-02 0.786E-04 0.102E-02 0.637E-04
      3      12      32      32       4       4 0.113E-02 0.450E-02 0.900E-05 0.179E-04 0.278E-03 0.174E-04 0.199E-03 0.125E-04
      3      12    4096    4096       4       4 0.884E-03 0.244E-02 0.360E-03 0.455E-03 0.345E+00 0.216E-01 0.302E+00 0.189E-01
      3      12     512     512       4       4 0.364E-02 0.143E-01 0.905E-04 0.134E-03 0.333E-02 0.208E-03 0.268E-02 0.168E-03
      3      12      64      64       4       4 0.435E-02 0.174E-01 0.130E-04 0.219E-04 0.356E-03 0.222E-04 0.369E-03 0.231E-04
      3      16    1024    1024       4       4 0.107E-02 0.382E-02 0.129E-03 0.165E-03 0.126E-01 0.789E-03 0.931E-02 0.582E-03
      3      16     128     128       4       4 0.200E-02 0.792E-02 0.237E-04 0.360E-04 0.392E-02 0.245E-03 0.548E-03 0.342E-04
      3      16    2048    2048       4       4 0.805E-03 0.209E-02 0.344E-03 0.381E-03 0.637E-01 0.398E-02 0.487E-01 0.304E-02
      3      16     256     256       4       4 0.357E-02 0.141E-01 0.440E-04 0.670E-04 0.131E-02 0.816E-04 0.841E-03 0.526E-04
      3      16      32      32       4       4 0.527E-02 0.211E-01 0.100E-04 0.188E-04 0.317E-03 0.198E-04 0.218E-03 0.136E-04
      3      16    4096    4096       4       4 0.110E-02 0.285E-02 0.534E-03 0.700E-03 0.322E+00 0.201E-01 0.276E+00 0.172E-01
      3      16     512     512       4       4 0.319E-02 0.124E-01 0.100E-03 0.152E-03 0.381E-02 0.238E-03 0.267E-02 0.167E-03
      3      16      64      64       4       4 0.421E-02 0.168E-01 0.900E-05 0.181E-04 0.420E-03 0.262E-04 0.338E-03 0.211E-04
      3       2    1024    1024       4       4 0.863E-03 0.302E-02 0.112E-03 0.142E-03 0.525E-01 0.328E-02 0.499E-01 0.312E-02
      3       2     128     128       4       4 0.334E-02 0.133E-01 0.218E-04 0.300E-04 0.795E-03 0.497E-04 0.119E-02 0.743E-04
      3       2    2048    2048       4       4 0.995E-03 0.319E-02 0.254E-03 0.324E-03 0.356E+00 0.223E-01 0.339E+00 0.212E-01
      3       2     256     256       4       4 0.151E-02 0.591E-02 0.410E-04 0.551E-04 0.321E-02 0.200E-03 0.315E-02 0.197E-03
      3       2      32      32       4       4 0.703E-03 0.278E-02 0.900E-05 0.191E-04 0.141E-03 0.882E-05 0.102E-03 0.636E-05
      3       2    4096    4096       4       4 0.109E-02 0.340E-02 0.331E-03 0.407E-03 0.141E+01 0.880E-01 0.134E+01 0.836E-01
      3       2     512     512       4       4 0.162E-02 0.630E-02 0.587E-04 0.820E-04 0.114E-01 0.715E-03 0.104E-01 0.647E-03
      3       2      64      64       4       4 0.348E-02 0.139E-01 0.823E-05 0.160E-04 0.250E-03 0.156E-04 0.240E-03 0.150E-04
      3      24    1024    1024       4       4 0.137E-02 0.500E-02 0.150E-03 0.233E-03 0.106E-01 0.661E-03 0.690E-02 0.431E-03
      3      24     128     128       4       4 0.449E-02 0.179E-01 0.260E-04 0.379E-04 0.683E-03 0.427E-04 0.519E-03 0.325E-04
      3      24    2048    2048       4       4 0.676E-03 0.182E-02 0.282E-03 0.340E-03 0.494E-01 0.309E-02 0.341E-01 0.213E-02
      3      24     256     256       4       4 0.440E-02 0.175E-01 0.392E-04 0.520E-04 0.117E-02 0.730E-04 0.795E-03 0.497E-04
      3      24      32      32       4       4 0.416E-02 0.166E-01 0.100E-04 0.212E-04 0.364E-03 0.227E-04 0.121E-03 0.758E-05
      3      24    4096    4096       4       4 0.866E-03 0.192E-02 0.480E-03 0.525E-03 0.269E+00 0.168E-01 0.241E+00 0.151E-01
      3      24     512     512       4       4 0.323E-02 0.127E-01 0.691E-04 0.951E-04 0.371E-02 0.232E-03 0.244E-02 0.152E-03
      3      24      64      64       4       4 0.494E-02 0.197E-01 0.906E-05 0.181E-04 0.537E-03 0.336E-04 0.363E-03 0.227E-04
      3       4    1024    1024       4       4 0.687E-02 0.270E-01 0.116E-03 0.140E-03 0.327E-01 0.205E-02 0.275E-01 0.172E-02
      3       4     128     128       4       4 0.294E-02 0.117E-01 0.220E-04 0.310E-04 0.800E-03 0.500E-04 0.756E-03 0.473E-04
      3       4    2048    2048       4       4 0.958E-03 0.298E-02 0.263E-03 0.323E-03 0.191E+00 0.119E-01 0.167E+00 0.105E-01
      3       4     256     256       4       4 0.173E-02 0.679E-02 0.412E-04 0.579E-04 0.228E-02 0.142E-03 0.244E-02 0.153E-03
      3       4      32      32       4       4 0.364E-02 0.145E-01 0.823E-05 0.169E-04 0.174E-03 0.108E-04 0.170E-03 0.106E-04
      3       4    4096    4096       4       4 0.114E-02 0.316E-02 0.428E-03 0.441E-03 0.712E+00 0.445E-01 0.660E+00 0.413E-01
      3       4     512     512       4       4 0.350E-02 0.138E-01 0.635E-04 0.861E-04 0.621E-02 0.388E-03 0.564E-02 0.353E-03
      3       4      64      64       4       4 0.761E-02 0.304E-01 0.876E-05 0.172E-04 0.378E-03 0.236E-04 0.356E-03 0.222E-04
      3       8    1024    1024       4       4 0.131E-02 0.470E-02 0.155E-03 0.177E-03 0.194E-01 0.121E-02 0.157E-01 0.983E-03
      3       8     128     128       4       4 0.615E-02 0.245E-01 0.250E-04 0.329E-04 0.628E-03 0.392E-04 0.602E-03 0.376E-04
      3       8    2048    2048       4       4 0.891E-03 0.269E-02 0.269E-03 0.332E-03 0.110E+00 0.688E-02 0.884E-01 0.552E-02
      3       8     256     256       4       4 0.424E-02 0.169E-01 0.362E-04 0.501E-04 0.134E-02 0.835E-04 0.118E-02 0.737E-04
      3       8      32      32       4       4 0.514E-02 0.205E-01 0.948E-05 0.191E-04 0.199E-03 0.124E-04 0.126E-03 0.790E-05
      3       8    4096    4096       4       4 0.962E-03 0.280E-02 0.359E-03 0.456E-03 0.443E+00 0.277E-01 0.386E+00 0.241E-01
      3       8     512     512       4       4 0.267E-02 0.104E-01 0.835E-04 0.120E-03 0.396E-02 0.247E-03 0.348E-02 0.218E-03
      3       8      64      64       4       4 0.738E-02 0.295E-01 0.894E-05 0.179E-04 0.327E-03 0.204E-04 0.309E-03 0.193E-04
];