      2       1     127     127     127       4 0.439E+00 0.175E+01 0.427E+00 0.171E+01 0.503E+00 0.126E+00 0.504E+00 0.126E+00
      2       1      17      17      17       4 0.220E-02 0.867E-02 0.199E-02 0.787E-02 0.614E-03 0.154E-03 0.601E-03 0.150E-03
      2       1     257     257     257       4 0.259E+01 0.104E+02 0.256E+01 0.102E+02 0.548E+01 0.137E+01 0.549E+01 0.137E+01
      2       1      31      31      31       4 0.181E-01 0.721E-01 0.177E-01 0.708E-01 0.533E-02 0.133E-02 0.534E-02 0.133E-02
      2       1     509     509     509       4 0.491E+01 0.197E+02 0.489E+01 0.195E+02 0.360E+02 0.901E+01 0.361E+02 0.902E+01
      2       1      67      67      67       4 0.766E-01 0.306E+00 0.759E-01 0.303E+00 0.882E-01 0.221E-01 0.883E-01 0.221E-01
      2       1       7       7       7       4 0.178E-02 0.703E-02 0.157E-02 0.621E-02 0.100E-04 0.250E-05 0.477E-05 0.119E-05
      2      12     127     127     127       4 0.478E+00 0.190E+01 0.450E+00 0.179E+01 0.898E-01 0.225E-01 0.768E-01 0.192E-01
      2      12      17      17      17       4 0.111E-01 0.428E-01 0.106E-01 0.410E-01 0.354E-03 0.885E-04 0.320E-03 0.800E-04
      2      12     257     257     257       4 0.271E+01 0.108E+02 0.275E+01 0.110E+02 0.754E+00 0.189E+00 0.748E+00 0.187E+00
      2      12      31      31      31       4 0.596E-01 0.236E+00 0.607E-01 0.241E+00 0.140E-02 0.351E-03 0.128E-02 0.319E-03
      2      12     509     509     509       4 0.808E+01 0.323E+02 0.795E+01 0.318E+02 0.419E+01 0.105E+01 0.427E+01 0.107E+01
      2      12      67      67      67       4 0.117E+00 0.462E+00 0.113E+00 0.445E+00 0.254E-01 0.635E-02 0.261E-01 0.652E-02
      2      12       7       7       7       4 0.624E-02 0.239E-01 0.585E-02 0.223E-01 0.396E-03 0.989E-04 0.288E-03 0.719E-04
      2      16     127     127     127       4 0.477E+00 0.190E+01 0.454E+00 0.181E+01 0.817E-01 0.204E-01 0.785E-01 0.196E-01
      2      16      17      17      17       4 0.108E-01 0.415E-01 0.104E-01 0.401E-01 0.367E-03 0.918E-04 0.287E-03 0.718E-04
      2      16     257     257     257       4 0.253E+01 0.101E+02 0.254E+01 0.101E+02 0.871E+00 0.218E+00 0.702E+00 0.175E+00
      2      16      31      31      31       4 0.658E-01 0.261E+00 0.641E-01 0.255E+00 0.136E-02 0.339E-03 0.123E-02 0.309E-03
      2      16     509     509     509       4 0.727E+01 0.291E+02 0.720E+01 0.288E+02 0.332E+01 0.830E+00 0.356E+01 0.889E+00
      2      16      67      67      67       4 0.118E+00 0.461E+00 0.113E+00 0.440E+00 0.237E-01 0.593E-02 0.224E-01 0.561E-02
      2      16       7       7       7       4 0.620E-02 0.231E-01 0.513E-02 0.190E-01 0.497E-03 0.124E-03 0.397E-03 0.993E-04
      2       2     127     127     127       4 0.722E+00 0.289E+01 0.693E+00 0.277E+01 0.322E+00 0.804E-01 0.305E+00 0.761E-01
      2       2      17      17      17       4 0.610E-02 0.241E-01 0.579E-02 0.228E-01 0.426E-03 0.106E-03 0.432E-03 0.108E-03
      2       2     257     257     257       4 0.666E+01 0.266E+02 0.658E+01 0.263E+02 0.310E+01 0.775E+00 0.307E+01 0.767E+00
      2       2      31      31      31       4 0.422E-01 0.168E+00 0.420E-01 0.168E+00 0.299E-02 0.747E-03 0.291E-02 0.729E-03
      2       2     509     509     509       4 0.107E+02 0.426E+02 0.107E+02 0.429E+02 0.198E+02 0.494E+01 0.219E+02 0.548E+01
      2       2      67      67      67       4 0.172E+00 0.687E+00 0.164E+00 0.655E+00 0.526E-01 0.132E-01 0.505E-01 0.126E-01
      2       2       7       7       7       4 0.450E-02 0.178E-01 0.410E-02 0.163E-01 0.467E-04 0.117E-04 0.269E-04 0.674E-05
      2      24     127     127     127       4 0.498E+00 0.197E+01 0.494E+00 0.195E+01 0.840E-01 0.210E-01 0.895E-01 0.224E-01
      2      24      17      17      17       4 0.139E-01 0.513E-01 0.135E-01 0.501E-01 0.101E-02 0.252E-03 0.497E-03 0.124E-03
      2      24     257     257     257       4 0.254E+01 0.102E+02 0.266E+01 0.106E+02 0.602E+00 0.151E+00 0.483E+00 0.121E+00
      2      24      31      31      31       4 0.765E-01 0.303E+00 0.734E-01 0.291E+00 0.179E-02 0.447E-03 0.173E-02 0.433E-03
      2      24     509     509     509       4 0.623E+01 0.249E+02 0.622E+01 0.248E+02 0.290E+01 0.725E+00 0.285E+01 0.712E+00
      2      24      67      67      67       4 0.148E+00 0.573E+00 0.138E+00 0.532E+00 0.208E-01 0.520E-02 0.200E-01 0.501E-02
      2      24       7       7       7       4 0.629E-02 0.232E-01 0.533E-02 0.194E-01 0.681E-03 0.170E-03 0.383E-03 0.957E-04
      2       4     127     127     127       4 0.460E+00 0.184E+01 0.432E+00 0.173E+01 0.166E+00 0.416E-01 0.166E+00 0.416E-01
      2       4      17      17      17       4 0.741E-02 0.292E-01 0.748E-02 0.296E-01 0.387E-03 0.967E-04 0.322E-03 0.805E-04
      2       4     257     257     257       4 0.412E+01 0.165E+02 0.403E+01 0.161E+02 0.189E+01 0.474E+00 0.179E+01 0.449E+00
      2       4      31      31      31       4 0.392E-01 0.156E+00 0.393E-01 0.157E+00 0.170E-02 0.424E-03 0.163E-02 0.409E-03
      2       4     509     509     509       4 0.838E+01 0.335E+02 0.816E+01 0.326E+02 0.111E+02 0.278E+01 0.111E+02 0.277E+01
      2       4      67      67      67       4 0.121E+00 0.481E+00 0.122E+00 0.486E+00 0.280E-01 0.699E-02 0.280E-01 0.699E-02
      2       4       7       7       7       4 0.522E-02 0.206E-01 0.474E-02 0.186E-01 0.939E-04 0.235E-04 0.880E-04 0.220E-04
      2       8     127     127     127       4 0.435E+00 0.173E+01 0.394E+00 0.157E+01 0.115E+00 0.287E-01 0.978E-01 0.244E-01
      2       8      17      17      17       4 0.114E-01 0.444E-01 0.109E-01 0.426E-01 0.409E-03 0.102E-03 0.327E-03 0.818E-04
      2       8     257     257     257       4 0.313E+01 0.125E+02 0.319E+01 0.128E+02 0.981E+00 0.245E+00 0.935E+00 0.234E+00
      2       8      31      31      31       4 0.486E-01 0.194E+00 0.490E-01 0.195E+00 0.164E-02 0.410E-03 0.163E-02 0.407E-03
      2       8     509     509     509       4 0.796E+01 0.318E+02 0.830E+01 0.332E+02 0.569E+01 0.142E+01 0.580E+01 0.145E+01
      2       8      67      67      67       4 0.117E+00 0.463E+00 0.110E+00 0.435E+00 0.234E-01 0.585E-02 0.223E-01 0.557E-02
      2       8       7       7       7       4 0.664E-02 0.256E-01 0.600E-02 0.230E-01 0.643E-03 0.161E-03 0.288E-03 0.721E-04
      3       1     127     127     127       4 0.104E-02 0.391E-02 0.604E-04 0.708E-04 0.332E+00 0.830E-01 0.343E+00 0.857E-01
      3       1      17      17      17       4 0.825E-03 0.327E-02 0.650E-05 0.110E-04 0.436E-03 0.109E-03 0.407E-03 0.102E-03
      3       1     257     257     257       4 0.110E-02 0.394E-02 0.120E-03 0.147E-03 0.443E+01 0.111E+01 0.452E+01 0.113E+01
      3       1      31      31      31       4 0.799E-03 0.317E-02 0.751E-05 0.122E-04 0.373E-02 0.933E-03 0.369E-02 0.923E-03
      3       1     509     509     509       4 0.884E-03 0.292E-02 0.184E-03 0.239E-03 0.294E+02 0.735E+01 0.305E+02 0.763E+01
      3       1      67      67      67       4 0.938E-03 0.369E-02 0.117E-04 0.200E-04 0.101E+00 0.252E-01 0.100E+00 0.251E-01
      3       1       7       7       7       4 0.775E-03 0.309E-02 0.125E-05 0.405E-05 0.191E-04 0.477E-05 0.100E-04 0.250E-05
      3      12     127     127     127       4 0.705E-03 0.253E-02 0.685E-04 0.801E-04 0.356E-01 0.890E-02 0.358E-01 0.895E-02
      3      12      17      17      17       4 0.140E-02 0.555E-02 0.103E-04 0.150E-04 0.286E-03 0.715E-04 0.124E-03 0.310E-04
      3      12     257     257     257       4 0.704E-03 0.217E-02 0.179E-03 0.231E-03 0.461E+00 0.115E+00 0.476E+00 0.119E+00
      3      12      31      31      31       4 0.529E-02 0.211E-01 0.123E-04 0.219E-04 0.885E-03 0.221E-03 0.720E-03 0.180E-03
      3      12     509     509     509       4 0.944E-03 0.313E-02 0.186E-03 0.234E-03 0.305E+01 0.762E+00 0.318E+01 0.794E+00
      3      12      67      67      67       4 0.306E-02 0.122E-01 0.186E-04 0.310E-04 0.111E-01 0.279E-02 0.109E-01 0.274E-02
      3      12       7       7       7       4 0.308E-02 0.123E-01 0.954E-06 0.191E-05 0.229E-04 0.572E-05 0.110E-04 0.274E-05
      3      16     127     127     127       4 0.209E-02 0.805E-02 0.675E-04 0.751E-04 0.263E-01 0.658E-02 0.264E-01 0.661E-02
      3      16      17      17      17       4 0.421E-02 0.168E-01 0.107E-04 0.160E-04 0.618E-03 0.154E-03 0.159E-03 0.397E-04
      3      16     257     257     257       4 0.620E-03 0.196E-02 0.139E-03 0.177E-03 0.365E+00 0.911E-01 0.373E+00 0.931E-01
      3      16      31      31      31       4 0.302E-02 0.120E-01 0.118E-04 0.181E-04 0.743E-03 0.186E-03 0.527E-03 0.132E-03
      3      16     509     509     509       4 0.109E-02 0.371E-02 0.188E-03 0.234E-03 0.235E+01 0.587E+00 0.243E+01 0.607E+00
      3      16      67      67      67       4 0.368E-02 0.147E-01 0.164E-04 0.238E-04 0.946E-02 0.236E-02 0.141E-01 0.353E-02
      3      16       7       7       7       4 0.235E-02 0.939E-02 0.149E-05 0.286E-05 0.219E-04 0.548E-05 0.112E-04 0.280E-05
      3       2     127     127     127       4 0.111E-02 0.415E-02 0.598E-04 0.699E-04 0.170E+00 0.425E-01 0.177E+00 0.442E-01
      3       2      17      17      17       4 0.314E-02 0.125E-01 0.876E-05 0.122E-04 0.365E-03 0.913E-04 0.303E-03 0.757E-04
      3       2     257     257     257       4 0.896E-03 0.306E-02 0.152E-03 0.168E-03 0.228E+01 0.570E+00 0.235E+01 0.586E+00
      3       2      31      31      31       4 0.330E-02 0.132E-01 0.948E-05 0.131E-04 0.212E-02 0.529E-03 0.200E-02 0.500E-03
      3       2     509     509     509       4 0.106E-02 0.360E-02 0.187E-03 0.234E-03 0.154E+02 0.385E+01 0.159E+02 0.398E+01
      3       2      67      67      67       4 0.917E-03 0.359E-02 0.131E-04 0.210E-04 0.532E-01 0.133E-01 0.531E-01 0.133E-01
      3       2       7       7       7       4 0.750E-03 0.300E-02 0.775E-06 0.191E-05 0.191E-04 0.477E-05 0.103E-04 0.256E-05
      3      24     127     127     127       4 0.994E-03 0.367E-02 0.700E-04 0.811E-04 0.372E-01 0.929E-02 0.383E-01 0.959E-02
      3      24      17      17      17       4 0.380E-02 0.152E-01 0.112E-04 0.160E-04 0.330E-03 0.825E-04 0.135E-03 0.337E-04
      3      24     257     257     257       4 0.614E-03 0.176E-02 0.189E-03 0.258E-03 0.425E+00 0.106E+00 0.436E+00 0.109E+00
      3      24      31      31      31       4 0.383E-02 0.152E-01 0.182E-04 0.281E-04 0.825E-03 0.206E-03 0.521E-03 0.130E-03
      3      24     509     509     509       4 0.108E-02 0.365E-02 0.199E-03 0.263E-03 0.221E+01 0.553E+00 0.228E+01 0.569E+00
      3      24      67      67      67       4 0.441E-02 0.176E-01 0.157E-04 0.238E-04 0.128E-01 0.320E-02 0.891E-02 0.223E-02
      3      24       7       7       7       4 0.415E-02 0.166E-01 0.775E-06 0.310E-05 0.210E-04 0.525E-05 0.100E-04 0.250E-05
      3       4     127     127     127       4 0.157E-02 0.599E-02 0.610E-04 0.710E-04 0.896E-01 0.224E-01 0.922E-01 0.230E-01
      3       4      17      17      17       4 0.370E-02 0.148E-01 0.799E-05 0.119E-04 0.359E-03 0.898E-04 0.240E-03 0.600E-04
      3       4     257     257     257       4 0.856E-03 0.296E-02 0.125E-03 0.155E-03 0.120E+01 0.299E+00 0.124E+01 0.310E+00
      3       4      31      31      31       4 0.425E-02 0.170E-01 0.106E-04 0.150E-04 0.172E-02 0.431E-03 0.158E-02 0.396E-03
      3       4     509     509     509       4 0.108E-02 0.366E-02 0.187E-03 0.234E-03 0.797E+01 0.199E+01 0.832E+01 0.208E+01
      3       4      67      67      67       4 0.405E-02 0.161E-01 0.152E-04 0.210E-04 0.276E-01 0.691E-02 0.277E-01 0.692E-02
      3       4       7       7       7       4 0.672E-02 0.269E-01 0.101E-05 0.191E-05 0.191E-04 0.477E-05 0.100E-04 0.250E-05
      3       8     127     127     127       4 0.965E-03 0.355E-02 0.657E-04 0.789E-04 0.480E-01 0.120E-01 0.493E-01 0.123E-01
      3       8      17      17      17       4 0.357E-02 0.142E-01 0.924E-05 0.122E-04 0.253E-03 0.632E-04 0.157E-03 0.393E-04
      3       8     257     257     257       4 0.754E-03 0.253E-02 0.150E-03 0.217E-03 0.652E+00 0.163E+00 0.681E+00 0.170E+00
      3       8      31      31      31       4 0.511E-02 0.204E-01 0.135E-04 0.191E-04 0.106E-02 0.266E-03 0.911E-03 0.228E-03
      3       8     509     509     509       4 0.107E-02 0.362E-02 0.195E-03 0.265E-03 0.652E+01 0.163E+01 0.669E+01 0.167E+01
      3       8      67      67      67       4 0.367E-02 0.146E-01 0.155E-04 0.219E-04 0.156E-01 0.391E-02 0.154E-01 0.385E-02
      3       8       7       7       7       4 0.443E-02 0.177E-01 0.173E-05 0.405E-05 0.179E-04 0.447E-05 0.103E-04 0.256E-05
      4       1     127     127     127       4 0.000E+00 0.000E+00 0.000E+00 0.000E+00 0.000E+00 0.000E+00 0.000E+00 0.000E+00
      4       1      17      17      17       4 0.000E+00 0.000E+00 0.000E+00 0.000E+00 0.000E+00 0.000E+00 0.000E+00 0.000E+00
      4       1     257     257     257       4 0.000E+00 0.000E+00 0.000E+00 0.000E+00 0.000E+00 0.000E+00 0.000E+00 0.000E+00
      4       1      31      31      31       4 0.000E+00 0.000E+00 0.000E+00 0.000E+00 0.000E+00 0.000E+00 0.000E+00 0.000E+00
      4       1     509     509     509       4 0.000E+00 0.000E+00 0.000E+00 0.000E+00 0.000E+00 0.000E+00 0.000E+00 0.000E+00
      4       1      67      67      67       4 0.000E+00 0.000E+00 0.000E+00 0.000E+00 0.000E+00 0.000E+00 0.000E+00 0.000E+00
      4       1       7       7       7       4 0.000E+00 0.000E+00 0.000E+00 0.000E+00 0.000E+00 0.000E+00 0.000E+00 0.000E+00
      4      12     127     127     127       4 0.000E+00 0.000E+00 0.000E+00 0.000E+00 0.000E+00 0.000E+00 0.000E+00 0.000E+00
      4      12      17      17      17       4 0.000E+00 0.000E+00 0.000E+00 0.000E+00 0.000E+00 0.000E+00 0.000E+00 0.000E+00
      4      12     257     257     257       4 0.000E+00 0.000E+00 0.000E+00 0.000E+00 0.000E+00 0.000E+00 0.000E+00 0.000E+00
      4      12      31      31      31       4 0.000E+00 0.000E+00 0.000E+00 0.000E+00 0.000E+00 0.000E+00 0.000E+00 0.000E+00
      4      12     509     509     509       4 0.000E+00 0.000E+00 0.000E+00 0.000E+00 0.000E+00 0.000E+00 0.000E+00 0.000E+00
      4      12      67      67      67       4 0.000E+00 0.000E+00 0.000E+00 0.000E+00 0.000E+00 0.000E+00 0.000E+00 0.000E+00
      4      12       7       7       7       4 0.000E+00 0.000E+00 0.000E+00 0.000E+00 0.000E+00 0.000E+00 0.000E+00 0.000E+00
      4      16     127     127     127       4 0.000E+00 0.000E+00 0.000E+00 0.000E+00 0.000E+00 0.000E+00 0.000E+00 0.000E+00
      4      16      17      17      17       4 0.000E+00 0.000E+00 0.000E+00 0.000E+00 0.000E+00 0.000E+00 0.000E+00 0.000E+00
      4      16     257     257     257       4 0.000E+00 0.000E+00 0.000E+00 0.000E+00 0.000E+00 0.000E+00 0.000E+00 0.000E+00
      4      16      31      31      31       4 0.000E+00 0.000E+00 0.000E+00 0.000E+00 0.000E+00 0.000E+00 0.000E+00 0.000E+00
      4      16     509     509     509       4 0.000E+00 0.000E+00 0.000E+00 0.000E+00 0.000E+00 0.000E+00 0.000E+00 0.000E+00
      4      16      67      67      67       4 0.000E+00 0.000E+00 0.000E+00 0.000E+00 0.000E+00 0.000E+00 0.000E+00 0.000E+00
      4      16       7       7       7       4 0.000E+00 0.000E+00 0.000E+00 0.000E+00 0.000E+00 0.000E+00 0.000E+00 0.000E+00
      4       2     127     127     127       4 0.000E+00 0.000E+00 0.000E+00 0.000E+00 0.000E+00 0.000E+00 0.000E+00 0.000E+00
      4       2      17      17      17       4 0.000E+00 0.000E+00 0.000E+00 0.000E+00 0.000E+00 0.000E+00 0.000E+00 0.000E+00
      4       2     257     257     257       4 0.000E+00 0.000E+00 0.000E+00 0.000E+00 0.000E+00 0.000E+00 0.000E+00 0.000E+00
      4       2      31      31      31       4 0.000E+00 0.000E+00 0.000E+00 0.000E+00 0.000E+00 0.000E+00 0.000E+00 0.000E+00
      4       2     509     509     509       4 0.000E+00 0.000E+00 0.000E+00 0.000E+00 0.000E+00 0.000E+00 0.000E+00 0.000E+00
      4       2      67      67      67       4 0.000E+00 0.000E+00 0.000E+00 0.000E+00 0.000E+00 0.000E+00 0.000E+00 0.000E+00
      4       2       7       7       7       4 0.000E+00 0.000E+00 0.000E+00 0.000E+00 0.000E+00 0.000E+00 0.000E+00 0.000E+00
      4      24     127     127     127       4 0.000E+00 0.000E+00 0.000E+00 0.000E+00 0.000E+00 0.000E+00 0.000E+00 0.000E+00
      4      24      17      17      17       4 0.000E+00 0.000E+00 0.000E+00 0.000E+00 0.000E+00 0.000E+00 0.000E+00 0.000E+00
      4      24     257     257     257       4 0.000E+00 0.000E+00 0.000E+00 0.000E+00 0.000E+00 0.000E+00 0.000E+00 0.000E+00
      4      24      31      31      31       4 0.000E+00 0.000E+00 0.000E+00 0.000E+00 0.000E+00 0.000E+00 0.000E+00 0.000E+00
      4      24     509     509     509       4 0.000E+00 0.000E+00 0.000E+00 0.000E+00 0.000E+00 0.000E+00 0.000E+00 0.000E+00
      4      24      67      67      67       4 0.000E+00 0.000E+00 0.000E+00 0.000E+00 0.000E+00 0.000E+00 0.000E+00 0.000E+00
      4      24       7       7       7       4 0.000E+00 0.000E+00 0.000E+00 0.000E+00 0.000E+00 0.000E+00 0.000E+00 0.000E+00
      4       4     127     127     127       4 0.000E+00 0.000E+00 0.000E+00 0.000E+00 0.000E+00 0.000E+00 0.000E+00 0.000E+00
      4       4      17      17      17       4 0.000E+00 0.000E+00 0.000E+00 0.000E+00 0.000E+00 0.000E+00 0.000E+00 0.000E+00
      4       4     257     257     257       4 0.000E+00 0.000E+00 0.000E+00 0.000E+00 0.000E+00 0.000E+00 0.000E+00 0.000E+00
      4       4      31      31      31       4 0.000E+00 0.000E+00 0.000E+00 0.000E+00 0.000E+00 0.000E+00 0.000E+00 0.000E+00
      4       4     509     509     509       4 0.000E+00 0.000E+00 0.000E+00 0.000E+00 0.000E+00 0.000E+00 0.000E+00 0.000E+00
      4       4      67      67      67       4 0.000E+00 0.000E+00 0.000E+00 0.000E+00 0.000E+00 0.000E+00 0.000E+00 0.000E+00
      4       4       7       7       7       4 0.000E+00 0.000E+00 0.000E+00 0.000E+00 0.000E+00 0.000E+00 0.000E+00 0.000E+00
      4       8     127     127     127       4 0.000E+00 0.000E+00 0.000E+00 0.000E+00 0.000E+00 0.000E+00 0.000E+00 0.000E+00
      4       8      17      17      17       4 0.000E+00 0.000E+00 0.000E+00 0.000E+00 0.000E+00 0.000E+00 0.000E+00 0.000E+00
      4       8     257     257     257       4 0.000E+00 0.000E+00 0.000E+00 0.000E+00 0.000E+00 0.000E+00 0.000E+00 0.000E+00
      4       8      31      31      31       4 0.000E+00 0.000E+00 0.000E+00 0.000E+00 0.000E+00 0.000E+00 0.000E+00 0.000E+00
      4       8     509     509     509       4 0.000E+00 0.000E+00 0.000E+00 0.000E+00 0.000E+00 0.000E+00 0.000E+00 0.000E+00
      4       8      67      67      67       4 0.000E+00 0.000E+00 0.000E+00 0.000E+00 0.000E+00 0.000E+00 0.000E+00 0.000E+00
      4       8       7       7       7       4 0.000E+00 0.000E+00 0.000E+00 0.000E+00 0.000E+00 0.000E+00 0.000E+00 0.000E+00
