res3dt4=[      2       1     128     128     128       4 0.215E+00 0.860E+00 0.217E+00 0.870E+00 0.855E-01 0.214E-01 0.884E-01 0.221E-01
      2       1      16      16      16       4 0.127E-02 0.500E-02 0.129E-02 0.507E-02 0.572E-04 0.143E-04 0.620E-04 0.155E-04
      2       1     256     256     256       4 0.635E+00 0.254E+01 0.697E+00 0.279E+01 0.105E+01 0.262E+00 0.119E+01 0.298E+00
      2       1      32      32      32       4 0.555E-02 0.221E-01 0.550E-02 0.219E-01 0.745E-03 0.186E-03 0.797E-03 0.199E-03
      2       1     512     512     512       4 0.290E+01 0.116E+02 0.296E+01 0.118E+02 0.928E+01 0.232E+01 0.103E+02 0.257E+01
      2       1      64      64      64       4 0.209E-01 0.836E-01 0.213E-01 0.851E-01 0.751E-02 0.188E-02 0.775E-02 0.194E-02
      2       1       8       8       8       4 0.113E-02 0.446E-02 0.106E-02 0.417E-02 0.477E-05 0.119E-05 0.715E-05 0.179E-05
      2      12     128     128     128       4 0.273E+00 0.109E+01 0.324E+00 0.130E+01 0.195E-01 0.489E-02 0.185E-01 0.464E-02
      2      12      16      16      16       4 0.454E-02 0.169E-01 0.439E-02 0.165E-01 0.359E-03 0.897E-04 0.185E-03 0.463E-04
      2      12     256     256     256       4 0.118E+01 0.469E+01 0.110E+01 0.438E+01 0.145E+00 0.363E-01 0.145E+00 0.363E-01
      2      12      32      32      32       4 0.169E-01 0.652E-01 0.201E-01 0.785E-01 0.747E-03 0.187E-03 0.539E-03 0.135E-03
      2      12     512     512     512       4 0.461E+01 0.184E+02 0.470E+01 0.188E+02 0.117E+01 0.291E+00 0.123E+01 0.307E+00
      2      12      64      64      64       4 0.534E-01 0.212E+00 0.623E-01 0.247E+00 0.215E-02 0.537E-03 0.232E-02 0.580E-03
      2      12       8       8       8       4 0.464E-02 0.173E-01 0.398E-02 0.148E-01 0.434E-03 0.109E-03 0.280E-03 0.700E-04
      2      16     128     128     128       4 0.236E+00 0.942E+00 0.306E+00 0.122E+01 0.151E-01 0.378E-02 0.175E-01 0.438E-02
      2      16      16      16      16       4 0.499E-02 0.188E-01 0.361E-02 0.133E-01 0.243E-03 0.608E-04 0.248E-03 0.620E-04
      2      16     256     256     256       4 0.821E+00 0.328E+01 0.846E+00 0.337E+01 0.152E+00 0.379E-01 0.156E+00 0.389E-01
      2      16      32      32      32       4 0.171E-01 0.661E-01 0.184E-01 0.724E-01 0.934E-03 0.234E-03 0.617E-03 0.154E-03
      2      16     512     512     512       4 0.304E+01 0.121E+02 0.305E+01 0.122E+02 0.926E+00 0.231E+00 0.979E+00 0.245E+00
      2      16      64      64      64       4 0.522E-01 0.207E+00 0.569E-01 0.226E+00 0.216E-02 0.539E-03 0.227E-02 0.568E-03
      2      16       8       8       8       4 0.327E-02 0.118E-01 0.286E-02 0.102E-01 0.180E-02 0.449E-03 0.251E-03 0.628E-04
      2       2     128     128     128       4 0.313E+00 0.125E+01 0.320E+00 0.128E+01 0.472E-01 0.118E-01 0.490E-01 0.123E-01
      2       2      16      16      16       4 0.307E-02 0.120E-01 0.305E-02 0.120E-01 0.172E-03 0.430E-04 0.177E-03 0.442E-04
      2       2     256     256     256       4 0.117E+01 0.467E+01 0.122E+01 0.488E+01 0.616E+00 0.154E+00 0.672E+00 0.168E+00
      2       2      32      32      32       4 0.112E-01 0.444E-01 0.118E-01 0.471E-01 0.663E-03 0.166E-03 0.578E-03 0.144E-03
      2       2     512     512     512       4 0.490E+01 0.196E+02 0.482E+01 0.193E+02 0.513E+01 0.128E+01 0.578E+01 0.145E+01
      2       2      64      64      64       4 0.424E-01 0.169E+00 0.452E-01 0.181E+00 0.459E-02 0.115E-02 0.480E-02 0.120E-02
      2       2       8       8       8       4 0.219E-02 0.860E-02 0.204E-02 0.796E-02 0.751E-04 0.188E-04 0.737E-04 0.184E-04
      2      24     128     128     128       4 0.278E+00 0.110E+01 0.362E+00 0.144E+01 0.153E-01 0.383E-02 0.135E-01 0.337E-02
      2      24      16      16      16       4 0.665E-02 0.244E-01 0.703E-02 0.257E-01 0.514E-03 0.129E-03 0.403E-03 0.101E-03
      2      24     256     256     256       4 0.112E+01 0.446E+01 0.113E+01 0.449E+01 0.115E+00 0.288E-01 0.101E+00 0.253E-01
      2      24      32      32      32       4 0.174E-01 0.659E-01 0.191E-01 0.730E-01 0.812E-03 0.203E-03 0.721E-03 0.180E-03
      2      24     512     512     512       4 0.443E+01 0.177E+02 0.443E+01 0.177E+02 0.868E+00 0.217E+00 0.949E+00 0.237E+00
      2      24      64      64      64       4 0.570E-01 0.224E+00 0.870E-01 0.344E+00 0.185E-02 0.463E-03 0.215E-02 0.537E-03
      2      24       8       8       8       4 0.716E-02 0.273E-01 0.529E-02 0.200E-01 0.261E-03 0.652E-04 0.258E-03 0.646E-04
      2       4     128     128     128       4 0.274E+00 0.109E+01 0.286E+00 0.114E+01 0.282E-01 0.705E-02 0.315E-01 0.786E-02
      2       4      16      16      16       4 0.338E-02 0.132E-01 0.339E-02 0.132E-01 0.120E-03 0.300E-04 0.145E-03 0.363E-04
      2       4     256     256     256       4 0.102E+01 0.406E+01 0.943E+00 0.377E+01 0.323E+00 0.808E-01 0.349E+00 0.873E-01
      2       4      32      32      32       4 0.117E-01 0.462E-01 0.116E-01 0.459E-01 0.621E-03 0.155E-03 0.432E-03 0.108E-03
      2       4     512     512     512       4 0.435E+01 0.174E+02 0.433E+01 0.173E+02 0.271E+01 0.678E+00 0.297E+01 0.741E+00
      2       4      64      64      64       4 0.415E-01 0.165E+00 0.437E-01 0.174E+00 0.257E-02 0.642E-03 0.298E-02 0.746E-03
      2       4       8       8       8       4 0.236E-02 0.909E-02 0.212E-02 0.815E-02 0.911E-04 0.228E-04 0.839E-04 0.210E-04
      2       8     128     128     128       4 0.241E+00 0.961E+00 0.286E+00 0.114E+01 0.257E-01 0.642E-02 0.252E-01 0.630E-02
      2       8      16      16      16       4 0.333E-02 0.127E-01 0.414E-02 0.159E-01 0.144E-03 0.359E-04 0.149E-03 0.373E-04
      2       8     256     256     256       4 0.889E+00 0.355E+01 0.867E+00 0.346E+01 0.186E+00 0.464E-01 0.194E+00 0.484E-01
      2       8      32      32      32       4 0.111E-01 0.436E-01 0.133E-01 0.527E-01 0.771E-03 0.193E-03 0.599E-03 0.150E-03
      2       8     512     512     512       4 0.382E+01 0.153E+02 0.374E+01 0.149E+02 0.166E+01 0.415E+00 0.159E+01 0.397E+00
      2       8      64      64      64       4 0.401E-01 0.160E+00 0.523E-01 0.209E+00 0.283E-02 0.706E-03 0.297E-02 0.743E-03
      2       8       8       8       8       4 0.217E-02 0.795E-02 0.205E-02 0.769E-02 0.136E-03 0.340E-04 0.122E-03 0.305E-04
      3       1     128     128     128       4 0.911E-03 0.345E-02 0.335E-04 0.429E-04 0.548E-01 0.137E-01 0.787E-01 0.197E-01
      3       1      16      16      16       4 0.896E-03 0.358E-02 0.155E-05 0.405E-05 0.842E-04 0.210E-04 0.632E-04 0.158E-04
      3       1     256     256     256       4 0.100E-02 0.373E-02 0.477E-04 0.639E-04 0.650E+00 0.163E+00 0.941E+00 0.235E+00
      3       1      32      32      32       4 0.798E-03 0.319E-02 0.119E-05 0.381E-05 0.700E-03 0.175E-03 0.570E-03 0.143E-03
      3       1     512     512     512       4 0.956E-03 0.349E-02 0.789E-04 0.105E-03 0.634E+01 0.158E+01 0.829E+01 0.207E+01
      3       1      64      64      64       4 0.913E-03 0.362E-02 0.115E-04 0.241E-04 0.504E-02 0.126E-02 0.500E-02 0.125E-02
      3       1       8       8       8       4 0.695E-03 0.278E-02 0.155E-05 0.405E-05 0.219E-04 0.548E-05 0.715E-05 0.179E-05
      3      12     128     128     128       4 0.189E-02 0.728E-02 0.520E-04 0.980E-04 0.731E-02 0.183E-02 0.926E-02 0.232E-02
      3      12      16      16      16       4 0.344E-02 0.137E-01 0.107E-04 0.210E-04 0.211E-03 0.527E-04 0.160E-03 0.401E-04
      3      12     256     256     256       4 0.630E-03 0.216E-02 0.788E-04 0.129E-03 0.800E-01 0.200E-01 0.131E+00 0.328E-01
      3      12      32      32      32       4 0.534E-02 0.213E-01 0.140E-04 0.310E-04 0.394E-03 0.985E-04 0.345E-03 0.862E-04
      3      12     512     512     512       4 0.101E-02 0.363E-02 0.103E-03 0.115E-03 0.901E+00 0.225E+00 0.136E+01 0.339E+00
      3      12      64      64      64       4 0.399E-02 0.159E-01 0.269E-04 0.651E-04 0.131E-02 0.329E-03 0.153E-02 0.383E-03
      3      12       8       8       8       4 0.448E-02 0.179E-01 0.954E-06 0.191E-05 0.260E-04 0.650E-05 0.787E-05 0.197E-05
      3      16     128     128     128       4 0.654E-03 0.239E-02 0.358E-04 0.470E-04 0.572E-02 0.143E-02 0.682E-02 0.171E-02
      3      16      16      16      16       4 0.428E-02 0.171E-01 0.217E-04 0.548E-04 0.231E-03 0.577E-04 0.245E-03 0.612E-04
      3      16     256     256     256       4 0.538E-03 0.187E-02 0.575E-04 0.720E-04 0.694E-01 0.174E-01 0.109E+00 0.272E-01
      3      16      32      32      32       4 0.319E-02 0.127E-01 0.117E-04 0.219E-04 0.367E-03 0.917E-04 0.368E-03 0.920E-04
      3      16     512     512     512       4 0.109E-02 0.403E-02 0.805E-04 0.103E-03 0.798E+00 0.200E+00 0.111E+01 0.277E+00
      3      16      64      64      64       4 0.358E-02 0.143E-01 0.132E-04 0.248E-04 0.136E-02 0.340E-03 0.107E-02 0.268E-03
      3      16       8       8       8       4 0.338E-02 0.135E-01 0.149E-05 0.286E-05 0.260E-04 0.650E-05 0.103E-04 0.256E-05
      3       2     128     128     128       4 0.808E-03 0.302E-02 0.402E-04 0.579E-04 0.303E-01 0.759E-02 0.452E-01 0.113E-01
      3       2      16      16      16       4 0.676E-03 0.270E-02 0.125E-05 0.310E-05 0.854E-04 0.213E-04 0.477E-04 0.119E-04
      3       2     256     256     256       4 0.851E-03 0.311E-02 0.640E-04 0.911E-04 0.359E+00 0.898E-01 0.623E+00 0.156E+00
      3       2      32      32      32       4 0.310E-02 0.124E-01 0.112E-04 0.198E-04 0.644E-03 0.161E-03 0.713E-03 0.178E-03
      3       2     512     512     512       4 0.105E-02 0.387E-02 0.802E-04 0.107E-03 0.366E+01 0.915E+00 0.561E+01 0.140E+01
      3       2      64      64      64       4 0.133E-02 0.526E-02 0.183E-04 0.341E-04 0.297E-02 0.743E-03 0.305E-02 0.763E-03
      3       2       8       8       8       4 0.329E-02 0.132E-01 0.119E-05 0.286E-05 0.200E-04 0.501E-05 0.691E-05 0.173E-05
      3      24     128     128     128       4 0.112E-02 0.427E-02 0.376E-04 0.482E-04 0.737E-02 0.184E-02 0.799E-02 0.200E-02
      3      24      16      16      16       4 0.396E-02 0.158E-01 0.158E-04 0.231E-04 0.660E-03 0.165E-03 0.245E-03 0.612E-04
      3      24     256     256     256       4 0.447E-03 0.150E-02 0.585E-04 0.741E-04 0.622E-01 0.156E-01 0.867E-01 0.217E-01
      3      24      32      32      32       4 0.514E-02 0.205E-01 0.255E-04 0.660E-04 0.473E-03 0.118E-03 0.431E-03 0.108E-03
      3      24     512     512     512       4 0.118E-02 0.433E-02 0.104E-03 0.115E-03 0.685E+00 0.171E+00 0.947E+00 0.237E+00
      3      24      64      64      64       4 0.367E-02 0.146E-01 0.137E-04 0.260E-04 0.150E-02 0.375E-03 0.124E-02 0.310E-03
      3      24       8       8       8       4 0.428E-02 0.171E-01 0.155E-05 0.310E-05 0.358E-04 0.894E-05 0.112E-04 0.280E-05
      3       4     128     128     128       4 0.287E-02 0.113E-01 0.347E-04 0.439E-04 0.163E-01 0.409E-02 0.246E-01 0.615E-02
      3       4      16      16      16       4 0.656E-02 0.262E-01 0.105E-04 0.191E-04 0.156E-03 0.390E-04 0.141E-03 0.353E-04
      3       4     256     256     256       4 0.747E-03 0.272E-02 0.514E-04 0.670E-04 0.186E+00 0.464E-01 0.316E+00 0.789E-01
      3       4      32      32      32       4 0.529E-02 0.211E-01 0.115E-04 0.200E-04 0.418E-03 0.104E-03 0.559E-03 0.140E-03
      3       4     512     512     512       4 0.959E-03 0.348E-02 0.790E-04 0.106E-03 0.209E+01 0.523E+00 0.302E+01 0.755E+00
      3       4      64      64      64       4 0.489E-02 0.195E-01 0.128E-04 0.250E-04 0.235E-02 0.588E-03 0.272E-02 0.681E-03
      3       4       8       8       8       4 0.366E-02 0.146E-01 0.101E-05 0.310E-05 0.231E-04 0.578E-05 0.787E-05 0.197E-05
      3       8     128     128     128       4 0.121E-02 0.465E-02 0.350E-04 0.470E-04 0.903E-02 0.226E-02 0.116E-01 0.290E-02
      3       8      16      16      16       4 0.437E-02 0.175E-01 0.105E-04 0.198E-04 0.177E-03 0.443E-04 0.167E-03 0.418E-04
      3       8     256     256     256       4 0.693E-03 0.244E-02 0.753E-04 0.110E-03 0.106E+00 0.265E-01 0.176E+00 0.439E-01
      3       8      32      32      32       4 0.627E-02 0.250E-01 0.237E-04 0.429E-04 0.321E-03 0.802E-04 0.329E-03 0.822E-04
      3       8     512     512     512       4 0.962E-03 0.349E-02 0.842E-04 0.104E-03 0.132E+01 0.329E+00 0.187E+01 0.467E+00
      3       8      64      64      64       4 0.283E-02 0.113E-01 0.130E-04 0.260E-04 0.131E-02 0.327E-03 0.147E-02 0.369E-03
      3       8       8       8       8       4 0.544E-02 0.218E-01 0.173E-05 0.501E-05 0.219E-04 0.548E-05 0.787E-05 0.197E-05
      4       1     128     128     128       4 0.000E+00 0.000E+00 0.000E+00 0.000E+00 0.000E+00 0.000E+00 0.000E+00 0.000E+00
      4       1      16      16      16       4 0.000E+00 0.000E+00 0.000E+00 0.000E+00 0.000E+00 0.000E+00 0.000E+00 0.000E+00
      4       1     256     256     256       4 0.000E+00 0.000E+00 0.000E+00 0.000E+00 0.000E+00 0.000E+00 0.000E+00 0.000E+00
      4       1      32      32      32       4 0.000E+00 0.000E+00 0.000E+00 0.000E+00 0.000E+00 0.000E+00 0.000E+00 0.000E+00
      4       1     512     512     512       4 0.000E+00 0.000E+00 0.000E+00 0.000E+00 0.000E+00 0.000E+00 0.000E+00 0.000E+00
      4       1      64      64      64       4 0.000E+00 0.000E+00 0.000E+00 0.000E+00 0.000E+00 0.000E+00 0.000E+00 0.000E+00
      4       1       8       8       8       4 0.000E+00 0.000E+00 0.000E+00 0.000E+00 0.000E+00 0.000E+00 0.000E+00 0.000E+00
      4      12     128     128     128       4 0.000E+00 0.000E+00 0.000E+00 0.000E+00 0.000E+00 0.000E+00 0.000E+00 0.000E+00
      4      12      16      16      16       4 0.000E+00 0.000E+00 0.000E+00 0.000E+00 0.000E+00 0.000E+00 0.000E+00 0.000E+00
      4      12     256     256     256       4 0.000E+00 0.000E+00 0.000E+00 0.000E+00 0.000E+00 0.000E+00 0.000E+00 0.000E+00
      4      12      32      32      32       4 0.000E+00 0.000E+00 0.000E+00 0.000E+00 0.000E+00 0.000E+00 0.000E+00 0.000E+00
      4      12     512     512     512       4 0.000E+00 0.000E+00 0.000E+00 0.000E+00 0.000E+00 0.000E+00 0.000E+00 0.000E+00
      4      12      64      64      64       4 0.000E+00 0.000E+00 0.000E+00 0.000E+00 0.000E+00 0.000E+00 0.000E+00 0.000E+00
      4      12       8       8       8       4 0.000E+00 0.000E+00 0.000E+00 0.000E+00 0.000E+00 0.000E+00 0.000E+00 0.000E+00
      4      16     128     128     128       4 0.000E+00 0.000E+00 0.000E+00 0.000E+00 0.000E+00 0.000E+00 0.000E+00 0.000E+00
      4      16      16      16      16       4 0.000E+00 0.000E+00 0.000E+00 0.000E+00 0.000E+00 0.000E+00 0.000E+00 0.000E+00
      4      16     256     256     256       4 0.000E+00 0.000E+00 0.000E+00 0.000E+00 0.000E+00 0.000E+00 0.000E+00 0.000E+00
      4      16      32      32      32       4 0.000E+00 0.000E+00 0.000E+00 0.000E+00 0.000E+00 0.000E+00 0.000E+00 0.000E+00
      4      16     512     512     512       4 0.000E+00 0.000E+00 0.000E+00 0.000E+00 0.000E+00 0.000E+00 0.000E+00 0.000E+00
      4      16      64      64      64       4 0.000E+00 0.000E+00 0.000E+00 0.000E+00 0.000E+00 0.000E+00 0.000E+00 0.000E+00
      4      16       8       8       8       4 0.000E+00 0.000E+00 0.000E+00 0.000E+00 0.000E+00 0.000E+00 0.000E+00 0.000E+00
      4       2     128     128     128       4 0.000E+00 0.000E+00 0.000E+00 0.000E+00 0.000E+00 0.000E+00 0.000E+00 0.000E+00
      4       2      16      16      16       4 0.000E+00 0.000E+00 0.000E+00 0.000E+00 0.000E+00 0.000E+00 0.000E+00 0.000E+00
      4       2     256     256     256       4 0.000E+00 0.000E+00 0.000E+00 0.000E+00 0.000E+00 0.000E+00 0.000E+00 0.000E+00
      4       2      32      32      32       4 0.000E+00 0.000E+00 0.000E+00 0.000E+00 0.000E+00 0.000E+00 0.000E+00 0.000E+00
      4       2     512     512     512       4 0.000E+00 0.000E+00 0.000E+00 0.000E+00 0.000E+00 0.000E+00 0.000E+00 0.000E+00
      4       2      64      64      64       4 0.000E+00 0.000E+00 0.000E+00 0.000E+00 0.000E+00 0.000E+00 0.000E+00 0.000E+00
      4       2       8       8       8       4 0.000E+00 0.000E+00 0.000E+00 0.000E+00 0.000E+00 0.000E+00 0.000E+00 0.000E+00
      4      24     128     128     128       4 0.000E+00 0.000E+00 0.000E+00 0.000E+00 0.000E+00 0.000E+00 0.000E+00 0.000E+00
      4      24      16      16      16       4 0.000E+00 0.000E+00 0.000E+00 0.000E+00 0.000E+00 0.000E+00 0.000E+00 0.000E+00
      4      24     256     256     256       4 0.000E+00 0.000E+00 0.000E+00 0.000E+00 0.000E+00 0.000E+00 0.000E+00 0.000E+00
      4      24      32      32      32       4 0.000E+00 0.000E+00 0.000E+00 0.000E+00 0.000E+00 0.000E+00 0.000E+00 0.000E+00
      4      24     512     512     512       4 0.000E+00 0.000E+00 0.000E+00 0.000E+00 0.000E+00 0.000E+00 0.000E+00 0.000E+00
      4      24      64      64      64       4 0.000E+00 0.000E+00 0.000E+00 0.000E+00 0.000E+00 0.000E+00 0.000E+00 0.000E+00
      4      24       8       8       8       4 0.000E+00 0.000E+00 0.000E+00 0.000E+00 0.000E+00 0.000E+00 0.000E+00 0.000E+00
      4       4     128     128     128       4 0.000E+00 0.000E+00 0.000E+00 0.000E+00 0.000E+00 0.000E+00 0.000E+00 0.000E+00
      4       4      16      16      16       4 0.000E+00 0.000E+00 0.000E+00 0.000E+00 0.000E+00 0.000E+00 0.000E+00 0.000E+00
      4       4     256     256     256       4 0.000E+00 0.000E+00 0.000E+00 0.000E+00 0.000E+00 0.000E+00 0.000E+00 0.000E+00
      4       4      32      32      32       4 0.000E+00 0.000E+00 0.000E+00 0.000E+00 0.000E+00 0.000E+00 0.000E+00 0.000E+00
      4       4     512     512     512       4 0.000E+00 0.000E+00 0.000E+00 0.000E+00 0.000E+00 0.000E+00 0.000E+00 0.000E+00
      4       4      64      64      64       4 0.000E+00 0.000E+00 0.000E+00 0.000E+00 0.000E+00 0.000E+00 0.000E+00 0.000E+00
      4       4       8       8       8       4 0.000E+00 0.000E+00 0.000E+00 0.000E+00 0.000E+00 0.000E+00 0.000E+00 0.000E+00
      4       8     128     128     128       4 0.000E+00 0.000E+00 0.000E+00 0.000E+00 0.000E+00 0.000E+00 0.000E+00 0.000E+00
      4       8      16      16      16       4 0.000E+00 0.000E+00 0.000E+00 0.000E+00 0.000E+00 0.000E+00 0.000E+00 0.000E+00
      4       8     256     256     256       4 0.000E+00 0.000E+00 0.000E+00 0.000E+00 0.000E+00 0.000E+00 0.000E+00 0.000E+00
      4       8      32      32      32       4 0.000E+00 0.000E+00 0.000E+00 0.000E+00 0.000E+00 0.000E+00 0.000E+00 0.000E+00
      4       8     512     512     512       4 0.000E+00 0.000E+00 0.000E+00 0.000E+00 0.000E+00 0.000E+00 0.000E+00 0.000E+00
      4       8      64      64      64       4 0.000E+00 0.000E+00 0.000E+00 0.000E+00 0.000E+00 0.000E+00 0.000E+00 0.000E+00
      4       8       8       8       8       4 0.000E+00 0.000E+00 0.000E+00 0.000E+00 0.000E+00 0.000E+00 0.000E+00 0.000E+00];
