      2       1       1     128     128     128       4 0.844E+00 0.847E+00 0.867E+00 0.870E+00 0.850E-01 0.212E-01 0.889E-01 0.222E-01
      2       1       1      16      16      16       4 0.464E-02 0.501E-02 0.503E-02 0.506E-02 0.567E-04 0.142E-04 0.620E-04 0.155E-04
      2       1       1     256     256     256       4 0.253E+01 0.256E+01 0.252E+01 0.256E+01 0.106E+01 0.265E+00 0.119E+01 0.296E+00
      2       1       1      32      32      32       4 0.224E-01 0.228E-01 0.225E-01 0.227E-01 0.752E-03 0.188E-03 0.863E-03 0.216E-03
      2       1       1     512     512     512       4 0.111E+02 0.118E+02 0.107E+02 0.109E+02 0.944E+01 0.236E+01 0.106E+02 0.264E+01
      2       1       1      64      64      64       4 0.826E-01 0.840E-01 0.844E-01 0.851E-01 0.755E-02 0.189E-02 0.780E-02 0.195E-02
      2       1       1       8       8       8       4 0.400E-02 0.436E-02 0.400E-02 0.400E-02 0.715E-05 0.179E-05 0.596E-05 0.149E-05
      2       1      12     128     128     128       4 0.108E+01 0.111E+01 0.132E+01 0.135E+01 0.196E-01 0.490E-02 0.184E-01 0.460E-02
      2       1      12      16      16      16       4 0.166E-01 0.170E-01 0.166E-01 0.170E-01 0.405E-03 0.101E-03 0.233E-03 0.582E-04
      2       1      12     256     256     256       4 0.421E+01 0.441E+01 0.438E+01 0.452E+01 0.147E+00 0.367E-01 0.133E+00 0.331E-01
      2       1      12      32      32      32       4 0.611E-01 0.621E-01 0.721E-01 0.759E-01 0.672E-03 0.168E-03 0.428E-03 0.107E-03
      2       1      12     512     512     512       4 0.186E+02 0.193E+02 0.184E+02 0.186E+02 0.213E+01 0.532E+00 0.121E+01 0.303E+00
      2       1      12      64      64      64       4 0.209E+00 0.232E+00 0.228E+00 0.249E+00 0.245E-02 0.612E-03 0.210E-02 0.526E-03
      2       1      12       8       8       8       4 0.155E-01 0.162E-01 0.147E-01 0.148E-01 0.538E-03 0.134E-03 0.311E-03 0.777E-04
      2       1      16     128     128     128       4 0.931E+00 0.950E+00 0.125E+01 0.129E+01 0.169E-01 0.422E-02 0.175E-01 0.438E-02
      2       1      16      16      16      16       4 0.164E-01 0.189E-01 0.125E-01 0.145E-01 0.215E-03 0.538E-04 0.199E-03 0.498E-04
      2       1      16     256     256     256       4 0.342E+01 0.370E+01 0.350E+01 0.364E+01 0.130E+00 0.324E-01 0.115E+00 0.287E-01
      2       1      16      32      32      32       4 0.560E-01 0.598E-01 0.623E-01 0.630E-01 0.633E-03 0.158E-03 0.657E-03 0.164E-03
      2       1      16     512     512     512       4 0.122E+02 0.126E+02 0.119E+02 0.121E+02 0.120E+01 0.301E+00 0.964E+00 0.241E+00
      2       1      16      64      64      64       4 0.197E+00 0.221E+00 0.242E+00 0.274E+00 0.254E-02 0.634E-03 0.258E-02 0.646E-03
      2       1      16       8       8       8       4 0.106E-01 0.118E-01 0.988E-02 0.106E-01 0.254E-03 0.635E-04 0.248E-03 0.620E-04
      2       1       2     128     128     128       4 0.126E+01 0.126E+01 0.131E+01 0.134E+01 0.487E-01 0.122E-01 0.476E-01 0.119E-01
      2       1       2      16      16      16       4 0.106E-01 0.116E-01 0.111E-01 0.122E-01 0.999E-04 0.250E-04 0.968E-04 0.242E-04
      2       1       2     256     256     256       4 0.451E+01 0.456E+01 0.482E+01 0.484E+01 0.594E+00 0.149E+00 0.675E+00 0.169E+00
      2       1       2      32      32      32       4 0.388E-01 0.445E-01 0.399E-01 0.469E-01 0.529E-03 0.132E-03 0.550E-03 0.137E-03
      2       1       2     512     512     512       4 0.190E+02 0.196E+02 0.189E+02 0.190E+02 0.554E+01 0.138E+01 0.587E+01 0.147E+01
      2       1       2      64      64      64       4 0.135E+00 0.136E+00 0.142E+00 0.143E+00 0.410E-02 0.103E-02 0.420E-02 0.105E-02
      2       1       2       8       8       8       4 0.763E-02 0.786E-02 0.730E-02 0.770E-02 0.608E-04 0.152E-04 0.577E-04 0.144E-04
      2       1      24     128     128     128       4 0.110E+01 0.114E+01 0.154E+01 0.161E+01 0.170E-01 0.426E-02 0.136E-01 0.340E-02
      2       1      24      16      16      16       4 0.231E-01 0.253E-01 0.246E-01 0.247E-01 0.419E-03 0.105E-03 0.435E-03 0.109E-03
      2       1      24     256     256     256       4 0.441E+01 0.448E+01 0.439E+01 0.455E+01 0.109E+00 0.273E-01 0.114E+00 0.284E-01
      2       1      24      32      32      32       4 0.685E-01 0.701E-01 0.750E-01 0.764E-01 0.787E-03 0.197E-03 0.798E-03 0.199E-03
      2       1      24     512     512     512       4 0.179E+02 0.190E+02 0.173E+02 0.177E+02 0.135E+01 0.337E+00 0.894E+00 0.224E+00
      2       1      24      64      64      64       4 0.256E+00 0.282E+00 0.406E+00 0.431E+00 0.257E-02 0.642E-03 0.218E-02 0.546E-03
      2       1      24       8       8       8       4 0.207E-01 0.212E-01 0.196E-01 0.197E-01 0.241E-03 0.603E-04 0.226E-03 0.565E-04
      2       1       4     128     128     128       4 0.109E+01 0.110E+01 0.109E+01 0.111E+01 0.256E-01 0.640E-02 0.262E-01 0.654E-02
      2       1       4      16      16      16       4 0.128E-01 0.132E-01 0.130E-01 0.131E-01 0.125E-03 0.312E-04 0.120E-03 0.300E-04
      2       1       4     256     256     256       4 0.395E+01 0.405E+01 0.385E+01 0.394E+01 0.309E+00 0.772E-01 0.351E+00 0.878E-01
      2       1       4      32      32      32       4 0.405E-01 0.409E-01 0.411E-01 0.417E-01 0.497E-03 0.124E-03 0.433E-03 0.108E-03
      2       1       4     512     512     512       4 0.166E+02 0.178E+02 0.170E+02 0.172E+02 0.335E+01 0.837E+00 0.303E+01 0.756E+00
      2       1       4      64      64      64       4 0.138E+00 0.140E+00 0.141E+00 0.142E+00 0.234E-02 0.586E-03 0.249E-02 0.624E-03
      2       1       4       8       8       8       4 0.792E-02 0.838E-02 0.742E-02 0.750E-02 0.625E-04 0.156E-04 0.591E-04 0.148E-04
      2       1       8     128     128     128       4 0.955E+00 0.967E+00 0.114E+01 0.116E+01 0.171E-01 0.427E-02 0.182E-01 0.456E-02
      2       1       8      16      16      16       4 0.106E-01 0.111E-01 0.135E-01 0.137E-01 0.117E-03 0.292E-04 0.107E-03 0.268E-04
      2       1       8     256     256     256       4 0.353E+01 0.370E+01 0.362E+01 0.378E+01 0.168E+00 0.421E-01 0.191E+00 0.476E-01
      2       1       8      32      32      32       4 0.409E-01 0.436E-01 0.516E-01 0.557E-01 0.477E-03 0.119E-03 0.338E-03 0.845E-04
      2       1       8     512     512     512       4 0.153E+02 0.158E+02 0.147E+02 0.148E+02 0.155E+01 0.388E+00 0.162E+01 0.405E+00
      2       1       8      64      64      64       4 0.151E+00 0.165E+00 0.200E+00 0.217E+00 0.308E-02 0.770E-03 0.323E-02 0.808E-03
      2       1       8       8       8       8       4 0.684E-02 0.715E-02 0.642E-02 0.663E-02 0.982E-04 0.246E-04 0.944E-04 0.236E-04
      2      12       1     128     128     128       4 0.982E-01 0.101E+00 0.732E-01 0.737E-01 0.255E-01 0.639E-02 0.219E-01 0.548E-02
      2      12       1      16      16      16       4 0.121E-01 0.143E-01 0.502E-02 0.507E-02 0.210E-03 0.525E-04 0.123E-03 0.308E-04
      2      12       1     256     256     256       4 0.440E+00 0.444E+00 0.244E+00 0.246E+00 0.369E+00 0.923E-01 0.359E+00 0.899E-01
      2      12       1      32      32      32       4 0.262E-01 0.290E-01 0.176E-01 0.177E-01 0.431E-03 0.108E-03 0.333E-03 0.832E-04
      2      12       1      64      64      64       4 0.677E-01 0.722E-01 0.393E-01 0.402E-01 0.478E-02 0.119E-02 0.382E-02 0.955E-03
      2      12       1       8       8       8       4 0.755E-02 0.952E-02 0.388E-02 0.398E-02 0.151E-03 0.378E-04 0.858E-04 0.215E-04
      2      12       2     128     128     128       4 0.142E+00 0.146E+00 0.971E-01 0.109E+00 0.416E-01 0.104E-01 0.374E-01 0.934E-02
      2      12       2      16      16      16       4 0.213E-01 0.234E-01 0.686E-02 0.696E-02 0.563E-03 0.141E-03 0.444E-03 0.111E-03
      2      12       2     256     256     256       4 0.995E+00 0.117E+01 0.442E+00 0.471E+00 0.485E+00 0.121E+00 0.416E+00 0.104E+00
      2      12       2      32      32      32       4 0.335E-01 0.355E-01 0.193E-01 0.197E-01 0.103E-02 0.259E-03 0.826E-03 0.206E-03
      2      12       2      64      64      64       4 0.852E-01 0.972E-01 0.409E-01 0.436E-01 0.499E-02 0.125E-02 0.396E-02 0.989E-03
      2      12       2       8       8       8       4 0.142E-01 0.174E-01 0.658E-02 0.682E-02 0.423E-03 0.106E-03 0.385E-03 0.963E-04
      2      16       1     128     128     128       4 0.221E+00 0.224E+00 0.204E+00 0.205E+00 0.117E-01 0.291E-02 0.116E-01 0.291E-02
      2      16       1      16      16      16       4 0.252E-01 0.281E-01 0.219E-01 0.229E-01 0.124E-03 0.309E-04 0.651E-04 0.163E-04
      2      16       1     256     256     256       4 0.158E+01 0.159E+01 0.152E+01 0.153E+01 0.154E+00 0.384E-01 0.156E+00 0.389E-01
      2      16       1      32      32      32       4 0.689E-01 0.754E-01 0.596E-01 0.598E-01 0.246E-03 0.615E-04 0.195E-03 0.488E-04
      2      16       1      64      64      64       4 0.145E+00 0.153E+00 0.125E+00 0.125E+00 0.162E-02 0.405E-03 0.133E-02 0.332E-03
      2      16       1       8       8       8       4 0.209E-01 0.234E-01 0.173E-01 0.179E-01 0.870E-04 0.218E-04 0.758E-04 0.190E-04
      2       2       1     128     128     128       4 0.939E+00 0.950E+00 0.953E+00 0.960E+00 0.598E-01 0.149E-01 0.601E-01 0.150E-01
      2       2       1      16      16      16       4 0.188E-01 0.217E-01 0.162E-01 0.164E-01 0.103E-03 0.257E-04 0.651E-04 0.163E-04
      2       2       1     256     256     256       4 0.870E+01 0.876E+01 0.846E+01 0.855E+01 0.966E+00 0.242E+00 0.103E+01 0.257E+00
      2       2       1      32      32      32       4 0.543E-01 0.569E-01 0.506E-01 0.510E-01 0.698E-03 0.174E-03 0.655E-03 0.164E-03
      2       2       1     512     512     512       4 0.325E+02 0.327E+02 0.296E+02 0.297E+02 0.826E+01 0.207E+01 0.897E+01 0.224E+01
      2       2       1      64      64      64       4 0.165E+00 0.169E+00 0.159E+00 0.161E+00 0.584E-02 0.146E-02 0.600E-02 0.150E-02
      2       2       1       8       8       8       4 0.175E-01 0.195E-01 0.147E-01 0.149E-01 0.410E-04 0.103E-04 0.358E-04 0.894E-05
      2       2      12     128     128     128       4 0.177E+01 0.183E+01 0.188E+01 0.189E+01 0.500E-01 0.125E-01 0.494E-01 0.123E-01
      2       2      12      16      16      16       4 0.769E-01 0.827E-01 0.688E-01 0.777E-01 0.429E-03 0.107E-03 0.307E-03 0.767E-04
      2       2      12     256     256     256       4 0.123E+02 0.127E+02 0.121E+02 0.124E+02 0.541E+00 0.135E+00 0.539E+00 0.135E+00
      2       2      12      32      32      32       4 0.166E+00 0.173E+00 0.165E+00 0.169E+00 0.972E-03 0.243E-03 0.846E-03 0.212E-03
      2       2      12     512     512     512       4 0.440E+02 0.465E+02 0.396E+02 0.422E+02 0.465E+01 0.116E+01 0.418E+01 0.105E+01
      2       2      12      64      64      64       4 0.463E+00 0.483E+00 0.430E+00 0.434E+00 0.658E-02 0.164E-02 0.628E-02 0.157E-02
      2       2      12       8       8       8       4 0.567E-01 0.598E-01 0.507E-01 0.551E-01 0.325E-03 0.813E-04 0.202E-03 0.505E-04
      2       2       2     128     128     128       4 0.154E+01 0.157E+01 0.158E+01 0.160E+01 0.609E-01 0.152E-01 0.633E-01 0.158E-01
      2       2       2      16      16      16       4 0.357E-01 0.388E-01 0.320E-01 0.338E-01 0.227E-03 0.567E-04 0.190E-03 0.474E-04
      2       2       2     256     256     256       4 0.964E+01 0.101E+02 0.953E+01 0.103E+02 0.739E+00 0.185E+00 0.769E+00 0.192E+00
      2       2       2      32      32      32       4 0.931E-01 0.967E-01 0.879E-01 0.923E-01 0.681E-03 0.170E-03 0.641E-03 0.160E-03
      2       2       2     512     512     512       4 0.385E+02 0.386E+02 0.379E+02 0.381E+02 0.634E+01 0.158E+01 0.621E+01 0.155E+01
      2       2       2      64      64      64       4 0.281E+00 0.298E+00 0.274E+00 0.292E+00 0.564E-02 0.141E-02 0.589E-02 0.147E-02
      2       2       2       8       8       8       4 0.271E-01 0.289E-01 0.225E-01 0.237E-01 0.129E-03 0.323E-04 0.839E-04 0.210E-04
      2       2       4     128     128     128       4 0.151E+01 0.155E+01 0.147E+01 0.150E+01 0.541E-01 0.135E-01 0.514E-01 0.129E-01
      2       2       4      16      16      16       4 0.402E-01 0.416E-01 0.356E-01 0.365E-01 0.248E-03 0.620E-04 0.179E-03 0.447E-04
      2       2       4     256     256     256       4 0.934E+01 0.943E+01 0.901E+01 0.909E+01 0.594E+00 0.149E+00 0.610E+00 0.153E+00
      2       2       4      32      32      32       4 0.104E+00 0.107E+00 0.972E-01 0.990E-01 0.702E-03 0.175E-03 0.640E-03 0.160E-03
      2       2       4     512     512     512       4 0.347E+02 0.351E+02 0.363E+02 0.369E+02 0.487E+01 0.122E+01 0.522E+01 0.130E+01
      2       2       4      64      64      64       4 0.313E+00 0.319E+00 0.302E+00 0.307E+00 0.641E-02 0.160E-02 0.617E-02 0.154E-02
      2       2       4       8       8       8       4 0.293E-01 0.338E-01 0.253E-01 0.265E-01 0.200E-03 0.500E-04 0.134E-03 0.335E-04
      2       2       8     128     128     128       4 0.122E+01 0.127E+01 0.126E+01 0.135E+01 0.485E-01 0.121E-01 0.428E-01 0.107E-01
      2       2       8      16      16      16       4 0.420E-01 0.430E-01 0.386E-01 0.413E-01 0.295E-03 0.737E-04 0.232E-03 0.580E-04
      2       2       8     256     256     256       4 0.861E+01 0.870E+01 0.864E+01 0.866E+01 0.535E+00 0.134E+00 0.530E+00 0.133E+00
      2       2       8      32      32      32       4 0.884E-01 0.918E-01 0.877E-01 0.911E-01 0.648E-03 0.162E-03 0.616E-03 0.154E-03
      2       2       8     512     512     512       4 0.327E+02 0.336E+02 0.324E+02 0.330E+02 0.431E+01 0.108E+01 0.432E+01 0.108E+01
      2       2       8      64      64      64       4 0.275E+00 0.279E+00 0.292E+00 0.297E+00 0.638E-02 0.160E-02 0.661E-02 0.165E-02
      2       2       8       8       8       8       4 0.351E-01 0.363E-01 0.303E-01 0.316E-01 0.335E-03 0.837E-04 0.214E-03 0.535E-04
      2      24       1     128     128     128       4 0.133E+00 0.137E+00 0.782E-01 0.784E-01 0.175E-01 0.438E-02 0.141E-01 0.353E-02
      2      24       1      16      16      16       4 0.736E-02 0.103E-01 0.575E-02 0.589E-02 0.360E-03 0.900E-04 0.204E-03 0.510E-04
      2      24       1     256     256     256       4 0.419E+00 0.422E+00 0.172E+00 0.173E+00 0.286E+00 0.714E-01 0.279E+00 0.698E-01
      2      24       1      32      32      32       4 0.241E-01 0.274E-01 0.194E-01 0.196E-01 0.589E-03 0.147E-03 0.398E-03 0.995E-04
      2      24       1      64      64      64       4 0.484E-01 0.521E-01 0.388E-01 0.401E-01 0.363E-02 0.909E-03 0.189E-02 0.473E-03
      2      24       1       8       8       8       4 0.561E-02 0.859E-02 0.382E-02 0.392E-02 0.297E-03 0.743E-04 0.168E-03 0.420E-04
      2       4       1     128     128     128       4 0.558E+00 0.583E+00 0.554E+00 0.559E+00 0.347E-01 0.867E-02 0.340E-01 0.851E-02
      2       4       1      16      16      16       4 0.215E-01 0.238E-01 0.202E-01 0.212E-01 0.861E-04 0.215E-04 0.663E-04 0.166E-04
      2       4       1     256     256     256       4 0.361E+01 0.368E+01 0.356E+01 0.359E+01 0.417E+00 0.104E+00 0.413E+00 0.103E+00
      2       4       1      32      32      32       4 0.608E-01 0.634E-01 0.552E-01 0.555E-01 0.421E-03 0.105E-03 0.351E-03 0.879E-04
      2       4       1     512     512     512       4 0.226E+02 0.227E+02 0.222E+02 0.222E+02 0.436E+01 0.109E+01 0.468E+01 0.117E+01
      2       4       1      64      64      64       4 0.147E+00 0.151E+00 0.140E+00 0.141E+00 0.352E-02 0.880E-03 0.345E-02 0.861E-03
      2       4       1       8       8       8       4 0.209E-01 0.225E-01 0.167E-01 0.192E-01 0.432E-04 0.108E-04 0.412E-04 0.103E-04
      2       4       2     128     128     128       4 0.871E+00 0.954E+00 0.895E+00 0.945E+00 0.384E-01 0.960E-02 0.393E-01 0.984E-02
      2       4       2      16      16      16       4 0.360E-01 0.386E-01 0.332E-01 0.339E-01 0.224E-03 0.560E-04 0.176E-03 0.440E-04
      2       4       2     256     256     256       4 0.533E+01 0.574E+01 0.532E+01 0.583E+01 0.386E+00 0.965E-01 0.410E+00 0.102E+00
      2       4       2      32      32      32       4 0.105E+00 0.109E+00 0.979E-01 0.101E+00 0.631E-03 0.158E-03 0.559E-03 0.140E-03
      2       4       2     512     512     512       4 0.312E+02 0.318E+02 0.280E+02 0.296E+02 0.411E+01 0.103E+01 0.419E+01 0.105E+01
      2       4       2      64      64      64       4 0.249E+00 0.260E+00 0.228E+00 0.248E+00 0.326E-02 0.815E-03 0.305E-02 0.761E-03
      2       4       2       8       8       8       4 0.305E-01 0.314E-01 0.259E-01 0.273E-01 0.131E-03 0.328E-04 0.119E-03 0.297E-04
      2       4       4     128     128     128       4 0.929E+00 0.964E+00 0.933E+00 0.946E+00 0.333E-01 0.833E-02 0.343E-01 0.856E-02
      2       4       4      16      16      16       4 0.454E-01 0.471E-01 0.421E-01 0.437E-01 0.390E-03 0.975E-04 0.299E-03 0.747E-04
      2       4       4     256     256     256       4 0.540E+01 0.571E+01 0.536E+01 0.562E+01 0.352E+00 0.880E-01 0.348E+00 0.870E-01
      2       4       4      32      32      32       4 0.115E+00 0.115E+00 0.107E+00 0.109E+00 0.777E-03 0.194E-03 0.590E-03 0.147E-03
      2       4       4     512     512     512       4 0.277E+02 0.279E+02 0.277E+02 0.288E+02 0.314E+01 0.784E+00 0.313E+01 0.783E+00
      2       4       4      64      64      64       4 0.255E+00 0.261E+00 0.241E+00 0.250E+00 0.326E-02 0.816E-03 0.332E-02 0.830E-03
      2       4       4       8       8       8       4 0.374E-01 0.395E-01 0.319E-01 0.327E-01 0.239E-03 0.597E-04 0.226E-03 0.564E-04
      2       8       1     128     128     128       4 0.399E+00 0.408E+00 0.387E+00 0.389E+00 0.207E-01 0.517E-02 0.193E-01 0.482E-02
      2       8       1      16      16      16       4 0.307E-01 0.322E-01 0.256E-01 0.257E-01 0.116E-03 0.290E-04 0.832E-04 0.208E-04
      2       8       1     256     256     256       4 0.225E+01 0.229E+01 0.220E+01 0.221E+01 0.240E+00 0.599E-01 0.240E+00 0.600E-01
      2       8       1      32      32      32       4 0.584E-01 0.603E-01 0.528E-01 0.553E-01 0.241E-03 0.603E-04 0.263E-03 0.657E-04
      2       8       1     512     512     512       4 0.157E+02 0.161E+02 0.155E+02 0.158E+02 0.223E+01 0.558E+00 0.226E+01 0.564E+00
      2       8       1      64      64      64       4 0.907E-01 0.948E-01 0.868E-01 0.895E-01 0.239E-02 0.598E-03 0.213E-02 0.534E-03
      2       8       1       8       8       8       4 0.143E-01 0.154E-01 0.109E-01 0.109E-01 0.489E-04 0.122E-04 0.324E-04 0.811E-05
      2       8       2     128     128     128       4 0.600E+00 0.626E+00 0.583E+00 0.612E+00 0.196E-01 0.490E-02 0.197E-01 0.491E-02
      2       8       2      16      16      16       4 0.522E-01 0.549E-01 0.457E-01 0.464E-01 0.276E-03 0.691E-04 0.220E-03 0.550E-04
      2       8       2     256     256     256       4 0.342E+01 0.347E+01 0.348E+01 0.348E+01 0.236E+00 0.590E-01 0.242E+00 0.604E-01
      2       8       2      32      32      32       4 0.908E-01 0.987E-01 0.784E-01 0.853E-01 0.396E-03 0.990E-04 0.359E-03 0.897E-04
      2       8       2     512     512     512       4 0.199E+02 0.213E+02 0.194E+02 0.198E+02 0.336E+01 0.841E+00 0.214E+01 0.534E+00
      2       8       2      64      64      64       4 0.134E+00 0.152E+00 0.131E+00 0.149E+00 0.303E-02 0.758E-03 0.232E-02 0.581E-03
      2       8       2       8       8       8       4 0.225E-01 0.242E-01 0.100E-01 0.104E-01 0.215E-03 0.538E-04 0.209E-03 0.522E-04
      3       1       1     128     128     128       4 0.683E-02 0.103E-01 0.000E+00 0.000E+00 0.150E+00 0.374E-01 0.148E+00 0.369E-01
      3       1       1      16      16      16       4 0.806E-03 0.318E-02 0.000E+00 0.000E+00 0.197E-03 0.493E-04 0.115E-03 0.287E-04
      3       1       1     256     256     256       4 0.611E-01 0.622E-01 0.000E+00 0.000E+00 0.210E+01 0.525E+00 0.210E+01 0.526E+00
      3       1       1      32      32      32       4 0.983E-03 0.379E-02 0.000E+00 0.000E+00 0.150E-02 0.375E-03 0.136E-02 0.339E-03
      3       1       1     512     512     512       4 0.467E+00 0.468E+00 0.000E+00 0.000E+00 0.104E+02 0.261E+01 0.104E+02 0.261E+01
      3       1       1      64      64      64       4 0.127E-02 0.363E-02 0.000E+00 0.000E+00 0.123E-01 0.306E-02 0.118E-01 0.295E-02
      3       1       1       8       8       8       4 0.708E-03 0.279E-02 0.000E+00 0.000E+00 0.114E-03 0.285E-04 0.319E-04 0.799E-05
      3       1      12     128     128     128       4 0.112E-01 0.263E-01 0.000E+00 0.000E+00 0.107E+00 0.268E-01 0.103E+00 0.258E-01
      3       1      12      16      16      16       4 0.551E-02 0.220E-01 0.238E-06 0.954E-06 0.343E-03 0.857E-04 0.187E-03 0.468E-04
      3       1      12     256     256     256       4 0.668E-01 0.711E-01 0.000E+00 0.000E+00 0.125E+01 0.313E+00 0.124E+01 0.311E+00
      3       1      12      32      32      32       4 0.411E-02 0.162E-01 0.000E+00 0.000E+00 0.165E-02 0.412E-03 0.138E-02 0.346E-03
      3       1      12     512     512     512       4 0.497E+00 0.503E+00 0.000E+00 0.000E+00 0.532E+01 0.133E+01 0.525E+01 0.131E+01
      3       1      12      64      64      64       4 0.255E-02 0.842E-02 0.238E-06 0.954E-06 0.111E-01 0.277E-02 0.962E-02 0.240E-02
      3       1      12       8       8       8       4 0.614E-02 0.245E-01 0.000E+00 0.000E+00 0.192E-03 0.480E-04 0.842E-04 0.210E-04
      3       1      16     128     128     128       4 0.116E-01 0.282E-01 0.238E-06 0.954E-06 0.109E+00 0.272E-01 0.104E+00 0.261E-01
      3       1      16      16      16      16       4 0.301E-02 0.120E-01 0.000E+00 0.000E+00 0.332E-03 0.830E-04 0.224E-03 0.560E-04
      3       1      16     256     256     256       4 0.661E-01 0.695E-01 0.298E-06 0.119E-05 0.120E+01 0.299E+00 0.119E+01 0.297E+00
      3       1      16      32      32      32       4 0.427E-02 0.169E-01 0.238E-06 0.954E-06 0.180E-02 0.449E-03 0.150E-02 0.374E-03
      3       1      16     512     512     512       4 0.504E+00 0.507E+00 0.000E+00 0.000E+00 0.510E+01 0.128E+01 0.501E+01 0.125E+01
      3       1      16      64      64      64       4 0.308E-02 0.105E-01 0.000E+00 0.000E+00 0.116E-01 0.289E-02 0.976E-02 0.244E-02
      3       1      16       8       8       8       4 0.417E-02 0.167E-01 0.000E+00 0.000E+00 0.220E-03 0.550E-04 0.127E-03 0.318E-04
      3       1       2     128     128     128       4 0.795E-02 0.145E-01 0.000E+00 0.000E+00 0.120E+00 0.300E-01 0.118E+00 0.295E-01
      3       1       2      16      16      16       4 0.383E-02 0.153E-01 0.000E+00 0.000E+00 0.249E-03 0.622E-04 0.127E-03 0.318E-04
      3       1       2     256     256     256       4 0.618E-01 0.644E-01 0.000E+00 0.000E+00 0.152E+01 0.380E+00 0.152E+01 0.380E+00
      3       1       2      32      32      32       4 0.355E-02 0.140E-01 0.000E+00 0.000E+00 0.147E-02 0.367E-03 0.125E-02 0.313E-03
      3       1       2     512     512     512       4 0.473E+00 0.486E+00 0.000E+00 0.000E+00 0.816E+01 0.204E+01 0.808E+01 0.202E+01
      3       1       2      64      64      64       4 0.214E-02 0.701E-02 0.000E+00 0.000E+00 0.110E-01 0.275E-02 0.979E-02 0.245E-02
      3       1       2       8       8       8       4 0.713E-03 0.280E-02 0.000E+00 0.000E+00 0.178E-03 0.445E-04 0.467E-04 0.117E-04
      3       1      24     128     128     128       4 0.930E-02 0.187E-01 0.000E+00 0.000E+00 0.112E+00 0.281E-01 0.106E+00 0.264E-01
      3       1      24      16      16      16       4 0.345E-02 0.137E-01 0.000E+00 0.000E+00 0.742E-02 0.186E-02 0.270E-03 0.675E-04
      3       1      24     256     256     256       4 0.661E-01 0.676E-01 0.000E+00 0.000E+00 0.123E+01 0.306E+00 0.122E+01 0.304E+00
      3       1      24      32      32      32       4 0.117E-02 0.444E-02 0.000E+00 0.000E+00 0.200E-02 0.501E-03 0.170E-02 0.426E-03
      3       1      24     512     512     512       4 0.503E+00 0.508E+00 0.238E-06 0.954E-06 0.519E+01 0.130E+01 0.512E+01 0.128E+01
      3       1      24      64      64      64       4 0.546E-02 0.197E-01 0.238E-06 0.954E-06 0.141E-01 0.353E-02 0.121E-01 0.302E-02
      3       1      24       8       8       8       4 0.332E-02 0.132E-01 0.477E-06 0.954E-06 0.268E-03 0.670E-04 0.192E-03 0.480E-04
      3       1       4     128     128     128       4 0.125E-01 0.328E-01 0.000E+00 0.000E+00 0.115E+00 0.286E-01 0.110E+00 0.275E-01
      3       1       4      16      16      16       4 0.436E-02 0.174E-01 0.000E+00 0.000E+00 0.260E-03 0.651E-04 0.137E-03 0.342E-04
      3       1       4     256     256     256       4 0.606E-01 0.637E-01 0.238E-06 0.954E-06 0.137E+01 0.342E+00 0.137E+01 0.342E+00
      3       1       4      32      32      32       4 0.511E-02 0.203E-01 0.298E-06 0.119E-05 0.149E-02 0.373E-03 0.130E-02 0.325E-03
      3       1       4     512     512     512       4 0.474E+00 0.479E+00 0.000E+00 0.000E+00 0.615E+01 0.154E+01 0.612E+01 0.153E+01
      3       1       4      64      64      64       4 0.512E-02 0.189E-01 0.000E+00 0.000E+00 0.109E-01 0.272E-02 0.955E-02 0.239E-02
      3       1       4       8       8       8       4 0.727E-02 0.290E-01 0.000E+00 0.000E+00 0.155E-03 0.388E-04 0.739E-04 0.185E-04
      3       1       8     128     128     128       4 0.108E-01 0.251E-01 0.000E+00 0.000E+00 0.109E+00 0.272E-01 0.104E+00 0.261E-01
      3       1       8      16      16      16       4 0.742E-02 0.296E-01 0.000E+00 0.000E+00 0.293E-03 0.732E-04 0.150E-03 0.376E-04
      3       1       8     256     256     256       4 0.652E-01 0.685E-01 0.238E-06 0.954E-06 0.124E+01 0.310E+00 0.123E+01 0.308E+00
      3       1       8      32      32      32       4 0.527E-02 0.209E-01 0.000E+00 0.000E+00 0.155E-02 0.389E-03 0.131E-02 0.329E-03
      3       1       8     512     512     512       4 0.496E+00 0.502E+00 0.000E+00 0.000E+00 0.527E+01 0.132E+01 0.523E+01 0.131E+01
      3       1       8      64      64      64       4 0.373E-02 0.131E-01 0.000E+00 0.000E+00 0.109E-01 0.273E-02 0.957E-02 0.239E-02
      3       1       8       8       8       8       4 0.428E-02 0.171E-01 0.238E-06 0.954E-06 0.178E-03 0.445E-04 0.801E-04 0.200E-04
      3      12       1     128     128     128       4 0.137E-01 0.529E-01 0.173E-05 0.286E-05 0.614E-01 0.154E-01 0.235E-01 0.587E-02
      3      12       1      16      16      16       4 0.131E-01 0.522E-01 0.715E-06 0.954E-06 0.986E-03 0.247E-03 0.145E-03 0.363E-04
      3      12       1     256     256     256       4 0.336E-01 0.119E+00 0.155E-05 0.310E-05 0.265E+00 0.663E-01 0.250E+00 0.624E-01
      3      12       1      32      32      32       4 0.153E-01 0.612E-01 0.536E-06 0.119E-05 0.135E-02 0.338E-03 0.320E-03 0.800E-04
      3      12       1      64      64      64       4 0.104E-01 0.411E-01 0.149E-05 0.215E-05 0.854E-02 0.214E-02 0.382E-02 0.954E-03
      3      12       1       8       8       8       4 0.410E-02 0.144E-01 0.149E-05 0.191E-05 0.414E-03 0.104E-03 0.266E-03 0.665E-04
      3      12       2     128     128     128       4 0.197E-01 0.768E-01 0.155E-05 0.215E-05 0.478E-01 0.120E-01 0.275E-01 0.687E-02
      3      12       2      16      16      16       4 0.424E-01 0.170E+00 0.161E-05 0.215E-05 0.105E-02 0.263E-03 0.207E-03 0.517E-04
      3      12       2     256     256     256       4 0.252E-01 0.817E-01 0.155E-05 0.310E-05 0.378E+00 0.945E-01 0.237E+00 0.593E-01
      3      12       2      32      32      32       4 0.167E-01 0.667E-01 0.101E-05 0.191E-05 0.137E-02 0.343E-03 0.340E-03 0.851E-04
      3      12       2      64      64      64       4 0.137E-01 0.544E-01 0.954E-06 0.191E-05 0.909E-02 0.227E-02 0.383E-02 0.958E-03
      3      12       2       8       8       8       4 0.302E-02 0.998E-02 0.119E-05 0.191E-05 0.449E-03 0.112E-03 0.320E-03 0.799E-04
      3      16       1     128     128     128       4 0.456E-01 0.181E+00 0.232E-05 0.310E-05 0.300E-01 0.750E-02 0.273E-01 0.682E-02
      3      16       1      16      16      16       4 0.155E-01 0.620E-01 0.173E-05 0.215E-05 0.114E-02 0.284E-03 0.270E-03 0.675E-04
      3      16       1     256     256     256       4 0.492E-01 0.184E+00 0.387E-02 0.155E-01 0.280E+00 0.700E-01 0.211E+00 0.528E-01
      3      16       1      32      32      32       4 0.357E-01 0.143E+00 0.185E-05 0.310E-05 0.144E-02 0.361E-03 0.314E-03 0.785E-04
      3      16       1      64      64      64       4 0.272E-01 0.108E+00 0.149E-05 0.286E-05 0.105E-01 0.263E-02 0.298E-02 0.746E-03
      3      16       1       8       8       8       4 0.414E-02 0.138E-01 0.203E-05 0.286E-05 0.664E-03 0.166E-03 0.326E-03 0.815E-04
      3       2       1     128     128     128       4 0.714E-02 0.193E-01 0.238E-06 0.954E-06 0.934E-01 0.233E-01 0.936E-01 0.234E-01
      3       2       1      16      16      16       4 0.830E-02 0.331E-01 0.101E-05 0.191E-05 0.340E-03 0.851E-04 0.168E-03 0.420E-04
      3       2       1     256     256     256       4 0.311E-01 0.532E-01 0.477E-06 0.954E-06 0.878E+00 0.219E+00 0.860E+00 0.215E+00
      3       2       1      32      32      32       4 0.463E-02 0.183E-01 0.715E-06 0.954E-06 0.136E-02 0.340E-03 0.116E-02 0.290E-03
      3       2       1     512     512     512       4 0.243E+00 0.267E+00 0.954E-06 0.191E-05 0.619E+01 0.155E+01 0.611E+01 0.153E+01
      3       2       1      64      64      64       4 0.571E-02 0.221E-01 0.536E-06 0.119E-05 0.106E-01 0.264E-02 0.101E-01 0.251E-02
      3       2       1       8       8       8       4 0.459E-02 0.183E-01 0.954E-06 0.954E-06 0.104E-03 0.260E-04 0.513E-04 0.128E-04
      3       2      12     128     128     128       4 0.972E-02 0.279E-01 0.477E-06 0.954E-06 0.825E-01 0.206E-01 0.821E-01 0.205E-01
      3       2      12      16      16      16       4 0.722E-02 0.288E-01 0.775E-06 0.119E-05 0.512E-03 0.128E-03 0.288E-03 0.720E-04
      3       2      12     256     256     256       4 0.320E-01 0.503E-01 0.536E-06 0.119E-05 0.676E+00 0.169E+00 0.666E+00 0.167E+00
      3       2      12      32      32      32       4 0.593E-02 0.236E-01 0.238E-06 0.954E-06 0.172E-02 0.431E-03 0.107E-02 0.266E-03
      3       2      12     512     512     512       4 0.268E+00 0.279E+00 0.173E-05 0.405E-05 0.368E+01 0.921E+00 0.362E+01 0.904E+00
      3       2      12      64      64      64       4 0.600E-02 0.230E-01 0.477E-06 0.954E-06 0.109E-01 0.272E-02 0.944E-02 0.236E-02
      3       2      12       8       8       8       4 0.766E-02 0.306E-01 0.477E-06 0.954E-06 0.253E-03 0.633E-04 0.150E-03 0.376E-04
      3       2       2     128     128     128       4 0.795E-02 0.228E-01 0.834E-06 0.215E-05 0.740E-01 0.185E-01 0.705E-01 0.176E-01
      3       2       2      16      16      16       4 0.560E-02 0.223E-01 0.125E-05 0.215E-05 0.376E-03 0.940E-04 0.212E-03 0.530E-04
      3       2       2     256     256     256       4 0.297E-01 0.508E-01 0.715E-06 0.954E-06 0.779E+00 0.195E+00 0.776E+00 0.194E+00
      3       2       2      32      32      32       4 0.701E-02 0.279E-01 0.477E-06 0.954E-06 0.142E-02 0.355E-03 0.122E-02 0.304E-03
      3       2       2     512     512     512       4 0.262E+00 0.276E+00 0.000E+00 0.000E+00 0.518E+01 0.130E+01 0.511E+01 0.128E+01
      3       2       2      64      64      64       4 0.399E-02 0.153E-01 0.477E-06 0.954E-06 0.104E-01 0.260E-02 0.931E-02 0.233E-02
      3       2       2       8       8       8       4 0.717E-02 0.286E-01 0.800E-02 0.320E-01 0.476E-01 0.119E-01 0.205E-01 0.511E-02
      3       2       4     128     128     128       4 0.983E-02 0.298E-01 0.477E-06 0.954E-06 0.754E-01 0.189E-01 0.723E-01 0.181E-01
      3       2       4      16      16      16       4 0.847E-02 0.338E-01 0.715E-06 0.191E-05 0.344E-03 0.859E-04 0.155E-03 0.387E-04
      3       2       4     256     256     256       4 0.415E-01 0.927E-01 0.775E-06 0.215E-05 0.763E+00 0.191E+00 0.702E+00 0.176E+00
      3       2       4      32      32      32       4 0.719E-02 0.286E-01 0.477E-06 0.954E-06 0.127E-02 0.317E-03 0.103E-02 0.258E-03
      3       2       4     512     512     512       4 0.264E+00 0.282E+00 0.536E-06 0.119E-05 0.410E+01 0.103E+01 0.409E+01 0.102E+01
      3       2       4      64      64      64       4 0.452E-02 0.172E-01 0.238E-06 0.954E-06 0.913E-02 0.228E-02 0.829E-02 0.207E-02
      3       2       4       8       8       8       4 0.856E-02 0.342E-01 0.000E+00 0.000E+00 0.187E-03 0.467E-04 0.763E-04 0.191E-04
      3       2       8     128     128     128       4 0.759E-02 0.204E-01 0.536E-06 0.119E-05 0.718E-01 0.179E-01 0.691E-01 0.173E-01
      3       2       8      16      16      16       4 0.864E-02 0.345E-01 0.131E-05 0.215E-05 0.446E-03 0.112E-03 0.289E-03 0.723E-04
      3       2       8     256     256     256       4 0.319E-01 0.503E-01 0.101E-05 0.191E-05 0.665E+00 0.166E+00 0.664E+00 0.166E+00
      3       2       8      32      32      32       4 0.605E-02 0.241E-01 0.715E-06 0.954E-06 0.158E-02 0.396E-03 0.121E-02 0.303E-03
      3       2       8     512     512     512       4 0.269E+00 0.275E+00 0.536E-06 0.215E-05 0.354E+01 0.884E+00 0.353E+01 0.883E+00
      3       2       8      64      64      64       4 0.739E-02 0.287E-01 0.477E-06 0.954E-06 0.100E-01 0.250E-02 0.906E-02 0.226E-02
      3       2       8       8       8       8       4 0.716E-02 0.286E-01 0.954E-06 0.191E-05 0.218E-03 0.544E-04 0.108E-03 0.269E-04
      3      24       1     128     128     128       4 0.310E-01 0.122E+00 0.191E-05 0.286E-05 0.562E-01 0.141E-01 0.261E-01 0.653E-02
      3      24       1      16      16      16       4 0.395E-02 0.116E-01 0.155E-05 0.215E-05 0.897E-03 0.224E-03 0.659E-03 0.165E-03
      3      24       1     256     256     256       4 0.372E-01 0.139E+00 0.149E-05 0.310E-05 0.194E+00 0.484E-01 0.205E+00 0.514E-01
      3      24       1      32      32      32       4 0.307E-01 0.123E+00 0.114E-04 0.420E-04 0.196E-02 0.491E-03 0.516E-03 0.129E-03
      3      24       1      64      64      64       4 0.325E-01 0.130E+00 0.191E-05 0.286E-05 0.434E-02 0.108E-02 0.133E-02 0.333E-03
      3      24       1       8       8       8       4 0.423E-02 0.130E-01 0.167E-05 0.286E-05 0.931E-03 0.233E-03 0.619E-03 0.155E-03
      3       4       1     128     128     128       4 0.149E-01 0.549E-01 0.800E-02 0.320E-01 0.596E-01 0.149E-01 0.501E-01 0.125E-01
      3       4       1      16      16      16       4 0.952E-02 0.380E-01 0.400E-02 0.160E-01 0.161E-01 0.401E-02 0.103E-03 0.259E-04
      3       4       1     256     256     256       4 0.222E-01 0.522E-01 0.125E-05 0.191E-05 0.540E+00 0.135E+00 0.508E+00 0.127E+00
      3       4       1      32      32      32       4 0.939E-02 0.374E-01 0.101E-05 0.215E-05 0.113E-02 0.284E-03 0.763E-03 0.191E-03
      3       4       1     512     512     512       4 0.135E+00 0.171E+00 0.125E-05 0.191E-05 0.408E+01 0.102E+01 0.403E+01 0.101E+01
      3       4       1      64      64      64       4 0.113E-01 0.447E-01 0.101E-05 0.191E-05 0.110E-01 0.274E-02 0.709E-02 0.177E-02
      3       4       1       8       8       8       4 0.905E-02 0.362E-01 0.143E-05 0.191E-05 0.160E-03 0.400E-04 0.660E-04 0.165E-04
      3       4       2     128     128     128       4 0.124E-01 0.443E-01 0.715E-06 0.954E-06 0.579E-01 0.145E-01 0.483E-01 0.121E-01
      3       4       2      16      16      16       4 0.172E-01 0.686E-01 0.125E-05 0.215E-05 0.267E-03 0.667E-04 0.151E-03 0.377E-04
      3       4       2     256     256     256       4 0.201E-01 0.420E-01 0.125E-05 0.215E-05 0.468E+00 0.117E+00 0.471E+00 0.118E+00
      3       4       2      32      32      32       4 0.144E-01 0.576E-01 0.800E-02 0.320E-01 0.133E-02 0.333E-03 0.527E-03 0.132E-03
      3       4       2     512     512     512       4 0.142E+00 0.176E+00 0.954E-06 0.954E-06 0.373E+01 0.933E+00 0.362E+01 0.906E+00
      3       4       2      64      64      64       4 0.143E-01 0.566E-01 0.715E-06 0.954E-06 0.677E-02 0.169E-02 0.589E-02 0.147E-02
      3       4       2       8       8       8       4 0.103E-01 0.412E-01 0.477E-06 0.954E-06 0.247E-03 0.616E-04 0.708E-04 0.177E-04
      3       4       4     128     128     128       4 0.104E-01 0.362E-01 0.101E-05 0.215E-05 0.483E-01 0.121E-01 0.467E-01 0.117E-01
      3       4       4      16      16      16       4 0.124E-01 0.497E-01 0.477E-06 0.954E-06 0.247E-03 0.618E-04 0.128E-03 0.320E-04
      3       4       4     256     256     256       4 0.206E-01 0.426E-01 0.954E-06 0.191E-05 0.451E+00 0.113E+00 0.443E+00 0.111E+00
      3       4       4      32      32      32       4 0.154E-01 0.613E-01 0.536E-06 0.119E-05 0.114E-02 0.284E-03 0.596E-03 0.149E-03
      3       4       4     512     512     512       4 0.144E+00 0.156E+00 0.119E-05 0.191E-05 0.342E+01 0.854E+00 0.331E+01 0.828E+00
      3       4       4      64      64      64       4 0.113E-01 0.448E-01 0.834E-06 0.119E-05 0.630E-02 0.158E-02 0.513E-02 0.128E-02
      3       4       4       8       8       8       4 0.151E-01 0.605E-01 0.536E-06 0.119E-05 0.237E-03 0.592E-04 0.148E-03 0.370E-04
      3       8       1     128     128     128       4 0.971E-02 0.359E-01 0.715E-06 0.954E-06 0.341E-01 0.854E-02 0.308E-01 0.770E-02
      3       8       1      16      16      16       4 0.142E-01 0.569E-01 0.775E-06 0.119E-05 0.905E-03 0.226E-03 0.119E-03 0.298E-04
      3       8       1     256     256     256       4 0.157E-01 0.431E-01 0.131E-05 0.215E-05 0.305E+00 0.764E-01 0.296E+00 0.740E-01
      3       8       1      32      32      32       4 0.186E-01 0.743E-01 0.131E-05 0.215E-05 0.887E-03 0.222E-03 0.251E-03 0.627E-04
      3       8       1      64      64      64       4 0.150E-01 0.596E-01 0.137E-05 0.215E-05 0.110E-01 0.276E-02 0.413E-02 0.103E-02
      3       8       1       8       8       8       4 0.207E-01 0.826E-01 0.484E-03 0.193E-02 0.321E-02 0.801E-03 0.887E-04 0.222E-04
      3       8       2     128     128     128       4 0.786E-02 0.283E-01 0.119E-05 0.191E-05 0.443E-01 0.111E-01 0.275E-01 0.686E-02
      3       8       2      16      16      16       4 0.250E-01 0.100E+00 0.244E-05 0.691E-05 0.103E-02 0.259E-03 0.164E-03 0.409E-04
      3       8       2     256     256     256       4 0.298E-01 0.968E-01 0.203E-05 0.310E-05 0.338E+00 0.846E-01 0.290E+00 0.726E-01
      3       8       2      32      32      32       4 0.138E-01 0.549E-01 0.715E-06 0.954E-06 0.134E-02 0.334E-03 0.379E-03 0.947E-04
      3       8       2      64      64      64       4 0.114E-01 0.451E-01 0.596E-06 0.119E-05 0.813E-02 0.203E-02 0.364E-02 0.910E-03
      3       8       2       8       8       8       4 0.176E-01 0.705E-01 0.167E-05 0.286E-05 0.999E-03 0.250E-03 0.149E-03 0.373E-04
      4       1       1     128     128     128       4 0.737E+00 0.294E+01 0.000E+00 0.000E+00 0.834E-01 0.209E-01 0.697E-01 0.174E-01
      4       1       1      16      16      16       4 0.101E-01 0.396E-01 0.000E+00 0.000E+00 0.121E-03 0.302E-04 0.839E-04 0.210E-04
      4       1       1     256     256     256       4 0.434E+01 0.169E+02 0.000E+00 0.000E+00 0.161E+01 0.404E+00 0.136E+01 0.340E+00
      4       1       1      32      32      32       4 0.334E-01 0.133E+00 0.000E+00 0.000E+00 0.820E-03 0.205E-03 0.616E-03 0.154E-03
      4       1       1     512     512     512       4 0.117E+02 0.434E+02 0.000E+00 0.000E+00 0.112E+02 0.280E+01 0.857E+01 0.214E+01
      4       1       1      64      64      64       4 0.105E+00 0.417E+00 0.000E+00 0.000E+00 0.695E-02 0.174E-02 0.595E-02 0.149E-02
      4       1       1       8       8       8       4 0.710E-02 0.278E-01 0.000E+00 0.000E+00 0.362E-04 0.906E-05 0.260E-04 0.650E-05
      4       1      12     128     128     128       4 0.329E+00 0.129E+01 0.000E+00 0.000E+00 0.545E-01 0.136E-01 0.405E-01 0.101E-01
      4       1      12      16      16      16       4 0.101E-01 0.339E-01 0.000E+00 0.000E+00 0.490E-03 0.123E-03 0.410E-03 0.103E-03
      4       1      12     256     256     256       4 0.845E+00 0.288E+01 0.000E+00 0.000E+00 0.728E+00 0.182E+00 0.462E+00 0.116E+00
      4       1      12      32      32      32       4 0.583E-01 0.228E+00 0.000E+00 0.000E+00 0.163E-02 0.407E-03 0.153E-02 0.383E-03
      4       1      12     512     512     512       4 0.912E+01 0.330E+02 0.000E+00 0.000E+00 0.523E+01 0.131E+01 0.340E+01 0.850E+00
      4       1      12      64      64      64       4 0.820E-01 0.321E+00 0.000E+00 0.000E+00 0.827E-02 0.207E-02 0.699E-02 0.175E-02
      4       1      12       8       8       8       4 0.967E-02 0.353E-01 0.000E+00 0.000E+00 0.204E-03 0.510E-04 0.160E-03 0.401E-04
      4       1      16     128     128     128       4 0.165E+00 0.633E+00 0.000E+00 0.000E+00 0.539E-01 0.135E-01 0.408E-01 0.102E-01
      4       1      16      16      16      16       4 0.106E-01 0.343E-01 0.000E+00 0.000E+00 0.546E-03 0.136E-03 0.457E-03 0.114E-03
      4       1      16     256     256     256       4 0.712E+00 0.235E+01 0.000E+00 0.000E+00 0.705E+00 0.176E+00 0.461E+00 0.115E+00
      4       1      16      32      32      32       4 0.374E-01 0.142E+00 0.000E+00 0.000E+00 0.167E-02 0.418E-03 0.157E-02 0.393E-03
      4       1      16     512     512     512       4 0.404E+01 0.127E+02 0.000E+00 0.000E+00 0.525E+01 0.131E+01 0.358E+01 0.894E+00
      4       1      16      64      64      64       4 0.758E-01 0.295E+00 0.000E+00 0.000E+00 0.770E-02 0.193E-02 0.617E-02 0.154E-02
      4       1      16       8       8       8       4 0.107E-01 0.388E-01 0.000E+00 0.000E+00 0.174E-03 0.435E-04 0.211E-03 0.528E-04
      4       1       2     128     128     128       4 0.444E+00 0.176E+01 0.000E+00 0.000E+00 0.843E-01 0.211E-01 0.546E-01 0.137E-01
      4       1       2      16      16      16       4 0.106E-01 0.413E-01 0.000E+00 0.000E+00 0.347E-03 0.868E-04 0.302E-03 0.755E-04
      4       1       2     256     256     256       4 0.311E+01 0.120E+02 0.000E+00 0.000E+00 0.127E+01 0.316E+00 0.993E+00 0.248E+00
      4       1       2      32      32      32       4 0.399E-01 0.158E+00 0.000E+00 0.000E+00 0.155E-02 0.387E-03 0.141E-02 0.353E-03
      4       1       2     512     512     512       4 0.965E+01 0.352E+02 0.000E+00 0.000E+00 0.860E+01 0.215E+01 0.633E+01 0.158E+01
      4       1       2      64      64      64       4 0.951E-01 0.378E+00 0.000E+00 0.000E+00 0.986E-02 0.246E-02 0.849E-02 0.212E-02
      4       1       2       8       8       8       4 0.912E-02 0.356E-01 0.000E+00 0.000E+00 0.107E-03 0.268E-04 0.106E-03 0.266E-04
      4       1      24     128     128     128       4 0.262E+00 0.101E+01 0.000E+00 0.000E+00 0.530E-01 0.133E-01 0.403E-01 0.101E-01
      4       1      24      16      16      16       4 0.987E-02 0.311E-01 0.000E+00 0.000E+00 0.555E-03 0.139E-03 0.498E-03 0.125E-03
      4       1      24     256     256     256       4 0.607E+00 0.192E+01 0.000E+00 0.000E+00 0.715E+00 0.179E+00 0.472E+00 0.118E+00
      4       1      24      32      32      32       4 0.453E-01 0.172E+00 0.000E+00 0.000E+00 0.175E-02 0.438E-03 0.157E-02 0.391E-03
      4       1      24     512     512     512       4 0.601E+01 0.205E+02 0.000E+00 0.000E+00 0.517E+01 0.129E+01 0.341E+01 0.854E+00
      4       1      24      64      64      64       4 0.747E-01 0.286E+00 0.000E+00 0.000E+00 0.861E-02 0.215E-02 0.717E-02 0.179E-02
      4       1      24       8       8       8       4 0.971E-02 0.328E-01 0.000E+00 0.000E+00 0.206E-03 0.515E-04 0.226E-03 0.564E-04
      4       1       4     128     128     128       4 0.285E+00 0.112E+01 0.000E+00 0.000E+00 0.692E-01 0.173E-01 0.446E-01 0.111E-01
      4       1       4      16      16      16       4 0.112E-01 0.429E-01 0.000E+00 0.000E+00 0.417E-03 0.104E-03 0.351E-03 0.878E-04
      4       1       4     256     256     256       4 0.183E+01 0.689E+01 0.000E+00 0.000E+00 0.855E+00 0.214E+00 0.653E+00 0.163E+00
      4       1       4      32      32      32       4 0.376E-01 0.148E+00 0.000E+00 0.000E+00 0.133E-02 0.333E-03 0.123E-02 0.308E-03
      4       1       4     512     512     512       4 0.735E+01 0.260E+02 0.000E+00 0.000E+00 0.636E+01 0.159E+01 0.437E+01 0.109E+01
      4       1       4      64      64      64       4 0.832E-01 0.330E+00 0.000E+00 0.000E+00 0.870E-02 0.218E-02 0.740E-02 0.185E-02
      4       1       4       8       8       8       4 0.858E-02 0.329E-01 0.000E+00 0.000E+00 0.164E-03 0.409E-04 0.117E-03 0.293E-04
      4       1       8     128     128     128       4 0.208E+00 0.814E+00 0.000E+00 0.000E+00 0.638E-01 0.159E-01 0.397E-01 0.991E-02
      4       1       8      16      16      16       4 0.114E-01 0.422E-01 0.000E+00 0.000E+00 0.485E-03 0.121E-03 0.420E-03 0.105E-03
      4       1       8     256     256     256       4 0.106E+01 0.377E+01 0.000E+00 0.000E+00 0.745E+00 0.186E+00 0.489E+00 0.122E+00
      4       1       8      32      32      32       4 0.374E-01 0.146E+00 0.000E+00 0.000E+00 0.147E-02 0.368E-03 0.136E-02 0.339E-03
      4       1       8     512     512     512       4 0.573E+01 0.195E+02 0.000E+00 0.000E+00 0.556E+01 0.139E+01 0.371E+01 0.929E+00
      4       1       8      64      64      64       4 0.771E-01 0.302E+00 0.000E+00 0.000E+00 0.769E-02 0.192E-02 0.619E-02 0.155E-02
      4       1       8       8       8       8       4 0.568E-02 0.202E-01 0.000E+00 0.000E+00 0.165E-03 0.412E-04 0.156E-03 0.389E-04
      4      12       1     128     128     128       4 0.157E+00 0.624E+00 0.000E+00 0.000E+00 0.119E-01 0.297E-02 0.110E-01 0.274E-02
      4      12       1      16      16      16       4 0.918E-02 0.355E-01 0.000E+00 0.000E+00 0.694E-03 0.174E-03 0.138E-03 0.345E-04
      4      12       1     256     256     256       4 0.789E+00 0.314E+01 0.000E+00 0.000E+00 0.137E+00 0.342E-01 0.153E+00 0.382E-01
      4      12       1      32      32      32       4 0.297E-01 0.117E+00 0.000E+00 0.000E+00 0.799E-03 0.200E-03 0.232E-03 0.580E-04
      4      12       1      64      64      64       4 0.625E-01 0.249E+00 0.000E+00 0.000E+00 0.201E-02 0.503E-03 0.164E-02 0.409E-03
      4      12       1       8       8       8       4 0.600E-02 0.231E-01 0.000E+00 0.000E+00 0.201E-03 0.503E-04 0.112E-03 0.280E-04
      4      12       2     128     128     128       4 0.244E+00 0.971E+00 0.000E+00 0.000E+00 0.138E-01 0.344E-02 0.131E-01 0.327E-02
      4      12       2      16      16      16       4 0.159E-01 0.618E-01 0.000E+00 0.000E+00 0.109E-02 0.273E-03 0.288E-03 0.721E-04
      4      12       2     256     256     256       4 0.936E+00 0.371E+01 0.000E+00 0.000E+00 0.151E+00 0.377E-01 0.147E+00 0.367E-01
      4      12       2      32      32      32       4 0.493E-01 0.196E+00 0.000E+00 0.000E+00 0.104E-02 0.260E-03 0.443E-03 0.111E-03
      4      12       2      64      64      64       4 0.112E+00 0.446E+00 0.000E+00 0.000E+00 0.244E-02 0.611E-03 0.166E-02 0.415E-03
      4      12       2       8       8       8       4 0.887E-02 0.341E-01 0.000E+00 0.000E+00 0.300E-03 0.750E-04 0.253E-03 0.632E-04
      4      16       1     128     128     128       4 0.136E+00 0.542E+00 0.000E+00 0.000E+00 0.995E-02 0.249E-02 0.932E-02 0.233E-02
      4      16       1      16      16      16       4 0.883E-02 0.341E-01 0.000E+00 0.000E+00 0.653E-03 0.163E-03 0.194E-03 0.486E-04
      4      16       1     256     256     256       4 0.610E+00 0.242E+01 0.000E+00 0.000E+00 0.120E+00 0.299E-01 0.133E+00 0.332E-01
      4      16       1      32      32      32       4 0.320E-01 0.127E+00 0.000E+00 0.000E+00 0.110E-02 0.275E-03 0.245E-03 0.613E-04
      4      16       1      64      64      64       4 0.596E-01 0.237E+00 0.000E+00 0.000E+00 0.220E-02 0.549E-03 0.189E-02 0.472E-03
      4      16       1       8       8       8       4 0.693E-02 0.266E-01 0.000E+00 0.000E+00 0.220E-03 0.550E-04 0.144E-03 0.360E-04
      4       2       1     128     128     128       4 0.408E+00 0.162E+01 0.000E+00 0.000E+00 0.456E-01 0.114E-01 0.468E-01 0.117E-01
      4       2       1      16      16      16       4 0.104E-01 0.411E-01 0.000E+00 0.000E+00 0.161E-03 0.403E-04 0.121E-03 0.302E-04
      4       2       1     256     256     256       4 0.290E+01 0.115E+02 0.000E+00 0.000E+00 0.675E+00 0.169E+00 0.678E+00 0.170E+00
      4       2       1      32      32      32       4 0.316E-01 0.126E+00 0.000E+00 0.000E+00 0.625E-03 0.156E-03 0.614E-03 0.154E-03
      4       2       1     512     512     512       4 0.830E+01 0.315E+02 0.000E+00 0.000E+00 0.743E+01 0.186E+01 0.572E+01 0.143E+01
      4       2       1      64      64      64       4 0.809E-01 0.322E+00 0.000E+00 0.000E+00 0.418E-02 0.104E-02 0.459E-02 0.115E-02
      4       2       1       8       8       8       4 0.826E-02 0.325E-01 0.000E+00 0.000E+00 0.114E-03 0.285E-04 0.670E-04 0.167E-04
      4       2      12     128     128     128       4 0.264E+00 0.104E+01 0.000E+00 0.000E+00 0.390E-01 0.975E-02 0.290E-01 0.725E-02
      4       2      12      16      16      16       4 0.981E-02 0.324E-01 0.000E+00 0.000E+00 0.588E-03 0.147E-03 0.402E-03 0.101E-03
      4       2      12     256     256     256       4 0.486E+00 0.183E+01 0.000E+00 0.000E+00 0.376E+00 0.941E-01 0.342E+00 0.856E-01
      4       2      12      32      32      32       4 0.534E-01 0.206E+00 0.000E+00 0.000E+00 0.130E-02 0.324E-03 0.112E-02 0.279E-03
      4       2      12     512     512     512       4 0.431E+01 0.153E+02 0.000E+00 0.000E+00 0.382E+01 0.956E+00 0.261E+01 0.653E+00
      4       2      12      64      64      64       4 0.755E-01 0.294E+00 0.000E+00 0.000E+00 0.557E-02 0.139E-02 0.538E-02 0.135E-02
      4       2      12       8       8       8       4 0.925E-02 0.339E-01 0.000E+00 0.000E+00 0.255E-03 0.638E-04 0.253E-03 0.633E-04
      4       2       2     128     128     128       4 0.280E+00 0.111E+01 0.000E+00 0.000E+00 0.487E-01 0.122E-01 0.355E-01 0.887E-02
      4       2       2      16      16      16       4 0.114E-01 0.447E-01 0.000E+00 0.000E+00 0.376E-03 0.939E-04 0.294E-03 0.736E-04
      4       2       2     256     256     256       4 0.179E+01 0.703E+01 0.000E+00 0.000E+00 0.523E+00 0.131E+00 0.456E+00 0.114E+00
      4       2       2      32      32      32       4 0.383E-01 0.152E+00 0.000E+00 0.000E+00 0.111E-02 0.277E-03 0.105E-02 0.263E-03
      4       2       2     512     512     512       4 0.671E+01 0.250E+02 0.000E+00 0.000E+00 0.541E+01 0.135E+01 0.389E+01 0.972E+00
      4       2       2      64      64      64       4 0.819E-01 0.326E+00 0.000E+00 0.000E+00 0.566E-02 0.141E-02 0.542E-02 0.135E-02
      4       2       2       8       8       8       4 0.961E-02 0.377E-01 0.000E+00 0.000E+00 0.181E-03 0.454E-04 0.987E-04 0.247E-04
      4       2       4     128     128     128       4 0.205E+00 0.808E+00 0.000E+00 0.000E+00 0.456E-01 0.114E-01 0.307E-01 0.769E-02
      4       2       4      16      16      16       4 0.128E-01 0.487E-01 0.000E+00 0.000E+00 0.490E-03 0.122E-03 0.341E-03 0.852E-04
      4       2       4     256     256     256       4 0.945E+00 0.368E+01 0.000E+00 0.000E+00 0.424E+00 0.106E+00 0.356E+00 0.889E-01
      4       2       4      32      32      32       4 0.354E-01 0.139E+00 0.000E+00 0.000E+00 0.117E-02 0.292E-03 0.108E-02 0.269E-03
      4       2       4     512     512     512       4 0.496E+01 0.180E+02 0.000E+00 0.000E+00 0.423E+01 0.106E+01 0.294E+01 0.735E+00
      4       2       4      64      64      64       4 0.750E-01 0.297E+00 0.000E+00 0.000E+00 0.521E-02 0.130E-02 0.516E-02 0.129E-02
      4       2       4       8       8       8       4 0.682E-02 0.257E-01 0.000E+00 0.000E+00 0.244E-03 0.610E-04 0.145E-03 0.362E-04
      4       2       8     128     128     128       4 0.161E+00 0.630E+00 0.000E+00 0.000E+00 0.369E-01 0.923E-02 0.278E-01 0.696E-02
      4       2       8      16      16      16       4 0.115E-01 0.406E-01 0.000E+00 0.000E+00 0.600E-03 0.150E-03 0.393E-03 0.983E-04
      4       2       8     256     256     256       4 0.611E+00 0.233E+01 0.000E+00 0.000E+00 0.401E+00 0.100E+00 0.330E+00 0.826E-01
      4       2       8      32      32      32       4 0.350E-01 0.137E+00 0.000E+00 0.000E+00 0.122E-02 0.305E-03 0.107E-02 0.267E-03
      4       2       8     512     512     512       4 0.301E+01 0.101E+02 0.000E+00 0.000E+00 0.397E+01 0.993E+00 0.275E+01 0.687E+00
      4       2       8      64      64      64       4 0.739E-01 0.291E+00 0.000E+00 0.000E+00 0.455E-02 0.114E-02 0.418E-02 0.105E-02
      4       2       8       8       8       8       4 0.943E-02 0.355E-01 0.000E+00 0.000E+00 0.205E-03 0.512E-04 0.183E-03 0.458E-04
      4      24       1     128     128     128       4 0.160E+00 0.634E+00 0.000E+00 0.000E+00 0.110E-01 0.276E-02 0.109E-01 0.274E-02
      4      24       1      16      16      16       4 0.996E-02 0.384E-01 0.000E+00 0.000E+00 0.119E-02 0.297E-03 0.224E-03 0.560E-04
      4      24       1     256     256     256       4 0.519E+00 0.206E+01 0.000E+00 0.000E+00 0.104E+00 0.261E-01 0.116E+00 0.289E-01
      4      24       1      32      32      32       4 0.266E-01 0.105E+00 0.000E+00 0.000E+00 0.894E-03 0.223E-03 0.265E-03 0.662E-04
      4      24       1      64      64      64       4 0.609E-01 0.242E+00 0.000E+00 0.000E+00 0.196E-02 0.490E-03 0.689E-03 0.172E-03
      4       4       1     128     128     128       4 0.255E+00 0.102E+01 0.000E+00 0.000E+00 0.242E-01 0.604E-02 0.247E-01 0.617E-02
      4       4       1      16      16      16       4 0.109E-01 0.427E-01 0.000E+00 0.000E+00 0.106E-03 0.265E-04 0.732E-04 0.183E-04
      4       4       1     256     256     256       4 0.173E+01 0.690E+01 0.000E+00 0.000E+00 0.368E+00 0.921E-01 0.367E+00 0.919E-01
      4       4       1      32      32      32       4 0.334E-01 0.133E+00 0.000E+00 0.000E+00 0.486E-03 0.121E-03 0.493E-03 0.123E-03
      4       4       1     512     512     512       4 0.626E+01 0.241E+02 0.000E+00 0.000E+00 0.369E+01 0.921E+00 0.295E+01 0.737E+00
      4       4       1      64      64      64       4 0.674E-01 0.268E+00 0.000E+00 0.000E+00 0.330E-02 0.825E-03 0.377E-02 0.943E-03
      4       4       1       8       8       8       4 0.847E-02 0.332E-01 0.000E+00 0.000E+00 0.107E-03 0.267E-04 0.660E-04 0.165E-04
      4       4       2     128     128     128       4 0.211E+00 0.836E+00 0.000E+00 0.000E+00 0.256E-01 0.641E-02 0.253E-01 0.633E-02
      4       4       2      16      16      16       4 0.116E-01 0.454E-01 0.000E+00 0.000E+00 0.268E-03 0.669E-04 0.179E-03 0.448E-04
      4       4       2     256     256     256       4 0.101E+01 0.399E+01 0.000E+00 0.000E+00 0.320E+00 0.800E-01 0.297E+00 0.743E-01
      4       4       2      32      32      32       4 0.383E-01 0.152E+00 0.000E+00 0.000E+00 0.821E-03 0.205E-03 0.678E-03 0.169E-03
      4       4       2     512     512     512       4 0.448E+01 0.169E+02 0.000E+00 0.000E+00 0.281E+01 0.703E+00 0.205E+01 0.512E+00
      4       4       2      64      64      64       4 0.757E-01 0.301E+00 0.000E+00 0.000E+00 0.301E-02 0.751E-03 0.336E-02 0.839E-03
      4       4       2       8       8       8       4 0.719E-02 0.280E-01 0.000E+00 0.000E+00 0.161E-03 0.403E-04 0.117E-03 0.293E-04
      4       4       4     128     128     128       4 0.164E+00 0.649E+00 0.000E+00 0.000E+00 0.209E-01 0.521E-02 0.219E-01 0.549E-02
      4       4       4      16      16      16       4 0.105E-01 0.401E-01 0.000E+00 0.000E+00 0.341E-03 0.852E-04 0.197E-03 0.493E-04
      4       4       4     256     256     256       4 0.587E+00 0.229E+01 0.000E+00 0.000E+00 0.273E+00 0.683E-01 0.252E+00 0.631E-01
      4       4       4      32      32      32       4 0.363E-01 0.143E+00 0.000E+00 0.000E+00 0.901E-03 0.225E-03 0.683E-03 0.171E-03
      4       4       4     512     512     512       4 0.275E+01 0.998E+01 0.000E+00 0.000E+00 0.257E+01 0.642E+00 0.196E+01 0.490E+00
      4       4       4      64      64      64       4 0.741E-01 0.293E+00 0.000E+00 0.000E+00 0.293E-02 0.732E-03 0.322E-02 0.806E-03
      4       4       4       8       8       8       4 0.115E-01 0.432E-01 0.000E+00 0.000E+00 0.349E-03 0.872E-04 0.182E-03 0.454E-04
      4       8       1     128     128     128       4 0.181E+00 0.722E+00 0.000E+00 0.000E+00 0.139E-01 0.349E-02 0.148E-01 0.369E-02
      4       8       1      16      16      16       4 0.112E-01 0.436E-01 0.000E+00 0.000E+00 0.549E-03 0.137E-03 0.102E-03 0.255E-04
      4       8       1     256     256     256       4 0.988E+00 0.393E+01 0.000E+00 0.000E+00 0.181E+00 0.453E-01 0.198E+00 0.494E-01
      4       8       1      32      32      32       4 0.294E-01 0.117E+00 0.000E+00 0.000E+00 0.764E-03 0.191E-03 0.229E-03 0.572E-04
      4       8       1     512     512     512       4 0.454E+01 0.177E+02 0.000E+00 0.000E+00 0.204E+01 0.511E+00 0.172E+01 0.429E+00
      4       8       1      64      64      64       4 0.626E-01 0.249E+00 0.000E+00 0.000E+00 0.206E-02 0.515E-03 0.179E-02 0.447E-03
      4       8       1       8       8       8       4 0.659E-02 0.255E-01 0.000E+00 0.000E+00 0.168E-03 0.420E-04 0.911E-04 0.228E-04
      4       8       2     128     128     128       4 0.163E+00 0.648E+00 0.000E+00 0.000E+00 0.230E-01 0.576E-02 0.180E-01 0.449E-02
      4       8       2      16      16      16       4 0.112E-01 0.428E-01 0.000E+00 0.000E+00 0.904E-03 0.226E-03 0.224E-03 0.560E-04
      4       8       2     256     256     256       4 0.631E+00 0.249E+01 0.000E+00 0.000E+00 0.170E+00 0.425E-01 0.163E+00 0.408E-01
      4       8       2      32      32      32       4 0.364E-01 0.144E+00 0.000E+00 0.000E+00 0.102E-02 0.256E-03 0.423E-03 0.106E-03
      4       8       2     512     512     512       4 0.271E+01 0.103E+02 0.000E+00 0.000E+00 0.164E+01 0.411E+00 0.140E+01 0.349E+00
      4       8       2      64      64      64       4 0.733E-01 0.291E+00 0.000E+00 0.000E+00 0.258E-02 0.645E-03 0.214E-02 0.535E-03
      4       8       2       8       8       8       4 0.720E-02 0.275E-01 0.000E+00 0.000E+00 0.283E-03 0.708E-04 0.176E-03 0.440E-04
