      2       1    1021    1021       4       4 0.342E+00 0.137E+01 0.312E+00 0.125E+01 0.792E+00 0.495E-01 0.800E+00 0.500E-01
      2       1     127     127       4       4 0.324E-01 0.129E+00 0.287E-01 0.115E+00 0.101E-01 0.634E-03 0.103E-01 0.641E-03
      2       1    2053    2053       4       4 0.209E+01 0.834E+01 0.182E+01 0.729E+01 0.503E+01 0.314E+00 0.503E+01 0.314E+00
      2       1     257     257       4       4 0.108E+00 0.431E+00 0.112E+00 0.449E+00 0.511E-01 0.319E-02 0.511E-01 0.320E-02
      2       1      31      31       4       4 0.114E-01 0.456E-01 0.112E-01 0.448E-01 0.457E-03 0.286E-04 0.459E-03 0.287E-04
      2       1    4099    4099       4       4 0.240E+01 0.959E+01 0.172E+01 0.686E+01 0.228E+02 0.143E+01 0.228E+02 0.143E+01
      2       1     509     509       4       4 0.110E+00 0.440E+00 0.974E-01 0.389E+00 0.174E+00 0.109E-01 0.175E+00 0.109E-01
      2       1      67      67       4       4 0.879E-02 0.348E-01 0.299E-02 0.118E-01 0.359E-02 0.224E-03 0.344E-02 0.215E-03
      2      12    1021    1021       4       4 0.422E+00 0.167E+01 0.323E+00 0.128E+01 0.108E+00 0.674E-02 0.105E+00 0.653E-02
      2      12     127     127       4       4 0.486E-01 0.191E+00 0.461E-01 0.181E+00 0.435E-02 0.272E-03 0.432E-02 0.270E-03
      2      12    2053    2053       4       4 0.138E+01 0.551E+01 0.124E+01 0.496E+01 0.742E+00 0.464E-01 0.737E+00 0.461E-01
      2      12     257     257       4       4 0.384E+00 0.153E+01 0.442E+00 0.176E+01 0.141E-01 0.881E-03 0.137E-01 0.855E-03
      2      12      31      31       4       4 0.244E-01 0.965E-01 0.260E-01 0.103E+00 0.112E-02 0.701E-04 0.109E-02 0.681E-04
      2      12    4099    4099       4       4 0.460E+01 0.184E+02 0.424E+01 0.169E+02 0.342E+01 0.214E+00 0.333E+01 0.208E+00
      2      12     509     509       4       4 0.184E+00 0.732E+00 0.175E+00 0.692E+00 0.402E-01 0.251E-02 0.385E-01 0.240E-02
      2      12      67      67       4       4 0.320E-01 0.125E+00 0.306E-01 0.120E+00 0.225E-02 0.141E-03 0.215E-02 0.135E-03
      2      16    1021    1021       4       4 0.367E+00 0.145E+01 0.359E+00 0.142E+01 0.130E+00 0.813E-02 0.122E+00 0.762E-02
      2      16     127     127       4       4 0.656E-01 0.257E+00 0.626E-01 0.246E+00 0.440E-02 0.275E-03 0.429E-02 0.268E-03
      2      16    2053    2053       4       4 0.144E+01 0.575E+01 0.134E+01 0.532E+01 0.692E+00 0.433E-01 0.677E+00 0.423E-01
      2      16     257     257       4       4 0.447E+00 0.178E+01 0.517E+00 0.206E+01 0.134E-01 0.837E-03 0.127E-01 0.792E-03
      2      16      31      31       4       4 0.315E-01 0.125E+00 0.321E-01 0.128E+00 0.121E-02 0.754E-04 0.113E-02 0.705E-04
      2      16    4099    4099       4       4 0.441E+01 0.176E+02 0.429E+01 0.171E+02 0.369E+01 0.231E+00 0.286E+01 0.179E+00
      2      16     509     509       4       4 0.157E+00 0.623E+00 0.147E+00 0.580E+00 0.326E-01 0.204E-02 0.324E-01 0.202E-02
      2      16      67      67       4       4 0.364E-01 0.137E+00 0.348E-01 0.131E+00 0.257E-02 0.161E-03 0.225E-02 0.141E-03
      2       2    1021    1021       4       4 0.513E+00 0.205E+01 0.448E+00 0.179E+01 0.501E+00 0.313E-01 0.505E+00 0.316E-01
      2       2     127     127       4       4 0.364E-01 0.145E+00 0.308E-01 0.123E+00 0.702E-02 0.439E-03 0.692E-02 0.432E-03
      2       2    2053    2053       4       4 0.277E+01 0.111E+02 0.230E+01 0.921E+01 0.312E+01 0.195E+00 0.309E+01 0.193E+00
      2       2     257     257       4       4 0.173E+00 0.691E+00 0.176E+00 0.702E+00 0.364E-01 0.228E-02 0.315E-01 0.197E-02
      2       2      31      31       4       4 0.133E-01 0.531E-01 0.130E-01 0.519E-01 0.621E-03 0.388E-04 0.637E-03 0.398E-04
      2       2    4099    4099       4       4 0.516E+01 0.206E+02 0.355E+01 0.142E+02 0.143E+02 0.895E+00 0.143E+02 0.894E+00
      2       2     509     509       4       4 0.161E+00 0.642E+00 0.147E+00 0.588E+00 0.118E+00 0.736E-02 0.118E+00 0.739E-02
      2       2      67      67       4       4 0.114E-01 0.452E-01 0.914E-02 0.360E-01 0.254E-02 0.159E-03 0.252E-02 0.157E-03
      2      24    1021    1021       4       4 0.425E+00 0.166E+01 0.408E+00 0.160E+01 0.114E+00 0.711E-02 0.929E-01 0.580E-02
      2      24     127     127       4       4 0.902E-01 0.345E+00 0.878E-01 0.336E+00 0.579E-02 0.362E-03 0.560E-02 0.350E-03
      2      24    2053    2053       4       4 0.162E+01 0.641E+01 0.150E+01 0.594E+01 0.516E+00 0.323E-01 0.507E+00 0.317E-01
      2      24     257     257       4       4 0.599E+00 0.239E+01 0.657E+00 0.262E+01 0.135E-01 0.846E-03 0.133E-01 0.832E-03
      2      24      31      31       4       4 0.402E-01 0.159E+00 0.407E-01 0.162E+00 0.176E-02 0.110E-03 0.172E-02 0.107E-03
      2      24    4099    4099       4       4 0.452E+01 0.180E+02 0.447E+01 0.178E+02 0.246E+01 0.154E+00 0.212E+01 0.133E+00
      2      24     509     509       4       4 0.235E+00 0.928E+00 0.234E+00 0.921E+00 0.336E-01 0.210E-02 0.335E-01 0.209E-02
      2      24      67      67       4       4 0.424E-01 0.159E+00 0.457E-01 0.172E+00 0.379E-02 0.237E-03 0.366E-02 0.229E-03
      2       4    1021    1021       4       4 0.353E+00 0.141E+01 0.351E+00 0.140E+01 0.283E+00 0.177E-01 0.283E+00 0.177E-01
      2       4     127     127       4       4 0.339E-01 0.134E+00 0.266E-01 0.105E+00 0.449E-02 0.281E-03 0.450E-02 0.281E-03
      2       4    2053    2053       4       4 0.180E+01 0.720E+01 0.147E+01 0.585E+01 0.220E+01 0.138E+00 0.208E+01 0.130E+00
      2       4     257     257       4       4 0.228E+00 0.910E+00 0.243E+00 0.969E+00 0.218E-01 0.136E-02 0.177E-01 0.111E-02
      2       4      31      31       4       4 0.129E-01 0.515E-01 0.129E-01 0.513E-01 0.573E-03 0.358E-04 0.560E-03 0.350E-04
      2       4    4099    4099       4       4 0.488E+01 0.195E+02 0.338E+01 0.135E+02 0.999E+01 0.624E+00 0.993E+01 0.621E+00
      2       4     509     509       4       4 0.138E+00 0.549E+00 0.147E+00 0.584E+00 0.863E-01 0.539E-02 0.845E-01 0.528E-02
      2       4      67      67       4       4 0.187E-01 0.738E-01 0.156E-01 0.617E-01 0.172E-02 0.108E-03 0.172E-02 0.108E-03
      2       8    1021    1021       4       4 0.304E+00 0.121E+01 0.276E+00 0.110E+01 0.147E+00 0.917E-02 0.142E+00 0.887E-02
      2       8     127     127       4       4 0.463E-01 0.183E+00 0.499E-01 0.197E+00 0.421E-02 0.263E-03 0.407E-02 0.254E-03
      2       8    2053    2053       4       4 0.150E+01 0.598E+01 0.142E+01 0.567E+01 0.860E+00 0.538E-01 0.114E+01 0.710E-01
      2       8     257     257       4       4 0.312E+00 0.124E+01 0.353E+00 0.141E+01 0.167E-01 0.104E-02 0.159E-01 0.994E-03
      2       8      31      31       4       4 0.213E-01 0.848E-01 0.232E-01 0.923E-01 0.717E-03 0.448E-04 0.713E-03 0.445E-04
      2       8    4099    4099       4       4 0.450E+01 0.180E+02 0.448E+01 0.179E+02 0.440E+01 0.275E+00 0.417E+01 0.260E+00
      2       8     509     509       4       4 0.131E+00 0.520E+00 0.135E+00 0.535E+00 0.381E-01 0.238E-02 0.386E-01 0.241E-02
      2       8      67      67       4       4 0.183E-01 0.721E-01 0.175E-01 0.678E-01 0.188E-02 0.118E-03 0.210E-02 0.131E-03
      3       1    1021    1021       4       4 0.908E-03 0.314E-02 0.146E-03 0.184E-03 0.725E+00 0.453E-01 0.747E+00 0.467E-01
      3       1     127     127       4       4 0.908E-03 0.357E-02 0.212E-04 0.329E-04 0.663E-02 0.414E-03 0.708E-02 0.443E-03
      3       1    2053    2053       4       4 0.129E-02 0.375E-02 0.406E-03 0.446E-03 0.450E+01 0.281E+00 0.461E+01 0.288E+00
      3       1     257     257       4       4 0.803E-03 0.308E-02 0.473E-04 0.851E-04 0.419E-01 0.262E-02 0.434E-01 0.271E-02
      3       1      31      31       4       4 0.102E-02 0.404E-02 0.465E-05 0.811E-05 0.188E-03 0.118E-04 0.140E-03 0.876E-05
      3       1    4099    4099       4       4 0.214E-02 0.478E-02 0.116E-02 0.119E-02 0.337E+02 0.211E+01 0.341E+02 0.213E+01
      3       1     509     509       4       4 0.929E-03 0.342E-02 0.693E-04 0.892E-04 0.142E+00 0.887E-02 0.148E+00 0.923E-02
      3       1      67      67       4       4 0.827E-03 0.328E-02 0.578E-05 0.906E-05 0.406E-02 0.254E-03 0.403E-02 0.252E-03
      3      12    1021    1021       4       4 0.181E-02 0.646E-02 0.208E-03 0.242E-03 0.843E-01 0.527E-02 0.844E-01 0.527E-02
      3      12     127     127       4       4 0.421E-02 0.168E-01 0.280E-04 0.350E-04 0.176E-02 0.110E-03 0.149E-02 0.931E-04
      3      12    2053    2053       4       4 0.103E-02 0.305E-02 0.453E-03 0.585E-03 0.462E+00 0.289E-01 0.472E+00 0.295E-01
      3      12     257     257       4       4 0.238E-02 0.928E-02 0.687E-04 0.918E-04 0.879E-02 0.549E-03 0.858E-02 0.536E-03
      3      12      31      31       4       4 0.432E-02 0.173E-01 0.548E-05 0.906E-05 0.440E-03 0.275E-04 0.229E-03 0.143E-04
      3      12    4099    4099       4       4 0.190E-02 0.355E-02 0.142E-02 0.190E-02 0.342E+01 0.214E+00 0.348E+01 0.217E+00
      3      12     509     509       4       4 0.100E-02 0.364E-02 0.109E-03 0.122E-03 0.177E-01 0.111E-02 0.175E-01 0.110E-02
      3      12      67      67       4       4 0.418E-02 0.167E-01 0.751E-05 0.100E-04 0.952E-03 0.595E-04 0.989E-03 0.618E-04
      3      16    1021    1021       4       4 0.134E-02 0.457E-02 0.216E-03 0.250E-03 0.624E-01 0.390E-02 0.610E-01 0.381E-02
      3      16     127     127       4       4 0.353E-02 0.140E-01 0.320E-04 0.489E-04 0.933E-02 0.583E-03 0.115E-02 0.716E-04
      3      16    2053    2053       4       4 0.988E-03 0.286E-02 0.457E-03 0.602E-03 0.363E+00 0.227E-01 0.364E+00 0.228E-01
      3      16     257     257       4       4 0.422E-02 0.167E-01 0.528E-04 0.620E-04 0.830E-02 0.519E-03 0.792E-02 0.495E-03
      3      16      31      31       4       4 0.326E-02 0.130E-01 0.650E-05 0.119E-04 0.594E-02 0.371E-03 0.201E-03 0.126E-04
      3      16    4099    4099       4       4 0.200E-02 0.361E-02 0.130E-02 0.141E-02 0.265E+01 0.166E+00 0.267E+01 0.167E+00
      3      16     509     509       4       4 0.104E-02 0.382E-02 0.118E-03 0.140E-03 0.147E-01 0.918E-03 0.141E-01 0.879E-03
      3      16      67      67       4       4 0.417E-02 0.166E-01 0.120E-04 0.141E-04 0.107E-02 0.670E-04 0.864E-03 0.540E-04
      3       2    1021    1021       4       4 0.946E-03 0.310E-02 0.190E-03 0.198E-03 0.377E+00 0.236E-01 0.386E+00 0.242E-01
      3       2     127     127       4       4 0.265E-02 0.105E-01 0.257E-04 0.372E-04 0.382E-02 0.239E-03 0.387E-02 0.242E-03
      3       2    2053    2053       4       4 0.120E-02 0.335E-02 0.408E-03 0.436E-03 0.237E+01 0.148E+00 0.242E+01 0.151E+00
      3       2     257     257       4       4 0.128E-02 0.490E-02 0.550E-04 0.689E-04 0.228E-01 0.142E-02 0.235E-01 0.147E-02
      3       2      31      31       4       4 0.366E-02 0.146E-01 0.602E-05 0.906E-05 0.208E-03 0.130E-04 0.139E-03 0.869E-05
      3       2    4099    4099       4       4 0.207E-02 0.426E-02 0.120E-02 0.122E-02 0.174E+02 0.109E+01 0.176E+02 0.110E+01
      3       2     509     509       4       4 0.359E-02 0.140E-01 0.980E-04 0.103E-03 0.746E-01 0.466E-02 0.764E-01 0.478E-02
      3       2      67      67       4       4 0.340E-02 0.136E-01 0.942E-05 0.188E-04 0.242E-02 0.151E-03 0.231E-02 0.144E-03
      3      24    1021    1021       4       4 0.132E-02 0.447E-02 0.219E-03 0.261E-03 0.792E-01 0.495E-02 0.794E-01 0.496E-02
      3      24     127     127       4       4 0.390E-02 0.155E-01 0.415E-04 0.689E-04 0.157E-02 0.980E-04 0.132E-02 0.825E-04
      3      24    2053    2053       4       4 0.859E-03 0.202E-02 0.442E-03 0.494E-03 0.303E+00 0.189E-01 0.306E+00 0.191E-01
      3      24     257     257       4       4 0.408E-02 0.161E-01 0.744E-04 0.125E-03 0.625E-02 0.391E-03 0.541E-02 0.338E-03
      3      24      31      31       4       4 0.538E-02 0.215E-01 0.697E-05 0.100E-04 0.533E-03 0.333E-04 0.218E-03 0.136E-04
      3      24    4099    4099       4       4 0.199E-02 0.337E-02 0.136E-02 0.143E-02 0.354E+01 0.221E+00 0.357E+01 0.223E+00
      3      24     509     509       4       4 0.154E-02 0.577E-02 0.118E-03 0.143E-03 0.195E-01 0.122E-02 0.191E-01 0.119E-02
      3      24      67      67       4       4 0.398E-02 0.159E-01 0.823E-05 0.119E-04 0.125E-02 0.781E-04 0.831E-03 0.519E-04
      3       4    1021    1021       4       4 0.838E-03 0.283E-02 0.155E-03 0.194E-03 0.207E+00 0.129E-01 0.214E+00 0.134E-01
      3       4     127     127       4       4 0.453E-02 0.180E-01 0.247E-04 0.300E-04 0.369E-02 0.231E-03 0.375E-02 0.235E-03
      3       4    2053    2053       4       4 0.110E-02 0.324E-02 0.401E-03 0.418E-03 0.122E+01 0.762E-01 0.125E+01 0.782E-01
      3       4     257     257       4       4 0.418E-02 0.166E-01 0.492E-04 0.620E-04 0.125E-01 0.783E-03 0.129E-01 0.803E-03
      3       4      31      31       4       4 0.654E-02 0.261E-01 0.519E-05 0.882E-05 0.287E-03 0.180E-04 0.202E-03 0.126E-04
      3       4    4099    4099       4       4 0.207E-02 0.425E-02 0.122E-02 0.124E-02 0.902E+01 0.564E+00 0.914E+01 0.571E+00
      3       4     509     509       4       4 0.290E-02 0.113E-01 0.770E-04 0.961E-04 0.414E-01 0.259E-02 0.423E-01 0.264E-02
      3       4      67      67       4       4 0.439E-02 0.175E-01 0.852E-05 0.110E-04 0.177E-02 0.111E-03 0.169E-02 0.106E-03
      3       8    1021    1021       4       4 0.124E-02 0.421E-02 0.201E-03 0.223E-03 0.113E+00 0.703E-02 0.112E+00 0.702E-02
      3       8     127     127       4       4 0.483E-02 0.192E-01 0.293E-04 0.420E-04 0.221E-02 0.138E-03 0.214E-02 0.134E-03
      3       8    2053    2053       4       4 0.109E-02 0.286E-02 0.417E-03 0.438E-03 0.671E+00 0.420E-01 0.682E+00 0.426E-01
      3       8     257     257       4       4 0.621E-02 0.247E-01 0.527E-04 0.591E-04 0.808E-02 0.505E-03 0.760E-02 0.475E-03
      3       8      31      31       4       4 0.639E-02 0.255E-01 0.626E-05 0.906E-05 0.345E-03 0.216E-04 0.216E-03 0.135E-04
      3       8    4099    4099       4       4 0.210E-02 0.401E-02 0.129E-02 0.135E-02 0.480E+01 0.300E+00 0.488E+01 0.305E+00
      3       8     509     509       4       4 0.329E-02 0.128E-01 0.833E-04 0.102E-03 0.227E-01 0.142E-02 0.232E-01 0.145E-02
      3       8      67      67       4       4 0.639E-02 0.255E-01 0.805E-05 0.906E-05 0.120E-02 0.753E-04 0.102E-02 0.635E-04
