      2       1       1     127     127     127       4 0.113E+01 0.115E+01 0.113E+01 0.115E+01 0.627E+00 0.157E+00 0.640E+00 0.160E+00
      2       1       1      17      17      17       4 0.473E-02 0.514E-02 0.480E-02 0.483E-02 0.227E-03 0.567E-04 0.237E-03 0.593E-04
      2       1       1     257     257     257       4 0.315E+02 0.316E+02 0.331E+02 0.331E+02 0.734E+01 0.183E+01 0.720E+01 0.180E+01
      2       1       1      31      31      31       4 0.115E-01 0.120E-01 0.123E-01 0.124E-01 0.207E-02 0.519E-03 0.217E-02 0.542E-03
      2       1       1     509     509     509       4 0.112E+03 0.112E+03 0.107E+03 0.108E+03 0.747E+02 0.187E+02 0.727E+02 0.182E+02
      2       1       1      67      67      67       4 0.896E-01 0.909E-01 0.940E-01 0.961E-01 0.373E-01 0.933E-02 0.396E-01 0.989E-02
      2       1       1       7       7       7       4 0.426E-02 0.459E-02 0.428E-02 0.434E-02 0.620E-05 0.155E-05 0.477E-05 0.119E-05
      2       1      12     127     127     127       4 0.111E+01 0.113E+01 0.111E+01 0.112E+01 0.712E-01 0.178E-01 0.563E-01 0.141E-01
      2       1      12      17      17      17       4 0.331E-01 0.335E-01 0.347E-01 0.350E-01 0.250E-03 0.625E-04 0.264E-03 0.660E-04
      2       1      12     257     257     257       4 0.227E+02 0.230E+02 0.223E+02 0.226E+02 0.936E+00 0.234E+00 0.911E+00 0.228E+00
      2       1      12      31      31      31       4 0.658E-01 0.723E-01 0.834E-01 0.862E-01 0.767E-03 0.192E-03 0.731E-03 0.183E-03
      2       1      12     509     509     509       4 0.788E+02 0.796E+02 0.753E+02 0.772E+02 0.786E+01 0.197E+01 0.816E+01 0.204E+01
      2       1      12      67      67      67       4 0.174E+00 0.177E+00 0.193E+00 0.195E+00 0.111E-01 0.278E-02 0.893E-02 0.223E-02
      2       1      12       7       7       7       4 0.241E-01 0.247E-01 0.248E-01 0.251E-01 0.140E-03 0.350E-04 0.999E-04 0.250E-04
      2       1      16     127     127     127       4 0.106E+01 0.109E+01 0.114E+01 0.117E+01 0.650E-01 0.163E-01 0.527E-01 0.132E-01
      2       1      16      17      17      17       4 0.335E-01 0.344E-01 0.353E-01 0.355E-01 0.291E-03 0.727E-04 0.261E-03 0.652E-04
      2       1      16     257     257     257       4 0.206E+02 0.210E+02 0.203E+02 0.206E+02 0.808E+00 0.202E+00 0.776E+00 0.194E+00
      2       1      16      31      31      31       4 0.587E-01 0.625E-01 0.671E-01 0.708E-01 0.704E-03 0.176E-03 0.721E-03 0.180E-03
      2       1      16     509     509     509       4 0.666E+02 0.678E+02 0.650E+02 0.659E+02 0.719E+01 0.180E+01 0.686E+01 0.172E+01
      2       1      16      67      67      67       4 0.248E+00 0.252E+00 0.267E+00 0.271E+00 0.650E-02 0.163E-02 0.715E-02 0.179E-02
      2       1      16       7       7       7       4 0.180E-01 0.195E-01 0.185E-01 0.204E-01 0.265E-03 0.663E-04 0.252E-03 0.631E-04
      2       1       2     127     127     127       4 0.201E+01 0.205E+01 0.180E+01 0.182E+01 0.317E+00 0.793E-01 0.313E+00 0.783E-01
      2       1       2      17      17      17       4 0.172E-01 0.195E-01 0.155E-01 0.173E-01 0.174E-03 0.435E-04 0.192E-03 0.479E-04
      2       1       2     257     257     257       4 0.465E+02 0.467E+02 0.473E+02 0.477E+02 0.399E+01 0.998E+00 0.382E+01 0.954E+00
      2       1       2      31      31      31       4 0.376E-01 0.443E-01 0.353E-01 0.465E-01 0.132E-02 0.331E-03 0.139E-02 0.347E-03
      2       1       2     509     509     509       4 0.978E+02 0.102E+03 0.908E+02 0.926E+02 0.397E+02 0.992E+01 0.377E+02 0.944E+01
      2       1       2      67      67      67       4 0.190E+00 0.203E+00 0.182E+00 0.190E+00 0.225E-01 0.563E-02 0.250E-01 0.624E-02
      2       1       2       7       7       7       4 0.105E-01 0.108E-01 0.100E-01 0.102E-01 0.629E-04 0.157E-04 0.350E-04 0.876E-05
      2       1      24     127     127     127       4 0.112E+01 0.121E+01 0.130E+01 0.132E+01 0.436E-01 0.109E-01 0.443E-01 0.111E-01
      2       1      24      17      17      17       4 0.491E-01 0.497E-01 0.516E-01 0.531E-01 0.105E-02 0.263E-03 0.759E-03 0.190E-03
      2       1      24     257     257     257       4 0.162E+02 0.165E+02 0.161E+02 0.164E+02 0.491E+00 0.123E+00 0.484E+00 0.121E+00
      2       1      24      31      31      31       4 0.651E-01 0.664E-01 0.745E-01 0.765E-01 0.110E-02 0.274E-03 0.106E-02 0.264E-03
      2       1      24     509     509     509       4 0.589E+02 0.607E+02 0.588E+02 0.599E+02 0.441E+01 0.110E+01 0.422E+01 0.106E+01
      2       1      24      67      67      67       4 0.284E+00 0.300E+00 0.469E+00 0.491E+00 0.567E-02 0.142E-02 0.569E-02 0.142E-02
      2       1      24       7       7       7       4 0.210E-01 0.217E-01 0.220E-01 0.221E-01 0.321E-03 0.803E-04 0.364E-03 0.911E-04
      2       1       4     127     127     127       4 0.157E+01 0.158E+01 0.153E+01 0.160E+01 0.179E+00 0.446E-01 0.189E+00 0.472E-01
      2       1       4      17      17      17       4 0.216E-01 0.218E-01 0.212E-01 0.213E-01 0.159E-03 0.397E-04 0.175E-03 0.437E-04
      2       1       4     257     257     257       4 0.389E+02 0.394E+02 0.382E+02 0.387E+02 0.221E+01 0.553E+00 0.206E+01 0.515E+00
      2       1       4      31      31      31       4 0.392E-01 0.397E-01 0.390E-01 0.392E-01 0.104E-02 0.260E-03 0.944E-03 0.236E-03
      2       1       4     509     509     509       4 0.904E+02 0.941E+02 0.902E+02 0.936E+02 0.210E+02 0.526E+01 0.198E+02 0.496E+01
      2       1       4      67      67      67       4 0.229E+00 0.231E+00 0.246E+00 0.253E+00 0.150E-01 0.375E-02 0.153E-01 0.383E-02
      2       1       4       7       7       7       4 0.136E-01 0.141E-01 0.132E-01 0.133E-01 0.882E-04 0.221E-04 0.839E-04 0.210E-04
      2       1       8     127     127     127       4 0.117E+01 0.120E+01 0.120E+01 0.135E+01 0.985E-01 0.246E-01 0.101E+00 0.252E-01
      2       1       8      17      17      17       4 0.307E-01 0.313E-01 0.375E-01 0.388E-01 0.198E-03 0.495E-04 0.179E-03 0.448E-04
      2       1       8     257     257     257       4 0.275E+02 0.279E+02 0.269E+02 0.271E+02 0.125E+01 0.313E+00 0.121E+01 0.302E+00
      2       1       8      31      31      31       4 0.326E-01 0.355E-01 0.436E-01 0.451E-01 0.754E-03 0.188E-03 0.804E-03 0.201E-03
      2       1       8     509     509     509       4 0.704E+02 0.712E+02 0.631E+02 0.638E+02 0.117E+02 0.293E+01 0.112E+02 0.280E+01
      2       1       8      67      67      67       4 0.166E+00 0.181E+00 0.201E+00 0.213E+00 0.105E-01 0.262E-02 0.108E-01 0.271E-02
      2       1       8       7       7       7       4 0.206E-01 0.207E-01 0.224E-01 0.238E-01 0.110E-03 0.275E-04 0.951E-04 0.238E-04
      2      16       1     127     127     127       4 0.133E+00 0.136E+00 0.128E+00 0.128E+00 0.594E-01 0.149E-01 0.569E-01 0.142E-01
      2      16       1      17      17      17       4 0.841E-02 0.108E-01 0.402E-02 0.418E-02 0.321E-03 0.803E-04 0.226E-03 0.565E-04
      2      16       1      31      31      31       4 0.927E-02 0.117E-01 0.528E-02 0.536E-02 0.722E-03 0.180E-03 0.608E-03 0.152E-03
      2      16       1      67      67      67       4 0.199E-01 0.222E-01 0.164E-01 0.211E-01 0.683E-02 0.171E-02 0.506E-02 0.127E-02
      2      16       1       7       7       7       4 0.501E-02 0.787E-02 0.334E-02 0.337E-02 0.174E-03 0.435E-04 0.942E-04 0.235E-04
      2       2       1     127     127     127       4 0.569E+00 0.572E+00 0.557E+00 0.558E+00 0.383E+00 0.957E-01 0.383E+00 0.958E-01
      2       2       1      17      17      17       4 0.734E-02 0.933E-02 0.267E-02 0.270E-02 0.318E-03 0.795E-04 0.277E-03 0.693E-04
      2       2       1     257     257     257       4 0.682E+01 0.687E+01 0.647E+01 0.649E+01 0.479E+01 0.120E+01 0.481E+01 0.120E+01
      2       2       1      31      31      31       4 0.154E-01 0.204E-01 0.729E-02 0.732E-02 0.195E-02 0.487E-03 0.186E-02 0.464E-03
      2       2       1     509     509     509       4 0.116E+02 0.117E+02 0.993E+01 0.101E+02 0.460E+02 0.115E+02 0.461E+02 0.115E+02
      2       2       1      67      67      67       4 0.548E-01 0.576E-01 0.522E-01 0.530E-01 0.294E-01 0.735E-02 0.293E-01 0.732E-02
      2       2       1       7       7       7       4 0.908E-02 0.113E-01 0.348E-02 0.351E-02 0.510E-04 0.128E-04 0.241E-04 0.602E-05
      2       2      12     127     127     127       4 0.719E+00 0.737E+00 0.636E+00 0.652E+00 0.264E+00 0.659E-01 0.258E+00 0.645E-01
      2       2      12      17      17      17       4 0.358E-01 0.397E-01 0.226E-01 0.250E-01 0.188E-02 0.470E-03 0.145E-02 0.363E-03
      2       2      12     257     257     257       4 0.558E+01 0.576E+01 0.496E+01 0.508E+01 0.209E+01 0.522E+00 0.195E+01 0.489E+00
      2       2      12      31      31      31       4 0.723E-01 0.768E-01 0.475E-01 0.499E-01 0.363E-02 0.909E-03 0.296E-02 0.741E-03
      2       2      12     509     509     509       4 0.232E+02 0.233E+02 0.183E+02 0.185E+02 0.168E+02 0.421E+01 0.161E+02 0.403E+01
      2       2      12      67      67      67       4 0.155E+00 0.203E+00 0.138E+00 0.160E+00 0.648E-01 0.162E-01 0.624E-01 0.156E-01
      2       2      12       7       7       7       4 0.278E-01 0.302E-01 0.176E-01 0.187E-01 0.108E-02 0.270E-03 0.892E-03 0.223E-03
      2       2       2     127     127     127       4 0.930E+00 0.939E+00 0.886E+00 0.903E+00 0.324E+00 0.810E-01 0.321E+00 0.804E-01
      2       2       2      17      17      17       4 0.180E-01 0.199E-01 0.783E-02 0.828E-02 0.642E-03 0.160E-03 0.541E-03 0.135E-03
      2       2       2     257     257     257       4 0.934E+01 0.938E+01 0.856E+01 0.864E+01 0.399E+01 0.997E+00 0.395E+01 0.988E+00
      2       2       2      31      31      31       4 0.396E-01 0.447E-01 0.212E-01 0.227E-01 0.235E-02 0.587E-03 0.211E-02 0.527E-03
      2       2       2     509     509     509       4 0.252E+02 0.254E+02 0.202E+02 0.203E+02 0.289E+02 0.723E+01 0.290E+02 0.726E+01
      2       2       2      67      67      67       4 0.149E+00 0.155E+00 0.141E+00 0.144E+00 0.327E-01 0.817E-02 0.323E-01 0.808E-02
      2       2       2       7       7       7       4 0.173E-01 0.196E-01 0.702E-02 0.713E-02 0.237E-03 0.592E-04 0.202E-03 0.505E-04
      2       2       4     127     127     127       4 0.974E+00 0.986E+00 0.955E+00 0.103E+01 0.287E+00 0.718E-01 0.268E+00 0.669E-01
      2       2       4      17      17      17       4 0.281E-01 0.309E-01 0.145E-01 0.154E-01 0.980E-03 0.245E-03 0.779E-03 0.195E-03
      2       2       4     257     257     257       4 0.880E+01 0.894E+01 0.803E+01 0.829E+01 0.278E+01 0.694E+00 0.278E+01 0.696E+00
      2       2       4      31      31      31       4 0.491E-01 0.519E-01 0.311E-01 0.319E-01 0.261E-02 0.654E-03 0.231E-02 0.577E-03
      2       2       4     509     509     509       4 0.256E+02 0.257E+02 0.198E+02 0.200E+02 0.232E+02 0.580E+01 0.232E+02 0.581E+01
      2       2       4      67      67      67       4 0.196E+00 0.205E+00 0.158E+00 0.166E+00 0.522E-01 0.130E-01 0.508E-01 0.127E-01
      2       2       4       7       7       7       4 0.249E-01 0.275E-01 0.150E-01 0.155E-01 0.586E-03 0.147E-03 0.472E-03 0.118E-03
      2       2       8     127     127     127       4 0.731E+00 0.734E+00 0.674E+00 0.685E+00 0.263E+00 0.657E-01 0.257E+00 0.642E-01
      2       2       8      17      17      17       4 0.316E-01 0.345E-01 0.177E-01 0.181E-01 0.126E-02 0.315E-03 0.862E-03 0.215E-03
      2       2       8     257     257     257       4 0.678E+01 0.679E+01 0.608E+01 0.612E+01 0.215E+01 0.537E+00 0.213E+01 0.532E+00
      2       2       8      31      31      31       4 0.448E-01 0.460E-01 0.275E-01 0.281E-01 0.232E-02 0.580E-03 0.189E-02 0.471E-03
      2       2       8     509     509     509       4 0.272E+02 0.275E+02 0.226E+02 0.228E+02 0.173E+02 0.432E+01 0.171E+02 0.427E+01
      2       2       8      67      67      67       4 0.159E+00 0.164E+00 0.129E+00 0.136E+00 0.485E-01 0.121E-01 0.484E-01 0.121E-01
      2       2       8       7       7       7       4 0.281E-01 0.306E-01 0.167E-01 0.178E-01 0.698E-03 0.174E-03 0.582E-03 0.146E-03
      2       4       1     127     127     127       4 0.327E+00 0.334E+00 0.298E+00 0.301E+00 0.201E+00 0.504E-01 0.200E+00 0.500E-01
      2       4       1      17      17      17       4 0.810E-02 0.998E-02 0.304E-02 0.328E-02 0.240E-03 0.600E-04 0.200E-03 0.500E-04
      2       4       1     257     257     257       4 0.281E+01 0.285E+01 0.266E+01 0.268E+01 0.245E+01 0.612E+00 0.238E+01 0.595E+00
      2       4       1      31      31      31       4 0.110E-01 0.142E-01 0.492E-02 0.497E-02 0.123E-02 0.306E-03 0.995E-03 0.249E-03
      2       4       1     509     509     509       4 0.903E+01 0.909E+01 0.706E+01 0.713E+01 0.244E+02 0.611E+01 0.244E+02 0.611E+01
      2       4       1      67      67      67       4 0.413E-01 0.478E-01 0.319E-01 0.321E-01 0.159E-01 0.397E-02 0.157E-01 0.392E-02
      2       4       1       7       7       7       4 0.920E-02 0.107E-01 0.460E-02 0.473E-02 0.741E-04 0.185E-04 0.548E-04 0.137E-04
      2       4       2     127     127     127       4 0.566E+00 0.569E+00 0.503E+00 0.506E+00 0.157E+00 0.394E-01 0.153E+00 0.383E-01
      2       4       2      17      17      17       4 0.170E-01 0.182E-01 0.875E-02 0.936E-02 0.577E-03 0.144E-03 0.534E-03 0.134E-03
      2       4       2     257     257     257       4 0.568E+01 0.577E+01 0.524E+01 0.527E+01 0.190E+01 0.475E+00 0.189E+01 0.473E+00
      2       4       2      31      31      31       4 0.220E-01 0.235E-01 0.120E-01 0.125E-01 0.201E-02 0.502E-03 0.170E-02 0.426E-03
      2       4       2     509     509     509       4 0.240E+02 0.242E+02 0.209E+02 0.211E+02 0.176E+02 0.439E+01 0.171E+02 0.429E+01
      2       4       2      67      67      67       4 0.844E-01 0.102E+00 0.668E-01 0.758E-01 0.176E-01 0.439E-02 0.166E-01 0.415E-02
      2       4       2       7       7       7       4 0.175E-01 0.210E-01 0.103E-01 0.107E-01 0.229E-03 0.572E-04 0.176E-03 0.440E-04
      2       4       4     127     127     127       4 0.565E+00 0.584E+00 0.483E+00 0.509E+00 0.169E+00 0.423E-01 0.168E+00 0.421E-01
      2       4       4      17      17      17       4 0.307E-01 0.318E-01 0.194E-01 0.216E-01 0.122E-02 0.304E-03 0.900E-03 0.225E-03
      2       4       4     257     257     257       4 0.507E+01 0.516E+01 0.446E+01 0.447E+01 0.144E+01 0.360E+00 0.144E+01 0.360E+00
      2       4       4      31      31      31       4 0.271E-01 0.309E-01 0.136E-01 0.145E-01 0.244E-02 0.611E-03 0.188E-02 0.471E-03
      2       4       4     509     509     509       4 0.260E+02 0.262E+02 0.216E+02 0.216E+02 0.130E+02 0.325E+01 0.129E+02 0.323E+01
      2       4       4      67      67      67       4 0.994E-01 0.107E+00 0.758E-01 0.781E-01 0.256E-01 0.639E-02 0.248E-01 0.619E-02
      2       4       4       7       7       7       4 0.237E-01 0.261E-01 0.163E-01 0.167E-01 0.692E-03 0.173E-03 0.536E-03 0.134E-03
      2       8       1     127     127     127       4 0.211E+00 0.219E+00 0.192E+00 0.198E+00 0.108E+00 0.271E-01 0.106E+00 0.264E-01
      2       8       1      17      17      17       4 0.857E-02 0.102E-01 0.323E-02 0.334E-02 0.216E-03 0.541E-04 0.133E-03 0.331E-04
      2       8       1     257     257     257       4 0.160E+01 0.161E+01 0.152E+01 0.152E+01 0.134E+01 0.335E+00 0.130E+01 0.326E+00
      2       8       1      31      31      31       4 0.102E-01 0.137E-01 0.488E-02 0.575E-02 0.783E-03 0.196E-03 0.619E-03 0.155E-03
      2       8       1     509     509     509       4 0.920E+01 0.926E+01 0.828E+01 0.831E+01 0.133E+02 0.332E+01 0.130E+02 0.324E+01
      2       8       1      67      67      67       4 0.325E-01 0.346E-01 0.213E-01 0.240E-01 0.114E-01 0.284E-02 0.104E-01 0.260E-02
      2       8       1       7       7       7       4 0.460E-02 0.698E-02 0.327E-02 0.376E-02 0.920E-04 0.230E-04 0.620E-04 0.155E-04
      2       8       2     127     127     127       4 0.365E+00 0.377E+00 0.319E+00 0.326E+00 0.849E-01 0.212E-01 0.819E-01 0.205E-01
      2       8       2      17      17      17       4 0.170E-01 0.185E-01 0.864E-02 0.869E-02 0.597E-03 0.149E-03 0.486E-03 0.122E-03
      2       8       2     257     257     257       4 0.342E+01 0.345E+01 0.304E+01 0.307E+01 0.114E+01 0.284E+00 0.108E+01 0.271E+00
      2       8       2      31      31      31       4 0.197E-01 0.214E-01 0.105E-01 0.114E-01 0.131E-02 0.327E-03 0.110E-02 0.276E-03
      2       8       2     509     509     509       4 0.211E+02 0.217E+02 0.191E+02 0.192E+02 0.913E+01 0.228E+01 0.911E+01 0.228E+01
      2       8       2      67      67      67       4 0.793E-01 0.802E-01 0.589E-01 0.611E-01 0.106E-01 0.265E-02 0.963E-02 0.241E-02
      2       8       2       7       7       7       4 0.865E-02 0.109E-01 0.733E-02 0.778E-02 0.947E-04 0.237E-04 0.629E-04 0.157E-04
      3       1       1     127     127     127       4 0.678E-02 0.984E-02 0.000E+00 0.000E+00 0.340E+00 0.851E-01 0.345E+00 0.864E-01
      3       1       1      17      17      17       4 0.763E-03 0.298E-02 0.238E-06 0.954E-06 0.461E-03 0.115E-03 0.346E-03 0.865E-04
      3       1       1     257     257     257       4 0.613E-01 0.630E-01 0.000E+00 0.000E+00 0.568E+01 0.142E+01 0.582E+01 0.145E+01
      3       1       1      31      31      31       4 0.910E-03 0.348E-02 0.238E-06 0.954E-06 0.334E-02 0.835E-03 0.326E-02 0.814E-03
      3       1       1     509     509     509       4 0.466E+00 0.471E+00 0.000E+00 0.000E+00 0.270E+02 0.674E+01 0.277E+02 0.691E+01
      3       1       1      67      67      67       4 0.136E-02 0.361E-02 0.000E+00 0.000E+00 0.741E-01 0.185E-01 0.744E-01 0.186E-01
      3       1       1       7       7       7       4 0.692E-03 0.274E-02 0.000E+00 0.000E+00 0.107E-03 0.268E-04 0.350E-04 0.876E-05
      3       1      12     127     127     127       4 0.109E-01 0.244E-01 0.000E+00 0.000E+00 0.126E+00 0.316E-01 0.123E+00 0.309E-01
      3       1      12      17      17      17       4 0.446E-02 0.177E-01 0.000E+00 0.000E+00 0.667E-03 0.167E-03 0.301E-03 0.752E-04
      3       1      12     257     257     257       4 0.689E-01 0.739E-01 0.000E+00 0.000E+00 0.162E+01 0.406E+00 0.162E+01 0.404E+00
      3       1      12      31      31      31       4 0.421E-02 0.166E-01 0.000E+00 0.000E+00 0.213E-02 0.533E-03 0.179E-02 0.448E-03
      3       1      12     509     509     509       4 0.490E+00 0.494E+00 0.238E-06 0.954E-06 0.655E+01 0.164E+01 0.657E+01 0.164E+01
      3       1      12      67      67      67       4 0.679E-02 0.249E-01 0.000E+00 0.000E+00 0.193E-01 0.482E-02 0.166E-01 0.414E-02
      3       1      12       7       7       7       4 0.447E-02 0.178E-01 0.000E+00 0.000E+00 0.202E-03 0.506E-04 0.811E-04 0.203E-04
      3       1      16     127     127     127       4 0.105E-01 0.231E-01 0.000E+00 0.000E+00 0.109E+00 0.273E-01 0.771E-01 0.193E-01
      3       1      16      17      17      17       4 0.327E-02 0.130E-01 0.298E-06 0.119E-05 0.685E-03 0.171E-03 0.389E-03 0.972E-04
      3       1      16     257     257     257       4 0.706E-01 0.739E-01 0.000E+00 0.000E+00 0.148E+01 0.369E+00 0.149E+01 0.372E+00
      3       1      16      31      31      31       4 0.422E-02 0.167E-01 0.000E+00 0.000E+00 0.203E-02 0.508E-03 0.122E-02 0.306E-03
      3       1      16     509     509     509       4 0.491E+00 0.514E+00 0.000E+00 0.000E+00 0.589E+01 0.147E+01 0.588E+01 0.147E+01
      3       1      16      67      67      67       4 0.506E-02 0.181E-01 0.000E+00 0.000E+00 0.169E-01 0.422E-02 0.118E-01 0.296E-02
      3       1      16       7       7       7       4 0.533E-02 0.212E-01 0.000E+00 0.000E+00 0.227E-03 0.567E-04 0.131E-03 0.328E-04
      3       1       2     127     127     127       4 0.732E-02 0.116E-01 0.000E+00 0.000E+00 0.216E+00 0.539E-01 0.189E+00 0.472E-01
      3       1       2      17      17      17       4 0.742E-03 0.288E-02 0.000E+00 0.000E+00 0.475E-03 0.119E-03 0.312E-03 0.780E-04
      3       1       2     257     257     257       4 0.603E-01 0.646E-01 0.000E+00 0.000E+00 0.371E+01 0.928E+00 0.382E+01 0.955E+00
      3       1       2      31      31      31       4 0.360E-02 0.142E-01 0.298E-06 0.119E-05 0.232E-02 0.580E-03 0.192E-02 0.480E-03
      3       1       2     509     509     509       4 0.462E+00 0.468E+00 0.238E-06 0.954E-06 0.173E+02 0.434E+01 0.177E+02 0.442E+01
      3       1       2      67      67      67       4 0.229E-02 0.738E-02 0.000E+00 0.000E+00 0.444E-01 0.111E-01 0.429E-01 0.107E-01
      3       1       2       7       7       7       4 0.721E-03 0.285E-02 0.000E+00 0.000E+00 0.120E-03 0.299E-04 0.432E-04 0.108E-04
      3       1      24     127     127     127       4 0.107E-01 0.238E-01 0.000E+00 0.000E+00 0.121E+00 0.302E-01 0.116E+00 0.291E-01
      3       1      24      17      17      17       4 0.410E-02 0.163E-01 0.000E+00 0.000E+00 0.846E-03 0.212E-03 0.452E-03 0.113E-03
      3       1      24     257     257     257       4 0.748E-01 0.770E-01 0.238E-06 0.954E-06 0.161E+01 0.401E+00 0.161E+01 0.403E+00
      3       1      24      31      31      31       4 0.423E-02 0.167E-01 0.000E+00 0.000E+00 0.222E-02 0.554E-03 0.130E-02 0.326E-03
      3       1      24     509     509     509       4 0.498E+00 0.518E+00 0.000E+00 0.000E+00 0.560E+01 0.140E+01 0.553E+01 0.138E+01
      3       1      24      67      67      67       4 0.550E-02 0.193E-01 0.000E+00 0.000E+00 0.191E-01 0.476E-02 0.158E-01 0.395E-02
      3       1      24       7       7       7       4 0.327E-02 0.130E-01 0.000E+00 0.000E+00 0.236E-03 0.590E-04 0.182E-03 0.455E-04
      3       1       4     127     127     127       4 0.106E-01 0.245E-01 0.298E-06 0.119E-05 0.167E+00 0.417E-01 0.166E+00 0.415E-01
      3       1       4      17      17      17       4 0.524E-02 0.209E-01 0.000E+00 0.000E+00 0.498E-03 0.125E-03 0.314E-03 0.784E-04
      3       1       4     257     257     257       4 0.630E-01 0.651E-01 0.000E+00 0.000E+00 0.242E+01 0.606E+00 0.246E+01 0.615E+00
      3       1       4      31      31      31       4 0.458E-02 0.181E-01 0.000E+00 0.000E+00 0.185E-02 0.462E-03 0.135E-02 0.338E-03
      3       1       4     509     509     509       4 0.471E+00 0.487E+00 0.000E+00 0.000E+00 0.106E+02 0.264E+01 0.108E+02 0.269E+01
      3       1       4      67      67      67       4 0.432E-02 0.153E-01 0.238E-06 0.954E-06 0.296E-01 0.740E-02 0.276E-01 0.691E-02
      3       1       4       7       7       7       4 0.618E-03 0.243E-02 0.000E+00 0.000E+00 0.151E-03 0.377E-04 0.551E-04 0.138E-04
      3       1       8     127     127     127       4 0.104E-01 0.233E-01 0.298E-06 0.119E-05 0.131E+00 0.328E-01 0.129E+00 0.323E-01
      3       1       8      17      17      17       4 0.641E-02 0.256E-01 0.000E+00 0.000E+00 0.526E-03 0.131E-03 0.307E-03 0.768E-04
      3       1       8     257     257     257       4 0.658E-01 0.679E-01 0.238E-06 0.954E-06 0.177E+01 0.442E+00 0.178E+01 0.444E+00
      3       1       8      31      31      31       4 0.448E-02 0.176E-01 0.238E-06 0.954E-06 0.212E-02 0.531E-03 0.184E-02 0.461E-03
      3       1       8     509     509     509       4 0.477E+00 0.486E+00 0.238E-06 0.954E-06 0.750E+01 0.188E+01 0.756E+01 0.189E+01
      3       1       8      67      67      67       4 0.386E-02 0.133E-01 0.000E+00 0.000E+00 0.210E-01 0.525E-02 0.189E-01 0.474E-02
      3       1       8       7       7       7       4 0.641E-02 0.256E-01 0.000E+00 0.000E+00 0.156E-03 0.390E-04 0.567E-04 0.142E-04
      3      16       1     127     127     127       4 0.189E-01 0.733E-01 0.149E-05 0.215E-05 0.660E-01 0.165E-01 0.391E-01 0.978E-02
      3      16       1      17      17      17       4 0.156E-01 0.623E-01 0.119E-05 0.191E-05 0.131E-02 0.327E-03 0.258E-03 0.645E-04
      3      16       1     257     257     257       4 0.230E-01 0.782E-01 0.203E-05 0.286E-05 0.465E+00 0.116E+00 0.440E+00 0.110E+00
      3      16       1      31      31      31       4 0.148E-01 0.589E-01 0.775E-06 0.119E-05 0.176E-02 0.439E-03 0.484E-03 0.121E-03
      3      16       1      67      67      67       4 0.314E-01 0.125E+00 0.173E-05 0.310E-05 0.148E-01 0.371E-02 0.946E-02 0.237E-02
      3      16       1       7       7       7       4 0.383E-02 0.125E-01 0.143E-05 0.191E-05 0.549E-03 0.137E-03 0.391E-03 0.979E-04
      3       2       1     127     127     127       4 0.783E-02 0.216E-01 0.715E-06 0.954E-06 0.199E+00 0.497E-01 0.198E+00 0.495E-01
      3       2       1      17      17      17       4 0.834E-02 0.333E-01 0.800E-02 0.320E-01 0.322E-01 0.805E-02 0.356E-03 0.890E-04
      3       2       1     257     257     257       4 0.325E-01 0.553E-01 0.775E-06 0.119E-05 0.268E+01 0.671E+00 0.260E+01 0.649E+00
      3       2       1      31      31      31       4 0.468E-02 0.185E-01 0.477E-06 0.954E-06 0.269E-02 0.674E-03 0.256E-02 0.640E-03
      3       2       1     509     509     509       4 0.270E+00 0.353E+00 0.715E-06 0.954E-06 0.144E+02 0.360E+01 0.147E+02 0.367E+01
      3       2       1      67      67      67       4 0.501E-02 0.190E-01 0.238E-06 0.954E-06 0.450E-01 0.113E-01 0.443E-01 0.111E-01
      3       2       1       7       7       7       4 0.454E-02 0.181E-01 0.000E+00 0.000E+00 0.165E-03 0.413E-04 0.510E-04 0.128E-04
      3       2      12     127     127     127       4 0.868E-02 0.209E-01 0.477E-06 0.191E-05 0.117E+00 0.292E-01 0.799E-01 0.200E-01
      3       2      12      17      17      17       4 0.708E-02 0.282E-01 0.477E-06 0.954E-06 0.115E-02 0.288E-03 0.369E-03 0.923E-04
      3       2      12     257     257     257       4 0.361E-01 0.570E-01 0.775E-06 0.119E-05 0.104E+01 0.259E+00 0.976E+00 0.244E+00
      3       2      12      31      31      31       4 0.431E-02 0.171E-01 0.477E-06 0.954E-06 0.193E-02 0.482E-03 0.129E-02 0.323E-03
      3       2      12     509     509     509       4 0.274E+00 0.303E+00 0.238E-06 0.954E-06 0.451E+01 0.113E+01 0.443E+01 0.111E+01
      3       2      12      67      67      67       4 0.864E-02 0.335E-01 0.477E-06 0.954E-06 0.156E-01 0.389E-02 0.912E-02 0.228E-02
      3       2      12       7       7       7       4 0.481E-02 0.192E-01 0.775E-06 0.215E-05 0.244E-03 0.611E-04 0.103E-03 0.257E-04
      3       2       2     127     127     127       4 0.829E-02 0.236E-01 0.900E-02 0.360E-01 0.146E+00 0.366E-01 0.104E+00 0.260E-01
      3       2       2      17      17      17       4 0.558E-02 0.222E-01 0.101E-05 0.119E-05 0.494E-03 0.123E-03 0.268E-03 0.671E-04
      3       2       2     257     257     257       4 0.345E-01 0.641E-01 0.536E-06 0.119E-05 0.174E+01 0.434E+00 0.170E+01 0.426E+00
      3       2       2      31      31      31       4 0.959E-02 0.381E-01 0.536E-06 0.119E-05 0.172E-01 0.430E-02 0.636E-02 0.159E-02
      3       2       2     509     509     509       4 0.238E+00 0.256E+00 0.715E-06 0.191E-05 0.840E+01 0.210E+01 0.857E+01 0.214E+01
      3       2       2      67      67      67       4 0.831E-02 0.322E-01 0.775E-06 0.215E-05 0.268E-01 0.670E-02 0.259E-01 0.647E-02
      3       2       2       7       7       7       4 0.378E-02 0.151E-01 0.715E-06 0.191E-05 0.208E-03 0.520E-04 0.949E-04 0.237E-04
      3       2       4     127     127     127       4 0.966E-02 0.285E-01 0.536E-06 0.215E-05 0.103E+00 0.257E-01 0.103E+00 0.257E-01
      3       2       4      17      17      17       4 0.102E-01 0.409E-01 0.238E-06 0.954E-06 0.572E-03 0.143E-03 0.309E-03 0.774E-04
      3       2       4     257     257     257       4 0.329E-01 0.572E-01 0.775E-06 0.119E-05 0.115E+01 0.286E+00 0.115E+01 0.287E+00
      3       2       4      31      31      31       4 0.603E-02 0.240E-01 0.775E-06 0.119E-05 0.130E-01 0.324E-02 0.154E-02 0.385E-03
      3       2       4     509     509     509       4 0.255E+00 0.270E+00 0.715E-06 0.191E-05 0.609E+01 0.152E+01 0.620E+01 0.155E+01
      3       2       4      67      67      67       4 0.707E-02 0.272E-01 0.477E-06 0.954E-06 0.209E-01 0.523E-02 0.187E-01 0.468E-02
      3       2       4       7       7       7       4 0.101E-01 0.404E-01 0.477E-06 0.954E-06 0.198E-03 0.495E-04 0.849E-04 0.212E-04
      3       2       8     127     127     127       4 0.976E-02 0.286E-01 0.775E-06 0.215E-05 0.962E-01 0.241E-01 0.748E-01 0.187E-01
      3       2       8      17      17      17       4 0.811E-02 0.323E-01 0.238E-06 0.954E-06 0.581E-03 0.145E-03 0.329E-03 0.822E-04
      3       2       8     257     257     257       4 0.321E-01 0.497E-01 0.477E-06 0.954E-06 0.886E+00 0.221E+00 0.880E+00 0.220E+00
      3       2       8      31      31      31       4 0.893E-02 0.356E-01 0.477E-06 0.954E-06 0.149E-02 0.372E-03 0.101E-02 0.254E-03
      3       2       8     509     509     509       4 0.263E+00 0.289E+00 0.119E-05 0.191E-05 0.438E+01 0.109E+01 0.441E+01 0.110E+01
      3       2       8      67      67      67       4 0.690E-02 0.264E-01 0.715E-06 0.954E-06 0.196E-01 0.490E-02 0.159E-01 0.398E-02
      3       2       8       7       7       7       4 0.808E-02 0.323E-01 0.298E-06 0.119E-05 0.229E-03 0.573E-04 0.113E-03 0.283E-04
      3       4       1     127     127     127       4 0.123E-01 0.442E-01 0.119E-05 0.191E-05 0.103E+00 0.258E-01 0.104E+00 0.261E-01
      3       4       1      17      17      17       4 0.927E-02 0.370E-01 0.800E-02 0.320E-01 0.469E-02 0.117E-02 0.334E-03 0.835E-04
      3       4       1     257     257     257       4 0.294E-01 0.780E-01 0.800E-02 0.320E-01 0.144E+01 0.361E+00 0.146E+01 0.365E+00
      3       4       1      31      31      31       4 0.936E-02 0.373E-01 0.101E-02 0.405E-02 0.187E-02 0.469E-03 0.108E-02 0.270E-03
      3       4       1     509     509     509       4 0.177E+00 0.337E+00 0.173E-05 0.215E-05 0.796E+01 0.199E+01 0.812E+01 0.203E+01
      3       4       1      67      67      67       4 0.184E-01 0.732E-01 0.982E-03 0.393E-02 0.273E-01 0.681E-02 0.237E-01 0.593E-02
      3       4       1       7       7       7       4 0.103E-01 0.410E-01 0.125E-05 0.215E-05 0.192E-03 0.480E-04 0.670E-04 0.167E-04
      3       4       2     127     127     127       4 0.107E-01 0.377E-01 0.715E-06 0.954E-06 0.782E-01 0.195E-01 0.761E-01 0.190E-01
      3       4       2      17      17      17       4 0.663E-02 0.264E-01 0.775E-06 0.119E-05 0.405E-03 0.101E-03 0.218E-03 0.545E-04
      3       4       2     257     257     257       4 0.197E-01 0.387E-01 0.101E-05 0.191E-05 0.980E+00 0.245E+00 0.983E+00 0.246E+00
      3       4       2      31      31      31       4 0.167E-01 0.666E-01 0.101E-05 0.119E-05 0.151E-02 0.378E-03 0.948E-03 0.237E-03
      3       4       2     509     509     509       4 0.151E+00 0.214E+00 0.954E-06 0.954E-06 0.548E+01 0.137E+01 0.556E+01 0.139E+01
      3       4       2      67      67      67       4 0.569E-02 0.221E-01 0.477E-06 0.954E-06 0.163E-01 0.408E-02 0.143E-01 0.357E-02
      3       4       2       7       7       7       4 0.158E-01 0.631E-01 0.769E-05 0.279E-04 0.229E-03 0.573E-04 0.121E-03 0.302E-04
      3       4       4     127     127     127       4 0.154E-01 0.561E-01 0.715E-06 0.954E-06 0.587E-01 0.147E-01 0.504E-01 0.126E-01
      3       4       4      17      17      17       4 0.129E-01 0.516E-01 0.125E-05 0.191E-05 0.462E-03 0.116E-03 0.263E-03 0.658E-04
      3       4       4     257     257     257       4 0.251E-01 0.572E-01 0.715E-06 0.954E-06 0.706E+00 0.176E+00 0.708E+00 0.177E+00
      3       4       4      31      31      31       4 0.152E-01 0.606E-01 0.715E-06 0.954E-06 0.122E-02 0.304E-03 0.819E-03 0.205E-03
      3       4       4     509     509     509       4 0.147E+00 0.173E+00 0.954E-06 0.954E-06 0.404E+01 0.101E+01 0.399E+01 0.997E+00
      3       4       4      67      67      67       4 0.131E-01 0.515E-01 0.715E-06 0.954E-06 0.123E-01 0.307E-02 0.110E-01 0.275E-02
      3       4       4       7       7       7       4 0.161E-01 0.642E-01 0.715E-06 0.954E-06 0.209E-03 0.523E-04 0.161E-03 0.403E-04
      3       8       1     127     127     127       4 0.980E-02 0.361E-01 0.197E-05 0.310E-05 0.674E-01 0.168E-01 0.592E-01 0.148E-01
      3       8       1      17      17      17       4 0.226E-01 0.904E-01 0.179E-05 0.310E-05 0.855E-03 0.214E-03 0.206E-03 0.515E-04
      3       8       1     257     257     257       4 0.162E-01 0.435E-01 0.167E-05 0.286E-05 0.768E+00 0.192E+00 0.779E+00 0.195E+00
      3       8       1      31      31      31       4 0.307E-01 0.122E+00 0.166E-02 0.665E-02 0.166E-02 0.414E-03 0.786E-03 0.197E-03
      3       8       1      67      67      67       4 0.924E-02 0.364E-01 0.131E-05 0.191E-05 0.286E-01 0.716E-02 0.189E-01 0.472E-02
      3       8       1       7       7       7       4 0.329E-02 0.118E-01 0.107E-05 0.119E-05 0.330E-03 0.825E-04 0.246E-03 0.615E-04
      3       8       2     127     127     127       4 0.101E-01 0.372E-01 0.119E-05 0.191E-05 0.515E-01 0.129E-01 0.477E-01 0.119E-01
      3       8       2      17      17      17       4 0.122E-01 0.485E-01 0.101E-05 0.119E-05 0.106E-02 0.264E-03 0.269E-03 0.672E-04
      3       8       2     257     257     257       4 0.165E-01 0.437E-01 0.125E-05 0.310E-05 0.549E+00 0.137E+00 0.551E+00 0.138E+00
      3       8       2      31      31      31       4 0.239E-01 0.954E-01 0.101E-05 0.191E-05 0.169E-02 0.421E-03 0.524E-03 0.131E-03
      3       8       2      67      67      67       4 0.111E-01 0.439E-01 0.119E-05 0.191E-05 0.169E-01 0.423E-02 0.957E-02 0.239E-02
      3       8       2       7       7       7       4 0.306E-02 0.108E-01 0.125E-05 0.191E-05 0.287E-03 0.717E-04 0.269E-03 0.672E-04
      4       1       1     127     127     127       4 0.901E+00 0.359E+01 0.000E+00 0.000E+00 0.382E+00 0.954E-01 0.377E+00 0.941E-01
      4       1       1      17      17      17       4 0.135E-01 0.531E-01 0.000E+00 0.000E+00 0.426E-03 0.107E-03 0.392E-03 0.980E-04
      4       1       1     257     257     257       4 0.834E+01 0.329E+02 0.000E+00 0.000E+00 0.517E+01 0.129E+01 0.467E+01 0.117E+01
      4       1       1      31      31      31       4 0.698E-01 0.278E+00 0.000E+00 0.000E+00 0.304E-02 0.760E-03 0.291E-02 0.727E-03
      4       1       1     509     509     509       4 0.195E+02 0.747E+02 0.000E+00 0.000E+00 0.430E+02 0.108E+02 0.395E+02 0.989E+01
      4       1       1      67      67      67       4 0.150E+00 0.597E+00 0.000E+00 0.000E+00 0.479E-01 0.120E-01 0.478E-01 0.120E-01
      4       1       1       7       7       7       4 0.493E-02 0.192E-01 0.000E+00 0.000E+00 0.379E-04 0.948E-05 0.248E-04 0.620E-05
      4       1      12     127     127     127       4 0.342E+00 0.133E+01 0.000E+00 0.000E+00 0.978E-01 0.244E-01 0.881E-01 0.220E-01
      4       1      12      17      17      17       4 0.226E-01 0.855E-01 0.000E+00 0.000E+00 0.888E-03 0.222E-03 0.652E-03 0.163E-03
      4       1      12     257     257     257       4 0.268E+01 0.102E+02 0.000E+00 0.000E+00 0.114E+01 0.284E+00 0.876E+00 0.219E+00
      4       1      12      31      31      31       4 0.100E+00 0.396E+00 0.000E+00 0.000E+00 0.241E-02 0.602E-03 0.198E-02 0.496E-03
      4       1      12     509     509     509       4 0.153E+02 0.579E+02 0.000E+00 0.000E+00 0.858E+01 0.215E+01 0.650E+01 0.163E+01
      4       1      12      67      67      67       4 0.113E+00 0.437E+00 0.000E+00 0.000E+00 0.207E-01 0.517E-02 0.185E-01 0.463E-02
      4       1      12       7       7       7       4 0.633E-02 0.225E-01 0.000E+00 0.000E+00 0.160E-03 0.400E-04 0.142E-03 0.356E-04
      4       1      16     127     127     127       4 0.199E+00 0.760E+00 0.000E+00 0.000E+00 0.876E-01 0.219E-01 0.725E-01 0.181E-01
      4       1      16      17      17      17       4 0.227E-01 0.848E-01 0.000E+00 0.000E+00 0.977E-03 0.244E-03 0.785E-03 0.196E-03
      4       1      16     257     257     257       4 0.219E+01 0.822E+01 0.000E+00 0.000E+00 0.105E+01 0.262E+00 0.802E+00 0.200E+00
      4       1      16      31      31      31       4 0.656E-01 0.255E+00 0.000E+00 0.000E+00 0.228E-02 0.571E-03 0.195E-02 0.488E-03
      4       1      16     509     509     509       4 0.131E+02 0.490E+02 0.000E+00 0.000E+00 0.734E+01 0.184E+01 0.535E+01 0.134E+01
      4       1      16      67      67      67       4 0.107E+00 0.410E+00 0.000E+00 0.000E+00 0.184E-01 0.459E-02 0.160E-01 0.400E-02
      4       1      16       7       7       7       4 0.610E-02 0.213E-01 0.000E+00 0.000E+00 0.162E-03 0.405E-04 0.144E-03 0.360E-04
      4       1       2     127     127     127       4 0.703E+00 0.279E+01 0.000E+00 0.000E+00 0.254E+00 0.636E-01 0.227E+00 0.568E-01
      4       1       2      17      17      17       4 0.239E-01 0.945E-01 0.000E+00 0.000E+00 0.652E-03 0.163E-03 0.533E-03 0.133E-03
      4       1       2     257     257     257       4 0.118E+02 0.466E+02 0.000E+00 0.000E+00 0.301E+01 0.752E+00 0.265E+01 0.662E+00
      4       1       2      31      31      31       4 0.675E-01 0.269E+00 0.000E+00 0.000E+00 0.277E-02 0.693E-03 0.260E-02 0.651E-03
      4       1       2     509     509     509       4 0.260E+02 0.101E+03 0.000E+00 0.000E+00 0.242E+02 0.606E+01 0.218E+02 0.544E+01
      4       1       2      67      67      67       4 0.119E+00 0.474E+00 0.000E+00 0.000E+00 0.338E-01 0.845E-02 0.322E-01 0.804E-02
      4       1       2       7       7       7       4 0.541E-02 0.207E-01 0.000E+00 0.000E+00 0.109E-03 0.272E-04 0.873E-04 0.218E-04
      4       1      24     127     127     127       4 0.311E+00 0.118E+01 0.000E+00 0.000E+00 0.884E-01 0.221E-01 0.731E-01 0.183E-01
      4       1      24      17      17      17       4 0.266E-01 0.912E-01 0.000E+00 0.000E+00 0.118E-02 0.295E-03 0.913E-03 0.228E-03
      4       1      24     257     257     257       4 0.184E+01 0.681E+01 0.000E+00 0.000E+00 0.934E+00 0.234E+00 0.701E+00 0.175E+00
      4       1      24      31      31      31       4 0.947E-01 0.370E+00 0.000E+00 0.000E+00 0.264E-02 0.660E-03 0.205E-02 0.514E-03
      4       1      24     509     509     509       4 0.108E+02 0.396E+02 0.000E+00 0.000E+00 0.648E+01 0.162E+01 0.476E+01 0.119E+01
      4       1      24      67      67      67       4 0.112E+00 0.409E+00 0.000E+00 0.000E+00 0.190E-01 0.475E-02 0.162E-01 0.405E-02
      4       1      24       7       7       7       4 0.649E-02 0.215E-01 0.000E+00 0.000E+00 0.186E-03 0.464E-04 0.151E-03 0.377E-04
      4       1       4     127     127     127       4 0.419E+00 0.166E+01 0.000E+00 0.000E+00 0.151E+00 0.378E-01 0.132E+00 0.329E-01
      4       1       4      17      17      17       4 0.234E-01 0.914E-01 0.000E+00 0.000E+00 0.764E-03 0.191E-03 0.544E-03 0.136E-03
      4       1       4     257     257     257       4 0.631E+01 0.248E+02 0.000E+00 0.000E+00 0.181E+01 0.452E+00 0.150E+01 0.375E+00
      4       1       4      31      31      31       4 0.632E-01 0.251E+00 0.000E+00 0.000E+00 0.206E-02 0.515E-03 0.200E-02 0.499E-03
      4       1       4     509     509     509       4 0.235E+02 0.905E+02 0.000E+00 0.000E+00 0.146E+02 0.365E+01 0.125E+02 0.312E+01
      4       1       4      67      67      67       4 0.153E+00 0.609E+00 0.000E+00 0.000E+00 0.233E-01 0.581E-02 0.214E-01 0.536E-02
      4       1       4       7       7       7       4 0.401E-02 0.148E-01 0.000E+00 0.000E+00 0.169E-03 0.423E-04 0.125E-03 0.313E-04
      4       1       8     127     127     127       4 0.259E+00 0.101E+01 0.000E+00 0.000E+00 0.113E+00 0.281E-01 0.926E-01 0.232E-01
      4       1       8      17      17      17       4 0.242E-01 0.921E-01 0.000E+00 0.000E+00 0.793E-03 0.198E-03 0.637E-03 0.159E-03
      4       1       8     257     257     257       4 0.344E+01 0.133E+02 0.000E+00 0.000E+00 0.128E+01 0.321E+00 0.102E+01 0.254E+00
      4       1       8      31      31      31       4 0.634E-01 0.250E+00 0.000E+00 0.000E+00 0.213E-02 0.531E-03 0.205E-02 0.514E-03
      4       1       8     509     509     509       4 0.179E+02 0.682E+02 0.000E+00 0.000E+00 0.985E+01 0.246E+01 0.782E+01 0.196E+01
      4       1       8      67      67      67       4 0.115E+00 0.453E+00 0.000E+00 0.000E+00 0.201E-01 0.503E-02 0.177E-01 0.442E-02
      4       1       8       7       7       7       4 0.604E-02 0.221E-01 0.000E+00 0.000E+00 0.144E-03 0.361E-04 0.130E-03 0.325E-04
      4      16       1     127     127     127       4 0.200E+00 0.798E+00 0.000E+00 0.000E+00 0.327E-01 0.818E-02 0.327E-01 0.818E-02
      4      16       1      17      17      17       4 0.133E-01 0.521E-01 0.000E+00 0.000E+00 0.111E-02 0.278E-03 0.228E-03 0.570E-04
      4      16       1     257     257     257       4 0.122E+01 0.486E+01 0.000E+00 0.000E+00 0.391E+00 0.977E-01 0.391E+00 0.977E-01
      4      16       1      31      31      31       4 0.647E-01 0.258E+00 0.000E+00 0.000E+00 0.104E-02 0.261E-03 0.443E-03 0.111E-03
      4      16       1      67      67      67       4 0.603E-01 0.238E+00 0.000E+00 0.000E+00 0.569E-02 0.142E-02 0.536E-02 0.134E-02
      4      16       1       7       7       7       4 0.392E-02 0.148E-01 0.000E+00 0.000E+00 0.196E-03 0.490E-04 0.143E-03 0.356E-04
      4       2       1     127     127     127       4 0.592E+00 0.236E+01 0.000E+00 0.000E+00 0.203E+00 0.508E-01 0.204E+00 0.510E-01
      4       2       1      17      17      17       4 0.142E-01 0.560E-01 0.000E+00 0.000E+00 0.352E-03 0.880E-04 0.288E-03 0.721E-04
      4       2       1     257     257     257       4 0.540E+01 0.215E+02 0.000E+00 0.000E+00 0.254E+01 0.635E+00 0.248E+01 0.619E+00
      4       2       1      31      31      31       4 0.681E-01 0.272E+00 0.000E+00 0.000E+00 0.204E-02 0.509E-03 0.192E-02 0.480E-03
      4       2       1     509     509     509       4 0.139E+02 0.540E+02 0.000E+00 0.000E+00 0.233E+02 0.583E+01 0.212E+02 0.529E+01
      4       2       1      67      67      67       4 0.998E-01 0.397E+00 0.000E+00 0.000E+00 0.253E-01 0.633E-02 0.264E-01 0.659E-02
      4       2       1       7       7       7       4 0.652E-02 0.256E-01 0.000E+00 0.000E+00 0.811E-04 0.203E-04 0.360E-04 0.900E-05
      4       2      12     127     127     127       4 0.320E+00 0.125E+01 0.000E+00 0.000E+00 0.533E-01 0.133E-01 0.505E-01 0.126E-01
      4       2      12      17      17      17       4 0.218E-01 0.815E-01 0.000E+00 0.000E+00 0.730E-03 0.183E-03 0.603E-03 0.151E-03
      4       2      12     257     257     257       4 0.174E+01 0.682E+01 0.000E+00 0.000E+00 0.649E+00 0.162E+00 0.562E+00 0.140E+00
      4       2      12      31      31      31       4 0.946E-01 0.373E+00 0.000E+00 0.000E+00 0.174E-02 0.435E-03 0.142E-02 0.355E-03
      4       2      12     509     509     509       4 0.985E+01 0.375E+02 0.000E+00 0.000E+00 0.529E+01 0.132E+01 0.396E+01 0.990E+00
      4       2      12      67      67      67       4 0.103E+00 0.402E+00 0.000E+00 0.000E+00 0.109E-01 0.273E-02 0.102E-01 0.256E-02
      4       2      12       7       7       7       4 0.588E-02 0.210E-01 0.000E+00 0.000E+00 0.323E-03 0.808E-04 0.152E-03 0.380E-04
      4       2       2     127     127     127       4 0.399E+00 0.158E+01 0.000E+00 0.000E+00 0.136E+00 0.341E-01 0.135E+00 0.338E-01
      4       2       2      17      17      17       4 0.243E-01 0.960E-01 0.000E+00 0.000E+00 0.576E-03 0.144E-03 0.475E-03 0.119E-03
      4       2       2     257     257     257       4 0.621E+01 0.247E+02 0.000E+00 0.000E+00 0.148E+01 0.370E+00 0.138E+01 0.346E+00
      4       2       2      31      31      31       4 0.648E-01 0.258E+00 0.000E+00 0.000E+00 0.176E-02 0.440E-03 0.159E-02 0.398E-03
      4       2       2     509     509     509       4 0.244E+02 0.959E+02 0.000E+00 0.000E+00 0.137E+02 0.342E+01 0.121E+02 0.302E+01
      4       2       2      67      67      67       4 0.798E-01 0.316E+00 0.000E+00 0.000E+00 0.182E-01 0.456E-02 0.184E-01 0.461E-02
      4       2       2       7       7       7       4 0.529E-02 0.203E-01 0.000E+00 0.000E+00 0.283E-03 0.708E-04 0.115E-03 0.287E-04
      4       2       4     127     127     127       4 0.297E+00 0.117E+01 0.000E+00 0.000E+00 0.829E-01 0.207E-01 0.829E-01 0.207E-01
      4       2       4      17      17      17       4 0.243E-01 0.950E-01 0.000E+00 0.000E+00 0.595E-03 0.149E-03 0.454E-03 0.113E-03
      4       2       4     257     257     257       4 0.324E+01 0.129E+02 0.000E+00 0.000E+00 0.931E+00 0.233E+00 0.837E+00 0.209E+00
      4       2       4      31      31      31       4 0.639E-01 0.253E+00 0.000E+00 0.000E+00 0.171E-02 0.427E-03 0.134E-02 0.335E-03
      4       2       4     509     509     509       4 0.198E+02 0.776E+02 0.000E+00 0.000E+00 0.865E+01 0.216E+01 0.730E+01 0.182E+01
      4       2       4      67      67      67       4 0.112E+00 0.443E+00 0.000E+00 0.000E+00 0.137E-01 0.343E-02 0.133E-01 0.332E-02
      4       2       4       7       7       7       4 0.346E-02 0.128E-01 0.000E+00 0.000E+00 0.240E-03 0.600E-04 0.109E-03 0.272E-04
      4       2       8     127     127     127       4 0.200E+00 0.776E+00 0.000E+00 0.000E+00 0.613E-01 0.153E-01 0.580E-01 0.145E-01
      4       2       8      17      17      17       4 0.235E-01 0.897E-01 0.000E+00 0.000E+00 0.685E-03 0.171E-03 0.539E-03 0.135E-03
      4       2       8     257     257     257       4 0.212E+01 0.837E+01 0.000E+00 0.000E+00 0.687E+00 0.172E+00 0.587E+00 0.147E+00
      4       2       8      31      31      31       4 0.627E-01 0.247E+00 0.000E+00 0.000E+00 0.170E-02 0.426E-03 0.146E-02 0.364E-03
      4       2       8     509     509     509       4 0.128E+02 0.494E+02 0.000E+00 0.000E+00 0.635E+01 0.159E+01 0.500E+01 0.125E+01
      4       2       8      67      67      67       4 0.102E+00 0.396E+00 0.000E+00 0.000E+00 0.126E-01 0.315E-02 0.113E-01 0.284E-02
      4       2       8       7       7       7       4 0.566E-02 0.208E-01 0.000E+00 0.000E+00 0.282E-03 0.706E-04 0.167E-03 0.417E-04
      4       4       1     127     127     127       4 0.358E+00 0.142E+01 0.000E+00 0.000E+00 0.105E+00 0.264E-01 0.107E+00 0.269E-01
      4       4       1      17      17      17       4 0.133E-01 0.524E-01 0.000E+00 0.000E+00 0.225E-03 0.562E-04 0.161E-03 0.403E-04
      4       4       1     257     257     257       4 0.314E+01 0.125E+02 0.000E+00 0.000E+00 0.133E+01 0.332E+00 0.130E+01 0.325E+00
      4       4       1      31      31      31       4 0.673E-01 0.268E+00 0.000E+00 0.000E+00 0.109E-02 0.272E-03 0.112E-02 0.279E-03
      4       4       1     509     509     509       4 0.115E+02 0.451E+02 0.000E+00 0.000E+00 0.122E+02 0.306E+01 0.112E+02 0.280E+01
      4       4       1      67      67      67       4 0.867E-01 0.345E+00 0.000E+00 0.000E+00 0.132E-01 0.331E-02 0.140E-01 0.349E-02
      4       4       1       7       7       7       4 0.447E-02 0.174E-01 0.000E+00 0.000E+00 0.970E-04 0.243E-04 0.589E-04 0.147E-04
      4       4       2     127     127     127       4 0.291E+00 0.115E+01 0.000E+00 0.000E+00 0.726E-01 0.181E-01 0.740E-01 0.185E-01
      4       4       2      17      17      17       4 0.239E-01 0.944E-01 0.000E+00 0.000E+00 0.381E-03 0.952E-04 0.288E-03 0.720E-04
      4       4       2     257     257     257       4 0.327E+01 0.130E+02 0.000E+00 0.000E+00 0.835E+00 0.209E+00 0.780E+00 0.195E+00
      4       4       2      31      31      31       4 0.644E-01 0.256E+00 0.000E+00 0.000E+00 0.944E-03 0.236E-03 0.700E-03 0.175E-03
      4       4       2     509     509     509       4 0.196E+02 0.774E+02 0.000E+00 0.000E+00 0.735E+01 0.184E+01 0.635E+01 0.159E+01
      4       4       2      67      67      67       4 0.744E-01 0.294E+00 0.000E+00 0.000E+00 0.101E-01 0.252E-02 0.107E-01 0.268E-02
      4       4       2       7       7       7       4 0.391E-02 0.148E-01 0.000E+00 0.000E+00 0.241E-03 0.603E-04 0.142E-03 0.355E-04
      4       4       4     127     127     127       4 0.207E+00 0.815E+00 0.000E+00 0.000E+00 0.474E-01 0.118E-01 0.506E-01 0.127E-01
      4       4       4      17      17      17       4 0.234E-01 0.906E-01 0.000E+00 0.000E+00 0.514E-03 0.128E-03 0.291E-03 0.727E-04
      4       4       4     257     257     257       4 0.209E+01 0.830E+01 0.000E+00 0.000E+00 0.546E+00 0.136E+00 0.488E+00 0.122E+00
      4       4       4      31      31      31       4 0.624E-01 0.247E+00 0.000E+00 0.000E+00 0.106E-02 0.265E-03 0.897E-03 0.224E-03
      4       4       4     509     509     509       4 0.127E+02 0.497E+02 0.000E+00 0.000E+00 0.505E+01 0.126E+01 0.423E+01 0.106E+01
      4       4       4      67      67      67       4 0.106E+00 0.418E+00 0.000E+00 0.000E+00 0.752E-02 0.188E-02 0.783E-02 0.196E-02
      4       4       4       7       7       7       4 0.623E-02 0.233E-01 0.000E+00 0.000E+00 0.367E-03 0.918E-04 0.186E-03 0.465E-04
      4       8       1     127     127     127       4 0.251E+00 0.100E+01 0.000E+00 0.000E+00 0.573E-01 0.143E-01 0.584E-01 0.146E-01
      4       8       1      17      17      17       4 0.142E-01 0.561E-01 0.000E+00 0.000E+00 0.731E-03 0.183E-03 0.155E-03 0.389E-04
      4       8       1     257     257     257       4 0.188E+01 0.749E+01 0.000E+00 0.000E+00 0.692E+00 0.173E+00 0.695E+00 0.174E+00
      4       8       1      31      31      31       4 0.627E-01 0.250E+00 0.000E+00 0.000E+00 0.112E-02 0.280E-03 0.590E-03 0.147E-03
      4       8       1     509     509     509       4 0.899E+01 0.358E+02 0.000E+00 0.000E+00 0.609E+01 0.152E+01 0.594E+01 0.149E+01
      4       8       1      67      67      67       4 0.623E-01 0.247E+00 0.000E+00 0.000E+00 0.841E-02 0.210E-02 0.846E-02 0.211E-02
      4       8       1       7       7       7       4 0.384E-02 0.143E-01 0.000E+00 0.000E+00 0.157E-03 0.393E-04 0.932E-04 0.233E-04
      4       8       2     127     127     127       4 0.201E+00 0.797E+00 0.000E+00 0.000E+00 0.394E-01 0.985E-02 0.421E-01 0.105E-01
      4       8       2      17      17      17       4 0.230E-01 0.899E-01 0.000E+00 0.000E+00 0.862E-03 0.215E-03 0.270E-03 0.674E-04
      4       8       2     257     257     257       4 0.231E+01 0.922E+01 0.000E+00 0.000E+00 0.444E+00 0.111E+00 0.421E+00 0.105E+00
      4       8       2      31      31      31       4 0.619E-01 0.246E+00 0.000E+00 0.000E+00 0.121E-02 0.302E-03 0.566E-03 0.142E-03
      4       8       2     509     509     509       4 0.122E+02 0.485E+02 0.000E+00 0.000E+00 0.381E+01 0.953E+00 0.363E+01 0.908E+00
      4       8       2      67      67      67       4 0.571E-01 0.225E+00 0.000E+00 0.000E+00 0.658E-02 0.164E-02 0.611E-02 0.153E-02
      4       8       2       7       7       7       4 0.554E-02 0.214E-01 0.000E+00 0.000E+00 0.211E-03 0.528E-04 0.151E-03 0.377E-04
