      1       1     128     128     128       4 0.182E-04 0.329E-04 0.000E+00 0.000E+00 0.156E+00 0.389E-01 0.160E+00 0.400E-01
      1       1      16      16      16       4 0.435E-05 0.141E-04 0.000E+00 0.000E+00 0.188E-03 0.470E-04 0.191E-03 0.477E-04
      1       1     256     256     256       4 0.260E-04 0.429E-04 0.000E+00 0.000E+00 0.172E+01 0.431E+00 0.193E+01 0.482E+00
      1       1      32      32      32       4 0.632E-05 0.191E-04 0.000E+00 0.000E+00 0.149E-02 0.373E-03 0.167E-02 0.417E-03
      1       1     512     512     512       4 0.331E-04 0.470E-04 0.000E+00 0.000E+00 0.194E+02 0.486E+01 0.211E+02 0.527E+01
      1       1      64      64      64       4 0.632E-05 0.160E-04 0.000E+00 0.000E+00 0.127E-01 0.317E-02 0.143E-01 0.357E-02
      1       1       8       8       8       4 0.328E-05 0.112E-04 0.000E+00 0.000E+00 0.439E-04 0.110E-04 0.327E-04 0.817E-05
      1      12     128     128     128       4 0.210E-04 0.401E-04 0.000E+00 0.000E+00 0.195E-01 0.487E-02 0.198E-01 0.495E-02
      1      12      16      16      16       4 0.674E-05 0.200E-04 0.238E-06 0.954E-06 0.159E-03 0.398E-04 0.129E-03 0.323E-04
      1      12     256     256     256       4 0.287E-04 0.501E-04 0.000E+00 0.000E+00 0.252E+00 0.631E-01 0.346E+00 0.864E-01
      1      12      32      32      32       4 0.829E-05 0.210E-04 0.000E+00 0.000E+00 0.441E-03 0.110E-03 0.454E-03 0.113E-03
      1      12     512     512     512       4 0.353E-04 0.510E-04 0.000E+00 0.000E+00 0.268E+01 0.669E+00 0.329E+01 0.823E+00
      1      12      64      64      64       4 0.829E-05 0.200E-04 0.000E+00 0.000E+00 0.302E-02 0.755E-03 0.308E-02 0.771E-03
      1      12       8       8       8       4 0.417E-05 0.129E-04 0.000E+00 0.000E+00 0.799E-04 0.200E-04 0.679E-04 0.170E-04
      1      16     128     128     128       4 0.222E-04 0.420E-04 0.000E+00 0.000E+00 0.170E-01 0.425E-02 0.151E-01 0.378E-02
      1      16      16      16      16       4 0.110E-04 0.348E-04 0.000E+00 0.000E+00 0.128E-03 0.320E-04 0.992E-04 0.248E-04
      1      16     256     256     256       4 0.296E-04 0.479E-04 0.000E+00 0.000E+00 0.233E+00 0.582E-01 0.353E+00 0.884E-01
      1      16      32      32      32       4 0.751E-05 0.210E-04 0.000E+00 0.000E+00 0.321E-03 0.802E-04 0.344E-03 0.861E-04
      1      16     512     512     512       4 0.357E-04 0.520E-04 0.000E+00 0.000E+00 0.374E+01 0.935E+00 0.461E+01 0.115E+01
      1      16      64      64      64       4 0.668E-05 0.160E-04 0.000E+00 0.000E+00 0.273E-02 0.683E-03 0.221E-02 0.553E-03
      1      16       8       8       8       4 0.507E-05 0.141E-04 0.000E+00 0.000E+00 0.115E-03 0.287E-04 0.901E-04 0.225E-04
      1       2     128     128     128       4 0.190E-04 0.339E-04 0.000E+00 0.000E+00 0.868E-01 0.217E-01 0.846E-01 0.211E-01
      1       2      16      16      16       4 0.548E-05 0.169E-04 0.238E-06 0.954E-06 0.137E-03 0.342E-04 0.132E-03 0.331E-04
      1       2     256     256     256       4 0.250E-04 0.389E-04 0.000E+00 0.000E+00 0.107E+01 0.268E+00 0.122E+01 0.305E+00
      1       2      32      32      32       4 0.632E-05 0.172E-04 0.000E+00 0.000E+00 0.965E-03 0.241E-03 0.101E-02 0.253E-03
      1       2     512     512     512       4 0.353E-04 0.510E-04 0.000E+00 0.000E+00 0.113E+02 0.283E+01 0.124E+02 0.309E+01
      1       2      64      64      64       4 0.668E-05 0.160E-04 0.000E+00 0.000E+00 0.671E-02 0.168E-02 0.775E-02 0.194E-02
      1       2       8       8       8       4 0.274E-05 0.100E-04 0.000E+00 0.000E+00 0.410E-04 0.103E-04 0.288E-04 0.721E-05
      1      24     128     128     128       4 0.311E-04 0.429E-04 0.000E+00 0.000E+00 0.132E-01 0.331E-02 0.131E-01 0.327E-02
      1      24      16      16      16       4 0.757E-05 0.231E-04 0.238E-06 0.954E-06 0.170E-03 0.424E-04 0.134E-03 0.335E-04
      1      24     256     256     256       4 0.311E-04 0.422E-04 0.000E+00 0.000E+00 0.186E+00 0.465E-01 0.281E+00 0.703E-01
      1      24      32      32      32       4 0.721E-05 0.200E-04 0.000E+00 0.000E+00 0.415E-03 0.104E-03 0.350E-03 0.875E-04
      1      24     512     512     512       4 0.355E-04 0.520E-04 0.000E+00 0.000E+00 0.226E+01 0.565E+00 0.293E+01 0.732E+00
      1      24      64      64      64       4 0.751E-05 0.181E-04 0.000E+00 0.000E+00 0.297E-02 0.743E-03 0.187E-02 0.468E-03
      1      24       8       8       8       4 0.417E-05 0.129E-04 0.000E+00 0.000E+00 0.493E-01 0.123E-01 0.664E-02 0.166E-02
      1       4     128     128     128       4 0.199E-04 0.370E-04 0.000E+00 0.000E+00 0.465E-01 0.116E-01 0.459E-01 0.115E-01
      1       4      16      16      16       4 0.542E-05 0.169E-04 0.000E+00 0.000E+00 0.161E-03 0.403E-04 0.153E-03 0.382E-04
      1       4     256     256     256       4 0.262E-04 0.408E-04 0.000E+00 0.000E+00 0.532E+00 0.133E+00 0.638E+00 0.159E+00
      1       4      32      32      32       4 0.650E-05 0.181E-04 0.000E+00 0.000E+00 0.824E-03 0.206E-03 0.910E-03 0.227E-03
      1       4     512     512     512       4 0.360E-04 0.539E-04 0.000E+00 0.000E+00 0.618E+01 0.155E+01 0.706E+01 0.176E+01
      1       4      64      64      64       4 0.656E-05 0.162E-04 0.000E+00 0.000E+00 0.516E-02 0.129E-02 0.518E-02 0.130E-02
      1       4       8       8       8       4 0.423E-05 0.131E-04 0.477E-06 0.954E-06 0.520E-04 0.130E-04 0.491E-04 0.123E-04
      1       8     128     128     128       4 0.206E-04 0.372E-04 0.000E+00 0.000E+00 0.266E-01 0.664E-02 0.267E-01 0.668E-02
      1       8      16      16      16       4 0.650E-05 0.188E-04 0.000E+00 0.000E+00 0.153E-03 0.382E-04 0.123E-03 0.308E-04
      1       8     256     256     256       4 0.281E-04 0.482E-04 0.000E+00 0.000E+00 0.369E+00 0.922E-01 0.471E+00 0.118E+00
      1       8      32      32      32       4 0.679E-05 0.181E-04 0.000E+00 0.000E+00 0.483E-03 0.121E-03 0.484E-03 0.121E-03
      1       8     512     512     512       4 0.353E-04 0.510E-04 0.000E+00 0.000E+00 0.429E+01 0.107E+01 0.493E+01 0.123E+01
      1       8      64      64      64       4 0.799E-05 0.191E-04 0.000E+00 0.000E+00 0.304E-02 0.760E-03 0.293E-02 0.733E-03
      1       8       8       8       8       4 0.471E-05 0.129E-04 0.000E+00 0.000E+00 0.732E-04 0.183E-04 0.572E-04 0.143E-04
      2       1     128     128     128       4 0.349E+00 0.139E+01 0.281E+00 0.113E+01 0.114E+00 0.284E-01 0.123E+00 0.306E-01
      2       1      16      16      16       4 0.291E-02 0.115E-01 0.244E-02 0.968E-02 0.699E-04 0.175E-04 0.699E-04 0.175E-04
      2       1     256     256     256       4 0.132E+01 0.529E+01 0.132E+01 0.527E+01 0.133E+01 0.332E+00 0.138E+01 0.344E+00
      2       1      32      32      32       4 0.152E-01 0.607E-01 0.129E-01 0.515E-01 0.735E-03 0.184E-03 0.771E-03 0.193E-03
      2       1     512     512     512       4 0.457E+01 0.183E+02 0.453E+01 0.181E+02 0.116E+02 0.290E+01 0.113E+02 0.283E+01
      2       1      64      64      64       4 0.616E-01 0.246E+00 0.529E-01 0.211E+00 0.101E-01 0.252E-02 0.106E-01 0.265E-02
      2       1       8       8       8       4 0.216E-02 0.856E-02 0.181E-02 0.717E-02 0.882E-05 0.221E-05 0.501E-05 0.125E-05
      2      12     128     128     128       4 0.559E+00 0.223E+01 0.473E+00 0.189E+01 0.236E-01 0.590E-02 0.265E-01 0.663E-02
      2      12      16      16      16       4 0.903E-02 0.350E-01 0.800E-02 0.309E-01 0.303E-03 0.758E-04 0.298E-03 0.746E-04
      2      12     256     256     256       4 0.199E+01 0.795E+01 0.204E+01 0.813E+01 0.230E+00 0.574E-01 0.207E+00 0.518E-01
      2      12      32      32      32       4 0.308E-01 0.122E+00 0.284E-01 0.112E+00 0.582E-03 0.145E-03 0.574E-03 0.144E-03
      2      12     512     512     512       4 0.757E+01 0.303E+02 0.759E+01 0.304E+02 0.175E+01 0.438E+00 0.170E+01 0.424E+00
      2      12      64      64      64       4 0.111E+00 0.442E+00 0.107E+00 0.424E+00 0.272E-02 0.679E-03 0.296E-02 0.741E-03
      2      12       8       8       8       4 0.682E-02 0.255E-01 0.606E-02 0.225E-01 0.566E-03 0.142E-03 0.300E-03 0.749E-04
      2      16     128     128     128       4 0.497E+00 0.198E+01 0.412E+00 0.164E+01 0.203E-01 0.508E-02 0.192E-01 0.480E-02
      2      16      16      16      16       4 0.685E-02 0.264E-01 0.609E-02 0.233E-01 0.327E-03 0.818E-04 0.316E-03 0.790E-04
      2      16     256     256     256       4 0.155E+01 0.620E+01 0.159E+01 0.635E+01 0.209E+00 0.522E-01 0.189E+00 0.474E-01
      2      16      32      32      32       4 0.296E-01 0.117E+00 0.263E-01 0.104E+00 0.749E-03 0.187E-03 0.766E-03 0.192E-03
      2      16     512     512     512       4 0.516E+01 0.206E+02 0.532E+01 0.213E+02 0.184E+01 0.461E+00 0.178E+01 0.446E+00
      2      16      64      64      64       4 0.105E+00 0.420E+00 0.944E-01 0.374E+00 0.286E-02 0.714E-03 0.243E-02 0.608E-03
      2      16       8       8       8       4 0.514E-02 0.195E-01 0.466E-02 0.175E-01 0.274E-03 0.684E-04 0.250E-03 0.625E-04
      2       2     128     128     128       4 0.580E+00 0.232E+01 0.484E+00 0.194E+01 0.710E-01 0.177E-01 0.727E-01 0.182E-01
      2       2      16      16      16       4 0.575E-02 0.228E-01 0.537E-02 0.213E-01 0.135E-03 0.339E-04 0.133E-03 0.332E-04
      2       2     256     256     256       4 0.223E+01 0.893E+01 0.224E+01 0.896E+01 0.803E+00 0.201E+00 0.836E+00 0.209E+00
      2       2      32      32      32       4 0.211E-01 0.842E-01 0.183E-01 0.732E-01 0.469E-03 0.117E-03 0.546E-03 0.136E-03
      2       2     512     512     512       4 0.756E+01 0.303E+02 0.734E+01 0.293E+02 0.668E+01 0.167E+01 0.662E+01 0.165E+01
      2       2      64      64      64       4 0.876E-01 0.350E+00 0.749E-01 0.299E+00 0.539E-02 0.135E-02 0.612E-02 0.153E-02
      2       2       8       8       8       4 0.382E-02 0.151E-01 0.336E-02 0.133E-01 0.448E-04 0.112E-04 0.408E-04 0.102E-04
      2      24     128     128     128       4 0.557E+00 0.221E+01 0.472E+00 0.187E+01 0.219E-01 0.547E-02 0.214E-01 0.535E-02
      2      24      16      16      16       4 0.967E-02 0.359E-01 0.888E-02 0.334E-01 0.520E-03 0.130E-03 0.581E-03 0.145E-03
      2      24     256     256     256       4 0.179E+01 0.714E+01 0.172E+01 0.685E+01 0.179E+00 0.448E-01 0.190E+00 0.476E-01
      2      24      32      32      32       4 0.303E-01 0.119E+00 0.277E-01 0.109E+00 0.843E-03 0.211E-03 0.819E-03 0.205E-03
      2      24     512     512     512       4 0.650E+01 0.260E+02 0.647E+01 0.259E+02 0.147E+01 0.366E+00 0.173E+01 0.433E+00
      2      24      64      64      64       4 0.130E+00 0.515E+00 0.126E+00 0.496E+00 0.396E-02 0.991E-03 0.546E-02 0.136E-02
      2      24       8       8       8       4 0.770E-02 0.277E-01 0.662E-02 0.234E-01 0.727E-03 0.182E-03 0.521E-03 0.130E-03
      2       4     128     128     128       4 0.486E+00 0.194E+01 0.398E+00 0.159E+01 0.420E-01 0.105E-01 0.434E-01 0.108E-01
      2       4      16      16      16       4 0.601E-02 0.237E-01 0.540E-02 0.213E-01 0.128E-03 0.319E-04 0.138E-03 0.345E-04
      2       4     256     256     256       4 0.182E+01 0.730E+01 0.176E+01 0.702E+01 0.421E+00 0.105E+00 0.440E+00 0.110E+00
      2       4      32      32      32       4 0.224E-01 0.892E-01 0.201E-01 0.798E-01 0.446E-03 0.112E-03 0.435E-03 0.109E-03
      2       4     512     512     512       4 0.643E+01 0.257E+02 0.649E+01 0.260E+02 0.366E+01 0.914E+00 0.377E+01 0.942E+00
      2       4      64      64      64       4 0.868E-01 0.347E+00 0.798E-01 0.318E+00 0.385E-02 0.964E-03 0.475E-02 0.119E-02
      2       4       8       8       8       4 0.430E-02 0.169E-01 0.380E-02 0.149E-01 0.896E-04 0.224E-04 0.868E-04 0.217E-04
      2       8     128     128     128       4 0.421E+00 0.168E+01 0.341E+00 0.136E+01 0.310E-01 0.776E-02 0.308E-01 0.770E-02
      2       8      16      16      16       4 0.590E-02 0.230E-01 0.513E-02 0.199E-01 0.197E-03 0.494E-04 0.157E-03 0.392E-04
      2       8     256     256     256       4 0.163E+01 0.650E+01 0.158E+01 0.631E+01 0.244E+00 0.610E-01 0.249E+00 0.623E-01
      2       8      32      32      32       4 0.196E-01 0.776E-01 0.170E-01 0.672E-01 0.619E-03 0.155E-03 0.697E-03 0.174E-03
      2       8     512     512     512       4 0.562E+01 0.225E+02 0.611E+01 0.244E+02 0.212E+01 0.529E+00 0.220E+01 0.551E+00
      2       8      64      64      64       4 0.750E-01 0.299E+00 0.624E-01 0.249E+00 0.408E-02 0.102E-02 0.424E-02 0.106E-02
      2       8       8       8       8       4 0.351E-02 0.135E-01 0.299E-02 0.114E-01 0.172E-03 0.430E-04 0.114E-03 0.285E-04
      3       1     128     128     128       4 0.883E-03 0.336E-02 0.215E-04 0.350E-04 0.112E+00 0.279E-01 0.974E-01 0.244E-01
      3       1      16      16      16       4 0.763E-03 0.305E-02 0.173E-05 0.405E-05 0.782E-04 0.196E-04 0.739E-04 0.185E-04
      3       1     256     256     256       4 0.879E-03 0.333E-02 0.318E-04 0.410E-04 0.128E+01 0.321E+00 0.129E+01 0.322E+00
      3       1      32      32      32       4 0.901E-03 0.359E-02 0.459E-05 0.906E-05 0.827E-03 0.207E-03 0.811E-03 0.203E-03
      3       1     512     512     512       4 0.911E-03 0.340E-02 0.509E-04 0.660E-04 0.196E+02 0.489E+01 0.196E+02 0.489E+01
      3       1      64      64      64       4 0.919E-03 0.365E-02 0.626E-05 0.119E-04 0.837E-02 0.209E-02 0.839E-02 0.210E-02
      3       1       8       8       8       4 0.781E-03 0.312E-02 0.149E-05 0.405E-05 0.167E-04 0.417E-05 0.114E-04 0.286E-05
      3      12     128     128     128       4 0.126E-02 0.489E-02 0.245E-04 0.341E-04 0.148E-01 0.370E-02 0.131E-01 0.326E-02
      3      12      16      16      16       4 0.853E-02 0.341E-01 0.906E-05 0.169E-04 0.134E-03 0.335E-04 0.961E-04 0.240E-04
      3      12     256     256     256       4 0.545E-03 0.195E-02 0.468E-04 0.761E-04 0.215E+00 0.538E-01 0.215E+00 0.536E-01
      3      12      32      32      32       4 0.403E-02 0.161E-01 0.608E-05 0.122E-04 0.298E-03 0.744E-04 0.250E-03 0.624E-04
      3      12     512     512     512       4 0.922E-03 0.343E-02 0.520E-04 0.651E-04 0.294E+01 0.736E+00 0.292E+01 0.729E+00
      3      12      64      64      64       4 0.248E-02 0.989E-02 0.721E-05 0.160E-04 0.177E-02 0.442E-03 0.168E-02 0.420E-03
      3      12       8       8       8       4 0.636E-02 0.254E-01 0.155E-05 0.310E-05 0.212E-04 0.530E-05 0.131E-04 0.328E-05
      3      16     128     128     128       4 0.990E-03 0.378E-02 0.337E-04 0.520E-04 0.119E-01 0.298E-02 0.101E-01 0.252E-02
      3      16      16      16      16       4 0.426E-02 0.170E-01 0.572E-05 0.119E-04 0.124E-03 0.310E-04 0.768E-04 0.192E-04
      3      16     256     256     256       4 0.506E-03 0.182E-02 0.362E-04 0.479E-04 0.210E+00 0.525E-01 0.205E+00 0.513E-01
      3      16      32      32      32       4 0.425E-02 0.170E-01 0.870E-05 0.150E-04 0.308E-03 0.769E-04 0.215E-03 0.537E-04
      3      16     512     512     512       4 0.102E-02 0.383E-02 0.523E-04 0.651E-04 0.313E+01 0.781E+00 0.308E+01 0.770E+00
      3      16      64      64      64       4 0.927E-03 0.368E-02 0.703E-05 0.160E-04 0.155E-02 0.387E-03 0.137E-02 0.343E-03
      3      16       8       8       8       4 0.631E-02 0.252E-01 0.107E-05 0.191E-05 0.198E-04 0.495E-05 0.110E-04 0.274E-05
      3       2     128     128     128       4 0.789E-03 0.302E-02 0.233E-04 0.319E-04 0.564E-01 0.141E-01 0.505E-01 0.126E-01
      3       2      16      16      16       4 0.662E-03 0.263E-02 0.447E-05 0.882E-05 0.120E-03 0.300E-04 0.710E-04 0.178E-04
      3       2     256     256     256       4 0.773E-03 0.290E-02 0.335E-04 0.410E-04 0.825E+00 0.206E+00 0.828E+00 0.207E+00
      3       2      32      32      32       4 0.276E-02 0.110E-01 0.548E-05 0.110E-04 0.620E-03 0.155E-03 0.535E-03 0.134E-03
      3       2     512     512     512       4 0.923E-03 0.342E-02 0.550E-04 0.660E-04 0.123E+02 0.307E+01 0.123E+02 0.307E+01
      3       2      64      64      64       4 0.135E-02 0.539E-02 0.679E-05 0.150E-04 0.453E-02 0.113E-02 0.467E-02 0.117E-02
      3       2       8       8       8       4 0.650E-03 0.259E-02 0.477E-06 0.191E-05 0.167E-04 0.417E-05 0.131E-04 0.328E-05
      3      24     128     128     128       4 0.637E-03 0.239E-02 0.270E-04 0.339E-04 0.134E-01 0.336E-02 0.118E-01 0.296E-02
      3      24      16      16      16       4 0.614E-02 0.245E-01 0.596E-05 0.131E-04 0.156E-03 0.390E-04 0.851E-04 0.213E-04
      3      24     256     256     256       4 0.515E-03 0.184E-02 0.453E-04 0.651E-04 0.176E+00 0.441E-01 0.176E+00 0.440E-01
      3      24      32      32      32       4 0.336E-02 0.134E-01 0.727E-05 0.150E-04 0.251E-03 0.627E-04 0.205E-03 0.513E-04
      3      24     512     512     512       4 0.104E-02 0.389E-02 0.550E-04 0.761E-04 0.253E+01 0.632E+00 0.250E+01 0.625E+00
      3      24      64      64      64       4 0.297E-02 0.119E-01 0.793E-05 0.169E-04 0.127E-02 0.316E-03 0.118E-02 0.295E-03
      3      24       8       8       8       4 0.500E-02 0.200E-01 0.167E-05 0.286E-05 0.226E-04 0.566E-05 0.162E-04 0.405E-05
      3       4     128     128     128       4 0.241E-02 0.950E-02 0.226E-04 0.350E-04 0.310E-01 0.774E-02 0.270E-01 0.675E-02
      3       4      16      16      16       4 0.358E-02 0.143E-01 0.525E-05 0.110E-04 0.121E-03 0.302E-04 0.870E-04 0.218E-04
      3       4     256     256     256       4 0.711E-03 0.265E-02 0.347E-04 0.451E-04 0.465E+00 0.116E+00 0.463E+00 0.116E+00
      3       4      32      32      32       4 0.711E-02 0.284E-01 0.626E-05 0.129E-04 0.538E-03 0.135E-03 0.465E-03 0.116E-03
      3       4     512     512     512       4 0.930E-03 0.346E-02 0.513E-04 0.660E-04 0.630E+01 0.158E+01 0.631E+01 0.158E+01
      3       4      64      64      64       4 0.628E-02 0.251E-01 0.727E-05 0.160E-04 0.275E-02 0.688E-03 0.288E-02 0.719E-03
      3       4       8       8       8       4 0.422E-02 0.169E-01 0.131E-05 0.310E-05 0.172E-04 0.429E-05 0.978E-05 0.244E-05
      3       8     128     128     128       4 0.794E-03 0.303E-02 0.240E-04 0.350E-04 0.174E-01 0.435E-02 0.150E-01 0.375E-02
      3       8      16      16      16       4 0.441E-02 0.176E-01 0.519E-05 0.112E-04 0.137E-03 0.343E-04 0.827E-04 0.207E-04
      3       8     256     256     256       4 0.636E-03 0.236E-02 0.432E-04 0.720E-04 0.315E+00 0.787E-01 0.315E+00 0.789E-01
      3       8      32      32      32       4 0.715E-02 0.286E-01 0.644E-05 0.129E-04 0.339E-03 0.847E-04 0.311E-03 0.777E-04
      3       8     512     512     512       4 0.916E-03 0.341E-02 0.520E-04 0.660E-04 0.396E+01 0.991E+00 0.396E+01 0.991E+00
      3       8      64      64      64       4 0.420E-02 0.168E-01 0.721E-05 0.160E-04 0.161E-02 0.402E-03 0.159E-02 0.398E-03
      3       8       8       8       8       4 0.444E-02 0.178E-01 0.173E-05 0.405E-05 0.169E-04 0.423E-05 0.811E-05 0.203E-05
