      1       1       1    1024       4       4 0.204E-04 0.360E-04 0.150E-04 0.160E-04 0.352E-03 0.220E-04 0.344E-03 0.215E-04
      1       1       1   16384       4       4 0.252E-03 0.375E-03 0.211E-03 0.211E-03 0.559E-02 0.350E-03 0.602E-02 0.376E-03
      1       1       1    2048       4       4 0.425E-04 0.761E-04 0.275E-04 0.310E-04 0.681E-03 0.426E-04 0.624E-03 0.390E-04
      1       1       1     256       4       4 0.123E-04 0.210E-04 0.405E-05 0.405E-05 0.906E-04 0.566E-05 0.801E-04 0.501E-05
      1       1       1   32768       4       4 0.552E-03 0.785E-03 0.422E-03 0.422E-03 0.127E-01 0.796E-03 0.132E-01 0.823E-03
      1       1       1    4096       4       4 0.708E-04 0.108E-03 0.653E-04 0.789E-04 0.127E-02 0.793E-04 0.125E-02 0.780E-04
      1       1       1     512       4       4 0.141E-04 0.331E-04 0.106E-04 0.210E-04 0.165E-03 0.103E-04 0.174E-03 0.108E-04
      1       1       1   65536       4       4 0.108E-02 0.166E-02 0.931E-03 0.103E-02 0.273E-01 0.170E-02 0.285E-01 0.178E-02
      1       1       1    8192       4       4 0.127E-03 0.174E-03 0.123E-03 0.157E-03 0.274E-02 0.171E-03 0.285E-02 0.178E-03
      1       1      12   65536       4       4 0.122E-02 0.153E-02 0.990E-03 0.100E-02 0.861E-01 0.538E-02 0.828E-01 0.517E-02
      1       1      16   32768       4       4 0.550E-03 0.723E-03 0.492E-03 0.492E-03 0.774E-02 0.484E-03 0.813E-02 0.508E-03
      1       1      16   65536       4       4 0.109E-02 0.144E-02 0.988E-03 0.101E-02 0.176E-01 0.110E-02 0.186E-01 0.116E-02
      1       1       2   32768       4       4 0.523E-03 0.663E-03 0.481E-03 0.538E-03 0.954E-02 0.596E-03 0.103E-01 0.641E-03
      1       1       2   65536       4       4 0.102E-02 0.126E-02 0.925E-03 0.102E-02 0.215E-01 0.134E-02 0.233E-01 0.146E-02
      1       1      24   32768       4       4 0.554E-03 0.702E-03 0.499E-03 0.514E-03 0.761E-02 0.476E-03 0.806E-02 0.504E-03
      1       1      24   65536       4       4 0.123E-02 0.194E-02 0.107E-02 0.133E-02 0.178E-01 0.111E-02 0.184E-01 0.115E-02
      1       1       4   32768       4       4 0.535E-03 0.733E-03 0.473E-03 0.524E-03 0.917E-02 0.573E-03 0.952E-02 0.595E-03
      1       1       4   65536       4       4 0.116E-02 0.154E-02 0.868E-03 0.869E-03 0.186E-01 0.116E-02 0.198E-01 0.124E-02
      1       1       8   32768       4       4 0.526E-03 0.659E-03 0.460E-03 0.498E-03 0.745E-02 0.465E-03 0.833E-02 0.521E-03
      1       1       8   65536       4       4 0.115E-02 0.155E-02 0.947E-03 0.100E-02 0.176E-01 0.110E-02 0.185E-01 0.116E-02
      2       1       1    1024       4       4 0.187E-01 0.747E-01 0.162E-01 0.649E-01 0.625E-04 0.390E-05 0.882E-04 0.551E-05
      2       1       1   16384       4       4 0.133E+00 0.529E+00 0.123E+00 0.492E+00 0.194E-02 0.121E-03 0.189E-02 0.118E-03
      2       1       1    2048       4       4 0.268E-01 0.107E+00 0.239E-01 0.955E-01 0.162E-03 0.101E-04 0.144E-03 0.903E-05
      2       1       1     256       4       4 0.994E-02 0.397E-01 0.854E-02 0.341E-01 0.136E-04 0.849E-06 0.143E-04 0.894E-06
      2       1       1    4096       4       4 0.415E-01 0.166E+00 0.383E-01 0.153E+00 0.389E-03 0.243E-04 0.412E-03 0.257E-04
      2       1       1     512       4       4 0.139E-01 0.556E-01 0.120E-01 0.480E-01 0.241E-04 0.151E-05 0.224E-04 0.140E-05
      2       1       1    8192       4       4 0.716E-01 0.286E+00 0.654E-01 0.261E+00 0.789E-03 0.493E-04 0.802E-03 0.501E-04
      2       1      12    1024       4       4 0.441E-01 0.176E+00 0.389E-01 0.155E+00 0.439E-03 0.275E-04 0.449E-03 0.280E-04
      2       1      12   16384       4       4 0.129E+00 0.507E+00 0.113E+00 0.450E+00 0.142E-02 0.888E-04 0.108E-02 0.672E-04
      2       1      12    2048       4       4 0.639E-01 0.255E+00 0.554E-01 0.221E+00 0.708E-03 0.443E-04 0.672E-03 0.420E-04
      2       1      12     256       4       4 0.185E-01 0.737E-01 0.162E-01 0.646E-01 0.316E-03 0.198E-04 0.266E-03 0.166E-04
      2       1      12    4096       4       4 0.751E-01 0.300E+00 0.743E-01 0.297E+00 0.139E-02 0.871E-04 0.914E-03 0.571E-04
      2       1      12     512       4       4 0.269E-01 0.108E+00 0.240E-01 0.958E-01 0.386E-03 0.241E-04 0.396E-03 0.248E-04
      2       1      12    8192       4       4 0.965E-01 0.384E+00 0.104E+00 0.417E+00 0.136E-02 0.853E-04 0.127E-02 0.797E-04
      2       1      16    1024       4       4 0.366E-01 0.146E+00 0.342E-01 0.137E+00 0.685E-03 0.428E-04 0.654E-03 0.409E-04
      2       1      16   16384       4       4 0.143E+00 0.569E+00 0.122E+00 0.486E+00 0.115E-02 0.719E-04 0.115E-02 0.716E-04
      2       1      16    2048       4       4 0.566E-01 0.226E+00 0.507E-01 0.202E+00 0.790E-03 0.494E-04 0.736E-03 0.460E-04
      2       1      16     256       4       4 0.177E-01 0.705E-01 0.157E-01 0.626E-01 0.521E-03 0.325E-04 0.440E-03 0.275E-04
      2       1      16    4096       4       4 0.752E-01 0.300E+00 0.675E-01 0.268E+00 0.943E-03 0.589E-04 0.822E-03 0.514E-04
      2       1      16     512       4       4 0.257E-01 0.103E+00 0.224E-01 0.895E-01 0.531E-03 0.332E-04 0.505E-03 0.316E-04
      2       1      16    8192       4       4 0.101E+00 0.404E+00 0.879E-01 0.350E+00 0.872E-03 0.545E-04 0.774E-03 0.484E-04
      2       1       2    1024       4       4 0.244E-01 0.973E-01 0.219E-01 0.873E-01 0.430E-03 0.269E-04 0.379E-03 0.237E-04
      2       1       2   16384       4       4 0.124E+00 0.495E+00 0.114E+00 0.457E+00 0.142E-02 0.886E-04 0.149E-02 0.931E-04
      2       1       2    2048       4       4 0.290E-01 0.116E+00 0.260E-01 0.104E+00 0.333E-03 0.208E-04 0.347E-03 0.217E-04
      2       1       2     256       4       4 0.127E-01 0.507E-01 0.112E-01 0.446E-01 0.298E-03 0.186E-04 0.286E-03 0.179E-04
      2       1       2    4096       4       4 0.428E-01 0.171E+00 0.389E-01 0.155E+00 0.447E-03 0.279E-04 0.451E-03 0.282E-04
      2       1       2     512       4       4 0.162E-01 0.648E-01 0.140E-01 0.558E-01 0.183E-03 0.114E-04 0.192E-03 0.120E-04
      2       1       2    8192       4       4 0.706E-01 0.282E+00 0.650E-01 0.257E+00 0.772E-03 0.483E-04 0.788E-03 0.493E-04
      2       1      24    1024       4       4 0.437E-01 0.175E+00 0.402E-01 0.161E+00 0.631E-03 0.394E-04 0.557E-03 0.348E-04
      2       1      24   16384       4       4 0.159E+00 0.632E+00 0.168E+00 0.672E+00 0.387E-02 0.242E-03 0.188E-02 0.118E-03
      2       1      24    2048       4       4 0.829E-01 0.330E+00 0.688E-01 0.275E+00 0.101E-02 0.630E-04 0.100E-02 0.625E-04
      2       1      24     256       4       4 0.197E-01 0.786E-01 0.184E-01 0.736E-01 0.633E-03 0.396E-04 0.611E-03 0.382E-04
      2       1      24    4096       4       4 0.103E+00 0.410E+00 0.989E-01 0.394E+00 0.365E-02 0.228E-03 0.152E-02 0.948E-04
      2       1      24     512       4       4 0.294E-01 0.118E+00 0.270E-01 0.108E+00 0.608E-03 0.380E-04 0.582E-03 0.363E-04
      2       1      24    8192       4       4 0.134E+00 0.533E+00 0.118E+00 0.467E+00 0.316E-02 0.198E-03 0.168E-02 0.105E-03
      2       1       4    1024       4       4 0.260E-01 0.103E+00 0.230E-01 0.916E-01 0.285E-03 0.178E-04 0.256E-03 0.160E-04
      2       1       4   16384       4       4 0.128E+00 0.512E+00 0.114E+00 0.453E+00 0.198E-02 0.124E-03 0.137E-02 0.854E-04
      2       1       4    2048       4       4 0.425E-01 0.170E+00 0.401E-01 0.160E+00 0.574E-03 0.359E-04 0.556E-03 0.348E-04
      2       1       4     256       4       4 0.140E-01 0.560E-01 0.122E-01 0.488E-01 0.271E-03 0.170E-04 0.313E-03 0.195E-04
      2       1       4    4096       4       4 0.522E-01 0.209E+00 0.454E-01 0.181E+00 0.661E-03 0.413E-04 0.659E-03 0.412E-04
      2       1       4     512       4       4 0.211E-01 0.843E-01 0.193E-01 0.771E-01 0.363E-03 0.227E-04 0.395E-03 0.247E-04
      2       1       4    8192       4       4 0.781E-01 0.309E+00 0.678E-01 0.270E+00 0.979E-03 0.612E-04 0.942E-03 0.589E-04
      2       1       8    1024       4       4 0.318E-01 0.127E+00 0.279E-01 0.111E+00 0.454E-03 0.284E-04 0.450E-03 0.281E-04
      2       1       8   16384       4       4 0.131E+00 0.522E+00 0.108E+00 0.430E+00 0.129E-02 0.804E-04 0.113E-02 0.707E-04
      2       1       8    2048       4       4 0.449E-01 0.179E+00 0.435E-01 0.173E+00 0.582E-03 0.364E-04 0.585E-03 0.366E-04
      2       1       8     256       4       4 0.169E-01 0.676E-01 0.148E-01 0.591E-01 0.395E-03 0.247E-04 0.344E-03 0.215E-04
      2       1       8    4096       4       4 0.649E-01 0.259E+00 0.635E-01 0.254E+00 0.654E-03 0.409E-04 0.683E-03 0.427E-04
      2       1       8     512       4       4 0.213E-01 0.850E-01 0.193E-01 0.772E-01 0.354E-03 0.221E-04 0.353E-03 0.221E-04
      2       1       8    8192       4       4 0.824E-01 0.329E+00 0.698E-01 0.278E+00 0.646E-03 0.404E-04 0.653E-03 0.408E-04
      3       1       1    1024       4       4 0.651E-03 0.256E-02 0.154E-04 0.229E-04 0.782E-04 0.489E-05 0.615E-04 0.384E-05
      3       1       1 1048576       4       4 0.102E-01 0.127E-01 0.908E-02 0.969E-02 0.215E+00 0.134E-01 0.219E+00 0.137E-01
      3       1       1  131072       4       4 0.284E-02 0.516E-02 0.190E-02 0.199E-02 0.186E-01 0.116E-02 0.180E-01 0.113E-02
      3       1       1   16384       4       4 0.974E-03 0.329E-02 0.215E-03 0.275E-03 0.197E-02 0.123E-03 0.181E-02 0.113E-03
      3       1       1    2048       4       4 0.785E-03 0.299E-02 0.588E-04 0.980E-04 0.204E-03 0.128E-04 0.163E-03 0.102E-04
      3       1       1     256       4       4 0.548E-03 0.218E-02 0.477E-05 0.691E-05 0.219E-04 0.137E-05 0.172E-04 0.107E-05
      3       1       1  262144       4       4 0.287E-02 0.467E-02 0.224E-02 0.227E-02 0.446E-01 0.279E-02 0.452E-01 0.282E-02
      3       1       1   32768       4       4 0.118E-02 0.339E-02 0.545E-03 0.586E-03 0.409E-02 0.255E-03 0.382E-02 0.238E-03
      3       1       1    4096       4       4 0.835E-03 0.312E-02 0.813E-04 0.105E-03 0.369E-03 0.231E-04 0.319E-03 0.199E-04
      3       1       1     512       4       4 0.639E-03 0.253E-02 0.805E-05 0.119E-04 0.312E-04 0.195E-05 0.300E-04 0.188E-05
      3       1       1  524288       4       4 0.555E-02 0.766E-02 0.450E-02 0.470E-02 0.979E-01 0.612E-02 0.981E-01 0.613E-02
      3       1       1   65536       4       4 0.156E-02 0.367E-02 0.101E-02 0.122E-02 0.929E-02 0.581E-03 0.861E-02 0.538E-03
      3       1       1    8192       4       4 0.804E-03 0.290E-02 0.128E-03 0.155E-03 0.863E-03 0.540E-04 0.777E-03 0.485E-04
      3       1      12    1024       4       4 0.444E-02 0.177E-01 0.156E-04 0.250E-04 0.839E-04 0.525E-05 0.825E-04 0.516E-05
      3       1      12 1048576       4       4 0.417E-02 0.162E-01 0.173E-03 0.174E-03 0.904E-01 0.565E-02 0.811E-01 0.507E-02
      3       1      12  131072       4       4 0.438E-02 0.173E-01 0.722E-04 0.808E-04 0.151E-01 0.941E-03 0.154E-01 0.961E-03
      3       1      12   16384       4       4 0.411E-02 0.163E-01 0.402E-04 0.510E-04 0.205E-02 0.128E-03 0.180E-02 0.113E-03
      3       1      12    2048       4       4 0.441E-02 0.175E-01 0.515E-04 0.682E-04 0.557E-03 0.348E-04 0.427E-03 0.267E-04
      3       1      12     256       4       4 0.431E-02 0.172E-01 0.554E-05 0.906E-05 0.226E-04 0.142E-05 0.377E-04 0.235E-05
      3       1      12  262144       4       4 0.397E-02 0.156E-01 0.862E-04 0.949E-04 0.330E-01 0.206E-02 0.284E-01 0.178E-02
      3       1      12   32768       4       4 0.327E-02 0.130E-01 0.412E-04 0.470E-04 0.555E-02 0.347E-03 0.551E-02 0.345E-03
      3       1      12    4096       4       4 0.836E-02 0.333E-01 0.805E-04 0.882E-04 0.849E-03 0.530E-04 0.721E-03 0.451E-04
      3       1      12     512       4       4 0.401E-02 0.160E-01 0.912E-05 0.141E-04 0.379E-04 0.237E-05 0.355E-04 0.222E-05
      3       1      12  524288       4       4 0.955E-03 0.329E-02 0.145E-03 0.164E-03 0.401E-01 0.250E-02 0.393E-01 0.246E-02
      3       1      12   65536       4       4 0.597E-02 0.237E-01 0.525E-04 0.608E-04 0.126E-01 0.788E-03 0.122E-01 0.763E-03
      3       1      12    8192       4       4 0.641E-02 0.256E-01 0.250E-04 0.291E-04 0.184E-02 0.115E-03 0.162E-02 0.101E-03
      3       1      16    1024       4       4 0.515E-02 0.206E-01 0.155E-04 0.229E-04 0.908E-04 0.568E-05 0.718E-04 0.449E-05
      3       1      16 1048576       4       4 0.695E-03 0.227E-02 0.168E-03 0.171E-03 0.105E+00 0.657E-02 0.934E-01 0.584E-02
      3       1      16  131072       4       4 0.356E-02 0.140E-01 0.860E-04 0.980E-04 0.201E-01 0.126E-02 0.188E-01 0.118E-02
      3       1      16   16384       4       4 0.508E-02 0.202E-01 0.315E-04 0.460E-04 0.232E-02 0.145E-03 0.185E-02 0.116E-03
      3       1      16    2048       4       4 0.441E-02 0.175E-01 0.496E-04 0.510E-04 0.590E-03 0.369E-04 0.419E-03 0.262E-04
      3       1      16     256       4       4 0.199E-02 0.794E-02 0.548E-05 0.882E-05 0.243E-04 0.152E-05 0.215E-04 0.134E-05
      3       1      16  262144       4       4 0.191E-02 0.740E-02 0.889E-04 0.939E-04 0.376E-01 0.235E-02 0.348E-01 0.218E-02
      3       1      16   32768       4       4 0.415E-02 0.165E-01 0.496E-04 0.620E-04 0.566E-02 0.354E-03 0.555E-02 0.347E-03
      3       1      16    4096       4       4 0.530E-02 0.210E-01 0.780E-04 0.861E-04 0.446E-02 0.279E-03 0.602E-03 0.376E-04
      3       1      16     512       4       4 0.437E-02 0.174E-01 0.882E-05 0.141E-04 0.544E-04 0.340E-05 0.298E-04 0.186E-05
      3       1      16  524288       4       4 0.444E-02 0.173E-01 0.144E-03 0.178E-03 0.509E-01 0.318E-02 0.458E-01 0.286E-02
      3       1      16   65536       4       4 0.379E-02 0.150E-01 0.483E-04 0.532E-04 0.147E-01 0.916E-03 0.140E-01 0.874E-03
      3       1      16    8192       4       4 0.435E-02 0.173E-01 0.287E-04 0.339E-04 0.190E-02 0.119E-03 0.164E-02 0.102E-03
      3       1       2    1024       4       4 0.321E-02 0.128E-01 0.225E-04 0.532E-04 0.985E-04 0.615E-05 0.846E-04 0.529E-05
      3       1       2 1048576       4       4 0.117E-02 0.417E-02 0.165E-03 0.195E-03 0.217E+00 0.135E-01 0.203E+00 0.127E-01
      3       1       2  131072       4       4 0.959E-03 0.362E-02 0.717E-04 0.789E-04 0.236E-01 0.147E-02 0.214E-01 0.134E-02
      3       1       2   16384       4       4 0.270E-02 0.107E-01 0.302E-04 0.460E-04 0.182E-02 0.114E-03 0.175E-02 0.109E-03
      3       1       2    2048       4       4 0.341E-02 0.135E-01 0.448E-04 0.482E-04 0.289E-03 0.181E-04 0.249E-03 0.156E-04
      3       1       2     256       4       4 0.315E-02 0.126E-01 0.697E-05 0.150E-04 0.257E-04 0.161E-05 0.372E-04 0.232E-05
      3       1       2  262144       4       4 0.150E-02 0.567E-02 0.845E-04 0.108E-03 0.378E-01 0.236E-02 0.358E-01 0.224E-02
      3       1       2   32768       4       4 0.198E-02 0.783E-02 0.415E-04 0.482E-04 0.356E-02 0.223E-03 0.360E-02 0.225E-03
      3       1       2    4096       4       4 0.299E-02 0.118E-01 0.745E-04 0.820E-04 0.803E-03 0.502E-04 0.771E-03 0.482E-04
      3       1       2     512       4       4 0.320E-02 0.128E-01 0.112E-04 0.229E-04 0.355E-04 0.222E-05 0.370E-04 0.231E-05
      3       1       2  524288       4       4 0.118E-02 0.418E-02 0.129E-03 0.141E-03 0.985E-01 0.616E-02 0.984E-01 0.615E-02
      3       1       2   65536       4       4 0.108E-02 0.414E-02 0.512E-04 0.739E-04 0.124E-01 0.777E-03 0.101E-01 0.632E-03
      3       1       2    8192       4       4 0.285E-02 0.113E-01 0.312E-04 0.422E-04 0.101E-02 0.632E-04 0.943E-03 0.589E-04
      3       1      24    1024       4       4 0.406E-02 0.162E-01 0.152E-04 0.229E-04 0.937E-04 0.586E-05 0.668E-04 0.417E-05
      3       1      24 1048576       4       4 0.851E-03 0.280E-02 0.174E-03 0.183E-03 0.129E+00 0.805E-02 0.123E+00 0.768E-02
      3       1      24  131072       4       4 0.337E-02 0.133E-01 0.736E-04 0.799E-04 0.226E-01 0.141E-02 0.222E-01 0.139E-02
      3       1      24   16384       4       4 0.396E-02 0.157E-01 0.343E-04 0.510E-04 0.178E-02 0.111E-03 0.138E-02 0.860E-04
      3       1      24    2048       4       4 0.320E-02 0.126E-01 0.833E-04 0.110E-03 0.726E-03 0.454E-04 0.421E-03 0.263E-04
      3       1      24     256       4       4 0.399E-02 0.159E-01 0.572E-05 0.100E-04 0.253E-04 0.158E-05 0.219E-04 0.137E-05
      3       1      24  262144       4       4 0.372E-02 0.146E-01 0.867E-04 0.970E-04 0.479E-01 0.300E-02 0.488E-01 0.305E-02
      3       1      24   32768       4       4 0.482E-02 0.192E-01 0.607E-04 0.830E-04 0.560E-02 0.350E-03 0.530E-02 0.332E-03
      3       1      24    4096       4       4 0.426E-02 0.169E-01 0.857E-04 0.930E-04 0.906E-03 0.567E-04 0.591E-03 0.370E-04
      3       1      24     512       4       4 0.403E-02 0.161E-01 0.948E-05 0.148E-04 0.391E-04 0.244E-05 0.350E-04 0.219E-05
      3       1      24  524288       4       4 0.335E-02 0.130E-01 0.135E-03 0.141E-03 0.576E-01 0.360E-02 0.552E-01 0.345E-02
      3       1      24   65536       4       4 0.476E-02 0.189E-01 0.602E-04 0.780E-04 0.145E-01 0.905E-03 0.138E-01 0.864E-03
      3       1      24    8192       4       4 0.501E-02 0.199E-01 0.342E-04 0.541E-04 0.208E-02 0.130E-03 0.182E-02 0.114E-03
      3       1       4    1024       4       4 0.461E-02 0.184E-01 0.142E-04 0.231E-04 0.775E-04 0.484E-05 0.620E-04 0.387E-05
      3       1       4 1048576       4       4 0.110E-02 0.380E-02 0.202E-03 0.223E-03 0.125E+00 0.782E-02 0.117E+00 0.729E-02
      3       1       4  131072       4       4 0.169E-02 0.658E-02 0.712E-04 0.789E-04 0.144E-01 0.897E-03 0.130E-01 0.812E-03
      3       1       4   16384       4       4 0.694E-02 0.277E-01 0.275E-04 0.310E-04 0.216E-02 0.135E-03 0.175E-02 0.109E-03
      3       1       4    2048       4       4 0.559E-02 0.223E-01 0.463E-04 0.491E-04 0.442E-03 0.276E-04 0.337E-03 0.211E-04
      3       1       4     256       4       4 0.462E-02 0.185E-01 0.507E-05 0.811E-05 0.207E-04 0.130E-05 0.191E-04 0.119E-05
      3       1       4  262144       4       4 0.562E-02 0.222E-01 0.832E-04 0.111E-03 0.264E-01 0.165E-02 0.224E-01 0.140E-02
      3       1       4   32768       4       4 0.377E-02 0.149E-01 0.458E-04 0.560E-04 0.404E-02 0.252E-03 0.377E-02 0.235E-03
      3       1       4    4096       4       4 0.466E-02 0.185E-01 0.761E-04 0.811E-04 0.737E-03 0.461E-04 0.533E-03 0.333E-04
      3       1       4     512       4       4 0.342E-02 0.137E-01 0.876E-05 0.160E-04 0.343E-04 0.215E-05 0.334E-04 0.209E-05
      3       1       4  524288       4       4 0.937E-03 0.335E-02 0.141E-03 0.177E-03 0.554E-01 0.346E-02 0.542E-01 0.339E-02
      3       1       4   65536       4       4 0.274E-02 0.108E-01 0.456E-04 0.560E-04 0.729E-02 0.455E-03 0.645E-02 0.403E-03
      3       1       4    8192       4       4 0.382E-02 0.152E-01 0.303E-04 0.401E-04 0.126E-02 0.787E-04 0.124E-02 0.776E-04
      3       1       8    1024       4       4 0.658E-02 0.263E-01 0.155E-04 0.241E-04 0.863E-04 0.539E-05 0.101E-03 0.630E-05
      3       1       8 1048576       4       4 0.377E-02 0.146E-01 0.182E-03 0.211E-03 0.909E-01 0.568E-02 0.816E-01 0.510E-02
      3       1       8  131072       4       4 0.497E-02 0.197E-01 0.800E-04 0.100E-03 0.136E-01 0.848E-03 0.129E-01 0.809E-03
      3       1       8   16384       4       4 0.412E-02 0.164E-01 0.297E-04 0.319E-04 0.240E-02 0.150E-03 0.217E-02 0.136E-03
      3       1       8    2048       4       4 0.246E-02 0.974E-02 0.493E-04 0.629E-04 0.509E-03 0.318E-04 0.434E-03 0.271E-04
      3       1       8     256       4       4 0.631E-02 0.252E-01 0.530E-05 0.906E-05 0.234E-04 0.146E-05 0.184E-04 0.115E-05
      3       1       8  262144       4       4 0.254E-02 0.993E-02 0.827E-04 0.113E-03 0.256E-01 0.160E-02 0.229E-01 0.143E-02
      3       1       8   32768       4       4 0.410E-02 0.163E-01 0.430E-04 0.520E-04 0.522E-02 0.327E-03 0.539E-02 0.337E-03
      3       1       8    4096       4       4 0.630E-02 0.250E-01 0.905E-04 0.989E-04 0.844E-03 0.527E-04 0.609E-03 0.381E-04
      3       1       8     512       4       4 0.346E-02 0.138E-01 0.118E-04 0.288E-04 0.367E-04 0.229E-05 0.331E-04 0.207E-05
      3       1       8  524288       4       4 0.251E-02 0.959E-02 0.134E-03 0.154E-03 0.416E-01 0.260E-02 0.401E-01 0.251E-02
      3       1       8   65536       4       4 0.375E-02 0.148E-01 0.517E-04 0.660E-04 0.946E-02 0.591E-03 0.855E-02 0.534E-03
      3       1       8    8192       4       4 0.635E-02 0.253E-01 0.275E-04 0.300E-04 0.141E-02 0.883E-04 0.126E-02 0.789E-04
];
