      2       1    1021    1021       4       4 0.340E+00 0.136E+01 0.311E+00 0.124E+01 0.792E+00 0.495E-01 0.800E+00 0.500E-01
      2       1     127     127       4       4 0.308E-01 0.123E+00 0.261E-01 0.104E+00 0.975E-02 0.610E-03 0.994E-02 0.621E-03
      2       1    2053    2053       4       4 0.208E+01 0.830E+01 0.182E+01 0.727E+01 0.499E+01 0.312E+00 0.500E+01 0.313E+00
      2       1     257     257       4       4 0.108E+00 0.433E+00 0.115E+00 0.460E+00 0.518E-01 0.324E-02 0.518E-01 0.324E-02
      2       1      31      31       4       4 0.115E-01 0.460E-01 0.112E-01 0.449E-01 0.457E-03 0.285E-04 0.459E-03 0.287E-04
      2       1    4099    4099       4       4 0.240E+01 0.959E+01 0.172E+01 0.686E+01 0.230E+02 0.144E+01 0.230E+02 0.144E+01
      2       1     509     509       4       4 0.110E+00 0.441E+00 0.974E-01 0.389E+00 0.176E+00 0.110E-01 0.178E+00 0.111E-01
      2       1      67      67       4       4 0.874E-02 0.347E-01 0.713E-02 0.283E-01 0.349E-02 0.218E-03 0.347E-02 0.217E-03
      2      12    1021    1021       4       4 0.373E+00 0.148E+01 0.354E+00 0.140E+01 0.141E+00 0.883E-02 0.135E+00 0.844E-02
      2      12     127     127       4       4 0.485E-01 0.191E+00 0.444E-01 0.174E+00 0.431E-02 0.269E-03 0.425E-02 0.266E-03
      2      12    2053    2053       4       4 0.139E+01 0.553E+01 0.128E+01 0.510E+01 0.769E+00 0.480E-01 0.772E+00 0.482E-01
      2      12     257     257       4       4 0.384E+00 0.153E+01 0.445E+00 0.178E+01 0.149E-01 0.931E-03 0.148E-01 0.923E-03
      2      12      31      31       4       4 0.232E-01 0.915E-01 0.233E-01 0.923E-01 0.970E-03 0.606E-04 0.951E-03 0.595E-04
      2      12    4099    4099       4       4 0.433E+01 0.173E+02 0.433E+01 0.173E+02 0.334E+01 0.209E+00 0.327E+01 0.205E+00
      2      12     509     509       4       4 0.173E+00 0.688E+00 0.184E+00 0.732E+00 0.371E-01 0.232E-02 0.345E-01 0.216E-02
      2      12      67      67       4       4 0.319E-01 0.125E+00 0.311E-01 0.121E+00 0.250E-02 0.156E-03 0.240E-02 0.150E-03
      2      16    1021    1021       4       4 0.371E+00 0.147E+01 0.343E+00 0.136E+01 0.128E+00 0.802E-02 0.124E+00 0.777E-02
      2      16     127     127       4       4 0.682E-01 0.267E+00 0.638E-01 0.250E+00 0.491E-02 0.307E-03 0.485E-02 0.303E-03
      2      16    2053    2053       4       4 0.145E+01 0.578E+01 0.139E+01 0.552E+01 0.644E+00 0.402E-01 0.621E+00 0.388E-01
      2      16     257     257       4       4 0.481E+00 0.192E+01 0.511E+00 0.204E+01 0.157E-01 0.983E-03 0.153E-01 0.957E-03
      2      16      31      31       4       4 0.325E-01 0.129E+00 0.317E-01 0.126E+00 0.943E-03 0.589E-04 0.888E-03 0.555E-04
      2      16    4099    4099       4       4 0.432E+01 0.172E+02 0.426E+01 0.170E+02 0.375E+01 0.235E+00 0.295E+01 0.185E+00
      2      16     509     509       4       4 0.162E+00 0.639E+00 0.159E+00 0.628E+00 0.294E-01 0.184E-02 0.296E-01 0.185E-02
      2      16      67      67       4       4 0.368E-01 0.140E+00 0.346E-01 0.131E+00 0.259E-02 0.162E-03 0.231E-02 0.144E-03
      2       2    1021    1021       4       4 0.510E+00 0.204E+01 0.454E+00 0.181E+01 0.505E+00 0.316E-01 0.506E+00 0.317E-01
      2       2     127     127       4       4 0.350E-01 0.139E+00 0.279E-01 0.111E+00 0.622E-02 0.388E-03 0.610E-02 0.381E-03
      2       2    2053    2053       4       4 0.268E+01 0.107E+02 0.230E+01 0.918E+01 0.319E+01 0.199E+00 0.316E+01 0.198E+00
      2       2     257     257       4       4 0.178E+00 0.712E+00 0.179E+00 0.714E+00 0.329E-01 0.206E-02 0.328E-01 0.205E-02
      2       2      31      31       4       4 0.134E-01 0.533E-01 0.129E-01 0.512E-01 0.460E-03 0.288E-04 0.448E-03 0.280E-04
      2       2    4099    4099       4       4 0.505E+01 0.202E+02 0.345E+01 0.138E+02 0.150E+02 0.938E+00 0.150E+02 0.936E+00
      2       2     509     509       4       4 0.163E+00 0.651E+00 0.147E+00 0.587E+00 0.117E+00 0.728E-02 0.116E+00 0.728E-02
      2       2      67      67       4       4 0.113E-01 0.444E-01 0.543E-02 0.212E-01 0.282E-02 0.176E-03 0.269E-02 0.168E-03
      2      24    1021    1021       4       4 0.414E+00 0.163E+01 0.417E+00 0.164E+01 0.888E-01 0.555E-02 0.880E-01 0.550E-02
      2      24     127     127       4       4 0.954E-01 0.363E+00 0.922E-01 0.350E+00 0.553E-02 0.346E-03 0.478E-02 0.299E-03
      2      24    2053    2053       4       4 0.157E+01 0.621E+01 0.150E+01 0.591E+01 0.579E+00 0.362E-01 0.560E+00 0.350E-01
      2      24     257     257       4       4 0.583E+00 0.232E+01 0.662E+00 0.263E+01 0.129E-01 0.804E-03 0.127E-01 0.792E-03
      2      24      31      31       4       4 0.468E-01 0.186E+00 0.436E-01 0.173E+00 0.598E-02 0.373E-03 0.202E-02 0.126E-03
      2      24    4099    4099       4       4 0.455E+01 0.181E+02 0.426E+01 0.170E+02 0.227E+01 0.142E+00 0.199E+01 0.124E+00
      2      24     509     509       4       4 0.236E+00 0.935E+00 0.230E+00 0.908E+00 0.326E-01 0.204E-02 0.322E-01 0.201E-02
      2      24      67      67       4       4 0.536E-01 0.200E+00 0.451E-01 0.166E+00 0.400E-02 0.250E-03 0.368E-02 0.230E-03
      2       4    1021    1021       4       4 0.360E+00 0.144E+01 0.357E+00 0.142E+01 0.283E+00 0.177E-01 0.292E+00 0.183E-01
      2       4     127     127       4       4 0.342E-01 0.136E+00 0.299E-01 0.119E+00 0.536E-02 0.335E-03 0.539E-02 0.337E-03
      2       4    2053    2053       4       4 0.189E+01 0.753E+01 0.178E+01 0.711E+01 0.200E+01 0.125E+00 0.204E+01 0.127E+00
      2       4     257     257       4       4 0.231E+00 0.921E+00 0.247E+00 0.985E+00 0.166E-01 0.104E-02 0.156E-01 0.974E-03
      2       4      31      31       4       4 0.129E-01 0.515E-01 0.126E-01 0.503E-01 0.506E-03 0.316E-04 0.488E-03 0.305E-04
      2       4    4099    4099       4       4 0.505E+01 0.202E+02 0.336E+01 0.134E+02 0.948E+01 0.593E+00 0.933E+01 0.583E+00
      2       4     509     509       4       4 0.139E+00 0.555E+00 0.143E+00 0.571E+00 0.670E-01 0.419E-02 0.662E-01 0.414E-02
      2       4      67      67       4       4 0.177E-01 0.698E-01 0.148E-01 0.582E-01 0.175E-02 0.109E-03 0.170E-02 0.106E-03
      2       8    1021    1021       4       4 0.305E+00 0.122E+01 0.276E+00 0.110E+01 0.146E+00 0.911E-02 0.139E+00 0.869E-02
      2       8     127     127       4       4 0.466E-01 0.184E+00 0.478E-01 0.189E+00 0.394E-02 0.246E-03 0.376E-02 0.235E-03
      2       8    2053    2053       4       4 0.153E+01 0.611E+01 0.138E+01 0.550E+01 0.856E+00 0.535E-01 0.848E+00 0.530E-01
      2       8     257     257       4       4 0.337E+00 0.134E+01 0.361E+00 0.144E+01 0.199E-01 0.124E-02 0.195E-01 0.122E-02
      2       8      31      31       4       4 0.215E-01 0.853E-01 0.233E-01 0.930E-01 0.584E-03 0.365E-04 0.613E-03 0.383E-04
      2       8    4099    4099       4       4 0.450E+01 0.180E+02 0.438E+01 0.175E+02 0.437E+01 0.273E+00 0.418E+01 0.261E+00
      2       8     509     509       4       4 0.128E+00 0.511E+00 0.137E+00 0.543E+00 0.592E-01 0.370E-02 0.589E-01 0.368E-02
      2       8      67      67       4       4 0.183E-01 0.712E-01 0.155E-01 0.598E-01 0.200E-02 0.125E-03 0.186E-02 0.116E-03
      3       1    1021    1021       4       4 0.999E-03 0.351E-02 0.149E-03 0.181E-03 0.727E+00 0.454E-01 0.749E+00 0.468E-01
      3       1     127     127       4       4 0.850E-03 0.333E-02 0.195E-04 0.279E-04 0.675E-02 0.422E-03 0.687E-02 0.429E-03
      3       1    2053    2053       4       4 0.119E-02 0.335E-02 0.400E-03 0.403E-03 0.449E+01 0.280E+00 0.460E+01 0.288E+00
      3       1     257     257       4       4 0.923E-03 0.355E-02 0.423E-04 0.601E-04 0.420E-01 0.262E-02 0.435E-01 0.272E-02
      3       1      31      31       4       4 0.806E-03 0.321E-02 0.429E-05 0.715E-05 0.173E-03 0.108E-04 0.137E-03 0.855E-05
      3       1    4099    4099       4       4 0.213E-02 0.476E-02 0.117E-02 0.122E-02 0.337E+02 0.210E+01 0.343E+02 0.214E+01
      3       1     509     509       4       4 0.935E-03 0.345E-02 0.709E-04 0.961E-04 0.142E+00 0.888E-02 0.148E+00 0.925E-02
      3       1      67      67       4       4 0.806E-03 0.320E-02 0.602E-05 0.100E-04 0.403E-02 0.252E-03 0.402E-02 0.251E-03
      3      12    1021    1021       4       4 0.172E-02 0.609E-02 0.228E-03 0.264E-03 0.835E-01 0.522E-02 0.841E-01 0.525E-02
      3      12     127     127       4       4 0.573E-02 0.228E-01 0.295E-04 0.441E-04 0.199E-02 0.124E-03 0.176E-02 0.110E-03
      3      12    2053    2053       4       4 0.102E-02 0.246E-02 0.449E-03 0.453E-03 0.469E+00 0.293E-01 0.478E+00 0.299E-01
      3      12     257     257       4       4 0.154E-02 0.591E-02 0.797E-04 0.104E-03 0.644E-02 0.402E-03 0.598E-02 0.374E-03
      3      12      31      31       4       4 0.405E-02 0.162E-01 0.674E-05 0.906E-05 0.401E-03 0.250E-04 0.241E-03 0.151E-04
      3      12    4099    4099       4       4 0.209E-02 0.382E-02 0.134E-02 0.146E-02 0.344E+01 0.215E+00 0.349E+01 0.218E+00
      3      12     509     509       4       4 0.289E-02 0.112E-01 0.116E-03 0.130E-03 0.176E-01 0.110E-02 0.177E-01 0.111E-02
      3      12      67      67       4       4 0.626E-02 0.250E-01 0.852E-05 0.110E-04 0.131E-02 0.816E-04 0.829E-03 0.518E-04
      3      16    1021    1021       4       4 0.820E-03 0.272E-02 0.176E-03 0.211E-03 0.621E-01 0.388E-02 0.612E-01 0.383E-02
      3      16     127     127       4       4 0.359E-02 0.142E-01 0.259E-04 0.291E-04 0.156E-02 0.977E-04 0.128E-02 0.800E-04
      3      16    2053    2053       4       4 0.997E-03 0.234E-02 0.469E-03 0.491E-03 0.364E+00 0.228E-01 0.365E+00 0.228E-01
      3      16     257     257       4       4 0.398E-02 0.157E-01 0.595E-04 0.741E-04 0.626E-02 0.391E-03 0.585E-02 0.366E-03
      3      16      31      31       4       4 0.429E-02 0.171E-01 0.572E-05 0.100E-04 0.474E-03 0.297E-04 0.228E-03 0.142E-04
      3      16    4099    4099       4       4 0.187E-02 0.345E-02 0.131E-02 0.143E-02 0.264E+01 0.165E+00 0.268E+01 0.168E+00
      3      16     509     509       4       4 0.202E-02 0.773E-02 0.119E-03 0.142E-03 0.157E-01 0.981E-03 0.151E-01 0.941E-03
      3      16      67      67       4       4 0.501E-02 0.200E-01 0.983E-05 0.131E-04 0.942E-03 0.589E-04 0.100E-02 0.627E-04
      3       2    1021    1021       4       4 0.938E-03 0.306E-02 0.183E-03 0.198E-03 0.379E+00 0.237E-01 0.386E+00 0.241E-01
      3       2     127     127       4       4 0.265E-02 0.105E-01 0.244E-04 0.310E-04 0.381E-02 0.238E-03 0.396E-02 0.247E-03
      3       2    2053    2053       4       4 0.122E-02 0.347E-02 0.405E-03 0.421E-03 0.237E+01 0.148E+00 0.241E+01 0.150E+00
      3       2     257     257       4       4 0.123E-02 0.480E-02 0.435E-04 0.629E-04 0.223E-01 0.139E-02 0.231E-01 0.144E-02
      3       2      31      31       4       4 0.366E-02 0.146E-01 0.590E-05 0.882E-05 0.208E-03 0.130E-04 0.148E-03 0.927E-05
      3       2    4099    4099       4       4 0.211E-02 0.436E-02 0.123E-02 0.126E-02 0.174E+02 0.109E+01 0.176E+02 0.110E+01
      3       2     509     509       4       4 0.120E-02 0.449E-02 0.108E-03 0.136E-03 0.741E-01 0.463E-02 0.768E-01 0.480E-02
      3       2      67      67       4       4 0.300E-02 0.120E-01 0.679E-05 0.906E-05 0.254E-02 0.158E-03 0.245E-02 0.153E-03
      3      24    1021    1021       4       4 0.104E-02 0.360E-02 0.188E-03 0.276E-03 0.780E-01 0.488E-02 0.778E-01 0.486E-02
      3      24     127     127       4       4 0.407E-02 0.162E-01 0.412E-04 0.820E-04 0.167E-02 0.105E-03 0.122E-02 0.765E-04
      3      24    2053    2053       4       4 0.915E-03 0.198E-02 0.467E-03 0.502E-03 0.258E+00 0.161E-01 0.258E+00 0.161E-01
      3      24     257     257       4       4 0.417E-02 0.165E-01 0.808E-04 0.124E-03 0.587E-02 0.367E-03 0.528E-02 0.330E-03
      3      24      31      31       4       4 0.390E-02 0.156E-01 0.602E-05 0.906E-05 0.586E-03 0.366E-04 0.264E-03 0.165E-04
      3      24    4099    4099       4       4 0.191E-02 0.318E-02 0.138E-02 0.148E-02 0.190E+01 0.119E+00 0.190E+01 0.119E+00
      3      24     509     509       4       4 0.411E-02 0.160E-01 0.117E-03 0.141E-03 0.196E-01 0.122E-02 0.190E-01 0.119E-02
      3      24      67      67       4       4 0.290E-02 0.116E-01 0.823E-05 0.122E-04 0.102E-02 0.635E-04 0.728E-03 0.455E-04
      3       4    1021    1021       4       4 0.898E-03 0.287E-02 0.196E-03 0.213E-03 0.208E+00 0.130E-01 0.213E+00 0.133E-01
      3       4     127     127       4       4 0.582E-02 0.232E-01 0.244E-04 0.310E-04 0.222E-02 0.139E-03 0.220E-02 0.137E-03
      3       4    2053    2053       4       4 0.109E-02 0.317E-02 0.407E-03 0.424E-03 0.124E+01 0.778E-01 0.128E+01 0.797E-01
      3       4     257     257       4       4 0.738E-02 0.293E-01 0.615E-04 0.808E-04 0.124E-01 0.778E-03 0.128E-01 0.801E-03
      3       4      31      31       4       4 0.560E-02 0.224E-01 0.620E-05 0.882E-05 0.290E-03 0.181E-04 0.197E-03 0.123E-04
      3       4    4099    4099       4       4 0.230E-02 0.495E-02 0.139E-02 0.166E-02 0.902E+01 0.564E+00 0.916E+01 0.572E+00
      3       4     509     509       4       4 0.275E-02 0.107E-01 0.103E-03 0.118E-03 0.421E-01 0.263E-02 0.426E-01 0.266E-02
      3       4      67      67       4       4 0.535E-02 0.214E-01 0.829E-05 0.119E-04 0.172E-02 0.108E-03 0.168E-02 0.105E-03
      3       8    1021    1021       4       4 0.303E-02 0.114E-01 0.194E-03 0.217E-03 0.114E+00 0.711E-02 0.115E+00 0.717E-02
      3       8     127     127       4       4 0.486E-02 0.193E-01 0.368E-04 0.432E-04 0.223E-02 0.139E-03 0.216E-02 0.135E-03
      3       8    2053    2053       4       4 0.946E-03 0.277E-02 0.387E-03 0.418E-03 0.671E+00 0.419E-01 0.684E+00 0.427E-01
      3       8     257     257       4       4 0.448E-02 0.178E-01 0.545E-04 0.582E-04 0.946E-02 0.591E-03 0.924E-02 0.577E-03
      3       8      31      31       4       4 0.445E-02 0.178E-01 0.858E-05 0.131E-04 0.267E-01 0.167E-02 0.247E-03 0.154E-04
      3       8    4099    4099       4       4 0.217E-02 0.438E-02 0.125E-02 0.133E-02 0.481E+01 0.301E+00 0.488E+01 0.305E+00
      3       8     509     509       4       4 0.173E-02 0.662E-02 0.812E-04 0.989E-04 0.226E-01 0.142E-02 0.228E-01 0.142E-02
      3       8      67      67       4       4 0.431E-02 0.172E-01 0.781E-05 0.100E-04 0.249E-01 0.155E-02 0.166E-02 0.104E-03
