      2       1     127     127     127       4 0.448E+00 0.179E+01 0.443E+00 0.177E+01 0.484E+00 0.121E+00 0.485E+00 0.121E+00
      2       1      17      17      17       4 0.220E-02 0.868E-02 0.198E-02 0.783E-02 0.616E-03 0.154E-03 0.598E-03 0.149E-03
      2       1     257     257     257       4 0.260E+01 0.104E+02 0.260E+01 0.104E+02 0.558E+01 0.139E+01 0.559E+01 0.140E+01
      2       1      31      31      31       4 0.180E-01 0.719E-01 0.178E-01 0.712E-01 0.540E-02 0.135E-02 0.540E-02 0.135E-02
      2       1     509     509     509       4 0.494E+01 0.198E+02 0.492E+01 0.197E+02 0.363E+02 0.909E+01 0.362E+02 0.905E+01
      2       1      67      67      67       4 0.763E-01 0.305E+00 0.692E-01 0.276E+00 0.904E-01 0.226E-01 0.884E-01 0.221E-01
      2       1       7       7       7       4 0.180E-02 0.709E-02 0.158E-02 0.624E-02 0.906E-05 0.226E-05 0.477E-05 0.119E-05
      2      12     127     127     127       4 0.487E+00 0.194E+01 0.466E+00 0.186E+01 0.924E-01 0.231E-01 0.859E-01 0.215E-01
      2      12      17      17      17       4 0.110E-01 0.422E-01 0.105E-01 0.403E-01 0.389E-03 0.972E-04 0.270E-03 0.675E-04
      2      12     257     257     257       4 0.274E+01 0.110E+02 0.273E+01 0.109E+02 0.844E+00 0.211E+00 0.758E+00 0.189E+00
      2      12      31      31      31       4 0.573E-01 0.227E+00 0.584E-01 0.232E+00 0.132E-02 0.330E-03 0.122E-02 0.305E-03
      2      12     509     509     509       4 0.805E+01 0.322E+02 0.794E+01 0.317E+02 0.418E+01 0.105E+01 0.408E+01 0.102E+01
      2      12      67      67      67       4 0.113E+00 0.446E+00 0.111E+00 0.439E+00 0.240E-01 0.599E-02 0.234E-01 0.585E-02
      2      12       7       7       7       4 0.623E-02 0.241E-01 0.576E-02 0.222E-01 0.318E-03 0.795E-04 0.255E-03 0.637E-04
      2      16     127     127     127       4 0.459E+00 0.183E+01 0.432E+00 0.171E+01 0.104E+00 0.259E-01 0.729E-01 0.182E-01
      2      16      17      17      17       4 0.106E-01 0.406E-01 0.103E-01 0.395E-01 0.342E-03 0.855E-04 0.296E-03 0.739E-04
      2      16     257     257     257       4 0.260E+01 0.104E+02 0.263E+01 0.105E+02 0.868E+00 0.217E+00 0.710E+00 0.177E+00
      2      16      31      31      31       4 0.664E-01 0.264E+00 0.642E-01 0.255E+00 0.154E-02 0.386E-03 0.149E-02 0.372E-03
      2      16     509     509     509       4 0.740E+01 0.296E+02 0.702E+01 0.281E+02 0.346E+01 0.866E+00 0.355E+01 0.888E+00
      2      16      67      67      67       4 0.122E+00 0.475E+00 0.115E+00 0.449E+00 0.241E-01 0.602E-02 0.237E-01 0.592E-02
      2      16       7       7       7       4 0.658E-02 0.247E-01 0.571E-02 0.211E-01 0.691E-03 0.173E-03 0.395E-03 0.988E-04
      2       2     127     127     127       4 0.708E+00 0.283E+01 0.672E+00 0.269E+01 0.315E+00 0.787E-01 0.280E+00 0.701E-01
      2       2      17      17      17       4 0.738E-02 0.293E-01 0.708E-02 0.281E-01 0.430E-03 0.108E-03 0.459E-03 0.115E-03
      2       2     257     257     257       4 0.662E+01 0.265E+02 0.667E+01 0.267E+02 0.306E+01 0.765E+00 0.304E+01 0.761E+00
      2       2      31      31      31       4 0.424E-01 0.169E+00 0.414E-01 0.165E+00 0.300E-02 0.749E-03 0.375E-02 0.937E-03
      2       2     509     509     509       4 0.108E+02 0.432E+02 0.108E+02 0.431E+02 0.199E+02 0.499E+01 0.201E+02 0.503E+01
      2       2      67      67      67       4 0.164E+00 0.655E+00 0.165E+00 0.659E+00 0.618E-01 0.154E-01 0.530E-01 0.132E-01
      2       2       7       7       7       4 0.477E-02 0.189E-01 0.435E-02 0.173E-01 0.520E-04 0.130E-04 0.472E-04 0.118E-04
      2      24     127     127     127       4 0.469E+00 0.185E+01 0.457E+00 0.181E+01 0.778E-01 0.194E-01 0.784E-01 0.196E-01
      2      24      17      17      17       4 0.147E-01 0.526E-01 0.147E-01 0.530E-01 0.103E-02 0.257E-03 0.615E-03 0.154E-03
      2      24     257     257     257       4 0.258E+01 0.103E+02 0.262E+01 0.104E+02 0.601E+00 0.150E+00 0.496E+00 0.124E+00
      2      24      31      31      31       4 0.768E-01 0.304E+00 0.718E-01 0.284E+00 0.180E-02 0.449E-03 0.185E-02 0.462E-03
      2      24     509     509     509       4 0.634E+01 0.253E+02 0.626E+01 0.250E+02 0.282E+01 0.705E+00 0.279E+01 0.697E+00
      2      24      67      67      67       4 0.148E+00 0.562E+00 0.136E+00 0.514E+00 0.222E-01 0.554E-02 0.187E-01 0.469E-02
      2      24       7       7       7       4 0.605E-02 0.214E-01 0.559E-02 0.196E-01 0.696E-03 0.174E-03 0.435E-03 0.109E-03
      2       4     127     127     127       4 0.469E+00 0.187E+01 0.456E+00 0.182E+01 0.169E+00 0.423E-01 0.161E+00 0.403E-01
      2       4      17      17      17       4 0.653E-02 0.256E-01 0.646E-02 0.255E-01 0.405E-03 0.101E-03 0.401E-03 0.100E-03
      2       4     257     257     257       4 0.416E+01 0.166E+02 0.403E+01 0.161E+02 0.184E+01 0.461E+00 0.182E+01 0.455E+00
      2       4      31      31      31       4 0.385E-01 0.154E+00 0.395E-01 0.158E+00 0.172E-02 0.431E-03 0.164E-02 0.410E-03
      2       4     509     509     509       4 0.821E+01 0.328E+02 0.787E+01 0.315E+02 0.111E+02 0.277E+01 0.111E+02 0.277E+01
      2       4      67      67      67       4 0.122E+00 0.485E+00 0.126E+00 0.504E+00 0.280E-01 0.701E-02 0.284E-01 0.710E-02
      2       4       7       7       7       4 0.525E-02 0.207E-01 0.472E-02 0.186E-01 0.930E-04 0.232E-04 0.830E-04 0.207E-04
      2       8     127     127     127       4 0.406E+00 0.162E+01 0.392E+00 0.156E+01 0.113E+00 0.283E-01 0.108E+00 0.270E-01
      2       8      17      17      17       4 0.963E-02 0.366E-01 0.955E-02 0.364E-01 0.432E-03 0.108E-03 0.282E-03 0.705E-04
      2       8     257     257     257       4 0.312E+01 0.125E+02 0.320E+01 0.128E+02 0.101E+01 0.252E+00 0.930E+00 0.233E+00
      2       8      31      31      31       4 0.492E-01 0.196E+00 0.488E-01 0.194E+00 0.169E-02 0.423E-03 0.165E-02 0.413E-03
      2       8     509     509     509       4 0.805E+01 0.322E+02 0.791E+01 0.316E+02 0.593E+01 0.148E+01 0.591E+01 0.148E+01
      2       8      67      67      67       4 0.119E+00 0.473E+00 0.111E+00 0.443E+00 0.267E-01 0.666E-02 0.264E-01 0.661E-02
      2       8       7       7       7       4 0.730E-02 0.280E-01 0.599E-02 0.229E-01 0.647E-03 0.162E-03 0.299E-03 0.747E-04
      3       1     127     127     127       4 0.105E-02 0.391E-02 0.605E-04 0.720E-04 0.330E+00 0.826E-01 0.341E+00 0.852E-01
      3       1      17      17      17       4 0.827E-03 0.328E-02 0.727E-05 0.110E-04 0.450E-03 0.113E-03 0.405E-03 0.101E-03
      3       1     257     257     257       4 0.113E-02 0.410E-02 0.119E-03 0.144E-03 0.439E+01 0.110E+01 0.452E+01 0.113E+01
      3       1      31      31      31       4 0.707E-03 0.280E-02 0.745E-05 0.119E-04 0.380E-02 0.950E-03 0.374E-02 0.934E-03
      3       1     509     509     509       4 0.107E-02 0.365E-02 0.183E-03 0.234E-03 0.293E+02 0.733E+01 0.305E+02 0.762E+01
      3       1      67      67      67       4 0.967E-03 0.381E-02 0.117E-04 0.200E-04 0.101E+00 0.252E-01 0.100E+00 0.251E-01
      3       1       7       7       7       4 0.745E-03 0.298E-02 0.155E-05 0.405E-05 0.193E-04 0.483E-05 0.119E-04 0.298E-05
      3      12     127     127     127       4 0.890E-03 0.326E-02 0.663E-04 0.751E-04 0.370E-01 0.925E-02 0.357E-01 0.894E-02
      3      12      17      17      17       4 0.734E-02 0.293E-01 0.966E-05 0.129E-04 0.315E-03 0.787E-04 0.151E-03 0.377E-04
      3      12     257     257     257       4 0.661E-03 0.214E-02 0.138E-03 0.168E-03 0.468E+00 0.117E+00 0.480E+00 0.120E+00
      3      12      31      31      31       4 0.219E-02 0.872E-02 0.137E-04 0.229E-04 0.844E-03 0.211E-03 0.583E-03 0.146E-03
      3      12     509     509     509       4 0.112E-02 0.370E-02 0.230E-03 0.240E-03 0.301E+01 0.752E+00 0.314E+01 0.784E+00
      3      12      67      67      67       4 0.473E-02 0.189E-01 0.155E-04 0.200E-04 0.129E-01 0.323E-02 0.127E-01 0.318E-02
      3      12       7       7       7       4 0.432E-02 0.173E-01 0.167E-05 0.381E-05 0.262E-04 0.656E-05 0.136E-04 0.340E-05
      3      16     127     127     127       4 0.793E-03 0.287E-02 0.688E-04 0.761E-04 0.297E-01 0.742E-02 0.263E-01 0.658E-02
      3      16      17      17      17       4 0.426E-02 0.170E-01 0.846E-05 0.110E-04 0.305E-03 0.762E-04 0.158E-03 0.395E-04
      3      16     257     257     257       4 0.635E-03 0.199E-02 0.137E-03 0.165E-03 0.355E+00 0.886E-01 0.377E+00 0.942E-01
      3      16      31      31      31       4 0.406E-02 0.162E-01 0.115E-04 0.160E-04 0.742E-03 0.185E-03 0.500E-03 0.125E-03
      3      16     509     509     509       4 0.129E-02 0.450E-02 0.187E-03 0.233E-03 0.234E+01 0.585E+00 0.242E+01 0.605E+00
      3      16      67      67      67       4 0.106E-02 0.419E-02 0.160E-04 0.219E-04 0.102E-01 0.255E-02 0.114E-01 0.286E-02
      3      16       7       7       7       4 0.422E-02 0.169E-01 0.125E-05 0.310E-05 0.241E-04 0.602E-05 0.148E-04 0.370E-05
      3       2     127     127     127       4 0.182E-02 0.700E-02 0.607E-04 0.699E-04 0.170E+00 0.425E-01 0.176E+00 0.441E-01
      3       2      17      17      17       4 0.359E-02 0.143E-01 0.876E-05 0.129E-04 0.325E-03 0.813E-04 0.247E-03 0.617E-04
      3       2     257     257     257       4 0.879E-03 0.304E-02 0.122E-03 0.141E-03 0.227E+01 0.568E+00 0.235E+01 0.587E+00
      3       2      31      31      31       4 0.665E-03 0.263E-02 0.793E-05 0.129E-04 0.211E-02 0.528E-03 0.201E-02 0.502E-03
      3       2     509     509     509       4 0.110E-02 0.364E-02 0.229E-03 0.240E-03 0.154E+02 0.384E+01 0.159E+02 0.397E+01
      3       2      67      67      67       4 0.954E-03 0.374E-02 0.133E-04 0.200E-04 0.530E-01 0.132E-01 0.530E-01 0.132E-01
      3       2       7       7       7       4 0.666E-03 0.266E-02 0.954E-06 0.191E-05 0.203E-04 0.507E-05 0.129E-04 0.322E-05
      3      24     127     127     127       4 0.125E-02 0.470E-02 0.700E-04 0.801E-04 0.359E-01 0.897E-02 0.370E-01 0.924E-02
      3      24      17      17      17       4 0.431E-02 0.172E-01 0.104E-04 0.141E-04 0.706E-03 0.176E-03 0.127E-03 0.318E-04
      3      24     257     257     257       4 0.693E-03 0.223E-02 0.180E-03 0.329E-03 0.422E+00 0.106E+00 0.433E+00 0.108E+00
      3      24      31      31      31       4 0.218E-02 0.866E-02 0.108E-04 0.181E-04 0.690E-03 0.173E-03 0.528E-03 0.132E-03
      3      24     509     509     509       4 0.107E-02 0.364E-02 0.191E-03 0.244E-03 0.171E+01 0.428E+00 0.175E+01 0.439E+00
      3      24      67      67      67       4 0.364E-02 0.145E-01 0.185E-04 0.279E-04 0.732E-02 0.183E-02 0.699E-02 0.175E-02
      3      24       7       7       7       4 0.605E-02 0.242E-01 0.775E-06 0.215E-05 0.215E-04 0.536E-05 0.136E-04 0.340E-05
      3       4     127     127     127       4 0.231E-02 0.897E-02 0.610E-04 0.710E-04 0.891E-01 0.223E-01 0.920E-01 0.230E-01
      3       4      17      17      17       4 0.367E-02 0.146E-01 0.799E-05 0.119E-04 0.359E-03 0.896E-04 0.242E-03 0.605E-04
      3       4     257     257     257       4 0.834E-03 0.287E-02 0.127E-03 0.155E-03 0.120E+01 0.299E+00 0.124E+01 0.309E+00
      3       4      31      31      31       4 0.333E-02 0.133E-01 0.105E-04 0.138E-04 0.171E-02 0.426E-03 0.162E-02 0.405E-03
      3       4     509     509     509       4 0.984E-03 0.323E-02 0.192E-03 0.259E-03 0.807E+01 0.202E+01 0.829E+01 0.207E+01
      3       4      67      67      67       4 0.311E-02 0.124E-01 0.140E-04 0.210E-04 0.279E-01 0.696E-02 0.278E-01 0.694E-02
      3       4       7       7       7       4 0.459E-02 0.184E-01 0.125E-05 0.215E-05 0.188E-04 0.471E-05 0.122E-04 0.304E-05
      3       8     127     127     127       4 0.165E-02 0.633E-02 0.707E-04 0.939E-04 0.481E-01 0.120E-01 0.491E-01 0.123E-01
      3       8      17      17      17       4 0.541E-02 0.216E-01 0.775E-05 0.119E-04 0.273E-03 0.683E-04 0.167E-03 0.417E-04
      3       8     257     257     257       4 0.770E-03 0.257E-02 0.131E-03 0.157E-03 0.660E+00 0.165E+00 0.669E+00 0.167E+00
      3       8      31      31      31       4 0.729E-02 0.291E-01 0.113E-04 0.141E-04 0.779E-03 0.195E-03 0.667E-03 0.167E-03
      3       8     509     509     509       4 0.123E-02 0.414E-02 0.231E-03 0.244E-03 0.423E+01 0.106E+01 0.441E+01 0.110E+01
      3       8      67      67      67       4 0.422E-02 0.168E-01 0.148E-04 0.210E-04 0.161E-01 0.404E-02 0.159E-01 0.397E-02
      3       8       7       7       7       4 0.628E-02 0.251E-01 0.149E-05 0.405E-05 0.210E-04 0.525E-05 0.131E-04 0.328E-05
      4       1     127     127     127       4 0.000E+00 0.000E+00 0.000E+00 0.000E+00 0.000E+00 0.000E+00 0.000E+00 0.000E+00
      4       1      17      17      17       4 0.000E+00 0.000E+00 0.000E+00 0.000E+00 0.000E+00 0.000E+00 0.000E+00 0.000E+00
      4       1     257     257     257       4 0.000E+00 0.000E+00 0.000E+00 0.000E+00 0.000E+00 0.000E+00 0.000E+00 0.000E+00
      4       1      31      31      31       4 0.000E+00 0.000E+00 0.000E+00 0.000E+00 0.000E+00 0.000E+00 0.000E+00 0.000E+00
      4       1     509     509     509       4 0.000E+00 0.000E+00 0.000E+00 0.000E+00 0.000E+00 0.000E+00 0.000E+00 0.000E+00
      4       1      67      67      67       4 0.000E+00 0.000E+00 0.000E+00 0.000E+00 0.000E+00 0.000E+00 0.000E+00 0.000E+00
      4       1       7       7       7       4 0.000E+00 0.000E+00 0.000E+00 0.000E+00 0.000E+00 0.000E+00 0.000E+00 0.000E+00
      4      12     127     127     127       4 0.000E+00 0.000E+00 0.000E+00 0.000E+00 0.000E+00 0.000E+00 0.000E+00 0.000E+00
      4      12      17      17      17       4 0.000E+00 0.000E+00 0.000E+00 0.000E+00 0.000E+00 0.000E+00 0.000E+00 0.000E+00
      4      12     257     257     257       4 0.000E+00 0.000E+00 0.000E+00 0.000E+00 0.000E+00 0.000E+00 0.000E+00 0.000E+00
      4      12      31      31      31       4 0.000E+00 0.000E+00 0.000E+00 0.000E+00 0.000E+00 0.000E+00 0.000E+00 0.000E+00
      4      12     509     509     509       4 0.000E+00 0.000E+00 0.000E+00 0.000E+00 0.000E+00 0.000E+00 0.000E+00 0.000E+00
      4      12      67      67      67       4 0.000E+00 0.000E+00 0.000E+00 0.000E+00 0.000E+00 0.000E+00 0.000E+00 0.000E+00
      4      12       7       7       7       4 0.000E+00 0.000E+00 0.000E+00 0.000E+00 0.000E+00 0.000E+00 0.000E+00 0.000E+00
      4      16     127     127     127       4 0.000E+00 0.000E+00 0.000E+00 0.000E+00 0.000E+00 0.000E+00 0.000E+00 0.000E+00
      4      16      17      17      17       4 0.000E+00 0.000E+00 0.000E+00 0.000E+00 0.000E+00 0.000E+00 0.000E+00 0.000E+00
      4      16     257     257     257       4 0.000E+00 0.000E+00 0.000E+00 0.000E+00 0.000E+00 0.000E+00 0.000E+00 0.000E+00
      4      16      31      31      31       4 0.000E+00 0.000E+00 0.000E+00 0.000E+00 0.000E+00 0.000E+00 0.000E+00 0.000E+00
      4      16     509     509     509       4 0.000E+00 0.000E+00 0.000E+00 0.000E+00 0.000E+00 0.000E+00 0.000E+00 0.000E+00
      4      16      67      67      67       4 0.000E+00 0.000E+00 0.000E+00 0.000E+00 0.000E+00 0.000E+00 0.000E+00 0.000E+00
      4      16       7       7       7       4 0.000E+00 0.000E+00 0.000E+00 0.000E+00 0.000E+00 0.000E+00 0.000E+00 0.000E+00
      4       2     127     127     127       4 0.000E+00 0.000E+00 0.000E+00 0.000E+00 0.000E+00 0.000E+00 0.000E+00 0.000E+00
      4       2      17      17      17       4 0.000E+00 0.000E+00 0.000E+00 0.000E+00 0.000E+00 0.000E+00 0.000E+00 0.000E+00
      4       2     257     257     257       4 0.000E+00 0.000E+00 0.000E+00 0.000E+00 0.000E+00 0.000E+00 0.000E+00 0.000E+00
      4       2      31      31      31       4 0.000E+00 0.000E+00 0.000E+00 0.000E+00 0.000E+00 0.000E+00 0.000E+00 0.000E+00
      4       2     509     509     509       4 0.000E+00 0.000E+00 0.000E+00 0.000E+00 0.000E+00 0.000E+00 0.000E+00 0.000E+00
      4       2      67      67      67       4 0.000E+00 0.000E+00 0.000E+00 0.000E+00 0.000E+00 0.000E+00 0.000E+00 0.000E+00
      4       2       7       7       7       4 0.000E+00 0.000E+00 0.000E+00 0.000E+00 0.000E+00 0.000E+00 0.000E+00 0.000E+00
      4      24     127     127     127       4 0.000E+00 0.000E+00 0.000E+00 0.000E+00 0.000E+00 0.000E+00 0.000E+00 0.000E+00
      4      24      17      17      17       4 0.000E+00 0.000E+00 0.000E+00 0.000E+00 0.000E+00 0.000E+00 0.000E+00 0.000E+00
      4      24     257     257     257       4 0.000E+00 0.000E+00 0.000E+00 0.000E+00 0.000E+00 0.000E+00 0.000E+00 0.000E+00
      4      24      31      31      31       4 0.000E+00 0.000E+00 0.000E+00 0.000E+00 0.000E+00 0.000E+00 0.000E+00 0.000E+00
      4      24     509     509     509       4 0.000E+00 0.000E+00 0.000E+00 0.000E+00 0.000E+00 0.000E+00 0.000E+00 0.000E+00
      4      24      67      67      67       4 0.000E+00 0.000E+00 0.000E+00 0.000E+00 0.000E+00 0.000E+00 0.000E+00 0.000E+00
      4      24       7       7       7       4 0.000E+00 0.000E+00 0.000E+00 0.000E+00 0.000E+00 0.000E+00 0.000E+00 0.000E+00
      4       4     127     127     127       4 0.000E+00 0.000E+00 0.000E+00 0.000E+00 0.000E+00 0.000E+00 0.000E+00 0.000E+00
      4       4      17      17      17       4 0.000E+00 0.000E+00 0.000E+00 0.000E+00 0.000E+00 0.000E+00 0.000E+00 0.000E+00
      4       4     257     257     257       4 0.000E+00 0.000E+00 0.000E+00 0.000E+00 0.000E+00 0.000E+00 0.000E+00 0.000E+00
      4       4      31      31      31       4 0.000E+00 0.000E+00 0.000E+00 0.000E+00 0.000E+00 0.000E+00 0.000E+00 0.000E+00
      4       4     509     509     509       4 0.000E+00 0.000E+00 0.000E+00 0.000E+00 0.000E+00 0.000E+00 0.000E+00 0.000E+00
      4       4      67      67      67       4 0.000E+00 0.000E+00 0.000E+00 0.000E+00 0.000E+00 0.000E+00 0.000E+00 0.000E+00
      4       4       7       7       7       4 0.000E+00 0.000E+00 0.000E+00 0.000E+00 0.000E+00 0.000E+00 0.000E+00 0.000E+00
      4       8     127     127     127       4 0.000E+00 0.000E+00 0.000E+00 0.000E+00 0.000E+00 0.000E+00 0.000E+00 0.000E+00
      4       8      17      17      17       4 0.000E+00 0.000E+00 0.000E+00 0.000E+00 0.000E+00 0.000E+00 0.000E+00 0.000E+00
      4       8     257     257     257       4 0.000E+00 0.000E+00 0.000E+00 0.000E+00 0.000E+00 0.000E+00 0.000E+00 0.000E+00
      4       8      31      31      31       4 0.000E+00 0.000E+00 0.000E+00 0.000E+00 0.000E+00 0.000E+00 0.000E+00 0.000E+00
      4       8     509     509     509       4 0.000E+00 0.000E+00 0.000E+00 0.000E+00 0.000E+00 0.000E+00 0.000E+00 0.000E+00
      4       8      67      67      67       4 0.000E+00 0.000E+00 0.000E+00 0.000E+00 0.000E+00 0.000E+00 0.000E+00 0.000E+00
      4       8       7       7       7       4 0.000E+00 0.000E+00 0.000E+00 0.000E+00 0.000E+00 0.000E+00 0.000E+00 0.000E+00
