res3dc4=[      1       1       1     128     128     128       4 0.157E-04 0.300E-04 0.000E+00 0.000E+00 0.151E+00 0.378E-01 0.163E+00 0.407E-01
      1       1       1      16      16      16       4 0.852E-05 0.279E-04 0.000E+00 0.000E+00 0.299E-03 0.747E-04 0.201E-03 0.502E-04
      1       1       1     256     256     256       4 0.238E-04 0.422E-04 0.000E+00 0.000E+00 0.172E+01 0.431E+00 0.193E+01 0.483E+00
      1       1       1      32      32      32       4 0.745E-05 0.200E-04 0.000E+00 0.000E+00 0.157E-02 0.393E-03 0.169E-02 0.423E-03
      1       1       1     512     512     512       4 0.325E-04 0.491E-04 0.000E+00 0.000E+00 0.194E+02 0.486E+01 0.211E+02 0.528E+01
      1       1       1      64      64      64       4 0.733E-05 0.191E-04 0.000E+00 0.000E+00 0.127E-01 0.318E-02 0.143E-01 0.358E-02
      1       1       1       8       8       8       4 0.578E-05 0.200E-04 0.000E+00 0.000E+00 0.751E-04 0.188E-04 0.610E-04 0.153E-04
      1       1      12     128     128     128       4 0.195E-04 0.379E-04 0.298E-06 0.119E-05 0.187E-01 0.468E-02 0.181E-01 0.452E-02
      1       1      12      16      16      16       4 0.924E-05 0.300E-04 0.000E+00 0.000E+00 0.126E-03 0.315E-04 0.136E-03 0.340E-04
      1       1      12     256     256     256       4 0.282E-04 0.508E-04 0.000E+00 0.000E+00 0.239E+00 0.597E-01 0.335E+00 0.836E-01
      1       1      12      32      32      32       4 0.103E-04 0.291E-04 0.000E+00 0.000E+00 0.705E-03 0.176E-03 0.490E-03 0.122E-03
      1       1      12     512     512     512       4 0.334E-04 0.501E-04 0.000E+00 0.000E+00 0.275E+01 0.687E+00 0.337E+01 0.842E+00
      1       1      12      64      64      64       4 0.829E-05 0.210E-04 0.000E+00 0.000E+00 0.299E-02 0.748E-03 0.309E-02 0.773E-03
      1       1      12       8       8       8       4 0.596E-05 0.200E-04 0.298E-06 0.119E-05 0.851E-04 0.213E-04 0.660E-04 0.165E-04
      1       1      16     128     128     128       4 0.197E-04 0.410E-04 0.000E+00 0.000E+00 0.149E-01 0.372E-02 0.133E-01 0.334E-02
      1       1      16      16      16      16       4 0.936E-05 0.291E-04 0.000E+00 0.000E+00 0.128E-03 0.319E-04 0.999E-04 0.250E-04
      1       1      16     256     256     256       4 0.272E-04 0.510E-04 0.000E+00 0.000E+00 0.240E+00 0.599E-01 0.337E+00 0.841E-01
      1       1      16      32      32      32       4 0.103E-04 0.300E-04 0.000E+00 0.000E+00 0.376E-03 0.939E-04 0.327E-03 0.818E-04
      1       1      16     512     512     512       4 0.342E-04 0.510E-04 0.000E+00 0.000E+00 0.296E+01 0.740E+00 0.372E+01 0.929E+00
      1       1      16      64      64      64       4 0.829E-05 0.210E-04 0.000E+00 0.000E+00 0.232E-02 0.579E-03 0.210E-02 0.525E-03
      1       1      16       8       8       8       4 0.721E-05 0.241E-04 0.000E+00 0.000E+00 0.811E-04 0.203E-04 0.648E-04 0.162E-04
      1       1       2     128     128     128       4 0.185E-04 0.341E-04 0.000E+00 0.000E+00 0.832E-01 0.208E-01 0.818E-01 0.204E-01
      1       1       2      16      16      16       4 0.846E-05 0.269E-04 0.000E+00 0.000E+00 0.229E-03 0.573E-04 0.201E-03 0.502E-04
      1       1       2     256     256     256       4 0.255E-04 0.451E-04 0.000E+00 0.000E+00 0.108E+01 0.270E+00 0.122E+01 0.306E+00
      1       1       2      32      32      32       4 0.948E-05 0.210E-04 0.000E+00 0.000E+00 0.981E-03 0.245E-03 0.985E-03 0.246E-03
      1       1       2     512     512     512       4 0.334E-04 0.498E-04 0.000E+00 0.000E+00 0.115E+02 0.287E+01 0.126E+02 0.316E+01
      1       1       2      64      64      64       4 0.751E-05 0.179E-04 0.000E+00 0.000E+00 0.803E-02 0.201E-02 0.814E-02 0.203E-02
      1       1       2       8       8       8       4 0.572E-05 0.200E-04 0.000E+00 0.000E+00 0.710E-04 0.178E-04 0.782E-04 0.196E-04
      1       1      24     128     128     128       4 0.205E-04 0.432E-04 0.000E+00 0.000E+00 0.141E-01 0.351E-02 0.142E-01 0.354E-02
      1       1      24      16      16      16       4 0.805E-05 0.269E-04 0.000E+00 0.000E+00 0.690E-03 0.172E-03 0.120E-03 0.300E-04
      1       1      24     256     256     256       4 0.370E-04 0.739E-04 0.000E+00 0.000E+00 0.182E+00 0.454E-01 0.278E+00 0.696E-01
      1       1      24      32      32      32       4 0.960E-05 0.291E-04 0.000E+00 0.000E+00 0.363E-03 0.907E-04 0.378E-03 0.945E-04
      1       1      24     512     512     512       4 0.343E-04 0.498E-04 0.000E+00 0.000E+00 0.222E+01 0.554E+00 0.292E+01 0.730E+00
      1       1      24      64      64      64       4 0.101E-04 0.272E-04 0.000E+00 0.000E+00 0.185E-02 0.463E-03 0.183E-02 0.458E-03
      1       1      24       8       8       8       4 0.721E-05 0.238E-04 0.238E-06 0.954E-06 0.878E-03 0.220E-03 0.803E-04 0.201E-04
      1       1       4     128     128     128       4 0.187E-04 0.381E-04 0.000E+00 0.000E+00 0.441E-01 0.110E-01 0.436E-01 0.109E-01
      1       1       4      16      16      16       4 0.846E-05 0.272E-04 0.000E+00 0.000E+00 0.164E-03 0.409E-04 0.161E-03 0.402E-04
      1       1       4     256     256     256       4 0.253E-04 0.439E-04 0.000E+00 0.000E+00 0.576E+00 0.144E+00 0.680E+00 0.170E+00
      1       1       4      32      32      32       4 0.978E-05 0.241E-04 0.000E+00 0.000E+00 0.897E-03 0.224E-03 0.929E-03 0.232E-03
      1       1       4     512     512     512       4 0.342E-04 0.498E-04 0.000E+00 0.000E+00 0.682E+01 0.171E+01 0.753E+01 0.188E+01
      1       1       4      64      64      64       4 0.781E-05 0.191E-04 0.000E+00 0.000E+00 0.434E-02 0.109E-02 0.427E-02 0.107E-02
      1       1       4       8       8       8       4 0.626E-05 0.200E-04 0.000E+00 0.000E+00 0.582E-04 0.145E-04 0.620E-04 0.155E-04
      1       1       8     128     128     128       4 0.185E-04 0.370E-04 0.000E+00 0.000E+00 0.253E-01 0.633E-02 0.239E-01 0.599E-02
      1       1       8      16      16      16       4 0.650E-05 0.210E-04 0.000E+00 0.000E+00 0.136E-03 0.340E-04 0.115E-03 0.288E-04
      1       1       8     256     256     256       4 0.275E-04 0.501E-04 0.000E+00 0.000E+00 0.365E+00 0.912E-01 0.454E+00 0.114E+00
      1       1       8      32      32      32       4 0.823E-05 0.241E-04 0.000E+00 0.000E+00 0.535E-03 0.134E-03 0.522E-03 0.131E-03
      1       1       8     512     512     512       4 0.345E-04 0.510E-04 0.000E+00 0.000E+00 0.454E+01 0.113E+01 0.468E+01 0.117E+01
      1       1       8      64      64      64       4 0.805E-05 0.200E-04 0.000E+00 0.000E+00 0.276E-02 0.690E-03 0.237E-02 0.592E-03
      1       1       8       8       8       8       4 0.751E-05 0.250E-04 0.000E+00 0.000E+00 0.761E-04 0.190E-04 0.730E-04 0.182E-04
      1      12       1     128     128     128       4 0.228E-04 0.482E-04 0.000E+00 0.000E+00 0.195E+00 0.489E-01 0.230E+00 0.575E-01
      1      12       1      16      16      16       4 0.126E-04 0.432E-04 0.000E+00 0.000E+00 0.366E-03 0.914E-04 0.387E-03 0.967E-04
      1      12       1     256     256     256       4 0.322E-04 0.570E-04 0.000E+00 0.000E+00 0.175E+01 0.437E+00 0.210E+01 0.525E+00
      1      12       1      32      32      32       4 0.107E-04 0.310E-04 0.238E-06 0.954E-06 0.297E-02 0.741E-03 0.350E-02 0.875E-03
      1      12       1      64      64      64       4 0.978E-05 0.200E-04 0.000E+00 0.000E+00 0.171E-01 0.428E-02 0.187E-01 0.468E-02
      1      12       1       8       8       8       4 0.602E-05 0.210E-04 0.000E+00 0.000E+00 0.899E-04 0.225E-04 0.739E-04 0.185E-04
      1      12       2     128     128     128       4 0.255E-04 0.620E-04 0.000E+00 0.000E+00 0.127E+00 0.317E-01 0.198E+00 0.494E-01
      1      12       2      16      16      16       4 0.995E-05 0.279E-04 0.000E+00 0.000E+00 0.279E-03 0.698E-04 0.288E-03 0.721E-04
      1      12       2     256     256     256       4 0.353E-04 0.639E-04 0.298E-06 0.119E-05 0.108E+01 0.269E+00 0.141E+01 0.353E+00
      1      12       2      32      32      32       4 0.110E-04 0.310E-04 0.000E+00 0.000E+00 0.174E-02 0.436E-03 0.188E-02 0.471E-03
      1      12       2      64      64      64       4 0.155E-04 0.310E-04 0.000E+00 0.000E+00 0.114E-01 0.286E-02 0.141E-01 0.353E-02
      1      12       2       8       8       8       4 0.674E-05 0.241E-04 0.000E+00 0.000E+00 0.598E-04 0.150E-04 0.463E-04 0.116E-04
      1      16       1     128     128     128       4 0.170E-04 0.322E-04 0.000E+00 0.000E+00 0.202E+00 0.506E-01 0.289E+00 0.721E-01
      1      16       1      16      16      16       4 0.805E-05 0.250E-04 0.000E+00 0.000E+00 0.411E-03 0.103E-03 0.421E-03 0.105E-03
      1      16       1     256     256     256       4 0.310E-04 0.582E-04 0.000E+00 0.000E+00 0.180E+01 0.449E+00 0.237E+01 0.594E+00
      1      16       1      32      32      32       4 0.139E-04 0.360E-04 0.000E+00 0.000E+00 0.300E-02 0.750E-03 0.345E-02 0.863E-03
      1      16       1      64      64      64       4 0.115E-04 0.241E-04 0.000E+00 0.000E+00 0.251E-01 0.627E-02 0.299E-01 0.747E-02
      1      16       1       8       8       8       4 0.650E-05 0.231E-04 0.000E+00 0.000E+00 0.730E-04 0.182E-04 0.670E-04 0.167E-04
      1       2       1     128     128     128       4 0.170E-04 0.331E-04 0.000E+00 0.000E+00 0.154E+00 0.385E-01 0.164E+00 0.411E-01
      1       2       1      16      16      16       4 0.876E-05 0.291E-04 0.000E+00 0.000E+00 0.410E-03 0.102E-03 0.404E-03 0.101E-03
      1       2       1     256     256     256       4 0.247E-04 0.429E-04 0.000E+00 0.000E+00 0.172E+01 0.429E+00 0.193E+01 0.482E+00
      1       2       1      32      32      32       4 0.757E-05 0.231E-04 0.000E+00 0.000E+00 0.148E-02 0.371E-03 0.160E-02 0.401E-03
      1       2       1     512     512     512       4 0.328E-04 0.491E-04 0.000E+00 0.000E+00 0.195E+02 0.488E+01 0.212E+02 0.531E+01
      1       2       1      64      64      64       4 0.668E-05 0.160E-04 0.000E+00 0.000E+00 0.131E-01 0.329E-02 0.147E-01 0.366E-02
      1       2       1       8       8       8       4 0.566E-05 0.181E-04 0.000E+00 0.000E+00 0.718E-04 0.179E-04 0.620E-04 0.155E-04
      1       2      12     128     128     128       4 0.376E-04 0.582E-04 0.000E+00 0.000E+00 0.260E-01 0.651E-02 0.302E-01 0.755E-02
      1       2      12      16      16      16       4 0.983E-05 0.310E-04 0.000E+00 0.000E+00 0.172E-03 0.430E-04 0.149E-03 0.371E-04
      1       2      12     256     256     256       4 0.287E-04 0.520E-04 0.000E+00 0.000E+00 0.246E+00 0.616E-01 0.344E+00 0.860E-01
      1       2      12      32      32      32       4 0.112E-04 0.319E-04 0.000E+00 0.000E+00 0.474E-03 0.119E-03 0.472E-03 0.118E-03
      1       2      12     512     512     512       4 0.447E-04 0.639E-04 0.000E+00 0.000E+00 0.339E+01 0.847E+00 0.419E+01 0.105E+01
      1       2      12      64      64      64       4 0.130E-04 0.229E-04 0.000E+00 0.000E+00 0.257E-02 0.643E-03 0.297E-02 0.744E-03
      1       2      12       8       8       8       4 0.650E-05 0.210E-04 0.000E+00 0.000E+00 0.677E-04 0.169E-04 0.885E-04 0.221E-04
      1       2       2     128     128     128       4 0.145E-04 0.279E-04 0.000E+00 0.000E+00 0.895E-01 0.224E-01 0.988E-01 0.247E-01
      1       2       2      16      16      16       4 0.132E-04 0.439E-04 0.000E+00 0.000E+00 0.233E-03 0.583E-04 0.239E-03 0.598E-04
      1       2       2     256     256     256       4 0.248E-04 0.441E-04 0.000E+00 0.000E+00 0.936E+00 0.234E+00 0.104E+01 0.260E+00
      1       2       2      32      32      32       4 0.852E-05 0.248E-04 0.000E+00 0.000E+00 0.157E-02 0.391E-03 0.178E-02 0.446E-03
      1       2       2     512     512     512       4 0.330E-04 0.501E-04 0.000E+00 0.000E+00 0.100E+02 0.251E+01 0.110E+02 0.275E+01
      1       2       2      64      64      64       4 0.727E-05 0.169E-04 0.000E+00 0.000E+00 0.808E-02 0.202E-02 0.838E-02 0.209E-02
      1       2       2       8       8       8       4 0.721E-05 0.229E-04 0.000E+00 0.000E+00 0.744E-04 0.186E-04 0.677E-04 0.169E-04
      1       2       4     128     128     128       4 0.175E-04 0.300E-04 0.000E+00 0.000E+00 0.487E-01 0.122E-01 0.572E-01 0.143E-01
      1       2       4      16      16      16       4 0.882E-05 0.260E-04 0.000E+00 0.000E+00 0.274E-03 0.685E-04 0.191E-03 0.477E-04
      1       2       4     256     256     256       4 0.258E-04 0.460E-04 0.000E+00 0.000E+00 0.587E+00 0.147E+00 0.684E+00 0.171E+00
      1       2       4      32      32      32       4 0.118E-04 0.350E-04 0.000E+00 0.000E+00 0.854E-03 0.214E-03 0.953E-03 0.238E-03
      1       2       4     512     512     512       4 0.354E-04 0.548E-04 0.000E+00 0.000E+00 0.476E+01 0.119E+01 0.605E+01 0.151E+01
      1       2       4      64      64      64       4 0.745E-05 0.169E-04 0.000E+00 0.000E+00 0.469E-02 0.117E-02 0.500E-02 0.125E-02
      1       2       4       8       8       8       4 0.548E-05 0.181E-04 0.000E+00 0.000E+00 0.679E-04 0.170E-04 0.682E-04 0.170E-04
      1       2       8     128     128     128       4 0.204E-04 0.420E-04 0.000E+00 0.000E+00 0.280E-01 0.699E-02 0.347E-01 0.867E-02
      1       2       8      16      16      16       4 0.995E-05 0.319E-04 0.000E+00 0.000E+00 0.148E-03 0.370E-04 0.122E-03 0.305E-04
      1       2       8     256     256     256       4 0.318E-04 0.510E-04 0.000E+00 0.000E+00 0.374E+00 0.935E-01 0.472E+00 0.118E+00
      1       2       8      32      32      32       4 0.102E-04 0.288E-04 0.000E+00 0.000E+00 0.513E-03 0.128E-03 0.529E-03 0.132E-03
      1       2       8     512     512     512       4 0.358E-04 0.579E-04 0.000E+00 0.000E+00 0.514E+01 0.128E+01 0.529E+01 0.132E+01
      1       2       8      64      64      64       4 0.112E-04 0.310E-04 0.000E+00 0.000E+00 0.284E-02 0.709E-03 0.282E-02 0.704E-03
      1       2       8       8       8       8       4 0.632E-05 0.200E-04 0.000E+00 0.000E+00 0.739E-04 0.185E-04 0.610E-04 0.153E-04
      1      24       1     128     128     128       4 0.297E-04 0.570E-04 0.000E+00 0.000E+00 0.216E+00 0.540E-01 0.283E+00 0.708E-01
      1      24       1      16      16      16       4 0.775E-05 0.269E-04 0.000E+00 0.000E+00 0.290E-03 0.725E-04 0.275E-03 0.687E-04
      1      24       1     256     256     256       4 0.373E-04 0.861E-04 0.298E-06 0.119E-05 0.201E+01 0.503E+00 0.301E+01 0.753E+00
      1      24       1      32      32      32       4 0.117E-04 0.329E-04 0.000E+00 0.000E+00 0.308E-02 0.769E-03 0.346E-02 0.866E-03
      1      24       1      64      64      64       4 0.117E-04 0.210E-04 0.000E+00 0.000E+00 0.214E-01 0.534E-02 0.299E-01 0.747E-02
      1      24       1       8       8       8       4 0.495E-05 0.160E-04 0.000E+00 0.000E+00 0.682E-04 0.170E-04 0.536E-04 0.134E-04
      1       4       1     128     128     128       4 0.153E-04 0.260E-04 0.000E+00 0.000E+00 0.171E+00 0.427E-01 0.198E+00 0.496E-01
      1       4       1      16      16      16       4 0.122E-04 0.429E-04 0.000E+00 0.000E+00 0.378E-03 0.945E-04 0.399E-03 0.998E-04
      1       4       1     256     256     256       4 0.250E-04 0.422E-04 0.000E+00 0.000E+00 0.154E+01 0.386E+00 0.176E+01 0.440E+00
      1       4       1      32      32      32       4 0.103E-04 0.331E-04 0.000E+00 0.000E+00 0.162E-02 0.404E-03 0.180E-02 0.449E-03
      1       4       1     512     512     512       4 0.340E-04 0.520E-04 0.000E+00 0.000E+00 0.143E+02 0.359E+01 0.160E+02 0.400E+01
      1       4       1      64      64      64       4 0.727E-05 0.160E-04 0.000E+00 0.000E+00 0.136E-01 0.339E-02 0.150E-01 0.375E-02
      1       4       1       8       8       8       4 0.548E-05 0.191E-04 0.000E+00 0.000E+00 0.777E-04 0.194E-04 0.670E-04 0.167E-04
      1       4       2     128     128     128       4 0.187E-04 0.379E-04 0.000E+00 0.000E+00 0.100E+00 0.251E-01 0.115E+00 0.287E-01
      1       4       2      16      16      16       4 0.805E-05 0.241E-04 0.000E+00 0.000E+00 0.235E-03 0.587E-04 0.279E-03 0.697E-04
      1       4       2     256     256     256       4 0.278E-04 0.501E-04 0.000E+00 0.000E+00 0.102E+01 0.254E+00 0.137E+01 0.343E+00
      1       4       2      32      32      32       4 0.113E-04 0.310E-04 0.000E+00 0.000E+00 0.153E-02 0.382E-03 0.159E-02 0.397E-03
      1       4       2     512     512     512       4 0.373E-04 0.579E-04 0.000E+00 0.000E+00 0.889E+01 0.222E+01 0.102E+02 0.255E+01
      1       4       2      64      64      64       4 0.138E-04 0.370E-04 0.000E+00 0.000E+00 0.758E-02 0.190E-02 0.809E-02 0.202E-02
      1       4       2       8       8       8       4 0.554E-05 0.200E-04 0.000E+00 0.000E+00 0.539E-04 0.135E-04 0.491E-04 0.123E-04
      1       4       4     128     128     128       4 0.207E-04 0.460E-04 0.000E+00 0.000E+00 0.541E-01 0.135E-01 0.783E-01 0.196E-01
      1       4       4      16      16      16       4 0.118E-04 0.269E-04 0.000E+00 0.000E+00 0.155E-03 0.387E-04 0.158E-03 0.396E-04
      1       4       4     256     256     256       4 0.268E-04 0.470E-04 0.000E+00 0.000E+00 0.498E+00 0.125E+00 0.693E+00 0.173E+00
      1       4       4      32      32      32       4 0.102E-04 0.288E-04 0.000E+00 0.000E+00 0.846E-03 0.212E-03 0.938E-03 0.234E-03
      1       4       4     512     512     512       4 0.367E-04 0.551E-04 0.000E+00 0.000E+00 0.499E+01 0.125E+01 0.663E+01 0.166E+01
      1       4       4      64      64      64       4 0.924E-05 0.210E-04 0.238E-06 0.954E-06 0.509E-02 0.127E-02 0.538E-02 0.134E-02
      1       4       4       8       8       8       4 0.602E-05 0.181E-04 0.298E-06 0.119E-05 0.589E-04 0.147E-04 0.639E-04 0.160E-04
      1       8       1     128     128     128       4 0.188E-04 0.379E-04 0.000E+00 0.000E+00 0.182E+00 0.455E-01 0.221E+00 0.553E-01
      1       8       1      16      16      16       4 0.858E-05 0.281E-04 0.000E+00 0.000E+00 0.364E-03 0.910E-04 0.379E-03 0.948E-04
      1       8       1     256     256     256       4 0.290E-04 0.520E-04 0.000E+00 0.000E+00 0.165E+01 0.412E+00 0.193E+01 0.483E+00
      1       8       1      32      32      32       4 0.108E-04 0.331E-04 0.238E-06 0.954E-06 0.162E-02 0.405E-03 0.199E-02 0.498E-03
      1       8       1      64      64      64       4 0.906E-05 0.222E-04 0.000E+00 0.000E+00 0.147E-01 0.368E-02 0.162E-01 0.404E-02
      1       8       1       8       8       8       4 0.620E-05 0.200E-04 0.000E+00 0.000E+00 0.718E-04 0.179E-04 0.820E-04 0.205E-04
      1       8       2     128     128     128       4 0.175E-04 0.360E-04 0.000E+00 0.000E+00 0.102E+00 0.256E-01 0.145E+00 0.362E-01
      1       8       2      16      16      16       4 0.852E-05 0.269E-04 0.000E+00 0.000E+00 0.229E-03 0.572E-04 0.241E-03 0.603E-04
      1       8       2     256     256     256       4 0.284E-04 0.529E-04 0.000E+00 0.000E+00 0.910E+00 0.227E+00 0.120E+01 0.301E+00
      1       8       2      32      32      32       4 0.995E-05 0.300E-04 0.000E+00 0.000E+00 0.108E-02 0.270E-03 0.109E-02 0.273E-03
      1       8       2      64      64      64       4 0.954E-05 0.219E-04 0.000E+00 0.000E+00 0.913E-02 0.228E-02 0.938E-02 0.235E-02
      1       8       2       8       8       8       4 0.626E-05 0.210E-04 0.000E+00 0.000E+00 0.601E-04 0.150E-04 0.520E-04 0.130E-04
      2       1       1     128     128     128       4 0.137E+01 0.138E+01 0.110E+01 0.111E+01 0.115E+00 0.287E-01 0.123E+00 0.308E-01
      2       1       1      16      16      16       4 0.113E-01 0.117E-01 0.968E-02 0.975E-02 0.737E-04 0.184E-04 0.687E-04 0.172E-04
      2       1       1     256     256     256       4 0.530E+01 0.536E+01 0.526E+01 0.538E+01 0.136E+01 0.340E+00 0.133E+01 0.334E+00
      2       1       1      32      32      32       4 0.602E-01 0.611E-01 0.512E-01 0.515E-01 0.735E-03 0.184E-03 0.746E-03 0.186E-03
      2       1       1      64      64      64       4 0.249E+00 0.251E+00 0.217E+00 0.218E+00 0.970E-02 0.243E-02 0.104E-01 0.261E-02
      2       1       1       8       8       8       4 0.827E-02 0.860E-02 0.725E-02 0.726E-02 0.668E-05 0.167E-05 0.596E-05 0.149E-05
      2       1      12     128     128     128       4 0.220E+01 0.224E+01 0.185E+01 0.187E+01 0.240E-01 0.600E-02 0.267E-01 0.667E-02
      2       1      12      16      16      16       4 0.335E-01 0.338E-01 0.307E-01 0.310E-01 0.406E-03 0.102E-03 0.246E-03 0.614E-04
      2       1      12     256     256     256       4 0.811E+01 0.833E+01 0.811E+01 0.817E+01 0.218E+00 0.544E-01 0.204E+00 0.509E-01
      2       1      12      32      32      32       4 0.121E+00 0.122E+00 0.113E+00 0.116E+00 0.583E-03 0.146E-03 0.447E-03 0.112E-03
      2       1      12      64      64      64       4 0.480E+00 0.490E+00 0.429E+00 0.438E+00 0.273E-02 0.681E-03 0.276E-02 0.691E-03
      2       1      12       8       8       8       4 0.282E-01 0.317E-01 0.248E-01 0.284E-01 0.694E-03 0.174E-03 0.530E-03 0.133E-03
      2       1      16     128     128     128       4 0.197E+01 0.200E+01 0.166E+01 0.168E+01 0.203E-01 0.508E-02 0.189E-01 0.471E-02
      2       1      16      16      16      16       4 0.261E-01 0.264E-01 0.238E-01 0.240E-01 0.226E-03 0.564E-04 0.211E-03 0.528E-04
      2       1      16     256     256     256       4 0.642E+01 0.664E+01 0.626E+01 0.639E+01 0.206E+00 0.515E-01 0.192E+00 0.481E-01
      2       1      16      32      32      32       4 0.110E+00 0.113E+00 0.992E-01 0.101E+00 0.463E-03 0.116E-03 0.463E-03 0.116E-03
      2       1      16      64      64      64       4 0.431E+00 0.442E+00 0.371E+00 0.384E+00 0.311E-02 0.778E-03 0.292E-02 0.730E-03
      2       1      16       8       8       8       4 0.197E-01 0.203E-01 0.176E-01 0.177E-01 0.298E-03 0.745E-04 0.240E-03 0.600E-04
      2       1       2     128     128     128       4 0.229E+01 0.237E+01 0.187E+01 0.188E+01 0.681E-01 0.170E-01 0.706E-01 0.177E-01
      2       1       2      16      16      16       4 0.212E-01 0.229E-01 0.189E-01 0.207E-01 0.103E-03 0.257E-04 0.102E-03 0.255E-04
      2       1       2     256     256     256       4 0.870E+01 0.898E+01 0.915E+01 0.945E+01 0.820E+00 0.205E+00 0.772E+00 0.193E+00
      2       1       2      32      32      32       4 0.847E-01 0.853E-01 0.730E-01 0.731E-01 0.439E-03 0.110E-03 0.427E-03 0.107E-03
      2       1       2      64      64      64       4 0.382E+00 0.409E+00 0.331E+00 0.356E+00 0.599E-02 0.150E-02 0.643E-02 0.161E-02
      2       1       2       8       8       8       4 0.154E-01 0.162E-01 0.138E-01 0.145E-01 0.558E-04 0.139E-04 0.510E-04 0.128E-04
      2       1      24     128     128     128       4 0.230E+01 0.238E+01 0.190E+01 0.200E+01 0.180E-01 0.451E-02 0.171E-01 0.428E-02
      2       1      24      16      16      16       4 0.391E-01 0.432E-01 0.356E-01 0.382E-01 0.620E-03 0.155E-03 0.470E-03 0.117E-03
      2       1      24     256     256     256       4 0.736E+01 0.773E+01 0.724E+01 0.752E+01 0.183E+00 0.456E-01 0.159E+00 0.396E-01
      2       1      24      32      32      32       4 0.119E+00 0.124E+00 0.108E+00 0.111E+00 0.847E-03 0.212E-03 0.633E-03 0.158E-03
      2       1      24      64      64      64       4 0.510E+00 0.515E+00 0.476E+00 0.486E+00 0.265E-02 0.663E-03 0.379E-02 0.948E-03
      2       1      24       8       8       8       4 0.300E-01 0.341E-01 0.265E-01 0.272E-01 0.108E-02 0.269E-03 0.781E-03 0.195E-03
      2       1       4     128     128     128       4 0.190E+01 0.194E+01 0.153E+01 0.154E+01 0.372E-01 0.929E-02 0.373E-01 0.933E-02
      2       1       4      16      16      16       4 0.222E-01 0.236E-01 0.199E-01 0.215E-01 0.920E-04 0.230E-04 0.110E-03 0.275E-04
      2       1       4     256     256     256       4 0.723E+01 0.743E+01 0.712E+01 0.723E+01 0.429E+00 0.107E+00 0.426E+00 0.107E+00
      2       1       4      32      32      32       4 0.917E-01 0.922E-01 0.814E-01 0.817E-01 0.369E-03 0.922E-04 0.389E-03 0.973E-04
      2       1       4      64      64      64       4 0.360E+00 0.366E+00 0.321E+00 0.324E+00 0.355E-02 0.888E-03 0.455E-02 0.114E-02
      2       1       4       8       8       8       4 0.161E-01 0.164E-01 0.145E-01 0.147E-01 0.589E-04 0.147E-04 0.570E-04 0.142E-04
      2       1       8     128     128     128       4 0.158E+01 0.163E+01 0.125E+01 0.130E+01 0.248E-01 0.619E-02 0.214E-01 0.535E-02
      2       1       8      16      16      16       4 0.231E-01 0.253E-01 0.204E-01 0.211E-01 0.190E-03 0.475E-04 0.182E-03 0.455E-04
      2       1       8     256     256     256       4 0.640E+01 0.655E+01 0.641E+01 0.671E+01 0.249E+00 0.623E-01 0.254E+00 0.636E-01
      2       1       8      32      32      32       4 0.781E-01 0.797E-01 0.696E-01 0.708E-01 0.464E-03 0.116E-03 0.469E-03 0.117E-03
      2       1       8      64      64      64       4 0.303E+00 0.311E+00 0.253E+00 0.255E+00 0.294E-02 0.736E-03 0.321E-02 0.801E-03
      2       1       8       8       8       8       4 0.131E-01 0.138E-01 0.114E-01 0.117E-01 0.109E-03 0.273E-04 0.963E-04 0.241E-04
      2      16       1     128     128     128       4 0.449E+00 0.459E+00 0.382E+00 0.383E+00 0.219E-01 0.547E-02 0.194E-01 0.486E-02
      2      16       1      16      16      16       4 0.291E-01 0.343E-01 0.248E-01 0.249E-01 0.147E-03 0.367E-04 0.770E-04 0.193E-04
      2      16       1     256     256     256       4 0.281E+01 0.283E+01 0.266E+01 0.266E+01 0.264E+00 0.659E-01 0.248E+00 0.619E-01
      2      16       1      32      32      32       4 0.122E+00 0.133E+00 0.103E+00 0.107E+00 0.297E-03 0.742E-04 0.272E-03 0.680E-04
      2      16       1      64      64      64       4 0.263E+00 0.282E+00 0.211E+00 0.217E+00 0.213E-02 0.532E-03 0.200E-02 0.501E-03
      2       2       1     128     128     128       4 0.170E+01 0.173E+01 0.156E+01 0.160E+01 0.107E+00 0.268E-01 0.906E-01 0.227E-01
      2       2       1      16      16      16       4 0.283E-01 0.306E-01 0.243E-01 0.246E-01 0.131E-03 0.328E-04 0.896E-04 0.224E-04
      2       2       1     256     256     256       4 0.166E+02 0.167E+02 0.162E+02 0.163E+02 0.158E+01 0.396E+00 0.157E+01 0.394E+00
      2       2       1      32      32      32       4 0.123E+00 0.127E+00 0.106E+00 0.106E+00 0.924E-03 0.231E-03 0.901E-03 0.225E-03
      2       2       1      64      64      64       4 0.337E+00 0.340E+00 0.305E+00 0.306E+00 0.915E-02 0.229E-02 0.883E-02 0.221E-02
      2       2       1       8       8       8       4 0.255E-01 0.277E-01 0.216E-01 0.217E-01 0.448E-04 0.112E-04 0.229E-04 0.572E-05
      2       2      12     128     128     128       4 0.306E+01 0.327E+01 0.285E+01 0.304E+01 0.104E+00 0.259E-01 0.979E-01 0.245E-01
      2       2      12      16      16      16       4 0.984E-01 0.107E+00 0.902E-01 0.954E-01 0.663E-03 0.166E-03 0.399E-03 0.997E-04
      2       2      12     256     256     256       4 0.202E+02 0.211E+02 0.199E+02 0.205E+02 0.104E+01 0.259E+00 0.103E+01 0.257E+00
      2       2      12      32      32      32       4 0.264E+00 0.272E+00 0.239E+00 0.241E+00 0.107E-02 0.268E-03 0.108E-02 0.271E-03
      2       2      12      64      64      64       4 0.712E+00 0.739E+00 0.628E+00 0.652E+00 0.159E-01 0.397E-02 0.149E-01 0.373E-02
      2       2      12       8       8       8       4 0.759E-01 0.787E-01 0.655E-01 0.692E-01 0.467E-03 0.117E-03 0.359E-03 0.898E-04
      2       2       2     128     128     128       4 0.291E+01 0.312E+01 0.266E+01 0.287E+01 0.107E+00 0.266E-01 0.105E+00 0.263E-01
      2       2       2      16      16      16       4 0.514E-01 0.544E-01 0.446E-01 0.467E-01 0.259E-03 0.648E-04 0.210E-03 0.525E-04
      2       2       2     256     256     256       4 0.202E+02 0.207E+02 0.208E+02 0.212E+02 0.127E+01 0.319E+00 0.131E+01 0.329E+00
      2       2       2      32      32      32       4 0.173E+00 0.187E+00 0.150E+00 0.164E+00 0.102E-02 0.254E-03 0.932E-03 0.233E-03
      2       2       2      64      64      64       4 0.490E+00 0.500E+00 0.434E+00 0.461E+00 0.804E-02 0.201E-02 0.785E-02 0.196E-02
      2       2       2       8       8       8       4 0.389E-01 0.436E-01 0.338E-01 0.356E-01 0.132E-03 0.330E-04 0.913E-04 0.228E-04
      2       2       4     128     128     128       4 0.289E+01 0.293E+01 0.269E+01 0.271E+01 0.117E+00 0.294E-01 0.118E+00 0.294E-01
      2       2       4      16      16      16       4 0.550E-01 0.568E-01 0.493E-01 0.500E-01 0.261E-03 0.652E-04 0.231E-03 0.577E-04
      2       2       4     256     256     256       4 0.184E+02 0.189E+02 0.186E+02 0.191E+02 0.114E+01 0.285E+00 0.114E+01 0.285E+00
      2       2       4      32      32      32       4 0.183E+00 0.184E+00 0.163E+00 0.165E+00 0.109E-02 0.272E-03 0.101E-02 0.252E-03
      2       2       4      64      64      64       4 0.509E+00 0.516E+00 0.472E+00 0.475E+00 0.110E-01 0.275E-02 0.109E-01 0.271E-02
      2       2       4       8       8       8       4 0.454E-01 0.462E-01 0.393E-01 0.411E-01 0.184E-03 0.460E-04 0.131E-03 0.327E-04
      2       2       8     128     128     128       4 0.248E+01 0.260E+01 0.227E+01 0.241E+01 0.990E-01 0.248E-01 0.949E-01 0.237E-01
      2       2       8      16      16      16       4 0.577E-01 0.608E-01 0.507E-01 0.514E-01 0.338E-03 0.845E-04 0.239E-03 0.597E-04
      2       2       8     256     256     256       4 0.170E+02 0.173E+02 0.160E+02 0.162E+02 0.104E+01 0.260E+00 0.994E+00 0.248E+00
      2       2       8      32      32      32       4 0.176E+00 0.181E+00 0.158E+00 0.161E+00 0.135E-02 0.337E-03 0.114E-02 0.284E-03
      2       2       8      64      64      64       4 0.454E+00 0.464E+00 0.400E+00 0.426E+00 0.108E-01 0.271E-02 0.106E-01 0.265E-02
      2       2       8       8       8       8       4 0.508E-01 0.535E-01 0.452E-01 0.483E-01 0.390E-03 0.975E-04 0.267E-03 0.668E-04
      2       4       1     128     128     128       4 0.100E+01 0.102E+01 0.905E+00 0.908E+00 0.568E-01 0.142E-01 0.517E-01 0.129E-01
      2       4       1      16      16      16       4 0.280E-01 0.301E-01 0.252E-01 0.257E-01 0.832E-04 0.208E-04 0.629E-04 0.157E-04
      2       4       1     256     256     256       4 0.744E+01 0.756E+01 0.716E+01 0.720E+01 0.666E+00 0.166E+00 0.585E+00 0.146E+00
      2       4       1      32      32      32       4 0.111E+00 0.115E+00 0.945E-01 0.958E-01 0.606E-03 0.152E-03 0.515E-03 0.129E-03
      2       4       1      64      64      64       4 0.272E+00 0.279E+00 0.235E+00 0.238E+00 0.501E-02 0.125E-02 0.506E-02 0.126E-02
      2       4       1       8       8       8       4 0.260E-01 0.282E-01 0.229E-01 0.230E-01 0.639E-04 0.160E-04 0.260E-04 0.650E-05
      2       4       2     128     128     128       4 0.174E+01 0.177E+01 0.153E+01 0.159E+01 0.656E-01 0.164E-01 0.656E-01 0.164E-01
      2       4       2      16      16      16       4 0.535E-01 0.584E-01 0.485E-01 0.516E-01 0.345E-03 0.862E-04 0.288E-03 0.721E-04
      2       4       2     256     256     256       4 0.120E+02 0.122E+02 0.115E+02 0.117E+02 0.743E+00 0.186E+00 0.704E+00 0.176E+00
      2       4       2      32      32      32       4 0.153E+00 0.155E+00 0.132E+00 0.134E+00 0.915E-03 0.229E-03 0.795E-03 0.199E-03
      2       4       2      64      64      64       4 0.403E+00 0.425E+00 0.345E+00 0.361E+00 0.619E-02 0.155E-02 0.602E-02 0.151E-02
      2       4       2       8       8       8       4 0.439E-01 0.453E-01 0.382E-01 0.390E-01 0.170E-03 0.424E-04 0.161E-03 0.403E-04
      2       4       4     128     128     128       4 0.169E+01 0.173E+01 0.153E+01 0.155E+01 0.822E-01 0.205E-01 0.787E-01 0.197E-01
      2       4       4      16      16      16       4 0.582E-01 0.618E-01 0.543E-01 0.593E-01 0.449E-03 0.112E-03 0.387E-03 0.967E-04
      2       4       4     256     256     256       4 0.110E+02 0.114E+02 0.110E+02 0.113E+02 0.673E+00 0.168E+00 0.675E+00 0.169E+00
      2       4       4      32      32      32       4 0.160E+00 0.162E+00 0.140E+00 0.144E+00 0.810E-03 0.202E-03 0.729E-03 0.182E-03
      2       4       4      64      64      64       4 0.398E+00 0.399E+00 0.349E+00 0.355E+00 0.737E-02 0.184E-02 0.783E-02 0.196E-02
      2       4       4       8       8       8       4 0.493E-01 0.528E-01 0.426E-01 0.440E-01 0.250E-03 0.625E-04 0.217E-03 0.542E-04
      2       8       1     128     128     128       4 0.594E+00 0.603E+00 0.503E+00 0.504E+00 0.341E-01 0.852E-02 0.308E-01 0.771E-02
      2       8       1      16      16      16       4 0.383E-01 0.402E-01 0.323E-01 0.332E-01 0.140E-03 0.350E-04 0.842E-04 0.210E-04
      2       8       1     256     256     256       4 0.453E+01 0.459E+01 0.437E+01 0.439E+01 0.378E+00 0.946E-01 0.352E+00 0.879E-01
      2       8       1      32      32      32       4 0.118E+00 0.131E+00 0.939E-01 0.959E-01 0.466E-03 0.117E-03 0.373E-03 0.932E-04
      2       8       1      64      64      64       4 0.193E+00 0.198E+00 0.170E+00 0.172E+00 0.382E-02 0.956E-03 0.292E-02 0.730E-03
      2       8       1       8       8       8       4 0.172E-01 0.188E-01 0.138E-01 0.139E-01 0.570E-04 0.142E-04 0.381E-04 0.954E-05
      2       8       2     128     128     128       4 0.905E+00 0.948E+00 0.759E+00 0.809E+00 0.331E-01 0.826E-02 0.286E-01 0.715E-02
      2       8       2      16      16      16       4 0.644E-01 0.680E-01 0.565E-01 0.581E-01 0.234E-03 0.584E-04 0.186E-03 0.466E-04
      2       8       2     256     256     256       4 0.712E+01 0.738E+01 0.700E+01 0.713E+01 0.452E+00 0.113E+00 0.452E+00 0.113E+00
      2       8       2      32      32      32       4 0.156E+00 0.161E+00 0.134E+00 0.139E+00 0.688E-03 0.172E-03 0.574E-03 0.144E-03
      2       8       2      64      64      64       4 0.291E+00 0.301E+00 0.262E+00 0.267E+00 0.363E-02 0.907E-03 0.367E-02 0.917E-03
      2       8       2       8       8       8       4 0.276E-01 0.293E-01 0.138E-01 0.146E-01 0.212E-03 0.530E-04 0.198E-03 0.495E-04
      3       1       1     128     128     128       4 0.911E-03 0.339E-02 0.000E+00 0.000E+00 0.160E+00 0.399E-01 0.148E+00 0.370E-01
      3       1       1      16      16      16       4 0.769E-03 0.302E-02 0.238E-06 0.954E-06 0.236E-03 0.590E-04 0.124E-03 0.310E-04
      3       1       1     256     256     256       4 0.936E-03 0.341E-02 0.238E-06 0.954E-06 0.187E+01 0.467E+00 0.160E+01 0.401E+00
      3       1       1      32      32      32       4 0.896E-03 0.353E-02 0.000E+00 0.000E+00 0.134E-02 0.335E-03 0.111E-02 0.277E-03
      3       1       1      64      64      64       4 0.858E-03 0.332E-02 0.238E-06 0.954E-06 0.132E-01 0.329E-02 0.113E-01 0.282E-02
      3       1       1       8       8       8       4 0.863E-03 0.340E-02 0.000E+00 0.000E+00 0.122E-03 0.305E-04 0.308E-04 0.769E-05
      3       1      12     128     128     128       4 0.760E-03 0.274E-02 0.238E-06 0.954E-06 0.729E-01 0.182E-01 0.629E-01 0.157E-01
      3       1      12      16      16      16       4 0.446E-02 0.177E-01 0.000E+00 0.000E+00 0.447E-03 0.112E-03 0.168E-03 0.420E-04
      3       1      12     256     256     256       4 0.735E-03 0.255E-02 0.000E+00 0.000E+00 0.863E+00 0.216E+00 0.623E+00 0.156E+00
      3       1      12      32      32      32       4 0.399E-02 0.159E-01 0.000E+00 0.000E+00 0.110E-02 0.275E-03 0.723E-03 0.181E-03
      3       1      12      64      64      64       4 0.303E-02 0.120E-01 0.000E+00 0.000E+00 0.649E-02 0.162E-02 0.443E-02 0.111E-02
      3       1      12       8       8       8       4 0.648E-02 0.259E-01 0.000E+00 0.000E+00 0.287E-03 0.718E-04 0.868E-04 0.217E-04
      3       1      16     128     128     128       4 0.120E-02 0.450E-02 0.000E+00 0.000E+00 0.697E-01 0.174E-01 0.603E-01 0.151E-01
      3       1      16      16      16      16       4 0.415E-02 0.165E-01 0.000E+00 0.000E+00 0.426E-03 0.107E-03 0.205E-03 0.512E-04
      3       1      16     256     256     256       4 0.679E-03 0.232E-02 0.238E-06 0.954E-06 0.879E+00 0.220E+00 0.639E+00 0.160E+00
      3       1      16      32      32      32       4 0.401E-02 0.160E-01 0.298E-06 0.119E-05 0.120E-02 0.300E-03 0.685E-03 0.171E-03
      3       1      16      64      64      64       4 0.359E-02 0.142E-01 0.000E+00 0.000E+00 0.746E-02 0.187E-02 0.482E-02 0.121E-02
      3       1      16       8       8       8       4 0.336E-02 0.134E-01 0.000E+00 0.000E+00 0.288E-03 0.720E-04 0.144E-03 0.359E-04
      3       1       2     128     128     128       4 0.884E-03 0.327E-02 0.000E+00 0.000E+00 0.109E+00 0.274E-01 0.101E+00 0.253E-01
      3       1       2      16      16      16       4 0.702E-03 0.275E-02 0.000E+00 0.000E+00 0.285E-03 0.712E-04 0.127E-03 0.318E-04
      3       1       2     256     256     256       4 0.838E-03 0.300E-02 0.000E+00 0.000E+00 0.131E+01 0.326E+00 0.106E+01 0.265E+00
      3       1       2      32      32      32       4 0.322E-02 0.128E-01 0.000E+00 0.000E+00 0.111E-02 0.276E-03 0.854E-03 0.214E-03
      3       1       2      64      64      64       4 0.102E-02 0.397E-02 0.000E+00 0.000E+00 0.954E-02 0.239E-02 0.738E-02 0.184E-02
      3       1       2       8       8       8       4 0.684E-03 0.268E-02 0.000E+00 0.000E+00 0.225E-03 0.563E-04 0.420E-04 0.105E-04
      3       1      24     128     128     128       4 0.498E-03 0.168E-02 0.000E+00 0.000E+00 0.715E-01 0.179E-01 0.626E-01 0.157E-01
      3       1      24      16      16      16       4 0.528E-02 0.210E-01 0.000E+00 0.000E+00 0.556E-03 0.139E-03 0.279E-03 0.697E-04
      3       1      24     256     256     256       4 0.580E-03 0.193E-02 0.000E+00 0.000E+00 0.816E+00 0.204E+00 0.590E+00 0.148E+00
      3       1      24      32      32      32       4 0.298E-02 0.118E-01 0.238E-06 0.954E-06 0.126E-02 0.314E-03 0.754E-03 0.188E-03
      3       1      24      64      64      64       4 0.124E-02 0.478E-02 0.238E-06 0.954E-06 0.757E-02 0.189E-02 0.490E-02 0.123E-02
      3       1      24       8       8       8       4 0.418E-02 0.166E-01 0.238E-06 0.954E-06 0.364E-03 0.910E-04 0.149E-03 0.372E-04
      3       1       4     128     128     128       4 0.815E-03 0.300E-02 0.238E-06 0.954E-06 0.867E-01 0.217E-01 0.777E-01 0.194E-01
      3       1       4      16      16      16       4 0.421E-02 0.168E-01 0.298E-06 0.119E-05 0.309E-03 0.772E-04 0.127E-03 0.317E-04
      3       1       4     256     256     256       4 0.788E-03 0.277E-02 0.000E+00 0.000E+00 0.113E+01 0.284E+00 0.878E+00 0.219E+00
      3       1       4      32      32      32       4 0.406E-02 0.162E-01 0.238E-06 0.954E-06 0.118E-02 0.296E-03 0.822E-03 0.205E-03
      3       1       4      64      64      64       4 0.446E-02 0.177E-01 0.000E+00 0.000E+00 0.767E-02 0.192E-02 0.589E-02 0.147E-02
      3       1       4       8       8       8       4 0.525E-02 0.209E-01 0.000E+00 0.000E+00 0.214E-03 0.535E-04 0.489E-04 0.122E-04
      3       1       8     128     128     128       4 0.214E-02 0.832E-02 0.000E+00 0.000E+00 0.747E-01 0.187E-01 0.658E-01 0.165E-01
      3       1       8      16      16      16       4 0.437E-02 0.174E-01 0.000E+00 0.000E+00 0.335E-03 0.837E-04 0.148E-03 0.370E-04
      3       1       8     256     256     256       4 0.712E-03 0.247E-02 0.000E+00 0.000E+00 0.101E+01 0.254E+00 0.753E+00 0.188E+00
      3       1       8      32      32      32       4 0.626E-02 0.250E-01 0.000E+00 0.000E+00 0.114E-02 0.286E-03 0.804E-03 0.201E-03
      3       1       8      64      64      64       4 0.161E-02 0.631E-02 0.000E+00 0.000E+00 0.679E-02 0.170E-02 0.483E-02 0.121E-02
      3       1       8       8       8       8       4 0.441E-02 0.176E-01 0.238E-06 0.954E-06 0.315E-03 0.787E-04 0.932E-04 0.233E-04
      3      12       1     128     128     128       4 0.196E-01 0.773E-01 0.179E-05 0.215E-05 0.125E+00 0.312E-01 0.741E-01 0.185E-01
      3      12       1      16      16      16       4 0.119E-01 0.476E-01 0.775E-06 0.119E-05 0.147E-02 0.367E-03 0.336E-03 0.840E-04
      3      12       1     256     256     256       4 0.124E-01 0.490E-01 0.155E-05 0.215E-05 0.129E+01 0.323E+00 0.663E+00 0.166E+00
      3      12       1      32      32      32       4 0.149E-01 0.595E-01 0.715E-06 0.954E-06 0.320E-02 0.800E-03 0.119E-02 0.297E-03
      3      12       1      64      64      64       4 0.203E-01 0.809E-01 0.167E-05 0.215E-05 0.147E-01 0.367E-02 0.690E-02 0.172E-02
      3      12       1       8       8       8       4 0.364E-02 0.121E-01 0.149E-05 0.191E-05 0.125E-02 0.312E-03 0.587E-03 0.147E-03
      3      12       2     128     128     128       4 0.320E-01 0.128E+00 0.125E-05 0.191E-05 0.116E+00 0.291E-01 0.735E-01 0.184E-01
      3      12       2      16      16      16       4 0.211E-01 0.841E-01 0.101E-05 0.119E-05 0.160E-02 0.399E-03 0.501E-03 0.125E-03
      3      12       2     256     256     256       4 0.117E-01 0.463E-01 0.125E-05 0.215E-05 0.126E+01 0.315E+00 0.667E+00 0.167E+00
      3      12       2      32      32      32       4 0.163E-01 0.652E-01 0.125E-05 0.191E-05 0.362E-02 0.905E-03 0.123E-02 0.307E-03
      3      12       2      64      64      64       4 0.217E-01 0.865E-01 0.715E-06 0.954E-06 0.142E-01 0.355E-02 0.699E-02 0.175E-02
      3      12       2       8       8       8       4 0.364E-02 0.120E-01 0.149E-05 0.215E-05 0.114E-02 0.284E-03 0.591E-03 0.148E-03
      3      16       1     128     128     128       4 0.187E-01 0.743E-01 0.155E-05 0.215E-05 0.122E+00 0.306E-01 0.779E-01 0.195E-01
      3      16       1      16      16      16       4 0.169E-01 0.675E-01 0.125E-05 0.215E-05 0.155E-02 0.388E-03 0.479E-03 0.120E-03
      3      16       1     256     256     256       4 0.210E-01 0.835E-01 0.149E-05 0.215E-05 0.132E+01 0.330E+00 0.653E+00 0.163E+00
      3      16       1      32      32      32       4 0.140E-01 0.558E-01 0.131E-05 0.215E-05 0.364E-02 0.909E-03 0.113E-02 0.283E-03
      3      16       1      64      64      64       4 0.228E-01 0.907E-01 0.131E-05 0.191E-05 0.149E-01 0.373E-02 0.676E-02 0.169E-02
      3      16       1       8       8       8       4 0.345E-02 0.105E-01 0.197E-05 0.215E-05 0.118E-02 0.294E-03 0.718E-03 0.180E-03
      3       2       1     128     128     128       4 0.384E-02 0.151E-01 0.715E-06 0.954E-06 0.211E+00 0.528E-01 0.132E+00 0.331E-01
      3       2       1      16      16      16       4 0.449E-02 0.179E-01 0.715E-06 0.954E-06 0.440E-03 0.110E-03 0.246E-03 0.616E-04
      3       2       1     256     256     256       4 0.479E-02 0.188E-01 0.238E-06 0.954E-06 0.198E+01 0.494E+00 0.134E+01 0.334E+00
      3       2       1      32      32      32       4 0.420E-02 0.167E-01 0.477E-06 0.954E-06 0.223E-02 0.557E-03 0.154E-02 0.385E-03
      3       2       1     512     512     512       4 0.480E-02 0.188E-01 0.954E-06 0.954E-06 0.202E+02 0.505E+01 0.124E+02 0.310E+01
      3       2       1      64      64      64       4 0.457E-02 0.182E-01 0.477E-06 0.954E-06 0.184E-01 0.459E-02 0.121E-01 0.304E-02
      3       2       1       8       8       8       4 0.475E-02 0.189E-01 0.238E-06 0.954E-06 0.283E-03 0.708E-04 0.112E-03 0.281E-04
      3       2      12     128     128     128       4 0.334E-02 0.130E-01 0.536E-06 0.119E-05 0.171E+00 0.429E-01 0.998E-01 0.250E-01
      3       2      12      16      16      16       4 0.822E-02 0.328E-01 0.834E-06 0.119E-05 0.821E-03 0.205E-03 0.428E-03 0.107E-03
      3       2      12     256     256     256       4 0.440E-02 0.173E-01 0.107E-05 0.119E-05 0.141E+01 0.352E+00 0.857E+00 0.214E+00
      3       2      12      32      32      32       4 0.601E-02 0.240E-01 0.775E-06 0.119E-05 0.251E-02 0.628E-03 0.158E-02 0.394E-03
      3       2      12     512     512     512       4 0.422E-02 0.165E-01 0.107E-05 0.119E-05 0.143E+02 0.358E+01 0.716E+01 0.179E+01
      3       2      12      64      64      64       4 0.468E-02 0.185E-01 0.715E-06 0.954E-06 0.167E-01 0.418E-02 0.101E-01 0.253E-02
      3       2      12       8       8       8       4 0.739E-02 0.295E-01 0.477E-06 0.954E-06 0.120E-02 0.301E-03 0.230E-03 0.574E-04
      3       2       2     128     128     128       4 0.354E-02 0.139E-01 0.238E-06 0.954E-06 0.181E+00 0.452E-01 0.110E+00 0.274E-01
      3       2       2      16      16      16       4 0.553E-02 0.221E-01 0.954E-06 0.954E-06 0.516E-03 0.129E-03 0.278E-03 0.695E-04
      3       2       2     256     256     256       4 0.415E-02 0.163E-01 0.954E-06 0.954E-06 0.162E+01 0.404E+00 0.103E+01 0.257E+00
      3       2       2      32      32      32       4 0.469E-02 0.187E-01 0.477E-06 0.954E-06 0.228E-02 0.569E-03 0.151E-02 0.378E-03
      3       2       2     512     512     512       4 0.399E-02 0.155E-01 0.477E-06 0.954E-06 0.167E+02 0.417E+01 0.972E+01 0.243E+01
      3       2       2      64      64      64       4 0.442E-02 0.175E-01 0.238E-06 0.954E-06 0.173E-01 0.433E-02 0.111E-01 0.277E-02
      3       2       2       8       8       8       4 0.379E-02 0.151E-01 0.107E-05 0.119E-05 0.289E-03 0.722E-04 0.110E-03 0.275E-04
      3       2       4     128     128     128       4 0.364E-02 0.143E-01 0.000E+00 0.000E+00 0.176E+00 0.439E-01 0.108E+00 0.270E-01
      3       2       4      16      16      16       4 0.758E-02 0.302E-01 0.775E-06 0.119E-05 0.668E-03 0.167E-03 0.330E-03 0.825E-04
      3       2       4     256     256     256       4 0.389E-02 0.152E-01 0.238E-06 0.954E-06 0.147E+01 0.368E+00 0.901E+00 0.225E+00
      3       2       4      32      32      32       4 0.794E-02 0.317E-01 0.101E-05 0.119E-05 0.226E-02 0.566E-03 0.154E-02 0.385E-03
      3       2       4     512     512     512       4 0.475E-02 0.185E-01 0.238E-06 0.954E-06 0.145E+02 0.363E+01 0.764E+01 0.191E+01
      3       2       4      64      64      64       4 0.476E-02 0.188E-01 0.477E-06 0.954E-06 0.169E-01 0.421E-02 0.111E-01 0.277E-02
      3       2       4       8       8       8       4 0.436E-02 0.174E-01 0.125E-05 0.191E-05 0.325E-03 0.812E-04 0.161E-03 0.402E-04
      3       2       8     128     128     128       4 0.451E-02 0.177E-01 0.715E-06 0.954E-06 0.167E+00 0.416E-01 0.999E-01 0.250E-01
      3       2       8      16      16      16       4 0.711E-02 0.284E-01 0.536E-06 0.119E-05 0.762E-03 0.190E-03 0.453E-03 0.113E-03
      3       2       8     256     256     256       4 0.443E-02 0.174E-01 0.775E-06 0.119E-05 0.137E+01 0.342E+00 0.815E+00 0.204E+00
      3       2       8      32      32      32       4 0.678E-02 0.270E-01 0.238E-06 0.954E-06 0.243E-02 0.609E-03 0.151E-02 0.376E-03
      3       2       8     512     512     512       4 0.476E-02 0.186E-01 0.238E-06 0.954E-06 0.145E+02 0.362E+01 0.847E+01 0.212E+01
      3       2       8      64      64      64       4 0.569E-02 0.226E-01 0.107E-05 0.191E-05 0.170E-01 0.426E-02 0.103E-01 0.256E-02
      3       2       8       8       8       8       4 0.720E-02 0.287E-01 0.775E-06 0.119E-05 0.409E-03 0.102E-03 0.194E-03 0.486E-04
      3      24       1     128     128     128       4 0.271E-01 0.108E+00 0.167E-05 0.191E-05 0.118E+00 0.295E-01 0.754E-01 0.188E-01
      3      24       1      16      16      16       4 0.548E-02 0.171E-01 0.131E-05 0.191E-05 0.166E-02 0.414E-03 0.106E-02 0.264E-03
      3      24       1     256     256     256       4 0.429E-01 0.171E+00 0.197E-05 0.215E-05 0.133E+01 0.332E+00 0.640E+00 0.160E+00
      3      24       1      32      32      32       4 0.292E-01 0.116E+00 0.179E-05 0.215E-05 0.414E-02 0.104E-02 0.166E-02 0.416E-03
      3      24       1      64      64      64       4 0.269E-01 0.107E+00 0.226E-05 0.310E-05 0.178E-01 0.446E-02 0.678E-02 0.170E-02
      3      24       1       8       8       8       4 0.439E-02 0.127E-01 0.221E-05 0.405E-05 0.156E-02 0.391E-03 0.103E-02 0.258E-03
      3       4       1     128     128     128       4 0.990E-02 0.393E-01 0.954E-06 0.954E-06 0.170E+00 0.424E-01 0.902E-01 0.225E-01
      3       4       1      16      16      16       4 0.178E-01 0.393E-01 0.800E-02 0.160E-01 0.641E-01 0.160E-01 0.168E+00 0.420E-01
      3       4       1     256     256     256       4 0.108E-01 0.427E-01 0.125E-05 0.191E-05 0.155E+01 0.388E+00 0.901E+00 0.225E+00
      3       4       1      32      32      32       4 0.104E-01 0.415E-01 0.800E-02 0.320E-01 0.844E-02 0.211E-02 0.121E-02 0.302E-03
      3       4       1      64      64      64       4 0.120E-01 0.480E-01 0.149E-05 0.310E-05 0.156E-01 0.391E-02 0.963E-02 0.241E-02
      3       4       1       8       8       8       4 0.100E-01 0.400E-01 0.113E-05 0.119E-05 0.303E-03 0.757E-04 0.141E-03 0.353E-04
      3       4       2     128     128     128       4 0.461E-02 0.181E-01 0.423E-05 0.150E-04 0.166E+00 0.415E-01 0.902E-01 0.225E-01
      3       4       2      16      16      16       4 0.106E-01 0.422E-01 0.954E-06 0.954E-06 0.746E-03 0.186E-03 0.417E-03 0.104E-03
      3       4       2     256     256     256       4 0.114E-01 0.452E-01 0.954E-06 0.954E-06 0.139E+01 0.347E+00 0.766E+00 0.192E+00
      3       4       2      32      32      32       4 0.126E-01 0.504E-01 0.202E-02 0.809E-02 0.252E-02 0.631E-03 0.150E-02 0.374E-03
      3       4       2      64      64      64       4 0.121E-01 0.484E-01 0.900E-02 0.360E-01 0.152E-01 0.379E-02 0.951E-02 0.238E-02
      3       4       2       8       8       8       4 0.118E-01 0.473E-01 0.954E-06 0.954E-06 0.384E-03 0.961E-04 0.169E-03 0.423E-04
      3       4       4     128     128     128       4 0.104E-01 0.413E-01 0.149E-05 0.215E-05 0.156E+00 0.390E-01 0.799E-01 0.200E-01
      3       4       4      16      16      16       4 0.145E-01 0.579E-01 0.107E-05 0.119E-05 0.744E-03 0.186E-03 0.446E-03 0.112E-03
      3       4       4     256     256     256       4 0.609E-02 0.240E-01 0.137E-05 0.215E-05 0.145E+01 0.361E+00 0.767E+00 0.192E+00
      3       4       4      32      32      32       4 0.128E-01 0.512E-01 0.107E-05 0.119E-05 0.246E-02 0.616E-03 0.136E-02 0.340E-03
      3       4       4      64      64      64       4 0.107E-01 0.425E-01 0.125E-05 0.215E-05 0.128E-01 0.319E-02 0.711E-02 0.178E-02
      3       4       4       8       8       8       4 0.154E-01 0.617E-01 0.179E-05 0.405E-05 0.377E-03 0.943E-04 0.193E-03 0.482E-04
      3       8       1     128     128     128       4 0.912E-02 0.361E-01 0.179E-05 0.215E-05 0.128E+00 0.319E-01 0.808E-01 0.202E-01
      3       8       1      16      16      16       4 0.664E-02 0.265E-01 0.536E-06 0.119E-05 0.136E-02 0.340E-03 0.323E-03 0.808E-04
      3       8       1     256     256     256       4 0.201E-01 0.800E-01 0.179E-05 0.215E-05 0.135E+01 0.337E+00 0.735E+00 0.184E+00
      3       8       1      32      32      32       4 0.206E-01 0.824E-01 0.155E-05 0.191E-05 0.322E-02 0.806E-03 0.143E-02 0.357E-03
      3       8       1      64      64      64       4 0.106E-01 0.423E-01 0.125E-05 0.191E-05 0.140E-01 0.351E-02 0.684E-02 0.171E-02
      3       8       1       8       8       8       4 0.968E-02 0.386E-01 0.107E-05 0.119E-05 0.112E-02 0.279E-03 0.218E-03 0.545E-04
      3       8       2     128     128     128       4 0.667E-02 0.263E-01 0.101E-05 0.119E-05 0.123E+00 0.308E-01 0.793E-01 0.198E-01
      3       8       2      16      16      16       4 0.919E-02 0.366E-01 0.149E-05 0.191E-05 0.160E-02 0.399E-03 0.516E-03 0.129E-03
      3       8       2     256     256     256       4 0.207E-01 0.824E-01 0.800E-02 0.320E-01 0.131E+01 0.328E+00 0.712E+00 0.178E+00
      3       8       2      32      32      32       4 0.139E-01 0.554E-01 0.101E-05 0.119E-05 0.356E-02 0.890E-03 0.142E-02 0.355E-03
      3       8       2      64      64      64       4 0.213E-01 0.848E-01 0.954E-06 0.954E-06 0.140E-01 0.351E-02 0.738E-02 0.184E-02
      3       8       2       8       8       8       4 0.164E-01 0.655E-01 0.954E-06 0.954E-06 0.105E-02 0.262E-03 0.225E-03 0.563E-04];
