      1       1       1    1024       4       4 0.278E-04 0.641E-04 0.147E-04 0.160E-04 0.341E-03 0.213E-04 0.335E-03 0.209E-04
      1       1       1   16384       4       4 0.235E-03 0.310E-03 0.210E-03 0.211E-03 0.590E-02 0.369E-03 0.625E-02 0.390E-03
      1       1       1    2048       4       4 0.429E-04 0.730E-04 0.312E-04 0.410E-04 0.670E-03 0.419E-04 0.619E-03 0.387E-04
      1       1       1     256       4       4 0.751E-05 0.181E-04 0.370E-05 0.405E-05 0.794E-04 0.496E-05 0.106E-03 0.663E-05
      1       1       1   32768       4       4 0.569E-03 0.680E-03 0.466E-03 0.512E-03 0.126E-01 0.787E-03 0.129E-01 0.808E-03
      1       1       1    4096       4       4 0.631E-04 0.782E-04 0.530E-04 0.532E-04 0.124E-02 0.775E-04 0.135E-02 0.843E-04
      1       1       1     512       4       4 0.145E-04 0.341E-04 0.745E-05 0.811E-05 0.217E-03 0.136E-04 0.162E-03 0.101E-04
      1       1       1   65536       4       4 0.105E-02 0.147E-02 0.933E-03 0.102E-02 0.273E-01 0.171E-02 0.285E-01 0.178E-02
      1       1       1    8192       4       4 0.132E-03 0.177E-03 0.119E-03 0.142E-03 0.275E-02 0.172E-03 0.284E-02 0.177E-03
      1       1      12   32768       4       4 0.648E-03 0.770E-03 0.539E-03 0.702E-03 0.772E-01 0.483E-02 0.752E-01 0.470E-02
      1       1      12   65536       4       4 0.112E-02 0.153E-02 0.986E-03 0.988E-03 0.857E-01 0.536E-02 0.820E-01 0.513E-02
      1       1      16   32768       4       4 0.555E-03 0.805E-03 0.461E-03 0.513E-03 0.755E-02 0.472E-03 0.838E-02 0.524E-03
      1       1      16   65536       4       4 0.113E-02 0.167E-02 0.105E-02 0.121E-02 0.179E-01 0.112E-02 0.187E-01 0.117E-02
      1       1       2   32768       4       4 0.525E-03 0.671E-03 0.476E-03 0.521E-03 0.956E-02 0.598E-03 0.102E-01 0.639E-03
      1       1       2   65536       4       4 0.103E-02 0.125E-02 0.933E-03 0.102E-02 0.214E-01 0.134E-02 0.232E-01 0.145E-02
      1       1      24   32768       4       4 0.549E-03 0.716E-03 0.494E-03 0.496E-03 0.748E-02 0.467E-03 0.812E-02 0.507E-03
      1       1      24   65536       4       4 0.109E-02 0.139E-02 0.984E-03 0.985E-03 0.180E-01 0.112E-02 0.182E-01 0.114E-02
      1       1       4   32768       4       4 0.520E-03 0.653E-03 0.470E-03 0.513E-03 0.859E-02 0.537E-03 0.926E-02 0.578E-03
      1       1       4   65536       4       4 0.113E-02 0.146E-02 0.868E-03 0.868E-03 0.186E-01 0.116E-02 0.201E-01 0.126E-02
      1       1       8   32768       4       4 0.534E-03 0.659E-03 0.471E-03 0.501E-03 0.784E-02 0.490E-03 0.824E-02 0.515E-03
      1       1       8   65536       4       4 0.118E-02 0.191E-02 0.111E-02 0.142E-02 0.183E-01 0.115E-02 0.187E-01 0.117E-02
      2       1       1    1024       4       4 0.187E-01 0.749E-01 0.163E-01 0.649E-01 0.589E-04 0.368E-05 0.565E-04 0.353E-05
      2       1       1   16384       4       4 0.132E+00 0.527E+00 0.123E+00 0.491E+00 0.188E-02 0.117E-03 0.196E-02 0.122E-03
      2       1       1    2048       4       4 0.268E-01 0.107E+00 0.239E-01 0.947E-01 0.150E-03 0.936E-05 0.183E-03 0.115E-04
      2       1       1     256       4       4 0.101E-01 0.404E-01 0.856E-02 0.342E-01 0.122E-04 0.760E-06 0.100E-04 0.626E-06
      2       1       1    4096       4       4 0.416E-01 0.166E+00 0.382E-01 0.152E+00 0.422E-03 0.264E-04 0.390E-03 0.244E-04
      2       1       1     512       4       4 0.140E-01 0.558E-01 0.120E-01 0.479E-01 0.255E-04 0.159E-05 0.224E-04 0.140E-05
      2       1       1    8192       4       4 0.715E-01 0.285E+00 0.659E-01 0.263E+00 0.809E-03 0.505E-04 0.866E-03 0.541E-04
      2       1      12    1024       4       4 0.408E-01 0.163E+00 0.363E-01 0.145E+00 0.435E-03 0.272E-04 0.450E-03 0.281E-04
      2       1      12   16384       4       4 0.135E+00 0.537E+00 0.120E+00 0.477E+00 0.327E-02 0.204E-03 0.136E-02 0.853E-04
      2       1      12    2048       4       4 0.516E-01 0.206E+00 0.486E-01 0.194E+00 0.595E-03 0.372E-04 0.555E-03 0.347E-04
      2       1      12     256       4       4 0.181E-01 0.720E-01 0.160E-01 0.639E-01 0.351E-03 0.219E-04 0.340E-03 0.212E-04
      2       1      12    4096       4       4 0.691E-01 0.276E+00 0.586E-01 0.234E+00 0.836E-03 0.523E-04 0.701E-03 0.438E-04
      2       1      12     512       4       4 0.264E-01 0.105E+00 0.238E-01 0.950E-01 0.360E-03 0.225E-04 0.328E-03 0.205E-04
      2       1      12    8192       4       4 0.112E+00 0.447E+00 0.989E-01 0.392E+00 0.319E-02 0.200E-03 0.112E-02 0.700E-04
      2       1      16    1024       4       4 0.375E-01 0.150E+00 0.333E-01 0.133E+00 0.619E-03 0.387E-04 0.601E-03 0.376E-04
      2       1      16   16384       4       4 0.135E+00 0.538E+00 0.122E+00 0.481E+00 0.101E-02 0.631E-04 0.989E-03 0.618E-04
      2       1      16    2048       4       4 0.555E-01 0.222E+00 0.501E-01 0.200E+00 0.837E-03 0.523E-04 0.794E-03 0.496E-04
      2       1      16     256       4       4 0.203E-01 0.810E-01 0.171E-01 0.683E-01 0.408E-03 0.255E-04 0.455E-03 0.284E-04
      2       1      16    4096       4       4 0.881E-01 0.352E+00 0.822E-01 0.327E+00 0.149E-02 0.934E-04 0.888E-03 0.555E-04
      2       1      16     512       4       4 0.248E-01 0.990E-01 0.226E-01 0.904E-01 0.520E-03 0.325E-04 0.535E-03 0.335E-04
      2       1      16    8192       4       4 0.987E-01 0.394E+00 0.904E-01 0.357E+00 0.994E-03 0.621E-04 0.880E-03 0.550E-04
      2       1       2    1024       4       4 0.220E-01 0.875E-01 0.192E-01 0.765E-01 0.263E-03 0.165E-04 0.283E-03 0.177E-04
      2       1       2   16384       4       4 0.125E+00 0.501E+00 0.124E+00 0.491E+00 0.229E-02 0.143E-03 0.278E-02 0.174E-03
      2       1       2    2048       4       4 0.291E-01 0.116E+00 0.263E-01 0.104E+00 0.294E-03 0.184E-04 0.311E-03 0.195E-04
      2       1       2     256       4       4 0.121E-01 0.484E-01 0.101E-01 0.401E-01 0.224E-03 0.140E-04 0.185E-03 0.116E-04
      2       1       2    4096       4       4 0.437E-01 0.173E+00 0.387E-01 0.155E+00 0.438E-03 0.274E-04 0.407E-03 0.254E-04
      2       1       2     512       4       4 0.164E-01 0.655E-01 0.140E-01 0.559E-01 0.195E-03 0.122E-04 0.192E-03 0.120E-04
      2       1       2    8192       4       4 0.741E-01 0.296E+00 0.651E-01 0.260E+00 0.829E-03 0.518E-04 0.752E-03 0.470E-04
      2       1      24    1024       4       4 0.458E-01 0.183E+00 0.421E-01 0.168E+00 0.625E-03 0.391E-04 0.584E-03 0.365E-04
      2       1      24   16384       4       4 0.161E+00 0.642E+00 0.169E+00 0.673E+00 0.402E-02 0.251E-03 0.203E-02 0.127E-03
      2       1      24    2048       4       4 0.670E-01 0.268E+00 0.595E-01 0.237E+00 0.973E-03 0.608E-04 0.920E-03 0.575E-04
      2       1      24     256       4       4 0.182E-01 0.727E-01 0.161E-01 0.645E-01 0.487E-03 0.304E-04 0.346E-03 0.216E-04
      2       1      24    4096       4       4 0.905E-01 0.361E+00 0.772E-01 0.308E+00 0.211E-02 0.132E-03 0.114E-02 0.714E-04
      2       1      24     512       4       4 0.306E-01 0.122E+00 0.271E-01 0.108E+00 0.593E-03 0.371E-04 0.584E-03 0.365E-04
      2       1      24    8192       4       4 0.122E+00 0.484E+00 0.122E+00 0.485E+00 0.344E-02 0.215E-03 0.158E-02 0.985E-04
      2       1       4    1024       4       4 0.283E-01 0.113E+00 0.247E-01 0.985E-01 0.502E-03 0.314E-04 0.490E-03 0.306E-04
      2       1       4   16384       4       4 0.131E+00 0.522E+00 0.114E+00 0.451E+00 0.191E-02 0.120E-03 0.150E-02 0.935E-04
      2       1       4    2048       4       4 0.383E-01 0.153E+00 0.347E-01 0.138E+00 0.486E-03 0.304E-04 0.484E-03 0.302E-04
      2       1       4     256       4       4 0.133E-01 0.531E-01 0.115E-01 0.461E-01 0.274E-03 0.172E-04 0.224E-03 0.140E-04
      2       1       4    4096       4       4 0.590E-01 0.236E+00 0.517E-01 0.206E+00 0.690E-03 0.431E-04 0.619E-03 0.387E-04
      2       1       4     512       4       4 0.195E-01 0.779E-01 0.174E-01 0.693E-01 0.441E-03 0.276E-04 0.374E-03 0.234E-04
      2       1       4    8192       4       4 0.771E-01 0.308E+00 0.686E-01 0.273E+00 0.101E-02 0.632E-04 0.893E-03 0.558E-04
      2       1       8    1024       4       4 0.307E-01 0.122E+00 0.277E-01 0.111E+00 0.441E-03 0.276E-04 0.416E-03 0.260E-04
      2       1       8   16384       4       4 0.133E+00 0.531E+00 0.129E+00 0.509E+00 0.131E-02 0.821E-04 0.130E-02 0.815E-04
      2       1       8    2048       4       4 0.492E-01 0.196E+00 0.459E-01 0.183E+00 0.731E-03 0.457E-04 0.681E-03 0.426E-04
      2       1       8     256       4       4 0.167E-01 0.666E-01 0.147E-01 0.589E-01 0.314E-03 0.196E-04 0.365E-03 0.228E-04
      2       1       8    4096       4       4 0.603E-01 0.240E+00 0.534E-01 0.213E+00 0.548E-03 0.342E-04 0.600E-03 0.375E-04
      2       1       8     512       4       4 0.216E-01 0.864E-01 0.188E-01 0.752E-01 0.378E-03 0.236E-04 0.342E-03 0.214E-04
      2       1       8    8192       4       4 0.914E-01 0.365E+00 0.745E-01 0.297E+00 0.838E-03 0.524E-04 0.853E-03 0.533E-04
      3       1       1    1024       4       4 0.724E-03 0.286E-02 0.135E-04 0.219E-04 0.789E-04 0.493E-05 0.598E-04 0.374E-05
      3       1       1 1048576       4       4 0.106E-01 0.132E-01 0.919E-02 0.986E-02 0.216E+00 0.135E-01 0.219E+00 0.137E-01
      3       1       1  131072       4       4 0.256E-02 0.455E-02 0.209E-02 0.221E-02 0.190E-01 0.119E-02 0.179E-01 0.112E-02
      3       1       1   16384       4       4 0.994E-03 0.340E-02 0.224E-03 0.246E-03 0.197E-02 0.123E-03 0.183E-02 0.114E-03
      3       1       1    2048       4       4 0.621E-03 0.236E-02 0.415E-04 0.501E-04 0.180E-03 0.112E-04 0.142E-03 0.885E-05
      3       1       1     256       4       4 0.586E-03 0.233E-02 0.447E-05 0.691E-05 0.210E-04 0.131E-05 0.186E-04 0.116E-05
      3       1       1  262144       4       4 0.320E-02 0.553E-02 0.213E-02 0.237E-02 0.455E-01 0.285E-02 0.449E-01 0.281E-02
      3       1       1   32768       4       4 0.117E-02 0.336E-02 0.496E-03 0.533E-03 0.403E-02 0.252E-03 0.391E-02 0.244E-03
      3       1       1    4096       4       4 0.834E-03 0.309E-02 0.837E-04 0.117E-03 0.366E-03 0.229E-04 0.333E-03 0.208E-04
      3       1       1     512       4       4 0.740E-03 0.293E-02 0.745E-05 0.110E-04 0.360E-04 0.225E-05 0.327E-04 0.204E-05
      3       1       1  524288       4       4 0.571E-02 0.839E-02 0.449E-02 0.490E-02 0.980E-01 0.612E-02 0.997E-01 0.623E-02
      3       1       1   65536       4       4 0.157E-02 0.354E-02 0.106E-02 0.120E-02 0.907E-02 0.567E-03 0.856E-02 0.535E-03
      3       1       1    8192       4       4 0.750E-03 0.275E-02 0.116E-03 0.169E-03 0.880E-03 0.550E-04 0.796E-03 0.497E-04
      3       1      12    1024       4       4 0.445E-02 0.178E-01 0.156E-04 0.250E-04 0.103E-03 0.645E-05 0.749E-04 0.468E-05
      3       1      12 1048576       4       4 0.105E-02 0.360E-02 0.175E-03 0.199E-03 0.873E-01 0.546E-02 0.822E-01 0.514E-02
      3       1      12  131072       4       4 0.692E-02 0.275E-01 0.805E-04 0.961E-04 0.157E-01 0.982E-03 0.153E-01 0.953E-03
      3       1      12   16384       4       4 0.421E-02 0.168E-01 0.305E-04 0.329E-04 0.231E-02 0.144E-03 0.187E-02 0.117E-03
      3       1      12    2048       4       4 0.443E-02 0.176E-01 0.507E-04 0.679E-04 0.538E-03 0.336E-04 0.403E-03 0.252E-04
      3       1      12     256       4       4 0.543E-02 0.217E-01 0.554E-05 0.906E-05 0.286E-04 0.179E-05 0.386E-04 0.241E-05
      3       1      12  262144       4       4 0.395E-02 0.155E-01 0.847E-04 0.880E-04 0.300E-01 0.187E-02 0.281E-01 0.176E-02
      3       1      12   32768       4       4 0.405E-02 0.161E-01 0.403E-04 0.439E-04 0.546E-02 0.341E-03 0.563E-02 0.352E-03
      3       1      12    4096       4       4 0.643E-02 0.255E-01 0.960E-04 0.126E-03 0.737E-03 0.461E-04 0.668E-03 0.418E-04
      3       1      12     512       4       4 0.449E-02 0.179E-01 0.870E-05 0.129E-04 0.346E-04 0.216E-05 0.384E-04 0.240E-05
      3       1      12  524288       4       4 0.150E-02 0.550E-02 0.135E-03 0.156E-03 0.409E-01 0.256E-02 0.391E-01 0.244E-02
      3       1      12   65536       4       4 0.418E-02 0.165E-01 0.551E-04 0.651E-04 0.122E-01 0.765E-03 0.117E-01 0.730E-03
      3       1      12    8192       4       4 0.539E-02 0.215E-01 0.265E-04 0.300E-04 0.194E-02 0.121E-03 0.178E-02 0.111E-03
      3       1      16    1024       4       4 0.536E-02 0.214E-01 0.152E-04 0.219E-04 0.875E-04 0.547E-05 0.968E-04 0.605E-05
      3       1      16 1048576       4       4 0.467E-02 0.181E-01 0.175E-03 0.206E-03 0.109E+00 0.683E-02 0.956E-01 0.598E-02
      3       1      16  131072       4       4 0.314E-02 0.124E-01 0.707E-04 0.758E-04 0.194E-01 0.121E-02 0.191E-01 0.120E-02
      3       1      16   16384       4       4 0.312E-02 0.124E-01 0.340E-04 0.491E-04 0.148E-02 0.922E-04 0.114E-02 0.710E-04
      3       1      16    2048       4       4 0.441E-02 0.175E-01 0.508E-04 0.679E-04 0.650E-03 0.406E-04 0.424E-03 0.265E-04
      3       1      16     256       4       4 0.738E-02 0.295E-01 0.554E-05 0.100E-04 0.255E-04 0.159E-05 0.510E-04 0.319E-05
      3       1      16  262144       4       4 0.364E-02 0.143E-01 0.785E-04 0.870E-04 0.395E-01 0.247E-02 0.363E-01 0.227E-02
      3       1      16   32768       4       4 0.430E-02 0.171E-01 0.450E-04 0.479E-04 0.573E-02 0.358E-03 0.548E-02 0.343E-03
      3       1      16    4096       4       4 0.442E-02 0.175E-01 0.860E-04 0.920E-04 0.736E-03 0.460E-04 0.591E-03 0.369E-04
      3       1      16     512       4       4 0.429E-02 0.172E-01 0.129E-04 0.272E-04 0.381E-04 0.238E-05 0.386E-04 0.241E-05
      3       1      16  524288       4       4 0.122E-02 0.449E-02 0.133E-03 0.154E-03 0.513E-01 0.321E-02 0.447E-01 0.279E-02
      3       1      16   65536       4       4 0.397E-02 0.157E-01 0.500E-04 0.560E-04 0.141E-01 0.882E-03 0.144E-01 0.900E-03
      3       1      16    8192       4       4 0.514E-02 0.204E-01 0.401E-04 0.520E-04 0.195E-02 0.122E-03 0.178E-02 0.112E-03
      3       1       2    1024       4       4 0.344E-02 0.137E-01 0.142E-04 0.238E-04 0.753E-04 0.471E-05 0.637E-04 0.398E-05
      3       1       2 1048576       4       4 0.914E-03 0.317E-02 0.171E-03 0.211E-03 0.224E+00 0.140E-01 0.212E+00 0.132E-01
      3       1       2  131072       4       4 0.871E-03 0.324E-02 0.718E-04 0.861E-04 0.233E-01 0.146E-02 0.215E-01 0.135E-02
      3       1       2   16384       4       4 0.694E-03 0.265E-02 0.290E-04 0.329E-04 0.283E-02 0.177E-03 0.269E-02 0.168E-03
      3       1       2    2048       4       4 0.334E-02 0.132E-01 0.430E-04 0.441E-04 0.276E-03 0.172E-04 0.230E-03 0.144E-04
      3       1       2     256       4       4 0.323E-02 0.129E-01 0.697E-05 0.150E-04 0.513E-04 0.320E-05 0.212E-04 0.133E-05
      3       1       2  262144       4       4 0.123E-02 0.463E-02 0.760E-04 0.880E-04 0.435E-01 0.272E-02 0.383E-01 0.239E-02
      3       1       2   32768       4       4 0.294E-02 0.116E-01 0.480E-04 0.598E-04 0.617E-02 0.386E-03 0.589E-02 0.368E-03
      3       1       2    4096       4       4 0.308E-02 0.122E-01 0.680E-04 0.701E-04 0.506E-03 0.317E-04 0.445E-03 0.278E-04
      3       1       2     512       4       4 0.349E-02 0.139E-01 0.805E-05 0.122E-04 0.315E-04 0.197E-05 0.341E-04 0.213E-05
      3       1       2  524288       4       4 0.912E-03 0.318E-02 0.141E-03 0.161E-03 0.923E-01 0.577E-02 0.929E-01 0.581E-02
      3       1       2   65536       4       4 0.112E-02 0.434E-02 0.532E-04 0.689E-04 0.124E-01 0.775E-03 0.100E-01 0.625E-03
      3       1       2    8192       4       4 0.284E-02 0.113E-01 0.257E-04 0.370E-04 0.983E-03 0.615E-04 0.943E-03 0.589E-04
      3       1      24    1024       4       4 0.406E-02 0.162E-01 0.150E-04 0.210E-04 0.920E-04 0.575E-05 0.846E-04 0.529E-05
      3       1      24 1048576       4       4 0.443E-02 0.171E-01 0.182E-03 0.201E-03 0.126E+00 0.787E-02 0.120E+00 0.749E-02
      3       1      24  131072       4       4 0.347E-02 0.136E-01 0.867E-04 0.103E-03 0.233E-01 0.146E-02 0.231E-01 0.144E-02
      3       1      24   16384       4       4 0.350E-02 0.139E-01 0.355E-04 0.410E-04 0.186E-02 0.117E-03 0.146E-02 0.911E-04
      3       1      24    2048       4       4 0.408E-02 0.162E-01 0.500E-04 0.529E-04 0.582E-03 0.364E-04 0.256E-03 0.160E-04
      3       1      24     256       4       4 0.418E-02 0.167E-01 0.930E-05 0.131E-04 0.312E-04 0.195E-05 0.253E-04 0.158E-05
      3       1      24  262144       4       4 0.163E-02 0.629E-02 0.920E-04 0.105E-03 0.500E-01 0.312E-02 0.496E-01 0.310E-02
      3       1      24   32768       4       4 0.329E-02 0.130E-01 0.548E-04 0.730E-04 0.590E-02 0.369E-03 0.540E-02 0.338E-03
      3       1      24    4096       4       4 0.408E-02 0.162E-01 0.845E-04 0.939E-04 0.642E-03 0.401E-04 0.368E-03 0.230E-04
      3       1      24     512       4       4 0.402E-02 0.161E-01 0.900E-05 0.141E-04 0.422E-04 0.264E-05 0.336E-04 0.210E-05
      3       1      24  524288       4       4 0.457E-02 0.178E-01 0.133E-03 0.135E-03 0.609E-01 0.380E-02 0.589E-01 0.368E-02
      3       1      24   65536       4       4 0.374E-02 0.148E-01 0.524E-04 0.589E-04 0.139E-01 0.870E-03 0.135E-01 0.845E-03
      3       1      24    8192       4       4 0.412E-02 0.164E-01 0.310E-04 0.410E-04 0.191E-02 0.119E-03 0.165E-02 0.103E-03
      3       1       4    1024       4       4 0.462E-02 0.184E-01 0.142E-04 0.238E-04 0.751E-04 0.469E-05 0.653E-04 0.408E-05
      3       1       4 1048576       4       4 0.106E-02 0.366E-02 0.205E-03 0.246E-03 0.126E+00 0.786E-02 0.115E+00 0.719E-02
      3       1       4  131072       4       4 0.153E-02 0.592E-02 0.690E-04 0.749E-04 0.145E-01 0.907E-03 0.166E-01 0.104E-02
      3       1       4   16384       4       4 0.415E-02 0.165E-01 0.333E-04 0.520E-04 0.248E-02 0.155E-03 0.208E-02 0.130E-03
      3       1       4    2048       4       4 0.460E-02 0.183E-01 0.450E-04 0.470E-04 0.442E-03 0.276E-04 0.365E-03 0.228E-04
      3       1       4     256       4       4 0.461E-02 0.184E-01 0.525E-05 0.882E-05 0.226E-04 0.142E-05 0.203E-04 0.127E-05
      3       1       4  262144       4       4 0.937E-03 0.343E-02 0.735E-04 0.751E-04 0.259E-01 0.162E-02 0.219E-01 0.137E-02
      3       1       4   32768       4       4 0.374E-02 0.148E-01 0.402E-04 0.479E-04 0.464E-02 0.290E-03 0.461E-02 0.288E-03
      3       1       4    4096       4       4 0.336E-02 0.133E-01 0.773E-04 0.101E-03 0.617E-03 0.386E-04 0.564E-03 0.352E-04
      3       1       4     512       4       4 0.461E-02 0.184E-01 0.799E-05 0.119E-04 0.286E-04 0.179E-05 0.360E-04 0.225E-05
      3       1       4  524288       4       4 0.118E-02 0.419E-02 0.134E-03 0.153E-03 0.560E-01 0.350E-02 0.544E-01 0.340E-02
      3       1       4   65536       4       4 0.651E-02 0.259E-01 0.453E-04 0.532E-04 0.744E-02 0.465E-03 0.677E-02 0.423E-03
      3       1       4    8192       4       4 0.626E-02 0.249E-01 0.258E-04 0.281E-04 0.119E-02 0.745E-04 0.100E-02 0.627E-04
      3       1       8    1024       4       4 0.858E-02 0.343E-01 0.154E-04 0.238E-04 0.837E-04 0.523E-05 0.699E-04 0.437E-05
      3       1       8 1048576       4       4 0.445E-02 0.172E-01 0.177E-03 0.226E-03 0.899E-01 0.562E-02 0.826E-01 0.516E-02
      3       1       8  131072       4       4 0.590E-02 0.234E-01 0.762E-04 0.889E-04 0.138E-01 0.863E-03 0.127E-01 0.793E-03
      3       1       8   16384       4       4 0.328E-02 0.130E-01 0.325E-04 0.470E-04 0.210E-02 0.131E-03 0.185E-02 0.115E-03
      3       1       8    2048       4       4 0.468E-02 0.186E-01 0.477E-04 0.510E-04 0.573E-03 0.358E-04 0.462E-03 0.289E-04
      3       1       8     256       4       4 0.657E-02 0.263E-01 0.525E-05 0.811E-05 0.262E-04 0.164E-05 0.169E-04 0.106E-05
      3       1       8  262144       4       4 0.170E-02 0.657E-02 0.847E-04 0.949E-04 0.311E-01 0.194E-02 0.240E-01 0.150E-02
      3       1       8   32768       4       4 0.788E-02 0.314E-01 0.423E-04 0.439E-04 0.538E-02 0.336E-03 0.536E-02 0.335E-03
      3       1       8    4096       4       4 0.123E-01 0.490E-01 0.862E-04 0.951E-04 0.909E-03 0.568E-04 0.657E-03 0.410E-04
      3       1       8     512       4       4 0.450E-02 0.180E-01 0.793E-05 0.119E-04 0.348E-04 0.218E-05 0.296E-04 0.185E-05
      3       1       8  524288       4       4 0.389E-02 0.150E-01 0.136E-03 0.144E-03 0.433E-01 0.270E-02 0.424E-01 0.265E-02
      3       1       8   65536       4       4 0.656E-02 0.261E-01 0.520E-04 0.629E-04 0.965E-02 0.603E-03 0.862E-02 0.539E-03
      3       1       8    8192       4       4 0.349E-02 0.139E-01 0.290E-04 0.298E-04 0.144E-02 0.897E-04 0.133E-02 0.829E-04
