res3dct3=[      1       1     128     128     128       4 0.187E-04 0.329E-04 0.000E+00 0.000E+00 0.158E+00 0.396E-01 0.160E+00 0.401E-01
      1       1      16      16      16       4 0.441E-05 0.148E-04 0.000E+00 0.000E+00 0.190E-03 0.476E-04 0.196E-03 0.489E-04
      1       1     256     256     256       4 0.252E-04 0.420E-04 0.000E+00 0.000E+00 0.174E+01 0.434E+00 0.195E+01 0.487E+00
      1       1      32      32      32       4 0.656E-05 0.181E-04 0.000E+00 0.000E+00 0.146E-02 0.366E-03 0.167E-02 0.417E-03
      1       1     512     512     512       4 0.336E-04 0.479E-04 0.000E+00 0.000E+00 0.197E+02 0.492E+01 0.214E+02 0.534E+01
      1       1      64      64      64       4 0.650E-05 0.150E-04 0.000E+00 0.000E+00 0.127E-01 0.317E-02 0.143E-01 0.357E-02
      1       1       8       8       8       4 0.304E-05 0.110E-04 0.000E+00 0.000E+00 0.432E-04 0.108E-04 0.319E-04 0.799E-05
      1      12     128     128     128       4 0.206E-04 0.391E-04 0.000E+00 0.000E+00 0.206E-01 0.515E-02 0.216E-01 0.539E-02
      1      12      16      16      16       4 0.709E-05 0.200E-04 0.000E+00 0.000E+00 0.122E-03 0.304E-04 0.123E-03 0.308E-04
      1      12     256     256     256       4 0.290E-04 0.479E-04 0.000E+00 0.000E+00 0.239E+00 0.598E-01 0.333E+00 0.832E-01
      1      12      32      32      32       4 0.745E-05 0.200E-04 0.000E+00 0.000E+00 0.340E-03 0.850E-04 0.351E-03 0.878E-04
      1      12     512     512     512       4 0.347E-04 0.510E-04 0.000E+00 0.000E+00 0.248E+01 0.621E+00 0.314E+01 0.785E+00
      1      12      64      64      64       4 0.900E-05 0.200E-04 0.000E+00 0.000E+00 0.284E-02 0.710E-03 0.312E-02 0.780E-03
      1      12       8       8       8       4 0.501E-05 0.138E-04 0.000E+00 0.000E+00 0.730E-04 0.182E-04 0.808E-04 0.202E-04
      1      16     128     128     128       4 0.205E-04 0.389E-04 0.000E+00 0.000E+00 0.169E-01 0.423E-02 0.154E-01 0.384E-02
      1      16      16      16      16       4 0.608E-05 0.191E-04 0.000E+00 0.000E+00 0.118E-03 0.294E-04 0.999E-04 0.250E-04
      1      16     256     256     256       4 0.278E-04 0.470E-04 0.238E-06 0.954E-06 0.239E+00 0.598E-01 0.356E+00 0.891E-01
      1      16      32      32      32       4 0.679E-05 0.181E-04 0.000E+00 0.000E+00 0.355E-03 0.887E-04 0.319E-03 0.798E-04
      1      16     512     512     512       4 0.362E-04 0.520E-04 0.000E+00 0.000E+00 0.344E+01 0.860E+00 0.430E+01 0.107E+01
      1      16      64      64      64       4 0.697E-05 0.160E-04 0.000E+00 0.000E+00 0.254E-02 0.635E-03 0.217E-02 0.543E-03
      1      16       8       8       8       4 0.530E-05 0.150E-04 0.000E+00 0.000E+00 0.842E-04 0.210E-04 0.668E-04 0.167E-04
      1       2     128     128     128       4 0.188E-04 0.350E-04 0.000E+00 0.000E+00 0.871E-01 0.218E-01 0.850E-01 0.213E-01
      1       2      16      16      16       4 0.501E-05 0.150E-04 0.238E-06 0.954E-06 0.129E-03 0.322E-04 0.127E-03 0.318E-04
      1       2     256     256     256       4 0.257E-04 0.429E-04 0.000E+00 0.000E+00 0.103E+01 0.257E+00 0.118E+01 0.294E+00
      1       2      32      32      32       4 0.650E-05 0.191E-04 0.000E+00 0.000E+00 0.841E-03 0.210E-03 0.931E-03 0.233E-03
      1       2     512     512     512       4 0.350E-04 0.501E-04 0.000E+00 0.000E+00 0.113E+02 0.284E+01 0.125E+02 0.312E+01
      1       2      64      64      64       4 0.679E-05 0.160E-04 0.238E-06 0.954E-06 0.706E-02 0.176E-02 0.824E-02 0.206E-02
      1       2       8       8       8       4 0.328E-05 0.122E-04 0.238E-06 0.954E-06 0.463E-04 0.116E-04 0.281E-04 0.703E-05
      1      24     128     128     128       4 0.209E-04 0.379E-04 0.000E+00 0.000E+00 0.158E-01 0.394E-02 0.163E-01 0.407E-02
      1      24      16      16      16       4 0.685E-05 0.222E-04 0.000E+00 0.000E+00 0.225E-02 0.563E-03 0.108E-03 0.269E-04
      1      24     256     256     256       4 0.362E-04 0.429E-04 0.000E+00 0.000E+00 0.185E+00 0.462E-01 0.279E+00 0.697E-01
      1      24      32      32      32       4 0.924E-05 0.241E-04 0.000E+00 0.000E+00 0.373E-03 0.933E-04 0.428E-03 0.107E-03
      1      24     512     512     512       4 0.350E-04 0.510E-04 0.000E+00 0.000E+00 0.227E+01 0.568E+00 0.298E+01 0.744E+00
      1      24      64      64      64       4 0.799E-05 0.188E-04 0.000E+00 0.000E+00 0.191E-02 0.477E-03 0.192E-02 0.481E-03
      1      24       8       8       8       4 0.370E-05 0.119E-04 0.238E-06 0.954E-06 0.126E-03 0.315E-04 0.629E-04 0.157E-04
      1       4     128     128     128       4 0.184E-04 0.350E-04 0.000E+00 0.000E+00 0.491E-01 0.123E-01 0.493E-01 0.123E-01
      1       4      16      16      16       4 0.554E-05 0.169E-04 0.000E+00 0.000E+00 0.129E-03 0.322E-04 0.110E-03 0.276E-04
      1       4     256     256     256       4 0.247E-04 0.401E-04 0.238E-06 0.954E-06 0.592E+00 0.148E+00 0.701E+00 0.175E+00
      1       4      32      32      32       4 0.674E-05 0.179E-04 0.000E+00 0.000E+00 0.817E-03 0.204E-03 0.896E-03 0.224E-03
      1       4     512     512     512       4 0.355E-04 0.479E-04 0.238E-06 0.954E-06 0.610E+01 0.153E+01 0.687E+01 0.172E+01
      1       4      64      64      64       4 0.697E-05 0.160E-04 0.000E+00 0.000E+00 0.473E-02 0.118E-02 0.485E-02 0.121E-02
      1       4       8       8       8       4 0.328E-05 0.100E-04 0.000E+00 0.000E+00 0.648E-04 0.162E-04 0.486E-04 0.122E-04
      1       8     128     128     128       4 0.207E-04 0.391E-04 0.000E+00 0.000E+00 0.257E-01 0.642E-02 0.251E-01 0.628E-02
      1       8      16      16      16       4 0.572E-05 0.179E-04 0.000E+00 0.000E+00 0.132E-03 0.330E-04 0.129E-03 0.323E-04
      1       8     256     256     256       4 0.281E-04 0.482E-04 0.000E+00 0.000E+00 0.375E+00 0.937E-01 0.476E+00 0.119E+00
      1       8      32      32      32       4 0.876E-05 0.229E-04 0.000E+00 0.000E+00 0.484E-03 0.121E-03 0.553E-03 0.138E-03
      1       8     512     512     512       4 0.352E-04 0.510E-04 0.238E-06 0.954E-06 0.405E+01 0.101E+01 0.470E+01 0.117E+01
      1       8      64      64      64       4 0.727E-05 0.169E-04 0.000E+00 0.000E+00 0.314E-02 0.784E-03 0.290E-02 0.726E-03
      1       8       8       8       8       4 0.423E-05 0.129E-04 0.000E+00 0.000E+00 0.720E-04 0.180E-04 0.613E-04 0.153E-04
      2       1     128     128     128       4 0.349E+00 0.139E+01 0.284E+00 0.113E+01 0.114E+00 0.286E-01 0.124E+00 0.310E-01
      2       1      16      16      16       4 0.292E-02 0.116E-01 0.243E-02 0.966E-02 0.708E-04 0.177E-04 0.691E-04 0.173E-04
      2       1     256     256     256       4 0.134E+01 0.536E+01 0.131E+01 0.526E+01 0.135E+01 0.338E+00 0.138E+01 0.344E+00
      2       1      32      32      32       4 0.152E-01 0.606E-01 0.129E-01 0.516E-01 0.755E-03 0.189E-03 0.751E-03 0.188E-03
      2       1     512     512     512       4 0.462E+01 0.185E+02 0.457E+01 0.183E+02 0.117E+02 0.294E+01 0.114E+02 0.285E+01
      2       1      64      64      64       4 0.612E-01 0.245E+00 0.529E-01 0.212E+00 0.100E-01 0.251E-02 0.106E-01 0.265E-02
      2       1       8       8       8       4 0.217E-02 0.860E-02 0.181E-02 0.718E-02 0.882E-05 0.221E-05 0.477E-05 0.119E-05
      2      12     128     128     128       4 0.545E+00 0.218E+01 0.477E+00 0.191E+01 0.257E-01 0.642E-02 0.291E-01 0.728E-02
      2      12      16      16      16       4 0.879E-02 0.341E-01 0.772E-02 0.298E-01 0.317E-03 0.792E-04 0.246E-03 0.615E-04
      2      12     256     256     256       4 0.196E+01 0.784E+01 0.200E+01 0.801E+01 0.224E+00 0.559E-01 0.209E+00 0.522E-01
      2      12      32      32      32       4 0.334E-01 0.132E+00 0.296E-01 0.117E+00 0.600E-03 0.150E-03 0.544E-03 0.136E-03
      2      12     512     512     512       4 0.767E+01 0.307E+02 0.729E+01 0.291E+02 0.151E+01 0.377E+00 0.173E+01 0.432E+00
      2      12      64      64      64       4 0.111E+00 0.444E+00 0.108E+00 0.429E+00 0.344E-02 0.859E-03 0.314E-02 0.786E-03
      2      12       8       8       8       4 0.744E-02 0.283E-01 0.597E-02 0.225E-01 0.659E-03 0.165E-03 0.407E-03 0.102E-03
      2      16     128     128     128       4 0.508E+00 0.203E+01 0.419E+00 0.167E+01 0.179E-01 0.447E-02 0.202E-01 0.505E-02
      2      16      16      16      16       4 0.742E-02 0.286E-01 0.665E-02 0.255E-01 0.249E-03 0.623E-04 0.213E-03 0.533E-04
      2      16     256     256     256       4 0.163E+01 0.653E+01 0.159E+01 0.634E+01 0.197E+00 0.493E-01 0.190E+00 0.476E-01
      2      16      32      32      32       4 0.271E-01 0.107E+00 0.253E-01 0.999E-01 0.648E-03 0.162E-03 0.669E-03 0.167E-03
      2      16     512     512     512       4 0.548E+01 0.219E+02 0.518E+01 0.207E+02 0.150E+01 0.376E+00 0.181E+01 0.454E+00
      2      16      64      64      64       4 0.991E-01 0.395E+00 0.856E-01 0.340E+00 0.425E-02 0.106E-02 0.472E-02 0.118E-02
      2      16       8       8       8       4 0.582E-02 0.222E-01 0.467E-02 0.176E-01 0.272E-03 0.680E-04 0.219E-03 0.547E-04
      2       2     128     128     128       4 0.586E+00 0.234E+01 0.473E+00 0.189E+01 0.697E-01 0.174E-01 0.723E-01 0.181E-01
      2       2      16      16      16       4 0.579E-02 0.230E-01 0.510E-02 0.202E-01 0.128E-03 0.320E-04 0.133E-03 0.332E-04
      2       2     256     256     256       4 0.224E+01 0.897E+01 0.223E+01 0.892E+01 0.814E+00 0.204E+00 0.853E+00 0.213E+00
      2       2      32      32      32       4 0.212E-01 0.846E-01 0.182E-01 0.728E-01 0.525E-03 0.131E-03 0.542E-03 0.136E-03
      2       2     512     512     512       4 0.766E+01 0.306E+02 0.737E+01 0.295E+02 0.633E+01 0.158E+01 0.688E+01 0.172E+01
      2       2      64      64      64       4 0.871E-01 0.348E+00 0.748E-01 0.299E+00 0.546E-02 0.136E-02 0.612E-02 0.153E-02
      2       2       8       8       8       4 0.407E-02 0.161E-01 0.363E-02 0.144E-01 0.942E-04 0.235E-04 0.770E-04 0.193E-04
      2      24     128     128     128       4 0.553E+00 0.220E+01 0.461E+00 0.183E+01 0.238E-01 0.596E-02 0.199E-01 0.497E-02
      2      24      16      16      16       4 0.102E-01 0.385E-01 0.897E-02 0.337E-01 0.205E-02 0.512E-03 0.477E-03 0.119E-03
      2      24     256     256     256       4 0.189E+01 0.754E+01 0.177E+01 0.706E+01 0.183E+00 0.458E-01 0.178E+00 0.445E-01
      2      24      32      32      32       4 0.305E-01 0.119E+00 0.280E-01 0.110E+00 0.633E-03 0.158E-03 0.641E-03 0.160E-03
      2      24     512     512     512       4 0.663E+01 0.265E+02 0.652E+01 0.261E+02 0.155E+01 0.387E+00 0.188E+01 0.469E+00
      2      24      64      64      64       4 0.129E+00 0.512E+00 0.122E+00 0.481E+00 0.255E-02 0.638E-03 0.543E-02 0.136E-02
      2      24       8       8       8       4 0.928E-02 0.338E-01 0.823E-02 0.299E-01 0.967E-03 0.242E-03 0.809E-03 0.202E-03
      2       4     128     128     128       4 0.493E+00 0.197E+01 0.392E+00 0.157E+01 0.422E-01 0.105E-01 0.441E-01 0.110E-01
      2       4      16      16      16       4 0.593E-02 0.234E-01 0.536E-02 0.211E-01 0.141E-03 0.352E-04 0.138E-03 0.346E-04
      2       4     256     256     256       4 0.180E+01 0.720E+01 0.193E+01 0.772E+01 0.416E+00 0.104E+00 0.429E+00 0.107E+00
      2       4      32      32      32       4 0.225E-01 0.896E-01 0.202E-01 0.804E-01 0.448E-03 0.112E-03 0.531E-03 0.133E-03
      2       4     512     512     512       4 0.650E+01 0.260E+02 0.654E+01 0.262E+02 0.357E+01 0.891E+00 0.376E+01 0.939E+00
      2       4      64      64      64       4 0.866E-01 0.346E+00 0.790E-01 0.315E+00 0.380E-02 0.949E-03 0.423E-02 0.106E-02
      2       4       8       8       8       4 0.428E-02 0.168E-01 0.377E-02 0.148E-01 0.899E-04 0.225E-04 0.854E-04 0.213E-04
      2       8     128     128     128       4 0.419E+00 0.168E+01 0.325E+00 0.130E+01 0.247E-01 0.618E-02 0.250E-01 0.625E-02
      2       8      16      16      16       4 0.527E-02 0.205E-01 0.470E-02 0.182E-01 0.120E-03 0.300E-04 0.120E-03 0.300E-04
      2       8     256     256     256       4 0.163E+01 0.651E+01 0.171E+01 0.685E+01 0.259E+00 0.647E-01 0.275E+00 0.687E-01
      2       8      32      32      32       4 0.197E-01 0.780E-01 0.170E-01 0.673E-01 0.586E-03 0.146E-03 0.613E-03 0.153E-03
      2       8     512     512     512       4 0.569E+01 0.228E+02 0.611E+01 0.244E+02 0.211E+01 0.528E+00 0.212E+01 0.531E+00
      2       8      64      64      64       4 0.747E-01 0.298E+00 0.627E-01 0.249E+00 0.460E-02 0.115E-02 0.459E-02 0.115E-02
      2       8       8       8       8       4 0.341E-02 0.131E-01 0.298E-02 0.114E-01 0.137E-03 0.343E-04 0.125E-03 0.313E-04
      3       1     128     128     128       4 0.872E-03 0.334E-02 0.222E-04 0.341E-04 0.113E+00 0.282E-01 0.985E-01 0.246E-01
      3       1      16      16      16       4 0.802E-03 0.320E-02 0.125E-05 0.286E-05 0.739E-04 0.185E-04 0.679E-04 0.170E-04
      3       1     256     256     256       4 0.915E-03 0.347E-02 0.318E-04 0.422E-04 0.131E+01 0.328E+00 0.130E+01 0.326E+00
      3       1      32      32      32       4 0.726E-03 0.288E-02 0.507E-05 0.112E-04 0.840E-03 0.210E-03 0.796E-03 0.199E-03
      3       1     512     512     512       4 0.104E-02 0.392E-02 0.514E-04 0.670E-04 0.199E+02 0.498E+01 0.199E+02 0.498E+01
      3       1      64      64      64       4 0.714E-03 0.282E-02 0.620E-05 0.119E-04 0.858E-02 0.214E-02 0.842E-02 0.211E-02
      3       1       8       8       8       4 0.872E-03 0.348E-02 0.101E-05 0.310E-05 0.184E-04 0.459E-05 0.882E-05 0.221E-05
      3      12     128     128     128       4 0.139E-02 0.540E-02 0.260E-04 0.360E-04 0.145E-01 0.363E-02 0.127E-01 0.318E-02
      3      12      16      16      16       4 0.547E-02 0.219E-01 0.793E-05 0.129E-04 0.118E-03 0.296E-04 0.851E-04 0.213E-04
      3      12     256     256     256       4 0.541E-03 0.197E-02 0.358E-04 0.451E-04 0.219E+00 0.548E-01 0.218E+00 0.544E-01
      3      12      32      32      32       4 0.308E-02 0.123E-01 0.650E-05 0.138E-04 0.262E-03 0.655E-04 0.204E-03 0.510E-04
      3      12     512     512     512       4 0.914E-03 0.339E-02 0.525E-04 0.660E-04 0.306E+01 0.766E+00 0.305E+01 0.761E+00
      3      12      64      64      64       4 0.370E-02 0.148E-01 0.703E-05 0.150E-04 0.153E-02 0.383E-03 0.146E-02 0.365E-03
      3      12       8       8       8       4 0.530E-02 0.212E-01 0.125E-05 0.286E-05 0.160E-04 0.399E-05 0.110E-04 0.274E-05
      3      16     128     128     128       4 0.128E-02 0.496E-02 0.241E-04 0.331E-04 0.130E-01 0.326E-02 0.111E-01 0.277E-02
      3      16      16      16      16       4 0.391E-02 0.156E-01 0.602E-05 0.119E-04 0.152E-03 0.380E-04 0.858E-04 0.215E-04
      3      16     256     256     256       4 0.603E-03 0.221E-02 0.413E-04 0.651E-04 0.207E+00 0.518E-01 0.207E+00 0.518E-01
      3      16      32      32      32       4 0.286E-02 0.114E-01 0.727E-05 0.150E-04 0.273E-03 0.682E-04 0.196E-03 0.490E-04
      3      16     512     512     512       4 0.108E-02 0.403E-02 0.585E-04 0.730E-04 0.304E+01 0.759E+00 0.299E+01 0.748E+00
      3      16      64      64      64       4 0.253E-02 0.101E-01 0.751E-05 0.160E-04 0.152E-02 0.380E-03 0.125E-02 0.313E-03
      3      16       8       8       8       4 0.426E-02 0.170E-01 0.119E-05 0.191E-05 0.222E-04 0.554E-05 0.129E-04 0.322E-05
      3       2     128     128     128       4 0.777E-03 0.295E-02 0.240E-04 0.329E-04 0.614E-01 0.153E-01 0.558E-01 0.139E-01
      3       2      16      16      16       4 0.362E-02 0.145E-01 0.453E-05 0.882E-05 0.102E-03 0.256E-04 0.720E-04 0.180E-04
      3       2     256     256     256       4 0.762E-03 0.287E-02 0.308E-04 0.410E-04 0.832E+00 0.208E+00 0.834E+00 0.209E+00
      3       2      32      32      32       4 0.328E-02 0.131E-01 0.525E-05 0.119E-04 0.513E-03 0.128E-03 0.508E-03 0.127E-03
      3       2     512     512     512       4 0.922E-03 0.341E-02 0.567E-04 0.720E-04 0.126E+02 0.316E+01 0.126E+02 0.314E+01
      3       2      64      64      64       4 0.153E-02 0.611E-02 0.602E-05 0.150E-04 0.452E-02 0.113E-02 0.467E-02 0.117E-02
      3       2       8       8       8       4 0.347E-02 0.139E-01 0.101E-05 0.215E-05 0.162E-04 0.405E-05 0.107E-04 0.268E-05
      3      24     128     128     128       4 0.136E-02 0.526E-02 0.260E-04 0.329E-04 0.131E-01 0.328E-02 0.113E-01 0.282E-02
      3      24      16      16      16       4 0.420E-02 0.168E-01 0.620E-05 0.138E-04 0.148E-03 0.370E-04 0.873E-04 0.218E-04
      3      24     256     256     256       4 0.419E-03 0.143E-02 0.618E-04 0.930E-04 0.175E+00 0.439E-01 0.175E+00 0.438E-01
      3      24      32      32      32       4 0.420E-02 0.168E-01 0.727E-05 0.150E-04 0.526E-03 0.131E-03 0.214E-03 0.535E-04
      3      24     512     512     512       4 0.104E-02 0.389E-02 0.556E-04 0.751E-04 0.275E+01 0.687E+00 0.259E+01 0.649E+00
      3      24      64      64      64       4 0.589E-02 0.235E-01 0.721E-05 0.148E-04 0.133E-02 0.333E-03 0.114E-02 0.284E-03
      3      24       8       8       8       4 0.490E-02 0.196E-01 0.101E-05 0.215E-05 0.188E-04 0.471E-05 0.110E-04 0.274E-05
      3       4     128     128     128       4 0.153E-02 0.599E-02 0.220E-04 0.319E-04 0.313E-01 0.782E-02 0.271E-01 0.678E-02
      3       4      16      16      16       4 0.749E-02 0.299E-01 0.501E-05 0.110E-04 0.130E-03 0.325E-04 0.951E-04 0.238E-04
      3       4     256     256     256       4 0.727E-03 0.272E-02 0.319E-04 0.429E-04 0.476E+00 0.119E+00 0.476E+00 0.119E+00
      3       4      32      32      32       4 0.507E-02 0.203E-01 0.602E-05 0.122E-04 0.518E-03 0.129E-03 0.464E-03 0.116E-03
      3       4     512     512     512       4 0.932E-03 0.347E-02 0.520E-04 0.660E-04 0.641E+01 0.160E+01 0.640E+01 0.160E+01
      3       4      64      64      64       4 0.560E-02 0.224E-01 0.668E-05 0.150E-04 0.285E-02 0.712E-03 0.288E-02 0.720E-03
      3       4       8       8       8       4 0.874E-02 0.350E-01 0.715E-06 0.191E-05 0.172E-04 0.429E-05 0.978E-05 0.244E-05
      3       8     128     128     128       4 0.120E-02 0.464E-02 0.236E-04 0.339E-04 0.193E-01 0.482E-02 0.173E-01 0.433E-02
      3       8      16      16      16       4 0.349E-02 0.140E-01 0.548E-05 0.119E-04 0.131E-03 0.327E-04 0.803E-04 0.201E-04
      3       8     256     256     256       4 0.643E-03 0.238E-02 0.367E-04 0.448E-04 0.317E+00 0.793E-01 0.327E+00 0.818E-01
      3       8      32      32      32       4 0.541E-02 0.216E-01 0.900E-05 0.169E-04 0.313E-03 0.783E-04 0.287E-03 0.718E-04
      3       8     512     512     512       4 0.945E-03 0.350E-02 0.543E-04 0.632E-04 0.417E+01 0.104E+01 0.418E+01 0.105E+01
      3       8      64      64      64       4 0.650E-02 0.260E-01 0.727E-05 0.162E-04 0.167E-02 0.417E-03 0.157E-02 0.394E-03
      3       8       8       8       8       4 0.717E-02 0.287E-01 0.149E-05 0.501E-05 0.176E-04 0.441E-05 0.131E-04 0.328E-05];
