      2       1     127     127     127       4 0.440E+00 0.176E+01 0.414E+00 0.166E+01 0.483E+00 0.121E+00 0.486E+00 0.122E+00
      2       1      17      17      17       4 0.220E-02 0.866E-02 0.201E-02 0.793E-02 0.616E-03 0.154E-03 0.610E-03 0.153E-03
      2       1     257     257     257       4 0.260E+01 0.104E+02 0.258E+01 0.103E+02 0.549E+01 0.137E+01 0.549E+01 0.137E+01
      2       1      31      31      31       4 0.180E-01 0.720E-01 0.178E-01 0.711E-01 0.533E-02 0.133E-02 0.535E-02 0.134E-02
      2       1     509     509     509       4 0.487E+01 0.195E+02 0.486E+01 0.195E+02 0.357E+02 0.894E+01 0.357E+02 0.893E+01
      2       1      67      67      67       4 0.762E-01 0.304E+00 0.765E-01 0.305E+00 0.887E-01 0.222E-01 0.885E-01 0.221E-01
      2       1       7       7       7       4 0.180E-02 0.709E-02 0.156E-02 0.618E-02 0.906E-05 0.226E-05 0.501E-05 0.125E-05
      2      12     127     127     127       4 0.491E+00 0.196E+01 0.457E+00 0.182E+01 0.100E+00 0.251E-01 0.898E-01 0.224E-01
      2      12      17      17      17       4 0.115E-01 0.445E-01 0.108E-01 0.416E-01 0.362E-03 0.905E-04 0.304E-03 0.761E-04
      2      12     257     257     257       4 0.270E+01 0.108E+02 0.275E+01 0.110E+02 0.795E+00 0.199E+00 0.773E+00 0.193E+00
      2      12      31      31      31       4 0.587E-01 0.232E+00 0.635E-01 0.252E+00 0.129E-02 0.321E-03 0.126E-02 0.315E-03
      2      12     509     509     509       4 0.791E+01 0.316E+02 0.791E+01 0.316E+02 0.456E+01 0.114E+01 0.432E+01 0.108E+01
      2      12      67      67      67       4 0.994E-01 0.393E+00 0.920E-01 0.364E+00 0.221E-01 0.552E-02 0.216E-01 0.539E-02
      2      12       7       7       7       4 0.617E-02 0.237E-01 0.576E-02 0.223E-01 0.358E-03 0.895E-04 0.185E-03 0.461E-04
      2      16     127     127     127       4 0.473E+00 0.188E+01 0.440E+00 0.175E+01 0.108E+00 0.270E-01 0.989E-01 0.247E-01
      2      16      17      17      17       4 0.112E-01 0.430E-01 0.106E-01 0.407E-01 0.377E-03 0.942E-04 0.335E-03 0.837E-04
      2      16     257     257     257       4 0.251E+01 0.100E+02 0.257E+01 0.103E+02 0.855E+00 0.214E+00 0.703E+00 0.176E+00
      2      16      31      31      31       4 0.634E-01 0.252E+00 0.647E-01 0.256E+00 0.158E-02 0.395E-03 0.150E-02 0.375E-03
      2      16     509     509     509       4 0.742E+01 0.297E+02 0.719E+01 0.288E+02 0.351E+01 0.878E+00 0.353E+01 0.882E+00
      2      16      67      67      67       4 0.111E+00 0.434E+00 0.111E+00 0.432E+00 0.246E-01 0.615E-02 0.228E-01 0.570E-02
      2      16       7       7       7       4 0.575E-02 0.214E-01 0.510E-02 0.189E-01 0.561E-03 0.140E-03 0.348E-03 0.870E-04
      2       2     127     127     127       4 0.714E+00 0.286E+01 0.690E+00 0.276E+01 0.319E+00 0.798E-01 0.295E+00 0.737E-01
      2       2      17      17      17       4 0.606E-02 0.239E-01 0.573E-02 0.226E-01 0.433E-03 0.108E-03 0.423E-03 0.106E-03
      2       2     257     257     257       4 0.662E+01 0.265E+02 0.663E+01 0.265E+02 0.307E+01 0.768E+00 0.305E+01 0.763E+00
      2       2      31      31      31       4 0.359E-01 0.143E+00 0.350E-01 0.140E+00 0.312E-02 0.781E-03 0.311E-02 0.778E-03
      2       2     509     509     509       4 0.107E+02 0.428E+02 0.106E+02 0.426E+02 0.197E+02 0.493E+01 0.199E+02 0.498E+01
      2       2      67      67      67       4 0.137E+00 0.546E+00 0.136E+00 0.545E+00 0.531E-01 0.133E-01 0.538E-01 0.135E-01
      2       2       7       7       7       4 0.463E-02 0.183E-01 0.430E-02 0.171E-01 0.806E-04 0.201E-04 0.458E-04 0.114E-04
      2      24     127     127     127       4 0.475E+00 0.188E+01 0.436E+00 0.172E+01 0.717E-01 0.179E-01 0.665E-01 0.166E-01
      2      24      17      17      17       4 0.144E-01 0.532E-01 0.136E-01 0.502E-01 0.863E-03 0.216E-03 0.731E-03 0.183E-03
      2      24     257     257     257       4 0.272E+01 0.109E+02 0.268E+01 0.107E+02 0.590E+00 0.147E+00 0.595E+00 0.149E+00
      2      24      31      31      31       4 0.820E-01 0.325E+00 0.798E-01 0.313E+00 0.133E-02 0.334E-03 0.134E-02 0.336E-03
      2      24     509     509     509       4 0.623E+01 0.249E+02 0.620E+01 0.248E+02 0.292E+01 0.730E+00 0.283E+01 0.707E+00
      2      24      67      67      67       4 0.158E+00 0.593E+00 0.139E+00 0.529E+00 0.224E-01 0.560E-02 0.190E-01 0.475E-02
      2      24       7       7       7       4 0.588E-02 0.211E-01 0.538E-02 0.192E-01 0.680E-03 0.170E-03 0.391E-03 0.978E-04
      2       4     127     127     127       4 0.476E+00 0.190E+01 0.457E+00 0.183E+01 0.174E+00 0.436E-01 0.172E+00 0.431E-01
      2       4      17      17      17       4 0.767E-02 0.302E-01 0.747E-02 0.295E-01 0.382E-03 0.955E-04 0.316E-03 0.790E-04
      2       4     257     257     257       4 0.417E+01 0.167E+02 0.407E+01 0.163E+02 0.185E+01 0.461E+00 0.178E+01 0.445E+00
      2       4      31      31      31       4 0.384E-01 0.153E+00 0.382E-01 0.152E+00 0.165E-02 0.412E-03 0.165E-02 0.412E-03
      2       4     509     509     509       4 0.842E+01 0.337E+02 0.800E+01 0.320E+02 0.112E+02 0.279E+01 0.112E+02 0.279E+01
      2       4      67      67      67       4 0.122E+00 0.488E+00 0.122E+00 0.485E+00 0.281E-01 0.703E-02 0.286E-01 0.716E-02
      2       4       7       7       7       4 0.520E-02 0.205E-01 0.472E-02 0.186E-01 0.925E-04 0.231E-04 0.892E-04 0.223E-04
      2       8     127     127     127       4 0.402E+00 0.160E+01 0.409E+00 0.163E+01 0.947E-01 0.237E-01 0.998E-01 0.250E-01
      2       8      17      17      17       4 0.111E-01 0.431E-01 0.107E-01 0.419E-01 0.477E-03 0.119E-03 0.396E-03 0.989E-04
      2       8     257     257     257       4 0.316E+01 0.126E+02 0.309E+01 0.124E+02 0.102E+01 0.256E+00 0.973E+00 0.243E+00
      2       8      31      31      31       4 0.510E-01 0.203E+00 0.506E-01 0.202E+00 0.159E-02 0.397E-03 0.159E-02 0.397E-03
      2       8     509     509     509       4 0.829E+01 0.332E+02 0.804E+01 0.322E+02 0.567E+01 0.142E+01 0.571E+01 0.143E+01
      2       8      67      67      67       4 0.116E+00 0.459E+00 0.111E+00 0.439E+00 0.305E-01 0.763E-02 0.299E-01 0.748E-02
      2       8       7       7       7       4 0.669E-02 0.259E-01 0.555E-02 0.213E-01 0.634E-03 0.158E-03 0.340E-03 0.850E-04
      3       1     127     127     127       4 0.900E-03 0.333E-02 0.629E-04 0.789E-04 0.334E+00 0.836E-01 0.345E+00 0.861E-01
      3       1      17      17      17       4 0.708E-03 0.280E-02 0.679E-05 0.112E-04 0.431E-03 0.108E-03 0.391E-03 0.978E-04
      3       1     257     257     257       4 0.100E-02 0.357E-02 0.118E-03 0.144E-03 0.443E+01 0.111E+01 0.452E+01 0.113E+01
      3       1      31      31      31       4 0.794E-03 0.315E-02 0.751E-05 0.119E-04 0.376E-02 0.939E-03 0.371E-02 0.928E-03
      3       1     509     509     509       4 0.103E-02 0.349E-02 0.182E-03 0.233E-03 0.293E+02 0.732E+01 0.305E+02 0.762E+01
      3       1      67      67      67       4 0.935E-03 0.368E-02 0.123E-04 0.212E-04 0.101E+00 0.252E-01 0.100E+00 0.251E-01
      3       1       7       7       7       4 0.787E-03 0.314E-02 0.149E-05 0.405E-05 0.203E-04 0.507E-05 0.100E-04 0.250E-05
      3      12     127     127     127       4 0.670E-03 0.238E-02 0.672E-04 0.780E-04 0.353E-01 0.883E-02 0.359E-01 0.896E-02
      3      12      17      17      17       4 0.428E-02 0.171E-01 0.101E-04 0.131E-04 0.275E-03 0.687E-04 0.134E-03 0.336E-04
      3      12     257     257     257       4 0.756E-03 0.252E-02 0.151E-03 0.225E-03 0.463E+00 0.116E+00 0.480E+00 0.120E+00
      3      12      31      31      31       4 0.828E-02 0.331E-01 0.118E-04 0.200E-04 0.914E-03 0.229E-03 0.741E-03 0.185E-03
      3      12     509     509     509       4 0.120E-02 0.401E-02 0.226E-03 0.235E-03 0.305E+01 0.763E+00 0.318E+01 0.794E+00
      3      12      67      67      67       4 0.325E-02 0.129E-01 0.154E-04 0.200E-04 0.127E-01 0.317E-02 0.126E-01 0.314E-02
      3      12       7       7       7       4 0.531E-02 0.212E-01 0.125E-05 0.215E-05 0.236E-04 0.590E-05 0.112E-04 0.280E-05
      3      16     127     127     127       4 0.131E-02 0.494E-02 0.687E-04 0.799E-04 0.281E-01 0.702E-02 0.261E-01 0.653E-02
      3      16      17      17      17       4 0.918E-02 0.367E-01 0.100E-04 0.138E-04 0.319E-03 0.798E-04 0.156E-03 0.390E-04
      3      16     257     257     257       4 0.621E-03 0.197E-02 0.136E-03 0.164E-03 0.357E+00 0.893E-01 0.381E+00 0.954E-01
      3      16      31      31      31       4 0.718E-02 0.287E-01 0.147E-04 0.181E-04 0.745E-03 0.186E-03 0.555E-03 0.139E-03
      3      16     509     509     509       4 0.120E-02 0.402E-02 0.228E-03 0.236E-03 0.233E+01 0.582E+00 0.243E+01 0.607E+00
      3      16      67      67      67       4 0.394E-02 0.157E-01 0.154E-04 0.219E-04 0.104E-01 0.261E-02 0.157E-01 0.391E-02
      3      16       7       7       7       4 0.412E-02 0.165E-01 0.715E-06 0.191E-05 0.198E-04 0.495E-05 0.103E-04 0.256E-05
      3       2     127     127     127       4 0.164E-02 0.630E-02 0.622E-04 0.730E-04 0.172E+00 0.431E-01 0.180E+00 0.451E-01
      3       2      17      17      17       4 0.364E-02 0.145E-01 0.870E-05 0.119E-04 0.317E-03 0.792E-04 0.241E-03 0.603E-04
      3       2     257     257     257       4 0.871E-03 0.303E-02 0.119E-03 0.141E-03 0.226E+01 0.566E+00 0.234E+01 0.585E+00
      3       2      31      31      31       4 0.328E-02 0.131E-01 0.972E-05 0.131E-04 0.213E-02 0.531E-03 0.201E-02 0.503E-03
      3       2     509     509     509       4 0.108E-02 0.368E-02 0.193E-03 0.257E-03 0.154E+02 0.385E+01 0.159E+02 0.398E+01
      3       2      67      67      67       4 0.863E-03 0.339E-02 0.128E-04 0.210E-04 0.527E-01 0.132E-01 0.527E-01 0.132E-01
      3       2       7       7       7       4 0.364E-02 0.146E-01 0.119E-05 0.191E-05 0.179E-04 0.447E-05 0.110E-04 0.274E-05
      3      24     127     127     127       4 0.946E-03 0.348E-02 0.950E-04 0.166E-03 0.356E-01 0.889E-02 0.367E-01 0.919E-02
      3      24      17      17      17       4 0.383E-02 0.153E-01 0.108E-04 0.160E-04 0.740E-03 0.185E-03 0.108E-03 0.271E-04
      3      24     257     257     257       4 0.678E-03 0.213E-02 0.154E-03 0.234E-03 0.293E+00 0.733E-01 0.303E+00 0.758E-01
      3      24      31      31      31       4 0.585E-02 0.234E-01 0.110E-04 0.169E-04 0.751E-03 0.188E-03 0.519E-03 0.130E-03
      3      24     509     509     509       4 0.110E-02 0.362E-02 0.230E-03 0.240E-03 0.216E+01 0.540E+00 0.217E+01 0.541E+00
      3      24      67      67      67       4 0.466E-02 0.186E-01 0.144E-04 0.229E-04 0.729E-02 0.182E-02 0.695E-02 0.174E-02
      3      24       7       7       7       4 0.371E-02 0.148E-01 0.149E-05 0.310E-05 0.236E-04 0.590E-05 0.141E-04 0.352E-05
      3       4     127     127     127       4 0.103E-02 0.383E-02 0.761E-04 0.105E-03 0.896E-01 0.224E-01 0.921E-01 0.230E-01
      3       4      17      17      17       4 0.363E-02 0.145E-01 0.829E-05 0.119E-04 0.391E-03 0.976E-04 0.262E-03 0.656E-04
      3       4     257     257     257       4 0.822E-03 0.281E-02 0.122E-03 0.153E-03 0.119E+01 0.297E+00 0.123E+01 0.309E+00
      3       4      31      31      31       4 0.538E-02 0.215E-01 0.995E-05 0.129E-04 0.168E-02 0.420E-03 0.148E-02 0.371E-03
      3       4     509     509     509       4 0.111E-02 0.382E-02 0.185E-03 0.234E-03 0.788E+01 0.197E+01 0.823E+01 0.206E+01
      3       4      67      67      67       4 0.425E-02 0.169E-01 0.152E-04 0.219E-04 0.277E-01 0.693E-02 0.276E-01 0.690E-02
      3       4       7       7       7       4 0.673E-02 0.269E-01 0.131E-05 0.310E-05 0.179E-04 0.447E-05 0.978E-05 0.244E-05
      3       8     127     127     127       4 0.845E-03 0.309E-02 0.679E-04 0.849E-04 0.479E-01 0.120E-01 0.492E-01 0.123E-01
      3       8      17      17      17       4 0.556E-02 0.222E-01 0.930E-05 0.131E-04 0.319E-03 0.798E-04 0.186E-03 0.466E-04
      3       8     257     257     257       4 0.797E-03 0.258E-02 0.165E-03 0.204E-03 0.640E+00 0.160E+00 0.670E+00 0.167E+00
      3       8      31      31      31       4 0.638E-02 0.255E-01 0.100E-04 0.131E-04 0.100E-02 0.251E-03 0.874E-03 0.218E-03
      3       8     509     509     509       4 0.107E-02 0.366E-02 0.194E-03 0.263E-03 0.426E+01 0.106E+01 0.443E+01 0.111E+01
      3       8      67      67      67       4 0.397E-02 0.158E-01 0.150E-04 0.219E-04 0.170E-01 0.424E-02 0.162E-01 0.406E-02
      3       8       7       7       7       4 0.437E-02 0.175E-01 0.125E-05 0.405E-05 0.188E-04 0.471E-05 0.114E-04 0.286E-05
      4       1     127     127     127       4 0.000E+00 0.000E+00 0.000E+00 0.000E+00 0.000E+00 0.000E+00 0.000E+00 0.000E+00
      4       1      17      17      17       4 0.000E+00 0.000E+00 0.000E+00 0.000E+00 0.000E+00 0.000E+00 0.000E+00 0.000E+00
      4       1     257     257     257       4 0.000E+00 0.000E+00 0.000E+00 0.000E+00 0.000E+00 0.000E+00 0.000E+00 0.000E+00
      4       1      31      31      31       4 0.000E+00 0.000E+00 0.000E+00 0.000E+00 0.000E+00 0.000E+00 0.000E+00 0.000E+00
      4       1     509     509     509       4 0.000E+00 0.000E+00 0.000E+00 0.000E+00 0.000E+00 0.000E+00 0.000E+00 0.000E+00
      4       1      67      67      67       4 0.000E+00 0.000E+00 0.000E+00 0.000E+00 0.000E+00 0.000E+00 0.000E+00 0.000E+00
      4       1       7       7       7       4 0.000E+00 0.000E+00 0.000E+00 0.000E+00 0.000E+00 0.000E+00 0.000E+00 0.000E+00
      4      12     127     127     127       4 0.000E+00 0.000E+00 0.000E+00 0.000E+00 0.000E+00 0.000E+00 0.000E+00 0.000E+00
      4      12      17      17      17       4 0.000E+00 0.000E+00 0.000E+00 0.000E+00 0.000E+00 0.000E+00 0.000E+00 0.000E+00
      4      12     257     257     257       4 0.000E+00 0.000E+00 0.000E+00 0.000E+00 0.000E+00 0.000E+00 0.000E+00 0.000E+00
      4      12      31      31      31       4 0.000E+00 0.000E+00 0.000E+00 0.000E+00 0.000E+00 0.000E+00 0.000E+00 0.000E+00
      4      12     509     509     509       4 0.000E+00 0.000E+00 0.000E+00 0.000E+00 0.000E+00 0.000E+00 0.000E+00 0.000E+00
      4      12      67      67      67       4 0.000E+00 0.000E+00 0.000E+00 0.000E+00 0.000E+00 0.000E+00 0.000E+00 0.000E+00
      4      12       7       7       7       4 0.000E+00 0.000E+00 0.000E+00 0.000E+00 0.000E+00 0.000E+00 0.000E+00 0.000E+00
      4      16     127     127     127       4 0.000E+00 0.000E+00 0.000E+00 0.000E+00 0.000E+00 0.000E+00 0.000E+00 0.000E+00
      4      16      17      17      17       4 0.000E+00 0.000E+00 0.000E+00 0.000E+00 0.000E+00 0.000E+00 0.000E+00 0.000E+00
      4      16     257     257     257       4 0.000E+00 0.000E+00 0.000E+00 0.000E+00 0.000E+00 0.000E+00 0.000E+00 0.000E+00
      4      16      31      31      31       4 0.000E+00 0.000E+00 0.000E+00 0.000E+00 0.000E+00 0.000E+00 0.000E+00 0.000E+00
      4      16     509     509     509       4 0.000E+00 0.000E+00 0.000E+00 0.000E+00 0.000E+00 0.000E+00 0.000E+00 0.000E+00
      4      16      67      67      67       4 0.000E+00 0.000E+00 0.000E+00 0.000E+00 0.000E+00 0.000E+00 0.000E+00 0.000E+00
      4      16       7       7       7       4 0.000E+00 0.000E+00 0.000E+00 0.000E+00 0.000E+00 0.000E+00 0.000E+00 0.000E+00
      4       2     127     127     127       4 0.000E+00 0.000E+00 0.000E+00 0.000E+00 0.000E+00 0.000E+00 0.000E+00 0.000E+00
      4       2      17      17      17       4 0.000E+00 0.000E+00 0.000E+00 0.000E+00 0.000E+00 0.000E+00 0.000E+00 0.000E+00
      4       2     257     257     257       4 0.000E+00 0.000E+00 0.000E+00 0.000E+00 0.000E+00 0.000E+00 0.000E+00 0.000E+00
      4       2      31      31      31       4 0.000E+00 0.000E+00 0.000E+00 0.000E+00 0.000E+00 0.000E+00 0.000E+00 0.000E+00
      4       2     509     509     509       4 0.000E+00 0.000E+00 0.000E+00 0.000E+00 0.000E+00 0.000E+00 0.000E+00 0.000E+00
      4       2      67      67      67       4 0.000E+00 0.000E+00 0.000E+00 0.000E+00 0.000E+00 0.000E+00 0.000E+00 0.000E+00
      4       2       7       7       7       4 0.000E+00 0.000E+00 0.000E+00 0.000E+00 0.000E+00 0.000E+00 0.000E+00 0.000E+00
      4      24     127     127     127       4 0.000E+00 0.000E+00 0.000E+00 0.000E+00 0.000E+00 0.000E+00 0.000E+00 0.000E+00
      4      24      17      17      17       4 0.000E+00 0.000E+00 0.000E+00 0.000E+00 0.000E+00 0.000E+00 0.000E+00 0.000E+00
      4      24     257     257     257       4 0.000E+00 0.000E+00 0.000E+00 0.000E+00 0.000E+00 0.000E+00 0.000E+00 0.000E+00
      4      24      31      31      31       4 0.000E+00 0.000E+00 0.000E+00 0.000E+00 0.000E+00 0.000E+00 0.000E+00 0.000E+00
      4      24     509     509     509       4 0.000E+00 0.000E+00 0.000E+00 0.000E+00 0.000E+00 0.000E+00 0.000E+00 0.000E+00
      4      24      67      67      67       4 0.000E+00 0.000E+00 0.000E+00 0.000E+00 0.000E+00 0.000E+00 0.000E+00 0.000E+00
      4      24       7       7       7       4 0.000E+00 0.000E+00 0.000E+00 0.000E+00 0.000E+00 0.000E+00 0.000E+00 0.000E+00
      4       4     127     127     127       4 0.000E+00 0.000E+00 0.000E+00 0.000E+00 0.000E+00 0.000E+00 0.000E+00 0.000E+00
      4       4      17      17      17       4 0.000E+00 0.000E+00 0.000E+00 0.000E+00 0.000E+00 0.000E+00 0.000E+00 0.000E+00
      4       4     257     257     257       4 0.000E+00 0.000E+00 0.000E+00 0.000E+00 0.000E+00 0.000E+00 0.000E+00 0.000E+00
      4       4      31      31      31       4 0.000E+00 0.000E+00 0.000E+00 0.000E+00 0.000E+00 0.000E+00 0.000E+00 0.000E+00
      4       4     509     509     509       4 0.000E+00 0.000E+00 0.000E+00 0.000E+00 0.000E+00 0.000E+00 0.000E+00 0.000E+00
      4       4      67      67      67       4 0.000E+00 0.000E+00 0.000E+00 0.000E+00 0.000E+00 0.000E+00 0.000E+00 0.000E+00
      4       4       7       7       7       4 0.000E+00 0.000E+00 0.000E+00 0.000E+00 0.000E+00 0.000E+00 0.000E+00 0.000E+00
      4       8     127     127     127       4 0.000E+00 0.000E+00 0.000E+00 0.000E+00 0.000E+00 0.000E+00 0.000E+00 0.000E+00
      4       8      17      17      17       4 0.000E+00 0.000E+00 0.000E+00 0.000E+00 0.000E+00 0.000E+00 0.000E+00 0.000E+00
      4       8     257     257     257       4 0.000E+00 0.000E+00 0.000E+00 0.000E+00 0.000E+00 0.000E+00 0.000E+00 0.000E+00
      4       8      31      31      31       4 0.000E+00 0.000E+00 0.000E+00 0.000E+00 0.000E+00 0.000E+00 0.000E+00 0.000E+00
      4       8     509     509     509       4 0.000E+00 0.000E+00 0.000E+00 0.000E+00 0.000E+00 0.000E+00 0.000E+00 0.000E+00
      4       8      67      67      67       4 0.000E+00 0.000E+00 0.000E+00 0.000E+00 0.000E+00 0.000E+00 0.000E+00 0.000E+00
      4       8       7       7       7       4 0.000E+00 0.000E+00 0.000E+00 0.000E+00 0.000E+00 0.000E+00 0.000E+00 0.000E+00
