      2       1       1    1021       4       4 0.504E-01 0.201E+00 0.768E-04 0.911E-04 0.386E-03 0.241E-04 0.373E-03 0.233E-04
      2       1       1   16381       4       4 0.434E+00 0.173E+01 0.117E-02 0.130E-02 0.128E-01 0.801E-03 0.121E-01 0.758E-03
      2       1       1    2053       4       4 0.257E+00 0.103E+01 0.209E-03 0.252E-03 0.123E-02 0.769E-04 0.113E-02 0.709E-04
      2       1       1     257       4       4 0.580E-01 0.232E+00 0.181E-01 0.722E-01 0.103E-03 0.645E-05 0.958E-04 0.599E-05
      2       1       1    4099       4       4 0.456E+00 0.182E+01 0.410E-03 0.489E-03 0.342E-02 0.214E-03 0.338E-02 0.211E-03
      2       1       1     509       4       4 0.362E-01 0.144E+00 0.572E-04 0.770E-04 0.193E-03 0.121E-04 0.172E-03 0.108E-04
      2       1       1    8191       4       4 0.240E+00 0.958E+00 0.570E-03 0.699E-03 0.578E-02 0.361E-03 0.541E-02 0.338E-03
      2       1      12    1021       4       4 0.111E+00 0.442E+00 0.138E-03 0.160E-03 0.128E-02 0.802E-04 0.123E-02 0.767E-04
      2       1      12   16381       4       4 0.379E+00 0.151E+01 0.169E-02 0.178E-02 0.980E-02 0.613E-03 0.972E-02 0.608E-03
      2       1      12    2053       4       4 0.455E+00 0.182E+01 0.515E-03 0.553E-03 0.364E-02 0.228E-03 0.357E-02 0.223E-03
      2       1      12     257       4       4 0.122E+00 0.489E+00 0.128E+00 0.511E+00 0.757E-03 0.473E-04 0.726E-03 0.454E-04
      2       1      12    4099       4       4 0.648E+00 0.259E+01 0.835E-03 0.847E-03 0.460E-02 0.288E-03 0.454E-02 0.284E-03
      2       1      12     509       4       4 0.865E-01 0.346E+00 0.112E-03 0.123E-03 0.105E-02 0.654E-04 0.102E-02 0.636E-04
      2       1      12    8191       4       4 0.257E+00 0.102E+01 0.107E-02 0.117E-02 0.704E-02 0.440E-03 0.503E-02 0.314E-03
      2       1      16    1021       4       4 0.114E+00 0.454E+00 0.115E-03 0.137E-03 0.123E-02 0.772E-04 0.123E-02 0.768E-04
      2       1      16   16381       4       4 0.347E+00 0.138E+01 0.182E-02 0.229E-02 0.107E-01 0.668E-03 0.104E-01 0.649E-03
      2       1      16    2053       4       4 0.475E+00 0.189E+01 0.491E-03 0.518E-03 0.426E-02 0.266E-03 0.346E-02 0.216E-03
      2       1      16     257       4       4 0.159E+00 0.632E+00 0.169E+00 0.675E+00 0.139E-02 0.870E-04 0.112E-02 0.699E-04
      2       1      16    4099       4       4 0.653E+00 0.261E+01 0.741E-03 0.755E-03 0.501E-02 0.313E-03 0.504E-02 0.315E-03
      2       1      16     509       4       4 0.683E-01 0.272E+00 0.933E-04 0.114E-03 0.987E-03 0.617E-04 0.951E-03 0.594E-04
      2       1      16    8191       4       4 0.252E+00 0.997E+00 0.117E-02 0.129E-02 0.475E-02 0.297E-03 0.468E-02 0.293E-03
      2       1       2    1021       4       4 0.562E-01 0.224E+00 0.156E-03 0.198E-03 0.882E-03 0.551E-04 0.855E-03 0.534E-04
      2       1       2   16381       4       4 0.395E+00 0.157E+01 0.126E-02 0.142E-02 0.911E-02 0.569E-03 0.839E-02 0.524E-03
      2       1       2    2053       4       4 0.265E+00 0.106E+01 0.277E-03 0.322E-03 0.152E-02 0.951E-04 0.152E-02 0.953E-04
      2       1       2     257       4       4 0.690E-01 0.276E+00 0.727E-01 0.291E+00 0.499E-03 0.312E-04 0.539E-03 0.337E-04
      2       1       2    4099       4       4 0.461E+00 0.184E+01 0.526E-03 0.633E-03 0.377E-02 0.235E-03 0.349E-02 0.218E-03
      2       1       2     509       4       4 0.431E-01 0.172E+00 0.553E-04 0.682E-04 0.472E-03 0.295E-04 0.455E-03 0.284E-04
      2       1       2    8191       4       4 0.248E+00 0.988E+00 0.640E-03 0.726E-03 0.609E-02 0.381E-03 0.589E-02 0.368E-03
      2       1      24    1021       4       4 0.116E+00 0.463E+00 0.264E-03 0.284E-03 0.466E-02 0.292E-03 0.458E-02 0.286E-03
      2       1      24   16381       4       4 0.454E+00 0.181E+01 0.214E-02 0.229E-02 0.119E-01 0.744E-03 0.113E-01 0.709E-03
      2       1      24    2053       4       4 0.501E+00 0.200E+01 0.795E-03 0.941E-03 0.606E-02 0.379E-03 0.414E-02 0.259E-03
      2       1      24     257       4       4 0.181E+00 0.721E+00 0.185E+00 0.738E+00 0.110E-02 0.685E-04 0.108E-02 0.674E-04
      2       1      24    4099       4       4 0.713E+00 0.285E+01 0.110E-02 0.120E-02 0.592E-02 0.370E-03 0.433E-02 0.270E-03
      2       1      24     509       4       4 0.912E-01 0.364E+00 0.120E-03 0.139E-03 0.113E-02 0.705E-04 0.113E-02 0.709E-04
      2       1      24    8191       4       4 0.370E+00 0.147E+01 0.116E-02 0.122E-02 0.104E-01 0.650E-03 0.885E-02 0.553E-03
      2       1       4    1021       4       4 0.682E-01 0.273E+00 0.112E-03 0.149E-03 0.980E-03 0.613E-04 0.934E-03 0.584E-04
      2       1       4   16381       4       4 0.385E+00 0.153E+01 0.125E-02 0.132E-02 0.133E-01 0.833E-03 0.131E-01 0.817E-03
      2       1       4    2053       4       4 0.311E+00 0.124E+01 0.303E-03 0.330E-03 0.229E-02 0.143E-03 0.226E-02 0.141E-03
      2       1       4     257       4       4 0.922E-01 0.368E+00 0.960E-01 0.383E+00 0.721E-03 0.450E-04 0.715E-03 0.447E-04
      2       1       4    4099       4       4 0.513E+00 0.205E+01 0.500E-03 0.566E-03 0.293E-02 0.183E-03 0.285E-02 0.178E-03
      2       1       4     509       4       4 0.549E-01 0.219E+00 0.720E-04 0.849E-04 0.655E-03 0.410E-04 0.646E-03 0.404E-04
      2       1       4    8191       4       4 0.220E+00 0.875E+00 0.778E-03 0.883E-03 0.435E-02 0.272E-03 0.385E-02 0.241E-03
      2       1       8    1021       4       4 0.922E-01 0.369E+00 0.103E-03 0.128E-03 0.109E-02 0.680E-04 0.113E-02 0.704E-04
      2       1       8   16381       4       4 0.401E+00 0.160E+01 0.126E-02 0.150E-02 0.996E-02 0.622E-03 0.972E-02 0.608E-03
      2       1       8    2053       4       4 0.361E+00 0.144E+01 0.487E-03 0.564E-03 0.289E-02 0.181E-03 0.281E-02 0.175E-03
      2       1       8     257       4       4 0.123E+00 0.493E+00 0.133E+00 0.530E+00 0.892E-03 0.558E-04 0.884E-03 0.552E-04
      2       1       8    4099       4       4 0.564E+00 0.225E+01 0.698E-03 0.706E-03 0.402E-02 0.251E-03 0.387E-02 0.242E-03
      2       1       8     509       4       4 0.677E-01 0.271E+00 0.765E-04 0.918E-04 0.787E-03 0.492E-04 0.755E-03 0.472E-04
      2       1       8    8191       4       4 0.241E+00 0.961E+00 0.817E-03 0.907E-03 0.528E-02 0.330E-03 0.515E-02 0.322E-03
      3       1       1    1021       4       4 0.707E-03 0.242E-02 0.168E-03 0.187E-03 0.412E-03 0.257E-04 0.413E-03 0.258E-04
      3       1       1 1048573       4       4 0.143E+00 0.146E+00 0.139E+00 0.143E+00 0.125E+01 0.780E-01 0.126E+01 0.787E-01
      3       1       1  131071       4       4 0.147E-01 0.178E-01 0.134E-01 0.137E-01 0.110E+00 0.689E-02 0.109E+00 0.684E-02
      3       1       1   16381       4       4 0.254E-02 0.494E-02 0.163E-02 0.180E-02 0.104E-01 0.647E-03 0.100E-01 0.627E-03
      3       1       1    2053       4       4 0.118E-02 0.347E-02 0.395E-03 0.452E-03 0.120E-02 0.748E-04 0.116E-02 0.726E-04
      3       1       1     257       4       4 0.662E-03 0.255E-02 0.346E-04 0.460E-04 0.106E-03 0.662E-05 0.880E-04 0.550E-05
      3       1       1  262147       4       4 0.444E-01 0.501E-01 0.434E-01 0.457E-01 0.513E+00 0.320E-01 0.507E+00 0.317E-01
      3       1       1   32771       4       4 0.654E-02 0.969E-02 0.583E-02 0.652E-02 0.457E-01 0.286E-02 0.441E-01 0.276E-02
      3       1       1    4099       4       4 0.149E-02 0.385E-02 0.666E-03 0.724E-03 0.436E-02 0.272E-03 0.432E-02 0.270E-03
      3       1       1     509       4       4 0.642E-03 0.240E-02 0.615E-04 0.770E-04 0.173E-03 0.108E-04 0.157E-03 0.980E-05
      3       1       1  524287       4       4 0.614E-01 0.662E-01 0.586E-01 0.600E-01 0.541E+00 0.338E-01 0.539E+00 0.337E-01
      3       1       1   65537       4       4 0.106E-01 0.143E-01 0.988E-02 0.109E-01 0.106E+00 0.661E-02 0.104E+00 0.651E-02
      3       1       1    8191       4       4 0.160E-02 0.377E-02 0.950E-03 0.102E-02 0.469E-02 0.293E-03 0.449E-02 0.280E-03
      3       1      12    1021       4       4 0.337E-02 0.131E-01 0.160E-03 0.199E-03 0.421E-03 0.263E-04 0.387E-03 0.242E-04
      3       1      12 1048573       4       4 0.146E+00 0.154E+00 0.140E+00 0.142E+00 0.131E+01 0.817E-01 0.130E+01 0.815E-01
      3       1      12  131071       4       4 0.164E-01 0.245E-01 0.138E-01 0.140E-01 0.114E+00 0.712E-02 0.113E+00 0.709E-02
      3       1      12   16381       4       4 0.716E-02 0.226E-01 0.199E-02 0.243E-02 0.118E-01 0.736E-03 0.113E-01 0.709E-03
      3       1      12    2053       4       4 0.583E-02 0.220E-01 0.386E-03 0.443E-03 0.120E-02 0.749E-04 0.116E-02 0.723E-04
      3       1      12     257       4       4 0.441E-02 0.175E-01 0.373E-04 0.532E-04 0.131E-03 0.817E-05 0.961E-04 0.601E-05
      3       1      12  262147       4       4 0.489E-01 0.640E-01 0.452E-01 0.476E-01 0.533E+00 0.333E-01 0.527E+00 0.330E-01
      3       1      12   32771       4       4 0.986E-02 0.228E-01 0.551E-02 0.662E-02 0.484E-01 0.302E-02 0.476E-01 0.297E-02
      3       1      12    4099       4       4 0.624E-02 0.223E-01 0.977E-03 0.115E-02 0.580E-02 0.362E-03 0.552E-02 0.345E-03
      3       1      12     509       4       4 0.545E-02 0.216E-01 0.672E-04 0.104E-03 0.173E-03 0.108E-04 0.167E-03 0.104E-04
      3       1      12  524287       4       4 0.663E-01 0.796E-01 0.604E-01 0.618E-01 0.558E+00 0.349E-01 0.558E+00 0.349E-01
      3       1      12   65537       4       4 0.140E-01 0.260E-01 0.105E-01 0.112E-01 0.112E+00 0.698E-02 0.111E+00 0.695E-02
      3       1      12    8191       4       4 0.534E-02 0.185E-01 0.106E-02 0.111E-02 0.494E-02 0.308E-03 0.491E-02 0.307E-03
      3       1      16    1021       4       4 0.445E-02 0.174E-01 0.165E-03 0.197E-03 0.423E-03 0.264E-04 0.397E-03 0.248E-04
      3       1      16 1048573       4       4 0.150E+00 0.164E+00 0.142E+00 0.144E+00 0.131E+01 0.817E-01 0.130E+01 0.815E-01
      3       1      16  131071       4       4 0.186E-01 0.330E-01 0.139E-01 0.144E-01 0.115E+00 0.721E-02 0.115E+00 0.722E-02
      3       1      16   16381       4       4 0.815E-02 0.269E-01 0.171E-02 0.186E-02 0.108E-01 0.674E-03 0.105E-01 0.655E-03
      3       1      16    2053       4       4 0.577E-02 0.218E-01 0.379E-03 0.423E-03 0.124E-02 0.774E-04 0.124E-02 0.773E-04
      3       1      16     257       4       4 0.529E-02 0.211E-01 0.461E-04 0.660E-04 0.139E-03 0.866E-05 0.101E-03 0.629E-05
      3       1      16  262147       4       4 0.477E-01 0.598E-01 0.451E-01 0.474E-01 0.534E+00 0.334E-01 0.529E+00 0.331E-01
      3       1      16   32771       4       4 0.111E-01 0.280E-01 0.544E-02 0.661E-02 0.477E-01 0.298E-02 0.468E-01 0.293E-02
      3       1      16    4099       4       4 0.598E-02 0.220E-01 0.672E-03 0.748E-03 0.462E-02 0.289E-03 0.453E-02 0.283E-03
      3       1      16     509       4       4 0.435E-02 0.172E-01 0.722E-04 0.920E-04 0.201E-03 0.126E-04 0.164E-03 0.102E-04
      3       1      16  524287       4       4 0.661E-01 0.792E-01 0.605E-01 0.619E-01 0.557E+00 0.348E-01 0.557E+00 0.348E-01
      3       1      16   65537       4       4 0.134E-01 0.267E-01 0.101E-01 0.109E-01 0.113E+00 0.704E-02 0.112E+00 0.699E-02
      3       1      16    8191       4       4 0.608E-02 0.219E-01 0.947E-03 0.983E-03 0.489E-02 0.306E-03 0.473E-02 0.296E-03
      3       1       2    1021       4       4 0.317E-02 0.123E-01 0.151E-03 0.219E-03 0.365E-03 0.228E-04 0.360E-03 0.225E-04
      3       1       2 1048573       4       4 0.145E+00 0.152E+00 0.140E+00 0.143E+00 0.124E+01 0.778E-01 0.126E+01 0.786E-01
      3       1       2  131071       4       4 0.144E-01 0.185E-01 0.136E-01 0.143E-01 0.109E+00 0.683E-02 0.109E+00 0.680E-02
      3       1       2   16381       4       4 0.246E-02 0.441E-02 0.161E-02 0.191E-02 0.104E-01 0.653E-03 0.104E-01 0.649E-03
      3       1       2    2053       4       4 0.112E-02 0.321E-02 0.393E-03 0.477E-03 0.127E-02 0.793E-04 0.115E-02 0.719E-04
      3       1       2     257       4       4 0.413E-02 0.164E-01 0.470E-04 0.629E-04 0.119E-03 0.742E-05 0.113E-03 0.709E-05
      3       1       2  262147       4       4 0.452E-01 0.528E-01 0.438E-01 0.461E-01 0.512E+00 0.320E-01 0.505E+00 0.316E-01
      3       1       2   32771       4       4 0.859E-02 0.186E-01 0.557E-02 0.660E-02 0.461E-01 0.288E-02 0.445E-01 0.278E-02
      3       1       2    4099       4       4 0.360E-02 0.123E-01 0.610E-03 0.659E-03 0.431E-02 0.269E-03 0.429E-02 0.268E-03
      3       1       2     509       4       4 0.632E-03 0.237E-02 0.605E-04 0.770E-04 0.156E-03 0.976E-05 0.145E-03 0.907E-05
      3       1       2  524287       4       4 0.644E-01 0.776E-01 0.586E-01 0.599E-01 0.540E+00 0.337E-01 0.539E+00 0.337E-01
      3       1       2   65537       4       4 0.104E-01 0.155E-01 0.979E-02 0.105E-01 0.106E+00 0.662E-02 0.106E+00 0.660E-02
      3       1       2    8191       4       4 0.157E-02 0.382E-02 0.939E-03 0.991E-03 0.481E-02 0.301E-03 0.459E-02 0.287E-03
      3       1      24    1021       4       4 0.617E-02 0.243E-01 0.170E-03 0.202E-03 0.438E-03 0.274E-04 0.386E-03 0.241E-04
      3       1      24 1048573       4       4 0.148E+00 0.162E+00 0.139E+00 0.141E+00 0.132E+01 0.826E-01 0.132E+01 0.824E-01
      3       1      24  131071       4       4 0.164E-01 0.246E-01 0.138E-01 0.140E-01 0.114E+00 0.715E-02 0.115E+00 0.716E-02
      3       1      24   16381       4       4 0.682E-02 0.199E-01 0.239E-02 0.252E-02 0.142E-01 0.885E-03 0.139E-01 0.867E-03
      3       1      24    2053       4       4 0.549E-02 0.207E-01 0.397E-03 0.425E-03 0.131E-02 0.816E-04 0.125E-02 0.779E-04
      3       1      24     257       4       4 0.525E-02 0.209E-01 0.417E-04 0.529E-04 0.127E-03 0.796E-05 0.104E-03 0.653E-05
      3       1      24  262147       4       4 0.506E-01 0.576E-01 0.476E-01 0.477E-01 0.542E+00 0.339E-01 0.538E+00 0.336E-01
      3       1      24   32771       4       4 0.997E-02 0.232E-01 0.551E-02 0.665E-02 0.484E-01 0.302E-02 0.477E-01 0.298E-02
      3       1      24    4099       4       4 0.473E-02 0.169E-01 0.760E-03 0.829E-03 0.485E-02 0.303E-03 0.470E-02 0.294E-03
      3       1      24     509       4       4 0.389E-02 0.154E-01 0.680E-04 0.880E-04 0.186E-03 0.116E-04 0.167E-03 0.104E-04
      3       1      24  524287       4       4 0.641E-01 0.692E-01 0.612E-01 0.625E-01 0.573E+00 0.358E-01 0.574E+00 0.359E-01
      3       1      24   65537       4       4 0.149E-01 0.335E-01 0.936E-02 0.106E-01 0.112E+00 0.700E-02 0.111E+00 0.695E-02
      3       1      24    8191       4       4 0.685E-02 0.249E-01 0.891E-03 0.995E-03 0.488E-02 0.305E-03 0.471E-02 0.294E-03
      3       1       4    1021       4       4 0.742E-02 0.293E-01 0.150E-03 0.168E-03 0.385E-03 0.241E-04 0.368E-03 0.230E-04
      3       1       4 1048573       4       4 0.146E+00 0.152E+00 0.141E+00 0.143E+00 0.126E+01 0.790E-01 0.127E+01 0.795E-01
      3       1       4  131071       4       4 0.186E-01 0.341E-01 0.133E-01 0.136E-01 0.110E+00 0.689E-02 0.109E+00 0.684E-02
      3       1       4   16381       4       4 0.555E-02 0.169E-01 0.164E-02 0.184E-02 0.106E-01 0.665E-03 0.105E-01 0.654E-03
      3       1       4    2053       4       4 0.501E-02 0.187E-01 0.383E-03 0.435E-03 0.124E-02 0.775E-04 0.119E-02 0.745E-04
      3       1       4     257       4       4 0.465E-02 0.185E-01 0.350E-04 0.460E-04 0.108E-03 0.675E-05 0.923E-04 0.577E-05
      3       1       4  262147       4       4 0.473E-01 0.604E-01 0.442E-01 0.467E-01 0.520E+00 0.325E-01 0.514E+00 0.321E-01
      3       1       4   32771       4       4 0.974E-02 0.230E-01 0.537E-02 0.635E-02 0.458E-01 0.286E-02 0.450E-01 0.281E-02
      3       1       4    4099       4       4 0.511E-02 0.187E-01 0.687E-03 0.765E-03 0.474E-02 0.296E-03 0.465E-02 0.290E-03
      3       1       4     509       4       4 0.441E-02 0.175E-01 0.585E-04 0.792E-04 0.155E-03 0.967E-05 0.144E-03 0.897E-05
      3       1       4  524287       4       4 0.628E-01 0.696E-01 0.590E-01 0.601E-01 0.546E+00 0.341E-01 0.544E+00 0.340E-01
      3       1       4   65537       4       4 0.121E-01 0.221E-01 0.988E-02 0.106E-01 0.109E+00 0.679E-02 0.107E+00 0.668E-02
      3       1       4    8191       4       4 0.527E-02 0.184E-01 0.942E-03 0.101E-02 0.473E-02 0.296E-03 0.460E-02 0.287E-03
      3       1       8    1021       4       4 0.967E-02 0.383E-01 0.134E-03 0.164E-03 0.394E-03 0.246E-04 0.383E-03 0.239E-04
      3       1       8 1048573       4       4 0.148E+00 0.163E+00 0.141E+00 0.143E+00 0.129E+01 0.804E-01 0.129E+01 0.806E-01
      3       1       8  131071       4       4 0.220E-01 0.471E-01 0.138E-01 0.144E-01 0.112E+00 0.701E-02 0.112E+00 0.698E-02
      3       1       8   16381       4       4 0.615E-02 0.191E-01 0.173E-02 0.181E-02 0.108E-01 0.676E-03 0.105E-01 0.659E-03
      3       1       8    2053       4       4 0.476E-02 0.177E-01 0.407E-03 0.474E-03 0.128E-02 0.797E-04 0.122E-02 0.760E-04
      3       1       8     257       4       4 0.664E-02 0.264E-01 0.562E-04 0.620E-04 0.181E-03 0.113E-04 0.174E-03 0.108E-04
      3       1       8  262147       4       4 0.505E-01 0.708E-01 0.451E-01 0.476E-01 0.529E+00 0.331E-01 0.525E+00 0.328E-01
      3       1       8   32771       4       4 0.120E-01 0.320E-01 0.592E-02 0.872E-02 0.484E-01 0.303E-02 0.461E-01 0.288E-02
      3       1       8    4099       4       4 0.499E-02 0.182E-01 0.722E-03 0.801E-03 0.478E-02 0.299E-03 0.467E-02 0.292E-03
      3       1       8     509       4       4 0.447E-02 0.177E-01 0.627E-04 0.858E-04 0.169E-03 0.106E-04 0.150E-03 0.939E-05
      3       1       8  524287       4       4 0.687E-01 0.886E-01 0.606E-01 0.619E-01 0.553E+00 0.346E-01 0.553E+00 0.346E-01
      3       1       8   65537       4       4 0.139E-01 0.288E-01 0.993E-02 0.106E-01 0.110E+00 0.690E-02 0.110E+00 0.685E-02
      3       1       8    8191       4       4 0.819E-02 0.302E-01 0.949E-03 0.978E-03 0.492E-02 0.308E-03 0.467E-02 0.292E-03
];
