res2dcp5=[      2       1       1    1021    1021       4       4 0.136E+01 0.137E+01 0.124E+01 0.125E+01 0.787E+00 0.492E-01 0.797E+00 0.498E-01
      2       1       1     127     127       4       4 0.122E+00 0.124E+00 0.104E+00 0.104E+00 0.985E-02 0.615E-03 0.990E-02 0.619E-03
      2       1       1    2053    2053       4       4 0.831E+01 0.842E+01 0.744E+01 0.806E+01 0.506E+01 0.316E+00 0.505E+01 0.316E+00
      2       1       1     257     257       4       4 0.431E+00 0.432E+00 0.452E+00 0.455E+00 0.511E-01 0.320E-02 0.511E-01 0.319E-02
      2       1       1      31      31       4       4 0.454E-01 0.459E-01 0.449E-01 0.451E-01 0.462E-03 0.289E-04 0.465E-03 0.290E-04
      2       1       1    4099    4099       4       4 0.952E+01 0.959E+01 0.680E+01 0.687E+01 0.229E+02 0.143E+01 0.229E+02 0.143E+01
      2       1       1     509     509       4       4 0.442E+00 0.443E+00 0.390E+00 0.392E+00 0.175E+00 0.109E-01 0.174E+00 0.109E-01
      2       1       1      67      67       4       4 0.342E-01 0.348E-01 0.284E-01 0.285E-01 0.365E-02 0.228E-03 0.362E-02 0.226E-03
      2       1      12    1021    1021       4       4 0.148E+01 0.166E+01 0.139E+01 0.153E+01 0.126E+00 0.790E-02 0.125E+00 0.782E-02
      2       1      12     127     127       4       4 0.191E+00 0.194E+00 0.181E+00 0.195E+00 0.476E-02 0.297E-03 0.471E-02 0.294E-03
      2       1      12    2053    2053       4       4 0.543E+01 0.552E+01 0.504E+01 0.527E+01 0.701E+00 0.438E-01 0.687E+00 0.430E-01
      2       1      12     257     257       4       4 0.162E+01 0.168E+01 0.177E+01 0.178E+01 0.158E-01 0.987E-03 0.153E-01 0.958E-03
      2       1      12      31      31       4       4 0.957E-01 0.103E+00 0.976E-01 0.103E+00 0.104E-02 0.647E-04 0.105E-02 0.658E-04
      2       1      12    4099    4099       4       4 0.174E+02 0.178E+02 0.170E+02 0.174E+02 0.334E+01 0.209E+00 0.326E+01 0.204E+00
      2       1      12     509     509       4       4 0.712E+00 0.764E+00 0.714E+00 0.738E+00 0.359E-01 0.224E-02 0.372E-01 0.233E-02
      2       1      12      67      67       4       4 0.128E+00 0.132E+00 0.124E+00 0.131E+00 0.239E-02 0.149E-03 0.221E-02 0.138E-03
      2       1      16    1021    1021       4       4 0.148E+01 0.152E+01 0.138E+01 0.144E+01 0.111E+00 0.695E-02 0.110E+00 0.691E-02
      2       1      16     127     127       4       4 0.274E+00 0.280E+00 0.265E+00 0.280E+00 0.468E-02 0.292E-03 0.440E-02 0.275E-03
      2       1      16    2053    2053       4       4 0.570E+01 0.572E+01 0.542E+01 0.547E+01 0.650E+00 0.407E-01 0.638E+00 0.399E-01
      2       1      16     257     257       4       4 0.187E+01 0.194E+01 0.202E+01 0.205E+01 0.162E-01 0.101E-02 0.159E-01 0.996E-03
      2       1      16      31      31       4       4 0.129E+00 0.131E+00 0.128E+00 0.132E+00 0.101E-02 0.633E-04 0.100E-02 0.626E-04
      2       1      16    4099    4099       4       4 0.183E+02 0.197E+02 0.179E+02 0.192E+02 0.373E+01 0.233E+00 0.298E+01 0.187E+00
      2       1      16     509     509       4       4 0.650E+00 0.687E+00 0.651E+00 0.665E+00 0.303E-01 0.189E-02 0.291E-01 0.182E-02
      2       1      16      67      67       4       4 0.148E+00 0.155E+00 0.144E+00 0.150E+00 0.276E-02 0.173E-03 0.257E-02 0.161E-03
      2       1       2    1021    1021       4       4 0.202E+01 0.206E+01 0.181E+01 0.184E+01 0.510E+00 0.319E-01 0.512E+00 0.320E-01
      2       1       2     127     127       4       4 0.139E+00 0.141E+00 0.866E-01 0.118E+00 0.572E-02 0.357E-03 0.584E-02 0.365E-03
      2       1       2    2053    2053       4       4 0.112E+02 0.114E+02 0.935E+01 0.967E+01 0.312E+01 0.195E+00 0.311E+01 0.194E+00
      2       1       2     257     257       4       4 0.681E+00 0.691E+00 0.706E+00 0.710E+00 0.327E-01 0.204E-02 0.323E-01 0.202E-02
      2       1       2      31      31       4       4 0.523E-01 0.528E-01 0.517E-01 0.520E-01 0.422E-03 0.263E-04 0.451E-03 0.282E-04
      2       1       2    4099    4099       4       4 0.205E+02 0.207E+02 0.139E+02 0.144E+02 0.144E+02 0.899E+00 0.143E+02 0.894E+00
      2       1       2     509     509       4       4 0.662E+00 0.667E+00 0.592E+00 0.593E+00 0.116E+00 0.726E-02 0.116E+00 0.726E-02
      2       1       2      67      67       4       4 0.419E-01 0.422E-01 0.226E-01 0.343E-01 0.230E-02 0.144E-03 0.233E-02 0.145E-03
      2       1      24    1021    1021       4       4 0.166E+01 0.169E+01 0.161E+01 0.163E+01 0.117E+00 0.732E-02 0.111E+00 0.696E-02
      2       1      24     127     127       4       4 0.355E+00 0.381E+00 0.350E+00 0.371E+00 0.886E-02 0.554E-03 0.488E-02 0.305E-03
      2       1      24    2053    2053       4       4 0.666E+01 0.685E+01 0.642E+01 0.670E+01 0.522E+00 0.326E-01 0.520E+00 0.325E-01
      2       1      24     257     257       4       4 0.237E+01 0.241E+01 0.260E+01 0.262E+01 0.158E-01 0.985E-03 0.116E-01 0.727E-03
      2       1      24      31      31       4       4 0.187E+00 0.216E+00 0.180E+00 0.198E+00 0.160E-02 0.100E-03 0.182E-02 0.114E-03
      2       1      24    4099    4099       4       4 0.185E+02 0.199E+02 0.177E+02 0.187E+02 0.266E+01 0.166E+00 0.245E+01 0.153E+00
      2       1      24     509     509       4       4 0.897E+00 0.930E+00 0.889E+00 0.924E+00 0.315E-01 0.197E-02 0.314E-01 0.196E-02
      2       1      24      67      67       4       4 0.178E+00 0.196E+00 0.166E+00 0.174E+00 0.399E-02 0.250E-03 0.356E-02 0.222E-03
      2       1       4    1021    1021       4       4 0.146E+01 0.148E+01 0.138E+01 0.140E+01 0.278E+00 0.174E-01 0.273E+00 0.171E-01
      2       1       4     127     127       4       4 0.130E+00 0.132E+00 0.760E-01 0.108E+00 0.369E-02 0.231E-03 0.378E-02 0.236E-03
      2       1       4    2053    2053       4       4 0.742E+01 0.793E+01 0.625E+01 0.778E+01 0.206E+01 0.128E+00 0.202E+01 0.126E+00
      2       1       4     257     257       4       4 0.988E+00 0.100E+01 0.104E+01 0.108E+01 0.221E-01 0.138E-02 0.236E-01 0.147E-02
      2       1       4      31      31       4       4 0.514E-01 0.520E-01 0.512E-01 0.516E-01 0.388E-03 0.242E-04 0.413E-03 0.258E-04
      2       1       4    4099    4099       4       4 0.198E+02 0.200E+02 0.131E+02 0.135E+02 0.948E+01 0.592E+00 0.937E+01 0.586E+00
      2       1       4     509     509       4       4 0.562E+00 0.596E+00 0.545E+00 0.570E+00 0.774E-01 0.484E-02 0.781E-01 0.488E-02
      2       1       4      67      67       4       4 0.715E-01 0.758E-01 0.634E-01 0.705E-01 0.191E-02 0.119E-03 0.190E-02 0.119E-03
      2       1       8    1021    1021       4       4 0.124E+01 0.126E+01 0.111E+01 0.116E+01 0.167E+00 0.104E-01 0.152E+00 0.948E-02
      2       1       8     127     127       4       4 0.187E+00 0.190E+00 0.177E+00 0.188E+00 0.462E-02 0.289E-03 0.460E-02 0.287E-03
      2       1       8    2053    2053       4       4 0.633E+01 0.670E+01 0.598E+01 0.627E+01 0.986E+00 0.616E-01 0.109E+01 0.681E-01
      2       1       8     257     257       4       4 0.134E+01 0.135E+01 0.146E+01 0.149E+01 0.195E-01 0.122E-02 0.192E-01 0.120E-02
      2       1       8      31      31       4       4 0.847E-01 0.862E-01 0.901E-01 0.940E-01 0.587E-03 0.367E-04 0.564E-03 0.352E-04
      2       1       8    4099    4099       4       4 0.181E+02 0.184E+02 0.177E+02 0.181E+02 0.444E+01 0.278E+00 0.427E+01 0.267E+00
      2       1       8     509     509       4       4 0.542E+00 0.566E+00 0.521E+00 0.542E+00 0.536E-01 0.335E-02 0.550E-01 0.344E-02
      2       1       8      67      67       4       4 0.642E-01 0.662E-01 0.582E-01 0.586E-01 0.210E-02 0.131E-03 0.208E-02 0.130E-03
      2      16       1    1021    1021       4       4 0.301E+00 0.304E+00 0.259E+00 0.259E+00 0.980E-01 0.612E-02 0.953E-01 0.595E-02
      2      16       1     127     127       4       4 0.898E-01 0.966E-01 0.718E-01 0.728E-01 0.173E-02 0.108E-03 0.158E-02 0.987E-04
      2      16       1    2053    2053       4       4 0.141E+01 0.142E+01 0.118E+01 0.118E+01 0.663E+00 0.415E-01 0.652E+00 0.408E-01
      2      16       1     257     257       4       4 0.297E+00 0.320E+00 0.308E+00 0.313E+00 0.651E-02 0.407E-03 0.619E-02 0.387E-03
      2      16       1      31      31       4       4 0.386E-01 0.440E-01 0.354E-01 0.370E-01 0.600E-03 0.375E-04 0.507E-03 0.317E-04
      2      16       1     509     509       4       4 0.179E+00 0.182E+00 0.144E+00 0.145E+00 0.226E-01 0.141E-02 0.212E-01 0.132E-02
      2      16       1      67      67       4       4 0.267E-01 0.293E-01 0.192E-01 0.203E-01 0.967E-03 0.604E-04 0.865E-03 0.540E-04
      2       2       1    1021    1021       4       4 0.621E+00 0.627E+00 0.465E+00 0.498E+00 0.598E+00 0.374E-01 0.595E+00 0.372E-01
      2       2       1     127     127       4       4 0.889E-01 0.923E-01 0.681E-01 0.720E-01 0.728E-02 0.455E-03 0.713E-02 0.445E-03
      2       2       1    2053    2053       4       4 0.322E+01 0.322E+01 0.248E+01 0.250E+01 0.350E+01 0.219E+00 0.341E+01 0.213E+00
      2       2       1     257     257       4       4 0.296E+00 0.300E+00 0.307E+00 0.310E+00 0.387E-01 0.242E-02 0.383E-01 0.239E-02
      2       2       1      31      31       4       4 0.368E-01 0.393E-01 0.344E-01 0.347E-01 0.408E-03 0.255E-04 0.379E-03 0.237E-04
      2       2       1    4099    4099       4       4 0.760E+01 0.763E+01 0.384E+01 0.391E+01 0.184E+02 0.115E+01 0.185E+02 0.116E+01
      2       2       1     509     509       4       4 0.259E+00 0.262E+00 0.208E+00 0.208E+00 0.137E+00 0.856E-02 0.136E+00 0.849E-02
      2       2       1      67      67       4       4 0.269E-01 0.289E-01 0.148E-01 0.190E-01 0.281E-02 0.176E-03 0.267E-02 0.167E-03
      2       2      12    1021    1021       4       4 0.705E+00 0.749E+00 0.512E+00 0.530E+00 0.144E+01 0.898E-01 0.142E+01 0.890E-01
      2       2      12     127     127       4       4 0.157E+00 0.167E+00 0.124E+00 0.141E+00 0.135E-01 0.843E-03 0.126E-01 0.788E-03
      2       2      12    2053    2053       4       4 0.353E+01 0.372E+01 0.243E+01 0.247E+01 0.429E+01 0.268E+00 0.433E+01 0.271E+00
      2       2      12     257     257       4       4 0.512E+00 0.543E+00 0.566E+00 0.576E+00 0.491E-01 0.307E-02 0.445E-01 0.278E-02
      2       2      12      31      31       4       4 0.125E+00 0.133E+00 0.120E+00 0.125E+00 0.503E-02 0.315E-03 0.447E-02 0.279E-03
      2       2      12    4099    4099       4       4 0.983E+01 0.991E+01 0.470E+01 0.478E+01 0.147E+02 0.919E+00 0.144E+02 0.903E+00
      2       2      12     509     509       4       4 0.510E+00 0.539E+00 0.437E+00 0.447E+00 0.618E+00 0.386E-01 0.597E+00 0.373E-01
      2       2      12      67      67       4       4 0.845E-01 0.858E-01 0.765E-01 0.775E-01 0.667E-02 0.417E-03 0.590E-02 0.369E-03
      2       2       2    1021    1021       4       4 0.758E+00 0.764E+00 0.408E+00 0.412E+00 0.741E+00 0.463E-01 0.752E+00 0.470E-01
      2       2       2     127     127       4       4 0.961E-01 0.972E-01 0.421E-01 0.769E-01 0.689E-02 0.431E-03 0.662E-02 0.414E-03
      2       2       2    2053    2053       4       4 0.414E+01 0.431E+01 0.239E+01 0.243E+01 0.352E+01 0.220E+00 0.356E+01 0.222E+00
      2       2       2     257     257       4       4 0.326E+00 0.335E+00 0.317E+00 0.326E+00 0.460E-01 0.288E-02 0.447E-01 0.279E-02
      2       2       2      31      31       4       4 0.393E-01 0.401E-01 0.362E-01 0.365E-01 0.797E-03 0.498E-04 0.739E-03 0.462E-04
      2       2       2    4099    4099       4       4 0.134E+02 0.134E+02 0.775E+01 0.790E+01 0.199E+02 0.125E+01 0.197E+02 0.123E+01
      2       2       2     509     509       4       4 0.308E+00 0.313E+00 0.230E+00 0.231E+00 0.297E+00 0.186E-01 0.294E+00 0.184E-01
      2       2       2      67      67       4       4 0.313E-01 0.330E-01 0.135E-01 0.227E-01 0.298E-02 0.186E-03 0.279E-02 0.175E-03
      2       2       4    1021    1021       4       4 0.632E+00 0.649E+00 0.260E+00 0.265E+00 0.158E+01 0.985E-01 0.161E+01 0.101E+00
      2       2       4     127     127       4       4 0.974E-01 0.979E-01 0.783E-01 0.804E-01 0.784E-02 0.490E-03 0.752E-02 0.470E-03
      2       2       4    2053    2053       4       4 0.345E+01 0.376E+01 0.221E+01 0.226E+01 0.415E+01 0.259E+00 0.372E+01 0.233E+00
      2       2       4     257     257       4       4 0.418E+00 0.430E+00 0.418E+00 0.438E+00 0.425E-01 0.266E-02 0.400E-01 0.250E-02
      2       2       4      31      31       4       4 0.620E-01 0.648E-01 0.605E-01 0.630E-01 0.188E-02 0.118E-03 0.167E-02 0.104E-03
      2       2       4    4099    4099       4       4 0.114E+02 0.115E+02 0.549E+01 0.580E+01 0.164E+02 0.102E+01 0.153E+02 0.959E+00
      2       2       4     509     509       4       4 0.385E+00 0.401E+00 0.302E+00 0.324E+00 0.460E+00 0.287E-01 0.460E+00 0.287E-01
      2       2       4      67      67       4       4 0.563E-01 0.587E-01 0.476E-01 0.518E-01 0.380E-02 0.238E-03 0.358E-02 0.224E-03
      2       2       8    1021    1021       4       4 0.708E+00 0.725E+00 0.546E+00 0.571E+00 0.135E+01 0.841E-01 0.134E+01 0.838E-01
      2       2       8     127     127       4       4 0.135E+00 0.141E+00 0.110E+00 0.116E+00 0.844E-02 0.527E-03 0.804E-02 0.502E-03
      2       2       8    2053    2053       4       4 0.318E+01 0.341E+01 0.212E+01 0.219E+01 0.398E+01 0.249E+00 0.384E+01 0.240E+00
      2       2       8     257     257       4       4 0.478E+00 0.483E+00 0.490E+00 0.504E+00 0.407E-01 0.254E-02 0.366E-01 0.229E-02
      2       2       8      31      31       4       4 0.605E-01 0.611E-01 0.583E-01 0.596E-01 0.222E-02 0.139E-03 0.198E-02 0.124E-03
      2       2       8    4099    4099       4       4 0.983E+01 0.993E+01 0.456E+01 0.470E+01 0.144E+02 0.903E+00 0.142E+02 0.887E+00
      2       2       8     509     509       4       4 0.404E+00 0.407E+00 0.326E+00 0.354E+00 0.490E+00 0.306E-01 0.485E+00 0.303E-01
      2       2       8      67      67       4       4 0.866E-01 0.897E-01 0.786E-01 0.816E-01 0.548E-02 0.343E-03 0.509E-02 0.318E-03
      2       4       1    1021    1021       4       4 0.427E+00 0.431E+00 0.336E+00 0.337E+00 0.322E+00 0.201E-01 0.318E+00 0.199E-01
      2       4       1     127     127       4       4 0.889E-01 0.915E-01 0.711E-01 0.722E-01 0.427E-02 0.267E-03 0.397E-02 0.248E-03
      2       4       1    2053    2053       4       4 0.211E+01 0.214E+01 0.177E+01 0.181E+01 0.185E+01 0.116E+00 0.182E+01 0.114E+00
      2       4       1     257     257       4       4 0.288E+00 0.293E+00 0.302E+00 0.303E+00 0.210E-01 0.131E-02 0.205E-01 0.128E-02
      2       4       1      31      31       4       4 0.369E-01 0.388E-01 0.345E-01 0.346E-01 0.329E-03 0.206E-04 0.309E-03 0.193E-04
      2       4       1    4099    4099       4       4 0.471E+01 0.473E+01 0.300E+01 0.305E+01 0.878E+01 0.549E+00 0.864E+01 0.540E+00
      2       4       1     509     509       4       4 0.195E+00 0.198E+00 0.155E+00 0.156E+00 0.735E-01 0.459E-02 0.720E-01 0.450E-02
      2       4       1      67      67       4       4 0.272E-01 0.288E-01 0.196E-01 0.213E-01 0.148E-02 0.928E-04 0.144E-02 0.901E-04
      2       4       2    1021    1021       4       4 0.565E+00 0.573E+00 0.318E+00 0.322E+00 0.432E+00 0.270E-01 0.457E+00 0.286E-01
      2       4       2     127     127       4       4 0.969E-01 0.973E-01 0.739E-01 0.775E-01 0.677E-02 0.423E-03 0.635E-02 0.397E-03
      2       4       2    2053    2053       4       4 0.231E+01 0.234E+01 0.175E+01 0.177E+01 0.347E+01 0.217E+00 0.407E+01 0.254E+00
      2       4       2     257     257       4       4 0.313E+00 0.318E+00 0.313E+00 0.318E+00 0.334E-01 0.209E-02 0.325E-01 0.203E-02
      2       4       2      31      31       4       4 0.400E-01 0.418E-01 0.358E-01 0.361E-01 0.138E-02 0.864E-04 0.119E-02 0.747E-04
      2       4       2    4099    4099       4       4 0.774E+01 0.793E+01 0.366E+01 0.369E+01 0.123E+02 0.766E+00 0.122E+02 0.765E+00
      2       4       2     509     509       4       4 0.239E+00 0.243E+00 0.172E+00 0.174E+00 0.116E+00 0.723E-02 0.114E+00 0.713E-02
      2       4       2      67      67       4       4 0.634E-01 0.647E-01 0.522E-01 0.546E-01 0.366E-02 0.229E-03 0.354E-02 0.221E-03
      2       4       4    1021    1021       4       4 0.560E+00 0.592E+00 0.404E+00 0.409E+00 0.604E+00 0.378E-01 0.600E+00 0.375E-01
      2       4       4     127     127       4       4 0.972E-01 0.997E-01 0.752E-01 0.770E-01 0.666E-02 0.417E-03 0.631E-02 0.394E-03
      2       4       4    2053    2053       4       4 0.235E+01 0.240E+01 0.179E+01 0.187E+01 0.338E+01 0.211E+00 0.349E+01 0.218E+00
      2       4       4     257     257       4       4 0.385E+00 0.388E+00 0.420E+00 0.439E+00 0.286E-01 0.179E-02 0.293E-01 0.183E-02
      2       4       4      31      31       4       4 0.403E-01 0.441E-01 0.359E-01 0.363E-01 0.224E-02 0.140E-03 0.216E-02 0.135E-03
      2       4       4    4099    4099       4       4 0.653E+01 0.667E+01 0.256E+01 0.287E+01 0.123E+02 0.767E+00 0.117E+02 0.734E+00
      2       4       4     509     509       4       4 0.285E+00 0.298E+00 0.234E+00 0.252E+00 0.217E+00 0.136E-01 0.205E+00 0.128E-01
      2       4       4      67      67       4       4 0.971E-01 0.100E+00 0.841E-01 0.897E-01 0.351E-02 0.219E-03 0.314E-02 0.196E-03
      2       8       1    1021    1021       4       4 0.299E+00 0.304E+00 0.246E+00 0.247E+00 0.174E+00 0.109E-01 0.169E+00 0.105E-01
      2       8       1     127     127       4       4 0.887E-01 0.931E-01 0.718E-01 0.729E-01 0.246E-02 0.154E-03 0.225E-02 0.141E-03
      2       8       1    2053    2053       4       4 0.164E+01 0.164E+01 0.141E+01 0.142E+01 0.982E+00 0.614E-01 0.961E+00 0.601E-01
      2       8       1     257     257       4       4 0.289E+00 0.296E+00 0.306E+00 0.307E+00 0.120E-01 0.752E-03 0.114E-01 0.713E-03
      2       8       1      31      31       4       4 0.377E-01 0.404E-01 0.351E-01 0.357E-01 0.392E-03 0.245E-04 0.334E-03 0.209E-04
      2       8       1    4099    4099       4       4 0.338E+01 0.354E+01 0.244E+01 0.247E+01 0.540E+01 0.338E+00 0.536E+01 0.335E+00
      2       8       1     509     509       4       4 0.187E+00 0.192E+00 0.150E+00 0.152E+00 0.413E-01 0.258E-02 0.399E-01 0.249E-02
      2       8       1      67      67       4       4 0.277E-01 0.293E-01 0.193E-01 0.210E-01 0.113E-02 0.707E-04 0.101E-02 0.629E-04
      2       8       2    1021    1021       4       4 0.392E+00 0.398E+00 0.273E+00 0.279E+00 0.316E+00 0.198E-01 0.313E+00 0.195E-01
      2       8       2     127     127       4       4 0.954E-01 0.985E-01 0.765E-01 0.780E-01 0.473E-02 0.296E-03 0.457E-02 0.286E-03
      2       8       2    2053    2053       4       4 0.218E+01 0.223E+01 0.172E+01 0.173E+01 0.163E+01 0.102E+00 0.134E+01 0.838E-01
      2       8       2     257     257       4       4 0.305E+00 0.308E+00 0.317E+00 0.320E+00 0.183E-01 0.114E-02 0.173E-01 0.108E-02
      2       8       2      31      31       4       4 0.402E-01 0.417E-01 0.357E-01 0.365E-01 0.184E-02 0.115E-03 0.172E-02 0.107E-03
      2       8       2    4099    4099       4       4 0.516E+01 0.525E+01 0.333E+01 0.364E+01 0.654E+01 0.408E+00 0.635E+01 0.397E+00
      2       8       2     509     509       4       4 0.221E+00 0.224E+00 0.161E+00 0.161E+00 0.558E-01 0.349E-02 0.537E-01 0.336E-02
      2       8       2      67      67       4       4 0.315E-01 0.335E-01 0.250E-01 0.372E-01 0.297E-02 0.186E-03 0.274E-02 0.171E-03
      3       1       1    1021    1021       4       4 0.117E-02 0.378E-02 0.000E+00 0.000E+00 0.811E+00 0.507E-01 0.825E+00 0.515E-01
      3       1       1     127     127       4       4 0.869E-03 0.333E-02 0.000E+00 0.000E+00 0.769E-02 0.480E-03 0.776E-02 0.485E-03
      3       1       1    2053    2053       4       4 0.161E-02 0.378E-02 0.000E+00 0.000E+00 0.489E+01 0.306E+00 0.499E+01 0.312E+00
      3       1       1     257     257       4       4 0.787E-03 0.290E-02 0.000E+00 0.000E+00 0.448E-01 0.280E-02 0.457E-01 0.286E-02
      3       1       1      31      31       4       4 0.722E-03 0.284E-02 0.000E+00 0.000E+00 0.291E-03 0.182E-04 0.204E-03 0.128E-04
      3       1       1    4099    4099       4       4 0.316E-02 0.557E-02 0.000E+00 0.000E+00 0.353E+02 0.221E+01 0.355E+02 0.222E+01
      3       1       1     509     509       4       4 0.100E-02 0.348E-02 0.000E+00 0.000E+00 0.157E+00 0.979E-02 0.159E+00 0.994E-02
      3       1       1      67      67       4       4 0.730E-03 0.287E-02 0.238E-06 0.954E-06 0.440E-02 0.275E-03 0.427E-02 0.267E-03
      3       1      12    1021    1021       4       4 0.190E-02 0.615E-02 0.238E-06 0.954E-06 0.171E+00 0.107E-01 0.160E+00 0.998E-02
      3       1      12     127     127       4       4 0.440E-02 0.173E-01 0.000E+00 0.000E+00 0.294E-02 0.184E-03 0.270E-02 0.169E-03
      3       1      12    2053    2053       4       4 0.171E-02 0.378E-02 0.000E+00 0.000E+00 0.878E+00 0.549E-01 0.879E+00 0.549E-01
      3       1      12     257     257       4       4 0.448E-02 0.175E-01 0.000E+00 0.000E+00 0.117E-01 0.734E-03 0.109E-01 0.683E-03
      3       1      12      31      31       4       4 0.443E-02 0.177E-01 0.000E+00 0.000E+00 0.581E-03 0.363E-04 0.335E-03 0.209E-04
      3       1      12    4099    4099       4       4 0.354E-02 0.517E-02 0.000E+00 0.000E+00 0.515E+01 0.322E+00 0.500E+01 0.313E+00
      3       1      12     509     509       4       4 0.340E-02 0.130E-01 0.000E+00 0.000E+00 0.336E-01 0.210E-02 0.309E-01 0.193E-02
      3       1      12      67      67       4       4 0.420E-02 0.167E-01 0.000E+00 0.000E+00 0.192E-02 0.120E-03 0.120E-02 0.747E-04
      3       1      16    1021    1021       4       4 0.380E-02 0.138E-01 0.000E+00 0.000E+00 0.162E+00 0.101E-01 0.149E+00 0.931E-02
      3       1      16     127     127       4       4 0.451E-02 0.178E-01 0.238E-06 0.954E-06 0.266E-02 0.166E-03 0.233E-02 0.146E-03
      3       1      16    2053    2053       4       4 0.149E-02 0.356E-02 0.000E+00 0.000E+00 0.780E+00 0.487E-01 0.768E+00 0.480E-01
      3       1      16     257     257       4       4 0.425E-02 0.166E-01 0.298E-06 0.119E-05 0.126E-01 0.786E-03 0.116E-01 0.723E-03
      3       1      16      31      31       4       4 0.437E-02 0.174E-01 0.000E+00 0.000E+00 0.584E-03 0.365E-04 0.335E-03 0.210E-04
      3       1      16    4099    4099       4       4 0.385E-02 0.623E-02 0.000E+00 0.000E+00 0.440E+01 0.275E+00 0.422E+01 0.263E+00
      3       1      16     509     509       4       4 0.385E-02 0.148E-01 0.000E+00 0.000E+00 0.305E-01 0.191E-02 0.270E-01 0.169E-02
      3       1      16      67      67       4       4 0.428E-02 0.170E-01 0.000E+00 0.000E+00 0.138E-02 0.864E-04 0.190E-02 0.119E-03
      3       1       2    1021    1021       4       4 0.115E-02 0.339E-02 0.238E-06 0.954E-06 0.462E+00 0.289E-01 0.466E+00 0.291E-01
      3       1       2     127     127       4       4 0.254E-02 0.100E-01 0.000E+00 0.000E+00 0.474E-02 0.296E-03 0.493E-02 0.308E-03
      3       1       2    2053    2053       4       4 0.158E-02 0.392E-02 0.000E+00 0.000E+00 0.269E+01 0.168E+00 0.275E+01 0.172E+00
      3       1       2     257     257       4       4 0.152E-02 0.573E-02 0.000E+00 0.000E+00 0.263E-01 0.165E-02 0.269E-01 0.168E-02
      3       1       2      31      31       4       4 0.707E-03 0.278E-02 0.000E+00 0.000E+00 0.353E-03 0.221E-04 0.223E-03 0.139E-04
      3       1       2    4099    4099       4       4 0.334E-02 0.564E-02 0.000E+00 0.000E+00 0.190E+02 0.118E+01 0.190E+02 0.119E+01
      3       1       2     509     509       4       4 0.126E-02 0.451E-02 0.000E+00 0.000E+00 0.890E-01 0.556E-02 0.889E-01 0.556E-02
      3       1       2      67      67       4       4 0.352E-02 0.140E-01 0.000E+00 0.000E+00 0.273E-02 0.171E-03 0.252E-02 0.158E-03
      3       1      24    1021    1021       4       4 0.483E-02 0.177E-01 0.000E+00 0.000E+00 0.155E+00 0.966E-02 0.142E+00 0.886E-02
      3       1      24     127     127       4       4 0.423E-02 0.167E-01 0.000E+00 0.000E+00 0.277E-02 0.173E-03 0.227E-02 0.142E-03
      3       1      24    2053    2053       4       4 0.143E-02 0.259E-02 0.000E+00 0.000E+00 0.920E+00 0.575E-01 0.907E+00 0.567E-01
      3       1      24     257     257       4       4 0.394E-02 0.154E-01 0.000E+00 0.000E+00 0.108E-01 0.675E-03 0.971E-02 0.607E-03
      3       1      24      31      31       4       4 0.795E-03 0.310E-02 0.000E+00 0.000E+00 0.705E-03 0.441E-04 0.366E-03 0.229E-04
      3       1      24    4099    4099       4       4 0.333E-02 0.477E-02 0.000E+00 0.000E+00 0.372E+01 0.232E+00 0.352E+01 0.220E+00
      3       1      24     509     509       4       4 0.424E-02 0.164E-01 0.238E-06 0.954E-06 0.376E-01 0.235E-02 0.354E-01 0.221E-02
      3       1      24      67      67       4       4 0.603E-02 0.240E-01 0.000E+00 0.000E+00 0.152E-02 0.953E-04 0.155E-02 0.967E-04
      3       1       4    1021    1021       4       4 0.111E-02 0.312E-02 0.000E+00 0.000E+00 0.283E+00 0.177E-01 0.277E+00 0.173E-01
      3       1       4     127     127       4       4 0.371E-02 0.147E-01 0.000E+00 0.000E+00 0.459E-02 0.287E-03 0.462E-02 0.289E-03
      3       1       4    2053    2053       4       4 0.162E-02 0.367E-02 0.000E+00 0.000E+00 0.162E+01 0.101E+00 0.164E+01 0.102E+00
      3       1       4     257     257       4       4 0.402E-02 0.158E-01 0.000E+00 0.000E+00 0.167E-01 0.104E-02 0.164E-01 0.102E-02
      3       1       4      31      31       4       4 0.394E-02 0.157E-01 0.000E+00 0.000E+00 0.432E-03 0.270E-04 0.314E-03 0.196E-04
      3       1       4    4099    4099       4       4 0.328E-02 0.545E-02 0.536E-06 0.119E-05 0.106E+02 0.664E+00 0.105E+02 0.657E+00
      3       1       4     509     509       4       4 0.100E-02 0.346E-02 0.000E+00 0.000E+00 0.543E-01 0.339E-02 0.532E-01 0.332E-02
      3       1       4      67      67       4       4 0.506E-02 0.202E-01 0.238E-06 0.954E-06 0.200E-02 0.125E-03 0.186E-02 0.116E-03
      3       1       8    1021    1021       4       4 0.343E-02 0.123E-01 0.000E+00 0.000E+00 0.201E+00 0.126E-01 0.190E+00 0.119E-01
      3       1       8     127     127       4       4 0.585E-02 0.232E-01 0.238E-06 0.954E-06 0.332E-02 0.208E-03 0.321E-02 0.200E-03
      3       1       8    2053    2053       4       4 0.157E-02 0.331E-02 0.000E+00 0.000E+00 0.105E+01 0.659E-01 0.105E+01 0.659E-01
      3       1       8     257     257       4       4 0.341E-02 0.133E-01 0.000E+00 0.000E+00 0.120E-01 0.753E-03 0.114E-01 0.716E-03
      3       1       8      31      31       4       4 0.425E-02 0.169E-01 0.000E+00 0.000E+00 0.387E-03 0.242E-04 0.232E-03 0.145E-04
      3       1       8    4099    4099       4       4 0.348E-02 0.520E-02 0.000E+00 0.000E+00 0.663E+01 0.414E+00 0.649E+01 0.406E+00
      3       1       8     509     509       4       4 0.169E-02 0.616E-02 0.000E+00 0.000E+00 0.395E-01 0.247E-02 0.371E-01 0.232E-02
      3       1       8      67      67       4       4 0.526E-02 0.210E-01 0.000E+00 0.000E+00 0.134E-02 0.839E-04 0.125E-02 0.779E-04
      3      16       1    1021    1021       4       4 0.354E-01 0.135E+00 0.000E+00 0.000E+00 0.197E+00 0.123E-01 0.172E+00 0.107E-01
      3      16       1     127     127       4       4 0.277E-01 0.109E+00 0.000E+00 0.000E+00 0.619E-02 0.387E-03 0.443E-02 0.277E-03
      3      16       1    2053    2053       4       4 0.283E-01 0.837E-01 0.298E-06 0.119E-05 0.968E+00 0.605E-01 0.906E+00 0.566E-01
      3      16       1     257     257       4       4 0.164E-01 0.646E-01 0.000E+00 0.000E+00 0.167E-01 0.104E-02 0.127E-01 0.794E-03
      3      16       1      31      31       4       4 0.191E-01 0.761E-01 0.000E+00 0.000E+00 0.246E-02 0.154E-03 0.131E-02 0.816E-04
      3      16       1     509     509       4       4 0.158E-01 0.602E-01 0.000E+00 0.000E+00 0.547E-01 0.342E-02 0.447E-01 0.279E-02
      3      16       1      67      67       4       4 0.175E-01 0.696E-01 0.000E+00 0.000E+00 0.313E-02 0.195E-03 0.197E-02 0.123E-03
      3       2       1    1021    1021       4       4 0.574E-02 0.176E-01 0.000E+00 0.000E+00 0.587E+00 0.367E-01 0.540E+00 0.338E-01
      3       2       1     127     127       4       4 0.693E-02 0.275E-01 0.000E+00 0.000E+00 0.635E-02 0.397E-03 0.607E-02 0.380E-03
      3       2       1    2053    2053       4       4 0.908E-02 0.174E-01 0.000E+00 0.000E+00 0.315E+01 0.197E+00 0.306E+01 0.191E+00
      3       2       1     257     257       4       4 0.446E-02 0.175E-01 0.000E+00 0.000E+00 0.313E-01 0.195E-02 0.307E-01 0.192E-02
      3       2       1      31      31       4       4 0.707E-02 0.282E-01 0.000E+00 0.000E+00 0.652E-03 0.408E-04 0.536E-03 0.335E-04
      3       2       1    4099    4099       4       4 0.638E-02 0.182E-01 0.000E+00 0.000E+00 0.209E+02 0.131E+01 0.205E+02 0.128E+01
      3       2       1     509     509       4       4 0.423E-02 0.153E-01 0.000E+00 0.000E+00 0.107E+00 0.671E-02 0.105E+00 0.655E-02
      3       2       1      67      67       4       4 0.383E-02 0.152E-01 0.238E-06 0.954E-06 0.328E-02 0.205E-03 0.308E-02 0.193E-03
      3       2      12    1021    1021       4       4 0.676E-02 0.206E-01 0.000E+00 0.000E+00 0.233E+00 0.145E-01 0.194E+00 0.121E-01
      3       2      12     127     127       4       4 0.801E-02 0.317E-01 0.000E+00 0.000E+00 0.468E-02 0.293E-03 0.405E-02 0.253E-03
      3       2      12    2053    2053       4       4 0.936E-02 0.209E-01 0.298E-06 0.119E-05 0.116E+01 0.724E-01 0.100E+01 0.628E-01
      3       2      12     257     257       4       4 0.709E-02 0.277E-01 0.000E+00 0.000E+00 0.149E-01 0.933E-03 0.132E-01 0.824E-03
      3       2      12      31      31       4       4 0.618E-02 0.246E-01 0.238E-06 0.954E-06 0.102E-02 0.640E-04 0.751E-03 0.470E-04
      3       2      12    4099    4099       4       4 0.778E-02 0.190E-01 0.000E+00 0.000E+00 0.529E+01 0.331E+00 0.478E+01 0.299E+00
      3       2      12     509     509       4       4 0.624E-02 0.232E-01 0.238E-06 0.954E-06 0.561E-01 0.351E-02 0.503E-01 0.315E-02
      3       2      12      67      67       4       4 0.120E-01 0.477E-01 0.000E+00 0.000E+00 0.226E-02 0.142E-03 0.202E-02 0.126E-03
      3       2       2    1021    1021       4       4 0.535E-02 0.153E-01 0.000E+00 0.000E+00 0.359E+00 0.224E-01 0.328E+00 0.205E-01
      3       2       2     127     127       4       4 0.703E-02 0.279E-01 0.000E+00 0.000E+00 0.601E-02 0.376E-03 0.547E-02 0.342E-03
      3       2       2    2053    2053       4       4 0.112E-01 0.218E-01 0.000E+00 0.000E+00 0.207E+01 0.129E+00 0.194E+01 0.121E+00
      3       2       2     257     257       4       4 0.609E-02 0.240E-01 0.000E+00 0.000E+00 0.268E-01 0.168E-02 0.196E-01 0.123E-02
      3       2       2      31      31       4       4 0.745E-02 0.297E-01 0.000E+00 0.000E+00 0.826E-03 0.516E-04 0.543E-03 0.339E-04
      3       2       2    4099    4099       4       4 0.760E-02 0.197E-01 0.000E+00 0.000E+00 0.120E+02 0.751E+00 0.116E+02 0.725E+00
      3       2       2     509     509       4       4 0.462E-02 0.167E-01 0.000E+00 0.000E+00 0.776E-01 0.485E-02 0.723E-01 0.452E-02
      3       2       2      67      67       4       4 0.508E-02 0.202E-01 0.000E+00 0.000E+00 0.286E-02 0.179E-03 0.253E-02 0.158E-03
      3       2       4    1021    1021       4       4 0.536E-02 0.149E-01 0.000E+00 0.000E+00 0.286E+00 0.179E-01 0.251E+00 0.157E-01
      3       2       4     127     127       4       4 0.803E-02 0.319E-01 0.000E+00 0.000E+00 0.422E-02 0.264E-03 0.375E-02 0.235E-03
      3       2       4    2053    2053       4       4 0.132E-01 0.315E-01 0.238E-06 0.954E-06 0.157E+01 0.980E-01 0.139E+01 0.871E-01
      3       2       4     257     257       4       4 0.545E-02 0.214E-01 0.000E+00 0.000E+00 0.221E-01 0.138E-02 0.211E-01 0.132E-02
      3       2       4      31      31       4       4 0.632E-02 0.251E-01 0.000E+00 0.000E+00 0.881E-03 0.550E-04 0.680E-03 0.425E-04
      3       2       4    4099    4099       4       4 0.722E-02 0.192E-01 0.000E+00 0.000E+00 0.798E+01 0.499E+00 0.757E+01 0.473E+00
      3       2       4     509     509       4       4 0.802E-02 0.299E-01 0.000E+00 0.000E+00 0.605E-01 0.378E-02 0.563E-01 0.352E-02
      3       2       4      67      67       4       4 0.879E-02 0.351E-01 0.000E+00 0.000E+00 0.252E-02 0.157E-03 0.211E-02 0.132E-03
      3       2       8    1021    1021       4       4 0.513E-02 0.144E-01 0.238E-06 0.954E-06 0.253E+00 0.158E-01 0.218E+00 0.136E-01
      3       2       8     127     127       4       4 0.682E-02 0.270E-01 0.000E+00 0.000E+00 0.465E-02 0.290E-03 0.403E-02 0.252E-03
      3       2       8    2053    2053       4       4 0.100E-01 0.206E-01 0.000E+00 0.000E+00 0.125E+01 0.781E-01 0.109E+01 0.678E-01
      3       2       8     257     257       4       4 0.607E-02 0.238E-01 0.000E+00 0.000E+00 0.177E-01 0.110E-02 0.164E-01 0.103E-02
      3       2       8      31      31       4       4 0.985E-02 0.393E-01 0.000E+00 0.000E+00 0.952E-03 0.595E-04 0.714E-03 0.446E-04
      3       2       8    4099    4099       4       4 0.492E-02 0.107E-01 0.000E+00 0.000E+00 0.595E+01 0.372E+00 0.545E+01 0.341E+00
      3       2       8     509     509       4       4 0.687E-02 0.253E-01 0.000E+00 0.000E+00 0.511E-01 0.320E-02 0.464E-01 0.290E-02
      3       2       8      67      67       4       4 0.110E-01 0.439E-01 0.000E+00 0.000E+00 0.253E-02 0.158E-03 0.194E-02 0.121E-03
      3       4       1    1021    1021       4       4 0.117E-01 0.402E-01 0.000E+00 0.000E+00 0.353E+00 0.221E-01 0.328E+00 0.205E-01
      3       4       1     127     127       4       4 0.121E-01 0.481E-01 0.000E+00 0.000E+00 0.658E-02 0.411E-03 0.637E-02 0.398E-03
      3       4       1    2053    2053       4       4 0.141E-01 0.356E-01 0.000E+00 0.000E+00 0.193E+01 0.121E+00 0.181E+01 0.113E+00
      3       4       1     257     257       4       4 0.113E-01 0.449E-01 0.000E+00 0.000E+00 0.223E-01 0.140E-02 0.208E-01 0.130E-02
      3       4       1      31      31       4       4 0.157E-01 0.627E-01 0.298E-06 0.119E-05 0.167E-01 0.104E-02 0.679E-03 0.425E-04
      3       4       1    4099    4099       4       4 0.146E-01 0.421E-01 0.000E+00 0.000E+00 0.120E+02 0.749E+00 0.114E+02 0.715E+00
      3       4       1     509     509       4       4 0.125E-01 0.474E-01 0.000E+00 0.000E+00 0.835E-01 0.522E-02 0.792E-01 0.495E-02
      3       4       1      67      67       4       4 0.102E-01 0.408E-01 0.238E-06 0.954E-06 0.503E-01 0.314E-02 0.536E-01 0.335E-02
      3       4       2    1021    1021       4       4 0.167E-01 0.594E-01 0.000E+00 0.000E+00 0.278E+00 0.174E-01 0.252E+00 0.158E-01
      3       4       2     127     127       4       4 0.166E-01 0.661E-01 0.000E+00 0.000E+00 0.437E-02 0.273E-03 0.353E-02 0.221E-03
      3       4       2    2053    2053       4       4 0.108E-01 0.216E-01 0.000E+00 0.000E+00 0.148E+01 0.925E-01 0.137E+01 0.856E-01
      3       4       2     257     257       4       4 0.980E-02 0.387E-01 0.000E+00 0.000E+00 0.171E-01 0.107E-02 0.156E-01 0.974E-03
      3       4       2      31      31       4       4 0.138E-01 0.549E-01 0.000E+00 0.000E+00 0.978E-03 0.611E-04 0.756E-03 0.473E-04
      3       4       2    4099    4099       4       4 0.136E-01 0.380E-01 0.000E+00 0.000E+00 0.786E+01 0.491E+00 0.729E+01 0.455E+00
      3       4       2     509     509       4       4 0.726E-02 0.271E-01 0.000E+00 0.000E+00 0.538E-01 0.336E-02 0.463E-01 0.289E-02
      3       4       2      67      67       4       4 0.153E-01 0.609E-01 0.000E+00 0.000E+00 0.269E-02 0.168E-03 0.224E-02 0.140E-03
      3       4       4    1021    1021       4       4 0.138E-01 0.467E-01 0.000E+00 0.000E+00 0.221E+00 0.138E-01 0.198E+00 0.124E-01
      3       4       4     127     127       4       4 0.103E-01 0.411E-01 0.000E+00 0.000E+00 0.376E-02 0.235E-03 0.306E-02 0.191E-03
      3       4       4    2053    2053       4       4 0.105E-01 0.221E-01 0.000E+00 0.000E+00 0.115E+01 0.716E-01 0.998E+00 0.624E-01
      3       4       4     257     257       4       4 0.931E-02 0.367E-01 0.000E+00 0.000E+00 0.130E-01 0.810E-03 0.115E-01 0.716E-03
      3       4       4      31      31       4       4 0.160E-01 0.640E-01 0.000E+00 0.000E+00 0.904E-03 0.565E-04 0.710E-03 0.444E-04
      3       4       4    4099    4099       4       4 0.111E-01 0.301E-01 0.000E+00 0.000E+00 0.567E+01 0.354E+00 0.513E+01 0.321E+00
      3       4       4     509     509       4       4 0.141E-01 0.546E-01 0.000E+00 0.000E+00 0.454E-01 0.284E-02 0.380E-01 0.237E-02
      3       4       4      67      67       4       4 0.143E-01 0.570E-01 0.000E+00 0.000E+00 0.215E-02 0.134E-03 0.187E-02 0.117E-03
      3       8       1    1021    1021       4       4 0.107E-01 0.363E-01 0.000E+00 0.000E+00 0.237E+00 0.148E-01 0.207E+00 0.130E-01
      3       8       1     127     127       4       4 0.132E-01 0.524E-01 0.238E-06 0.954E-06 0.560E-02 0.350E-03 0.418E-02 0.261E-03
      3       8       1    2053    2053       4       4 0.260E-01 0.793E-01 0.000E+00 0.000E+00 0.132E+01 0.827E-01 0.118E+01 0.739E-01
      3       8       1     257     257       4       4 0.926E-02 0.364E-01 0.000E+00 0.000E+00 0.202E-01 0.126E-02 0.179E-01 0.112E-02
      3       8       1      31      31       4       4 0.106E-01 0.422E-01 0.000E+00 0.000E+00 0.173E-02 0.108E-03 0.855E-03 0.534E-04
      3       8       1    4099    4099       4       4 0.145E-01 0.401E-01 0.000E+00 0.000E+00 0.787E+01 0.492E+00 0.752E+01 0.470E+00
      3       8       1     509     509       4       4 0.859E-02 0.322E-01 0.000E+00 0.000E+00 0.518E-01 0.324E-02 0.428E-01 0.268E-02
      3       8       1      67      67       4       4 0.211E-01 0.844E-01 0.000E+00 0.000E+00 0.119E-01 0.743E-03 0.211E-02 0.132E-03
      3       8       2    1021    1021       4       4 0.204E-01 0.712E-01 0.000E+00 0.000E+00 0.204E+00 0.127E-01 0.178E+00 0.111E-01
      3       8       2     127     127       4       4 0.254E-01 0.101E+00 0.000E+00 0.000E+00 0.443E-02 0.277E-03 0.323E-02 0.202E-03
      3       8       2    2053    2053       4       4 0.280E-01 0.886E-01 0.238E-06 0.954E-06 0.116E+01 0.724E-01 0.102E+01 0.637E-01
      3       8       2     257     257       4       4 0.116E-01 0.458E-01 0.000E+00 0.000E+00 0.148E-01 0.925E-03 0.125E-01 0.784E-03
      3       8       2      31      31       4       4 0.103E-01 0.412E-01 0.000E+00 0.000E+00 0.187E-02 0.117E-03 0.102E-02 0.634E-04
      3       8       2    4099    4099       4       4 0.133E-01 0.234E-01 0.000E+00 0.000E+00 0.555E+01 0.347E+00 0.510E+01 0.319E+00
      3       8       2     509     509       4       4 0.224E-01 0.876E-01 0.000E+00 0.000E+00 0.437E-01 0.273E-02 0.325E-01 0.203E-02
      3       8       2      67      67       4       4 0.198E-01 0.791E-01 0.000E+00 0.000E+00 0.306E-02 0.191E-03 0.188E-02 0.118E-03];
