      2       1       1    1024       4       4 0.697E-01 0.706E-01 0.612E-01 0.612E-01 0.582E-04 0.364E-05 0.570E-04 0.356E-05
      2       1       1   16384       4       4 0.483E+00 0.486E+00 0.450E+00 0.454E+00 0.178E-02 0.111E-03 0.178E-02 0.111E-03
      2       1       1    2048       4       4 0.996E-01 0.100E+00 0.891E-01 0.893E-01 0.143E-03 0.894E-05 0.143E-03 0.891E-05
      2       1      12    1024       4       4 0.152E+00 0.153E+00 0.136E+00 0.138E+00 0.350E-03 0.219E-04 0.344E-03 0.215E-04
      2       1      12   16384       4       4 0.589E+00 0.635E+00 0.498E+00 0.539E+00 0.151E-02 0.947E-04 0.132E-02 0.826E-04
      2       1      12    2048       4       4 0.243E+00 0.257E+00 0.225E+00 0.228E+00 0.722E-03 0.451E-04 0.643E-03 0.402E-04
      2       1      12     256       4       4 0.744E-01 0.797E-01 0.704E-01 0.773E-01 0.286E-03 0.179E-04 0.281E-03 0.176E-04
      2       1      12    4096       4       4 0.285E+00 0.307E+00 0.256E+00 0.292E+00 0.904E-03 0.565E-04 0.762E-03 0.476E-04
      2       1      12     512       4       4 0.113E+00 0.120E+00 0.972E-01 0.106E+00 0.325E-03 0.203E-04 0.323E-03 0.202E-04
      2       1       1     256       4       4 0.371E-01 0.377E-01 0.320E-01 0.324E-01 0.162E-04 0.101E-05 0.150E-04 0.939E-06
      2       1      12    8192       4       4 0.401E+00 0.448E+00 0.362E+00 0.399E+00 0.275E-02 0.172E-03 0.977E-03 0.610E-04
      2       1       1    4096       4       4 0.154E+00 0.154E+00 0.139E+00 0.140E+00 0.351E-03 0.220E-04 0.361E-03 0.226E-04
      2       1       1     512       4       4 0.520E-01 0.531E-01 0.450E-01 0.453E-01 0.262E-04 0.164E-05 0.281E-04 0.176E-05
      2       1      16    1024       4       4 0.152E+00 0.157E+00 0.136E+00 0.138E+00 0.542E-03 0.339E-04 0.533E-03 0.333E-04
      2       1      16   16384       4       4 0.594E+00 0.653E+00 0.533E+00 0.605E+00 0.304E-02 0.190E-03 0.123E-02 0.767E-04
      2       1      16    2048       4       4 0.216E+00 0.221E+00 0.197E+00 0.203E+00 0.711E-03 0.444E-04 0.719E-03 0.450E-04
      2       1      16     256       4       4 0.681E-01 0.691E-01 0.601E-01 0.612E-01 0.384E-03 0.240E-04 0.394E-03 0.246E-04
      2       1      16    4096       4       4 0.295E+00 0.300E+00 0.259E+00 0.262E+00 0.744E-03 0.465E-04 0.724E-03 0.453E-04
      2       1      16     512       4       4 0.967E-01 0.989E-01 0.878E-01 0.884E-01 0.486E-03 0.304E-04 0.485E-03 0.303E-04
      2       1      16    8192       4       4 0.398E+00 0.407E+00 0.352E+00 0.360E+00 0.403E-02 0.252E-03 0.821E-03 0.513E-04
      2       1       1    8192       4       4 0.262E+00 0.264E+00 0.241E+00 0.242E+00 0.734E-03 0.459E-04 0.752E-03 0.470E-04
      2       1       2    1024       4       4 0.873E-01 0.938E-01 0.749E-01 0.802E-01 0.262E-03 0.164E-04 0.264E-03 0.165E-04
      2       1       2   16384       4       4 0.462E+00 0.468E+00 0.424E+00 0.426E+00 0.131E-02 0.816E-04 0.136E-02 0.851E-04
      2       1       2    2048       4       4 0.112E+00 0.118E+00 0.102E+00 0.109E+00 0.325E-03 0.203E-04 0.349E-03 0.218E-04
      2       1       2     256       4       4 0.450E-01 0.474E-01 0.392E-01 0.417E-01 0.195E-03 0.122E-04 0.198E-03 0.124E-04
      2       1       2    4096       4       4 0.161E+00 0.162E+00 0.146E+00 0.147E+00 0.432E-03 0.270E-04 0.403E-03 0.252E-04
      2       1      24    1024       4       4 0.183E+00 0.185E+00 0.160E+00 0.164E+00 0.552E-03 0.345E-04 0.543E-03 0.339E-04
      2       1      24   16384       4       4 0.774E+00 0.795E+00 0.687E+00 0.699E+00 0.946E-02 0.591E-03 0.203E-02 0.127E-03
      2       1      24    2048       4       4 0.256E+00 0.258E+00 0.229E+00 0.232E+00 0.243E-02 0.152E-03 0.855E-03 0.534E-04
      2       1      24     256       4       4 0.795E-01 0.100E+00 0.655E-01 0.671E-01 0.346E-03 0.216E-04 0.350E-03 0.219E-04
      2       1      24    4096       4       4 0.402E+00 0.451E+00 0.367E+00 0.393E+00 0.122E-01 0.762E-03 0.139E-02 0.869E-04
      2       1      24     512       4       4 0.116E+00 0.117E+00 0.105E+00 0.107E+00 0.551E-03 0.344E-04 0.536E-03 0.335E-04
      2       1      24    8192       4       4 0.510E+00 0.561E+00 0.441E+00 0.490E+00 0.883E-02 0.552E-03 0.145E-02 0.908E-04
      2       1       2     512       4       4 0.618E-01 0.647E-01 0.544E-01 0.583E-01 0.220E-03 0.138E-04 0.213E-03 0.133E-04
      2       1       2    8192       4       4 0.259E+00 0.261E+00 0.237E+00 0.237E+00 0.668E-03 0.418E-04 0.671E-03 0.419E-04
      2       1       4    1024       4       4 0.110E+00 0.121E+00 0.938E-01 0.958E-01 0.385E-03 0.240E-04 0.371E-03 0.232E-04
      2       1       4   16384       4       4 0.472E+00 0.515E+00 0.407E+00 0.431E+00 0.111E-02 0.697E-04 0.109E-02 0.681E-04
      2       1       4    2048       4       4 0.153E+00 0.169E+00 0.132E+00 0.133E+00 0.460E-03 0.288E-04 0.451E-03 0.282E-04
      2       1       4     256       4       4 0.550E-01 0.578E-01 0.481E-01 0.514E-01 0.278E-03 0.174E-04 0.272E-03 0.170E-04
      2       1       4    4096       4       4 0.201E+00 0.207E+00 0.172E+00 0.176E+00 0.599E-03 0.374E-04 0.544E-03 0.340E-04
      2       1       4     512       4       4 0.741E-01 0.802E-01 0.647E-01 0.669E-01 0.312E-03 0.195E-04 0.298E-03 0.186E-04
      2       1       4    8192       4       4 0.295E+00 0.305E+00 0.252E+00 0.258E+00 0.874E-03 0.546E-04 0.811E-03 0.507E-04
      2      16       1    1024       4       4 0.188E+00 0.238E+00 0.151E+00 0.213E+00 0.680E-03 0.425E-04 0.449E-03 0.281E-04
      2      16       1   16384       4       4 0.196E+00 0.224E+00 0.159E+00 0.164E+00 0.131E-02 0.819E-04 0.119E-02 0.744E-04
      2      16       1    2048       4       4 0.831E-01 0.904E-01 0.906E-01 0.992E-01 0.513E-03 0.321E-04 0.706E-03 0.441E-04
      2      16       1     256       4       4 0.142E-01 0.172E-01 0.571E-02 0.630E-02 0.353E-03 0.221E-04 0.329E-03 0.206E-04
      2      16       1    4096       4       4 0.105E+00 0.116E+00 0.794E-01 0.821E-01 0.617E-03 0.385E-04 0.523E-03 0.327E-04
      2      16       1     512       4       4 0.404E-01 0.442E-01 0.296E-01 0.303E-01 0.370E-03 0.231E-04 0.306E-03 0.191E-04
      2      16       1    8192       4       4 0.150E+00 0.165E+00 0.124E+00 0.131E+00 0.793E-03 0.496E-04 0.695E-03 0.434E-04
      2       1       8    1024       4       4 0.123E+00 0.124E+00 0.111E+00 0.113E+00 0.402E-03 0.251E-04 0.393E-03 0.246E-04
      2       1       8   16384       4       4 0.534E+00 0.553E+00 0.458E+00 0.494E+00 0.122E-02 0.765E-04 0.124E-02 0.776E-04
      2       1       8    2048       4       4 0.175E+00 0.186E+00 0.161E+00 0.184E+00 0.445E-03 0.278E-04 0.422E-03 0.264E-04
      2       1       8     256       4       4 0.578E-01 0.584E-01 0.508E-01 0.513E-01 0.287E-03 0.179E-04 0.259E-03 0.162E-04
      2       1       8    4096       4       4 0.249E+00 0.270E+00 0.222E+00 0.243E+00 0.608E-03 0.380E-04 0.603E-03 0.377E-04
      2       1       8     512       4       4 0.791E-01 0.812E-01 0.725E-01 0.734E-01 0.321E-03 0.201E-04 0.302E-03 0.189E-04
      2       1       8    8192       4       4 0.345E+00 0.377E+00 0.306E+00 0.320E+00 0.798E-03 0.499E-04 0.838E-03 0.524E-04
      2       2       1    1024       4       4 0.115E+00 0.119E+00 0.992E-01 0.993E-01 0.234E-03 0.146E-04 0.216E-03 0.135E-04
      2       2       1   16384       4       4 0.503E+00 0.508E+00 0.464E+00 0.465E+00 0.305E-02 0.191E-03 0.293E-02 0.183E-03
      2       2       1    2048       4       4 0.151E+00 0.155E+00 0.132E+00 0.132E+00 0.494E-03 0.309E-04 0.419E-03 0.262E-04
      2       2      12    1024       4       4 0.346E+00 0.360E+00 0.287E+00 0.298E+00 0.188E-02 0.117E-03 0.150E-02 0.937E-04
      2       2      12   16384       4       4 0.131E+01 0.145E+01 0.128E+01 0.134E+01 0.143E-01 0.893E-03 0.540E-02 0.338E-03
      2       2      12    2048       4       4 0.422E+00 0.486E+00 0.394E+00 0.430E+00 0.102E-01 0.638E-03 0.172E-02 0.108E-03
      2       2      12     256       4       4 0.186E+00 0.188E+00 0.161E+00 0.171E+00 0.266E-02 0.166E-03 0.154E-02 0.963E-04
      2       2      12    4096       4       4 0.669E+00 0.698E+00 0.609E+00 0.629E+00 0.906E-02 0.566E-03 0.241E-02 0.151E-03
      2       2      12     512       4       4 0.234E+00 0.269E+00 0.201E+00 0.222E+00 0.204E-02 0.127E-03 0.116E-02 0.723E-04
      2       2       1     256       4       4 0.647E-01 0.676E-01 0.551E-01 0.557E-01 0.128E-03 0.802E-05 0.109E-03 0.679E-05
      2       2      12    8192       4       4 0.905E+00 0.100E+01 0.826E+00 0.890E+00 0.102E-01 0.637E-03 0.340E-02 0.212E-03
      2       2       1    4096       4       4 0.204E+00 0.209E+00 0.181E+00 0.181E+00 0.837E-03 0.523E-04 0.743E-03 0.464E-04
      2       2       1     512       4       4 0.857E-01 0.876E-01 0.736E-01 0.738E-01 0.164E-03 0.103E-04 0.139E-03 0.870E-05
      2       2       1    8192       4       4 0.314E+00 0.319E+00 0.284E+00 0.286E+00 0.154E-02 0.960E-04 0.152E-02 0.950E-04
      2       2       2    1024       4       4 0.154E+00 0.162E+00 0.136E+00 0.146E+00 0.834E-03 0.521E-04 0.888E-03 0.555E-04
      2       2       2   16384       4       4 0.600E+00 0.639E+00 0.533E+00 0.589E+00 0.417E-02 0.261E-03 0.374E-02 0.234E-03
      2       2       2    2048       4       4 0.210E+00 0.229E+00 0.189E+00 0.211E+00 0.966E-03 0.603E-04 0.992E-03 0.620E-04
      2       2       2     256       4       4 0.929E-01 0.968E-01 0.797E-01 0.834E-01 0.575E-03 0.360E-04 0.611E-03 0.382E-04
      2       2       2    4096       4       4 0.254E+00 0.260E+00 0.227E+00 0.227E+00 0.147E-02 0.922E-04 0.140E-02 0.873E-04
      2       2       2     512       4       4 0.118E+00 0.124E+00 0.103E+00 0.110E+00 0.671E-03 0.419E-04 0.739E-03 0.462E-04
      2       2       2    8192       4       4 0.412E+00 0.448E+00 0.376E+00 0.411E+00 0.248E-02 0.155E-03 0.240E-02 0.150E-03
      2       2       4    1024       4       4 0.198E+00 0.207E+00 0.176E+00 0.191E+00 0.106E-02 0.664E-04 0.925E-03 0.578E-04
      2       2       4   16384       4       4 0.886E+00 0.940E+00 0.792E+00 0.818E+00 0.488E-02 0.305E-03 0.440E-02 0.275E-03
      2       2       4    2048       4       4 0.282E+00 0.306E+00 0.249E+00 0.277E+00 0.137E-02 0.858E-04 0.128E-02 0.803E-04
      2       2       4     256       4       4 0.113E+00 0.119E+00 0.102E+00 0.108E+00 0.828E-03 0.518E-04 0.644E-03 0.403E-04
      2       2       4    4096       4       4 0.380E+00 0.398E+00 0.335E+00 0.364E+00 0.178E-02 0.111E-03 0.160E-02 0.100E-03
      2       2       4     512       4       4 0.143E+00 0.146E+00 0.125E+00 0.129E+00 0.881E-03 0.551E-04 0.738E-03 0.461E-04
      2       2       4    8192       4       4 0.549E+00 0.586E+00 0.493E+00 0.529E+00 0.299E-02 0.187E-03 0.276E-02 0.172E-03
      2       2       8    1024       4       4 0.214E+00 0.234E+00 0.188E+00 0.194E+00 0.118E-02 0.735E-04 0.102E-02 0.636E-04
      2       2       8   16384       4       4 0.844E+00 0.897E+00 0.754E+00 0.824E+00 0.652E-02 0.407E-03 0.416E-02 0.260E-03
      2       2       8    2048       4       4 0.309E+00 0.322E+00 0.282E+00 0.331E+00 0.173E-02 0.108E-03 0.162E-02 0.101E-03
      2       2       8     256       4       4 0.114E+00 0.117E+00 0.104E+00 0.106E+00 0.950E-03 0.594E-04 0.781E-03 0.488E-04
      2       2       8    4096       4       4 0.469E+00 0.484E+00 0.444E+00 0.455E+00 0.296E-02 0.185E-03 0.199E-02 0.124E-03
      2       2       8     512       4       4 0.159E+00 0.164E+00 0.143E+00 0.155E+00 0.108E-02 0.676E-04 0.898E-03 0.561E-04
      2       2       8    8192       4       4 0.600E+00 0.694E+00 0.565E+00 0.671E+00 0.597E-02 0.373E-03 0.267E-02 0.167E-03
      2       4       1    1024       4       4 0.927E-01 0.975E-01 0.777E-01 0.785E-01 0.255E-03 0.159E-04 0.240E-03 0.150E-04
      2       4       1   16384       4       4 0.330E+00 0.337E+00 0.293E+00 0.296E+00 0.179E-02 0.112E-03 0.182E-02 0.114E-03
      2       4       1    2048       4       4 0.122E+00 0.125E+00 0.104E+00 0.105E+00 0.378E-03 0.236E-04 0.311E-03 0.195E-04
      2       4       1     256       4       4 0.449E-01 0.462E-01 0.371E-01 0.372E-01 0.221E-03 0.138E-04 0.158E-03 0.988E-05
      2       4       1    4096       4       4 0.159E+00 0.163E+00 0.137E+00 0.139E+00 0.551E-03 0.345E-04 0.518E-03 0.324E-04
      2       4       1     512       4       4 0.719E-01 0.751E-01 0.598E-01 0.601E-01 0.209E-03 0.130E-04 0.163E-03 0.102E-04
      2       4       1    8192       4       4 0.217E+00 0.230E+00 0.189E+00 0.190E+00 0.108E-02 0.677E-04 0.107E-02 0.671E-04
      2       4       2    1024       4       4 0.140E+00 0.144E+00 0.119E+00 0.122E+00 0.950E-03 0.594E-04 0.980E-03 0.613E-04
      2       4       2   16384       4       4 0.463E+00 0.476E+00 0.407E+00 0.412E+00 0.334E-02 0.209E-03 0.325E-02 0.203E-03
      2       4       2    2048       4       4 0.181E+00 0.187E+00 0.153E+00 0.164E+00 0.110E-02 0.688E-04 0.122E-02 0.762E-04
      2       4       2     256       4       4 0.693E-01 0.729E-01 0.574E-01 0.585E-01 0.562E-03 0.351E-04 0.613E-03 0.383E-04
      2       4       2    4096       4       4 0.228E+00 0.243E+00 0.196E+00 0.216E+00 0.118E-02 0.735E-04 0.121E-02 0.758E-04
      2       4       2     512       4       4 0.104E+00 0.105E+00 0.873E-01 0.877E-01 0.650E-03 0.406E-04 0.672E-03 0.420E-04
      2       4       2    8192       4       4 0.310E+00 0.324E+00 0.272E+00 0.283E+00 0.224E-02 0.140E-03 0.228E-02 0.142E-03
      2       4       4    1024       4       4 0.155E+00 0.161E+00 0.133E+00 0.140E+00 0.130E-02 0.815E-04 0.144E-02 0.900E-04
      2       4       4   16384       4       4 0.507E+00 0.522E+00 0.435E+00 0.449E+00 0.583E-02 0.364E-03 0.353E-02 0.220E-03
      2       4       4    2048       4       4 0.199E+00 0.203E+00 0.175E+00 0.179E+00 0.140E-02 0.876E-04 0.149E-02 0.928E-04
      2       4       4     256       4       4 0.845E-01 0.889E-01 0.689E-01 0.703E-01 0.986E-03 0.616E-04 0.111E-02 0.692E-04
      2       4       4    4096       4       4 0.276E+00 0.281E+00 0.235E+00 0.244E+00 0.152E-02 0.951E-04 0.160E-02 0.100E-03
      2       4       4     512       4       4 0.121E+00 0.126E+00 0.100E+00 0.104E+00 0.944E-03 0.590E-04 0.102E-02 0.636E-04
      2       4       4    8192       4       4 0.373E+00 0.387E+00 0.313E+00 0.332E+00 0.258E-02 0.161E-03 0.240E-02 0.150E-03
      2       8       1    1024       4       4 0.844E-01 0.859E-01 0.719E-01 0.725E-01 0.444E-03 0.278E-04 0.409E-03 0.256E-04
      2       8       1   16384       4       4 0.229E+00 0.234E+00 0.198E+00 0.199E+00 0.134E-02 0.835E-04 0.129E-02 0.807E-04
      2       8       1    2048       4       4 0.101E+00 0.104E+00 0.838E-01 0.852E-01 0.444E-03 0.278E-04 0.443E-03 0.277E-04
      2       8       1     256       4       4 0.322E-01 0.340E-01 0.236E-01 0.240E-01 0.265E-03 0.165E-04 0.241E-03 0.150E-04
      2       8       1    4096       4       4 0.127E+00 0.132E+00 0.105E+00 0.106E+00 0.590E-03 0.369E-04 0.489E-03 0.305E-04
      2       8       1     512       4       4 0.444E-01 0.462E-01 0.324E-01 0.328E-01 0.302E-03 0.189E-04 0.223E-03 0.139E-04
      2       8       1    8192       4       4 0.169E+00 0.173E+00 0.144E+00 0.146E+00 0.818E-03 0.512E-04 0.789E-03 0.493E-04
      2       8       2    1024       4       4 0.117E+00 0.121E+00 0.956E-01 0.993E-01 0.100E-02 0.628E-04 0.101E-02 0.633E-04
      2       8       2   16384       4       4 0.338E+00 0.356E+00 0.284E+00 0.295E+00 0.244E-02 0.153E-03 0.247E-02 0.154E-03
      2       8       2    2048       4       4 0.154E+00 0.156E+00 0.127E+00 0.128E+00 0.133E-02 0.834E-04 0.138E-02 0.860E-04
      2       8       2     256       4       4 0.499E-01 0.545E-01 0.375E-01 0.390E-01 0.973E-03 0.608E-04 0.107E-02 0.668E-04
      2       8       2    4096       4       4 0.197E+00 0.209E+00 0.157E+00 0.164E+00 0.154E-02 0.963E-04 0.158E-02 0.987E-04
      2       8       2     512       4       4 0.691E-01 0.713E-01 0.523E-01 0.536E-01 0.553E-03 0.346E-04 0.823E-03 0.514E-04
      2       8       2    8192       4       4 0.274E+00 0.285E+00 0.234E+00 0.240E+00 0.190E-02 0.119E-03 0.192E-02 0.120E-03
      3       1       1    1024       4       4 0.866E-03 0.332E-02 0.000E+00 0.000E+00 0.360E-03 0.225E-04 0.284E-03 0.177E-04
      3       1       1 1048576       4       4 0.328E-01 0.376E-01 0.238E-06 0.954E-06 0.573E+00 0.358E-01 0.564E+00 0.352E-01
      3       1       1  131072       4       4 0.486E-02 0.788E-02 0.000E+00 0.000E+00 0.400E-01 0.250E-02 0.401E-01 0.251E-02
      3       1       1   16384       4       4 0.139E-02 0.405E-02 0.000E+00 0.000E+00 0.515E-02 0.322E-03 0.505E-02 0.316E-03
      3       1       1    2048       4       4 0.880E-03 0.331E-02 0.000E+00 0.000E+00 0.656E-03 0.410E-04 0.539E-03 0.337E-04
      3       1      12    1024       4       4 0.641E-02 0.255E-01 0.000E+00 0.000E+00 0.668E-03 0.418E-04 0.556E-03 0.347E-04
      3       1      12 1048576       4       4 0.383E-01 0.447E-01 0.238E-06 0.954E-06 0.459E+00 0.287E-01 0.447E+00 0.279E-01
      3       1      12  131072       4       4 0.729E-02 0.155E-01 0.000E+00 0.000E+00 0.417E-01 0.261E-02 0.406E-01 0.254E-02
      3       1      12   16384       4       4 0.490E-02 0.174E-01 0.238E-06 0.954E-06 0.672E-02 0.420E-03 0.666E-02 0.417E-03
      3       1      12    2048       4       4 0.423E-02 0.167E-01 0.000E+00 0.000E+00 0.828E-03 0.518E-04 0.691E-03 0.432E-04
      3       1      12     256       4       4 0.445E-02 0.177E-01 0.000E+00 0.000E+00 0.400E-03 0.250E-04 0.244E-03 0.152E-04
      3       1      12  262144       4       4 0.111E-01 0.171E-01 0.000E+00 0.000E+00 0.849E-01 0.531E-02 0.821E-01 0.513E-02
      3       1      12   32768       4       4 0.481E-02 0.158E-01 0.000E+00 0.000E+00 0.117E-01 0.730E-03 0.115E-01 0.719E-03
      3       1      12    4096       4       4 0.436E-02 0.169E-01 0.000E+00 0.000E+00 0.212E-02 0.132E-03 0.198E-02 0.124E-03
      3       1      12     512       4       4 0.421E-02 0.167E-01 0.000E+00 0.000E+00 0.370E-03 0.231E-04 0.243E-03 0.152E-04
      3       1      12  524288       4       4 0.190E-01 0.217E-01 0.000E+00 0.000E+00 0.181E+00 0.113E-01 0.172E+00 0.107E-01
      3       1       1     256       4       4 0.707E-03 0.277E-02 0.000E+00 0.000E+00 0.195E-03 0.122E-04 0.103E-03 0.644E-05
      3       1       1  262144       4       4 0.901E-02 0.125E-01 0.000E+00 0.000E+00 0.847E-01 0.529E-02 0.819E-01 0.512E-02
      3       1      12   65536       4       4 0.543E-02 0.149E-01 0.000E+00 0.000E+00 0.212E-01 0.133E-02 0.208E-01 0.130E-02
      3       1      12    8192       4       4 0.568E-02 0.216E-01 0.536E-06 0.119E-05 0.365E-02 0.228E-03 0.354E-02 0.221E-03
      3       1       1   32768       4       4 0.180E-02 0.404E-02 0.000E+00 0.000E+00 0.101E-01 0.630E-03 0.102E-01 0.637E-03
      3       1       1    4096       4       4 0.966E-03 0.348E-02 0.238E-06 0.954E-06 0.123E-02 0.768E-04 0.110E-02 0.689E-04
      3       1       1     512       4       4 0.784E-03 0.305E-02 0.000E+00 0.000E+00 0.252E-03 0.157E-04 0.150E-03 0.939E-05
      3       1       1  524288       4       4 0.169E-01 0.204E-01 0.000E+00 0.000E+00 0.190E+00 0.118E-01 0.180E+00 0.112E-01
      3       1      16    1024       4       4 0.335E-02 0.133E-01 0.000E+00 0.000E+00 0.605E-03 0.378E-04 0.413E-03 0.258E-04
      3       1      16 1048576       4       4 0.382E-01 0.445E-01 0.298E-06 0.119E-05 0.453E+00 0.283E-01 0.442E+00 0.276E-01
      3       1      16  131072       4       4 0.784E-02 0.179E-01 0.477E-06 0.954E-06 0.407E-01 0.255E-02 0.397E-01 0.248E-02
      3       1      16   16384       4       4 0.161E-02 0.469E-02 0.298E-06 0.119E-05 0.607E-02 0.379E-03 0.577E-02 0.360E-03
      3       1      16    2048       4       4 0.423E-02 0.167E-01 0.000E+00 0.000E+00 0.903E-03 0.564E-04 0.700E-03 0.437E-04
      3       1      16     256       4       4 0.496E-02 0.198E-01 0.000E+00 0.000E+00 0.378E-03 0.236E-04 0.197E-03 0.123E-04
      3       1      16  262144       4       4 0.104E-01 0.143E-01 0.000E+00 0.000E+00 0.822E-01 0.514E-02 0.794E-01 0.497E-02
      3       1      16   32768       4       4 0.522E-02 0.175E-01 0.000E+00 0.000E+00 0.111E-01 0.695E-03 0.109E-01 0.679E-03
      3       1      16    4096       4       4 0.430E-02 0.168E-01 0.000E+00 0.000E+00 0.214E-02 0.134E-03 0.193E-02 0.121E-03
      3       1      16     512       4       4 0.334E-02 0.132E-01 0.000E+00 0.000E+00 0.563E-03 0.352E-04 0.379E-03 0.237E-04
      3       1      16  524288       4       4 0.198E-01 0.248E-01 0.000E+00 0.000E+00 0.178E+00 0.111E-01 0.167E+00 0.105E-01
      3       1       1   65536       4       4 0.290E-02 0.567E-02 0.238E-06 0.954E-06 0.196E-01 0.123E-02 0.198E-01 0.124E-02
      3       1      16   65536       4       4 0.645E-02 0.172E-01 0.000E+00 0.000E+00 0.236E-01 0.148E-02 0.239E-01 0.149E-02
      3       1      16    8192       4       4 0.437E-02 0.166E-01 0.298E-06 0.119E-05 0.319E-02 0.200E-03 0.303E-02 0.189E-03
      3       1       1    8192       4       4 0.113E-02 0.374E-02 0.000E+00 0.000E+00 0.239E-02 0.149E-03 0.228E-02 0.143E-03
      3       1       2    1024       4       4 0.760E-03 0.291E-02 0.238E-06 0.954E-06 0.431E-03 0.269E-04 0.314E-03 0.196E-04
      3       1       2 1048576       4       4 0.337E-01 0.386E-01 0.000E+00 0.000E+00 0.484E+00 0.303E-01 0.475E+00 0.297E-01
      3       1       2  131072       4       4 0.489E-02 0.761E-02 0.477E-06 0.954E-06 0.385E-01 0.241E-02 0.379E-01 0.237E-02
      3       1       2   16384       4       4 0.348E-02 0.123E-01 0.000E+00 0.000E+00 0.512E-02 0.320E-03 0.495E-02 0.310E-03
      3       1       2    2048       4       4 0.793E-03 0.296E-02 0.000E+00 0.000E+00 0.713E-03 0.445E-04 0.584E-03 0.365E-04
      3       1       2     256       4       4 0.682E-03 0.267E-02 0.238E-06 0.954E-06 0.285E-03 0.178E-04 0.160E-03 0.997E-05
      3       1       2  262144       4       4 0.890E-02 0.117E-01 0.000E+00 0.000E+00 0.912E-01 0.570E-02 0.892E-01 0.558E-02
      3       1       2   32768       4       4 0.318E-02 0.959E-02 0.000E+00 0.000E+00 0.100E-01 0.626E-03 0.957E-02 0.598E-03
      3       1       2    4096       4       4 0.379E-02 0.148E-01 0.000E+00 0.000E+00 0.139E-02 0.867E-04 0.126E-02 0.789E-04
      3       1      24    1024       4       4 0.406E-02 0.161E-01 0.000E+00 0.000E+00 0.781E-03 0.488E-04 0.534E-03 0.334E-04
      3       1      24 1048576       4       4 0.412E-01 0.563E-01 0.536E-06 0.119E-05 0.466E+00 0.291E-01 0.452E+00 0.282E-01
      3       1      24  131072       4       4 0.843E-02 0.167E-01 0.000E+00 0.000E+00 0.519E-01 0.324E-02 0.517E-01 0.323E-02
      3       1      24   16384       4       4 0.646E-02 0.236E-01 0.000E+00 0.000E+00 0.716E-02 0.447E-03 0.715E-02 0.447E-03
      3       1      24    2048       4       4 0.417E-02 0.164E-01 0.238E-06 0.954E-06 0.117E-02 0.732E-04 0.926E-03 0.578E-04
      3       1      24     256       4       4 0.338E-02 0.134E-01 0.298E-06 0.119E-05 0.523E-03 0.327E-04 0.281E-03 0.176E-04
      3       1      24  262144       4       4 0.109E-01 0.167E-01 0.000E+00 0.000E+00 0.927E-01 0.579E-02 0.881E-01 0.550E-02
      3       1      24   32768       4       4 0.483E-02 0.159E-01 0.000E+00 0.000E+00 0.118E-01 0.734E-03 0.115E-01 0.717E-03
      3       1      24    4096       4       4 0.412E-02 0.161E-01 0.000E+00 0.000E+00 0.264E-02 0.165E-03 0.246E-02 0.154E-03
      3       1      24     512       4       4 0.432E-02 0.172E-01 0.000E+00 0.000E+00 0.623E-03 0.390E-04 0.371E-03 0.232E-04
      3       1      24  524288       4       4 0.235E-01 0.256E-01 0.238E-06 0.954E-06 0.212E+00 0.133E-01 0.206E+00 0.129E-01
      3       1      24   65536       4       4 0.560E-02 0.137E-01 0.000E+00 0.000E+00 0.257E-01 0.161E-02 0.262E-01 0.164E-02
      3       1      24    8192       4       4 0.326E-02 0.119E-01 0.000E+00 0.000E+00 0.426E-02 0.266E-03 0.412E-02 0.258E-03
      3       1       2     512       4       4 0.745E-03 0.290E-02 0.000E+00 0.000E+00 0.328E-03 0.205E-04 0.201E-03 0.125E-04
      3       1       2  524288       4       4 0.176E-01 0.220E-01 0.000E+00 0.000E+00 0.174E+00 0.108E-01 0.163E+00 0.102E-01
      3       1       2   65536       4       4 0.344E-02 0.754E-02 0.238E-06 0.954E-06 0.206E-01 0.129E-02 0.205E-01 0.128E-02
      3       1       2    8192       4       4 0.369E-02 0.139E-01 0.000E+00 0.000E+00 0.260E-02 0.162E-03 0.253E-02 0.158E-03
      3       1       4    1024       4       4 0.424E-02 0.168E-01 0.000E+00 0.000E+00 0.448E-03 0.280E-04 0.329E-03 0.206E-04
      3       1       4 1048576       4       4 0.354E-01 0.424E-01 0.000E+00 0.000E+00 0.464E+00 0.290E-01 0.456E+00 0.285E-01
      3       1       4  131072       4       4 0.794E-02 0.197E-01 0.000E+00 0.000E+00 0.415E-01 0.259E-02 0.408E-01 0.255E-02
      3       1       4   16384       4       4 0.363E-02 0.129E-01 0.000E+00 0.000E+00 0.519E-02 0.325E-03 0.498E-02 0.311E-03
      3       1       4    2048       4       4 0.525E-02 0.208E-01 0.000E+00 0.000E+00 0.734E-03 0.459E-04 0.625E-03 0.391E-04
      3       1       4     256       4       4 0.581E-02 0.232E-01 0.000E+00 0.000E+00 0.264E-03 0.165E-04 0.144E-03 0.900E-05
      3       1       4  262144       4       4 0.995E-02 0.148E-01 0.000E+00 0.000E+00 0.857E-01 0.536E-02 0.839E-01 0.524E-02
      3       1       4   32768       4       4 0.369E-02 0.115E-01 0.000E+00 0.000E+00 0.111E-01 0.693E-03 0.110E-01 0.685E-03
      3       1       4    4096       4       4 0.526E-02 0.206E-01 0.000E+00 0.000E+00 0.152E-02 0.953E-04 0.140E-02 0.878E-04
      3       1       4     512       4       4 0.524E-02 0.209E-01 0.000E+00 0.000E+00 0.335E-03 0.209E-04 0.206E-03 0.129E-04
      3       1       4  524288       4       4 0.182E-01 0.233E-01 0.000E+00 0.000E+00 0.183E+00 0.114E-01 0.173E+00 0.108E-01
      3       1       4   65536       4       4 0.522E-02 0.145E-01 0.298E-06 0.119E-05 0.207E-01 0.130E-02 0.207E-01 0.129E-02
      3       1       4    8192       4       4 0.525E-02 0.202E-01 0.000E+00 0.000E+00 0.271E-02 0.170E-03 0.263E-02 0.165E-03
      3      16       1    1024       4       4 0.376E-01 0.150E+00 0.298E-05 0.787E-05 0.150E-02 0.937E-04 0.167E-02 0.104E-03
      3      16       1 1048576       4       4 0.261E-01 0.960E-01 0.376E-05 0.906E-05 0.189E+00 0.118E-01 0.149E+00 0.929E-02
      3      16       1  131072       4       4 0.294E-01 0.116E+00 0.322E-05 0.811E-05 0.279E-01 0.175E-02 0.195E-01 0.122E-02
      3      16       1   16384       4       4 0.197E-01 0.787E-01 0.280E-05 0.906E-05 0.591E-02 0.370E-03 0.423E-02 0.265E-03
      3      16       1    2048       4       4 0.372E-01 0.149E+00 0.268E-05 0.691E-05 0.182E-02 0.114E-03 0.158E-02 0.990E-04
      3      16       1     256       4       4 0.209E-01 0.836E-01 0.274E-05 0.787E-05 0.133E-02 0.833E-04 0.162E-02 0.101E-03
      3      16       1  262144       4       4 0.264E-01 0.103E+00 0.370E-05 0.100E-04 0.509E-01 0.318E-02 0.369E-01 0.231E-02
      3      16       1   32768       4       4 0.394E-01 0.157E+00 0.250E-05 0.691E-05 0.101E-01 0.631E-03 0.790E-02 0.493E-03
      3      16       1    4096       4       4 0.223E-01 0.892E-01 0.298E-05 0.787E-05 0.270E-02 0.168E-03 0.177E-02 0.111E-03
      3      16       1     512       4       4 0.274E-01 0.110E+00 0.566E-05 0.138E-04 0.179E-02 0.112E-03 0.109E-02 0.678E-04
      3      16       1  524288       4       4 0.279E-01 0.107E+00 0.328E-05 0.906E-05 0.962E-01 0.601E-02 0.684E-01 0.428E-02
      3      16       1   65536       4       4 0.162E-01 0.640E-01 0.298E-05 0.787E-05 0.140E-01 0.875E-03 0.899E-02 0.562E-03
      3      16       1    8192       4       4 0.183E-01 0.731E-01 0.328E-05 0.620E-05 0.439E-02 0.274E-03 0.306E-02 0.191E-03
      3       1       8    1024       4       4 0.517E-02 0.205E-01 0.000E+00 0.000E+00 0.520E-03 0.325E-04 0.404E-03 0.253E-04
      3       1       8 1048576       4       4 0.388E-01 0.531E-01 0.477E-06 0.954E-06 0.443E+00 0.277E-01 0.432E+00 0.270E-01
      3       1       8  131072       4       4 0.577E-02 0.964E-02 0.000E+00 0.000E+00 0.403E-01 0.252E-02 0.397E-01 0.248E-02
      3       1       8   16384       4       4 0.455E-02 0.165E-01 0.000E+00 0.000E+00 0.543E-02 0.339E-03 0.523E-02 0.327E-03
      3       1       8    2048       4       4 0.557E-02 0.220E-01 0.000E+00 0.000E+00 0.993E-03 0.621E-04 0.857E-03 0.536E-04
      3       1       8     256       4       4 0.433E-02 0.173E-01 0.000E+00 0.000E+00 0.293E-03 0.183E-04 0.169E-03 0.106E-04
      3       1       8  262144       4       4 0.103E-01 0.148E-01 0.000E+00 0.000E+00 0.823E-01 0.514E-02 0.805E-01 0.503E-02
      3       1       8   32768       4       4 0.488E-02 0.161E-01 0.000E+00 0.000E+00 0.101E-01 0.628E-03 0.972E-02 0.607E-03
      3       1       8    4096       4       4 0.548E-02 0.215E-01 0.000E+00 0.000E+00 0.375E-02 0.235E-03 0.150E-02 0.936E-04
      3       1       8     512       4       4 0.428E-02 0.171E-01 0.000E+00 0.000E+00 0.370E-03 0.231E-04 0.234E-03 0.146E-04
      3       1       8  524288       4       4 0.187E-01 0.215E-01 0.000E+00 0.000E+00 0.180E+00 0.112E-01 0.170E+00 0.106E-01
      3       1       8   65536       4       4 0.519E-02 0.139E-01 0.000E+00 0.000E+00 0.199E-01 0.125E-02 0.196E-01 0.122E-02
      3       1       8    8192       4       4 0.654E-02 0.253E-01 0.238E-06 0.954E-06 0.315E-02 0.197E-03 0.298E-02 0.186E-03
      3       2       1    1024       4       4 0.459E-02 0.182E-01 0.101E-05 0.119E-05 0.603E-03 0.377E-04 0.418E-03 0.261E-04
      3       2       1 1048576       4       4 0.209E-01 0.352E-01 0.775E-06 0.191E-05 0.369E+00 0.231E-01 0.330E+00 0.206E-01
      3       2       1  131072       4       4 0.593E-02 0.176E-01 0.715E-06 0.191E-05 0.336E-01 0.210E-02 0.308E-01 0.192E-02
      3       2       1   16384       4       4 0.493E-02 0.189E-01 0.101E-05 0.119E-05 0.465E-02 0.290E-03 0.418E-02 0.261E-03
      3       2       1    2048       4       4 0.429E-02 0.170E-01 0.954E-06 0.191E-05 0.488E-01 0.305E-02 0.746E-03 0.466E-04
      3       2      12    1024       4       4 0.695E-02 0.277E-01 0.775E-06 0.119E-05 0.872E-03 0.545E-04 0.639E-03 0.399E-04
      3       2      12 1048576       4       4 0.261E-01 0.348E-01 0.107E-05 0.119E-05 0.336E+00 0.210E-01 0.296E+00 0.185E-01
      3       2      12  131072       4       4 0.759E-02 0.229E-01 0.238E-06 0.954E-06 0.323E-01 0.202E-02 0.290E-01 0.182E-02
      3       2      12   16384       4       4 0.696E-02 0.266E-01 0.113E-05 0.215E-05 0.578E-02 0.361E-03 0.522E-02 0.326E-03
      3       2      12    2048       4       4 0.931E-02 0.371E-01 0.715E-06 0.954E-06 0.124E-02 0.777E-04 0.921E-03 0.576E-04
      3       2      12     256       4       4 0.729E-02 0.291E-01 0.775E-06 0.215E-05 0.509E-03 0.318E-04 0.385E-03 0.240E-04
      3       2      12  262144       4       4 0.925E-02 0.196E-01 0.715E-06 0.191E-05 0.791E-01 0.494E-02 0.706E-01 0.442E-02
      3       2      12   32768       4       4 0.560E-02 0.201E-01 0.954E-06 0.191E-05 0.101E-01 0.632E-03 0.934E-02 0.583E-03
      3       2      12    4096       4       4 0.728E-02 0.288E-01 0.101E-05 0.191E-05 0.111E-01 0.693E-03 0.158E-02 0.986E-04
      3       2      12     512       4       4 0.614E-02 0.245E-01 0.715E-06 0.954E-06 0.755E-03 0.472E-04 0.630E-03 0.394E-04
      3       2      12  524288       4       4 0.140E-01 0.286E-01 0.715E-06 0.954E-06 0.141E+00 0.882E-02 0.118E+00 0.740E-02
      3       2       1     256       4       4 0.849E-02 0.339E-01 0.256E-05 0.715E-05 0.358E-03 0.224E-04 0.303E-03 0.189E-04
      3       2       1  262144       4       4 0.904E-02 0.240E-01 0.775E-06 0.119E-05 0.690E-01 0.431E-02 0.619E-01 0.387E-02
      3       2      12   65536       4       4 0.103E-01 0.368E-01 0.536E-06 0.119E-05 0.179E-01 0.112E-02 0.166E-01 0.104E-02
      3       2      12    8192       4       4 0.758E-02 0.298E-01 0.775E-06 0.119E-05 0.369E-02 0.230E-03 0.328E-02 0.205E-03
      3       2       1   32768       4       4 0.501E-02 0.184E-01 0.131E-05 0.215E-05 0.885E-02 0.553E-03 0.823E-02 0.514E-03
      3       2       1    4096       4       4 0.410E-02 0.162E-01 0.954E-06 0.191E-05 0.145E-02 0.908E-04 0.119E-02 0.745E-04
      3       2       1     512       4       4 0.378E-02 0.150E-01 0.125E-05 0.215E-05 0.448E-03 0.280E-04 0.318E-03 0.199E-04
      3       2       1  524288       4       4 0.122E-01 0.242E-01 0.775E-06 0.119E-05 0.135E+00 0.841E-02 0.112E+00 0.700E-02
      3       2       1   65536       4       4 0.488E-02 0.164E-01 0.107E-05 0.215E-05 0.168E-01 0.105E-02 0.159E-01 0.996E-03
      3       2       1    8192       4       4 0.679E-02 0.267E-01 0.119E-05 0.191E-05 0.242E-02 0.152E-03 0.219E-02 0.137E-03
      3       2       2    1024       4       4 0.889E-02 0.354E-01 0.715E-06 0.954E-06 0.839E-03 0.525E-04 0.602E-03 0.376E-04
      3       2       2 1048576       4       4 0.211E-01 0.355E-01 0.107E-05 0.215E-05 0.297E+00 0.185E-01 0.259E+00 0.162E-01
      3       2       2  131072       4       4 0.965E-02 0.319E-01 0.775E-06 0.215E-05 0.278E-01 0.174E-02 0.247E-01 0.154E-02
      3       2       2   16384       4       4 0.956E-02 0.373E-01 0.477E-06 0.954E-06 0.119E-01 0.742E-03 0.447E-02 0.280E-03
      3       2       2    2048       4       4 0.712E-02 0.283E-01 0.160E-01 0.640E-01 0.117E+00 0.729E-02 0.966E-01 0.604E-02
      3       2       2     256       4       4 0.762E-02 0.304E-01 0.119E-05 0.191E-05 0.514E-03 0.321E-04 0.359E-03 0.224E-04
      3       2       2  262144       4       4 0.121E-01 0.353E-01 0.715E-06 0.954E-06 0.626E-01 0.391E-02 0.530E-01 0.331E-02
      3       2       2   32768       4       4 0.108E-01 0.412E-01 0.477E-06 0.954E-06 0.240E-01 0.150E-02 0.935E-02 0.584E-03
      3       2       2    4096       4       4 0.787E-02 0.312E-01 0.715E-06 0.954E-06 0.165E-02 0.103E-03 0.131E-02 0.819E-04
      3       2       2     512       4       4 0.716E-02 0.285E-01 0.298E-06 0.119E-05 0.121E-01 0.758E-03 0.475E-03 0.297E-04
      3       2       2  524288       4       4 0.135E-01 0.291E-01 0.954E-06 0.191E-05 0.137E+00 0.858E-02 0.121E+00 0.756E-02
      3       2       2   65536       4       4 0.826E-02 0.284E-01 0.238E-06 0.954E-06 0.201E-01 0.126E-02 0.190E-01 0.119E-02
      3       2       2    8192       4       4 0.498E-02 0.195E-01 0.954E-06 0.191E-05 0.280E-02 0.175E-03 0.249E-02 0.156E-03
      3       2       4    1024       4       4 0.621E-02 0.247E-01 0.298E-06 0.119E-05 0.659E-03 0.412E-04 0.481E-03 0.301E-04
      3       2       4 1048576       4       4 0.229E-01 0.367E-01 0.715E-06 0.954E-06 0.338E+00 0.211E-01 0.293E+00 0.183E-01
      3       2       4  131072       4       4 0.787E-02 0.237E-01 0.101E-05 0.119E-05 0.376E-01 0.235E-02 0.346E-01 0.216E-02
      3       2       4   16384       4       4 0.679E-02 0.262E-01 0.238E-06 0.954E-06 0.459E-02 0.287E-03 0.408E-02 0.255E-03
      3       2       4    2048       4       4 0.104E-01 0.415E-01 0.775E-06 0.119E-05 0.297E-02 0.186E-03 0.744E-03 0.465E-04
      3       2       4     256       4       4 0.629E-02 0.251E-01 0.238E-06 0.954E-06 0.417E-03 0.261E-04 0.282E-03 0.176E-04
      3       2       4  262144       4       4 0.131E-01 0.386E-01 0.536E-06 0.215E-05 0.657E-01 0.411E-02 0.554E-01 0.346E-02
      3       2       4   32768       4       4 0.719E-02 0.270E-01 0.477E-06 0.954E-06 0.857E-02 0.536E-03 0.763E-02 0.477E-03
      3       2       4    4096       4       4 0.834E-02 0.331E-01 0.113E-05 0.119E-05 0.172E-02 0.107E-03 0.145E-02 0.906E-04
      3       2       4     512       4       4 0.108E-01 0.431E-01 0.834E-06 0.119E-05 0.580E-03 0.363E-04 0.437E-03 0.273E-04
      3       2       4  524288       4       4 0.136E-01 0.277E-01 0.238E-06 0.954E-06 0.136E+00 0.848E-02 0.114E+00 0.713E-02
      3       2       4   65536       4       4 0.733E-02 0.258E-01 0.477E-06 0.954E-06 0.152E-01 0.949E-03 0.138E-01 0.863E-03
      3       2       4    8192       4       4 0.551E-02 0.216E-01 0.536E-06 0.119E-05 0.298E-02 0.186E-03 0.265E-02 0.165E-03
      3       2       8    1024       4       4 0.735E-02 0.293E-01 0.715E-06 0.954E-06 0.866E-03 0.542E-04 0.668E-03 0.417E-04
      3       2       8 1048576       4       4 0.267E-01 0.376E-01 0.477E-06 0.954E-06 0.360E+00 0.225E-01 0.317E+00 0.198E-01
      3       2       8  131072       4       4 0.108E-01 0.358E-01 0.954E-06 0.191E-05 0.358E-01 0.224E-02 0.324E-01 0.203E-02
      3       2       8   16384       4       4 0.867E-02 0.335E-01 0.131E-05 0.215E-05 0.586E-02 0.366E-03 0.527E-02 0.329E-03
      3       2       8    2048       4       4 0.719E-02 0.286E-01 0.238E-06 0.954E-06 0.144E-02 0.901E-04 0.841E-03 0.526E-04
      3       2       8     256       4       4 0.109E-01 0.437E-01 0.131E-05 0.215E-05 0.448E-03 0.280E-04 0.316E-03 0.197E-04
      3       2       8  262144       4       4 0.107E-01 0.290E-01 0.834E-06 0.119E-05 0.709E-01 0.443E-02 0.622E-01 0.389E-02
      3       2       8   32768       4       4 0.858E-02 0.326E-01 0.238E-06 0.954E-06 0.819E-02 0.512E-03 0.744E-02 0.465E-03
      3       2       8    4096       4       4 0.624E-02 0.247E-01 0.101E-05 0.215E-05 0.176E-02 0.110E-03 0.132E-02 0.825E-04
      3       2       8     512       4       4 0.712E-02 0.284E-01 0.715E-06 0.191E-05 0.742E-03 0.464E-04 0.598E-03 0.374E-04
      3       2       8  524288       4       4 0.132E-01 0.254E-01 0.715E-06 0.954E-06 0.140E+00 0.877E-02 0.121E+00 0.757E-02
      3       2       8   65536       4       4 0.963E-02 0.334E-01 0.715E-06 0.954E-06 0.207E-01 0.130E-02 0.195E-01 0.122E-02
      3       2       8    8192       4       4 0.111E-01 0.440E-01 0.101E-05 0.215E-05 0.294E-02 0.184E-03 0.254E-02 0.158E-03
      3       4       1    1024       4       4 0.159E-01 0.635E-01 0.119E-05 0.191E-05 0.828E-03 0.517E-04 0.658E-03 0.411E-04
      3       4       1 1048576       4       4 0.182E-01 0.481E-01 0.197E-05 0.405E-05 0.258E+00 0.161E-01 0.201E+00 0.126E-01
      3       4       1  131072       4       4 0.103E-01 0.366E-01 0.675E-02 0.270E-01 0.101E+00 0.633E-02 0.985E-01 0.616E-02
      3       4       1   16384       4       4 0.134E-01 0.529E-01 0.119E-05 0.286E-05 0.311E-01 0.195E-02 0.435E-02 0.272E-03
      3       4       1    2048       4       4 0.119E-01 0.474E-01 0.107E-05 0.215E-05 0.131E-02 0.818E-04 0.972E-03 0.608E-04
      3       4       1     256       4       4 0.203E-01 0.812E-01 0.155E-05 0.286E-05 0.522E-03 0.326E-04 0.424E-03 0.265E-04
      3       4       1  262144       4       4 0.123E-01 0.429E-01 0.173E-05 0.310E-05 0.552E-01 0.345E-02 0.476E-01 0.297E-02
      3       4       1   32768       4       4 0.110E-01 0.426E-01 0.152E-02 0.606E-02 0.581E-01 0.363E-02 0.840E-02 0.525E-03
      3       4       1    4096       4       4 0.123E-01 0.490E-01 0.160E-01 0.640E-01 0.333E-01 0.208E-02 0.332E-01 0.208E-02
      3       4       1     512       4       4 0.192E-01 0.766E-01 0.244E-05 0.596E-05 0.739E-03 0.462E-04 0.580E-03 0.363E-04
      3       4       1  524288       4       4 0.159E-01 0.510E-01 0.173E-05 0.405E-05 0.122E+00 0.765E-02 0.101E+00 0.632E-02
      3       4       1   65536       4       4 0.113E-01 0.431E-01 0.161E-05 0.310E-05 0.174E-01 0.109E-02 0.156E-01 0.975E-03
      3       4       1    8192       4       4 0.140E-01 0.557E-01 0.155E-05 0.310E-05 0.344E-01 0.215E-02 0.256E-02 0.160E-03
      3       4       2    1024       4       4 0.152E-01 0.607E-01 0.149E-05 0.405E-05 0.926E-03 0.579E-04 0.709E-03 0.443E-04
      3       4       2 1048576       4       4 0.215E-01 0.591E-01 0.197E-05 0.405E-05 0.257E+00 0.160E-01 0.221E+00 0.138E-01
      3       4       2  131072       4       4 0.146E-01 0.547E-01 0.954E-06 0.286E-05 0.274E-01 0.171E-02 0.220E-01 0.137E-02
      3       4       2   16384       4       4 0.104E-01 0.409E-01 0.954E-06 0.286E-05 0.503E-02 0.315E-03 0.405E-02 0.253E-03
      3       4       2    2048       4       4 0.153E-01 0.611E-01 0.155E-05 0.310E-05 0.120E-02 0.751E-04 0.886E-03 0.554E-04
      3       4       2     256       4       4 0.120E-01 0.479E-01 0.954E-06 0.286E-05 0.566E-03 0.354E-04 0.439E-03 0.275E-04
      3       4       2  262144       4       4 0.120E-01 0.408E-01 0.173E-05 0.286E-05 0.533E-01 0.333E-02 0.454E-01 0.284E-02
      3       4       2   32768       4       4 0.115E-01 0.450E-01 0.477E-06 0.191E-05 0.697E-02 0.436E-03 0.589E-02 0.368E-03
      3       4       2    4096       4       4 0.127E-01 0.508E-01 0.167E-05 0.286E-05 0.178E-02 0.111E-03 0.139E-02 0.871E-04
      3       4       2     512       4       4 0.159E-01 0.637E-01 0.125E-05 0.310E-05 0.799E-03 0.499E-04 0.604E-03 0.377E-04
      3       4       2  524288       4       4 0.101E-01 0.266E-01 0.715E-06 0.286E-05 0.113E+00 0.707E-02 0.903E-01 0.564E-02
      3       4       2   65536       4       4 0.129E-01 0.498E-01 0.131E-05 0.310E-05 0.149E-01 0.928E-03 0.135E-01 0.844E-03
      3       4       2    8192       4       4 0.900E-02 0.356E-01 0.101E-05 0.191E-05 0.267E-02 0.167E-03 0.207E-02 0.129E-03
      3       4       4    1024       4       4 0.150E-01 0.599E-01 0.161E-05 0.310E-05 0.916E-03 0.573E-04 0.755E-03 0.472E-04
      3       4       4 1048576       4       4 0.194E-01 0.501E-01 0.173E-05 0.381E-05 0.250E+00 0.156E-01 0.212E+00 0.132E-01
      3       4       4  131072       4       4 0.155E-01 0.585E-01 0.954E-06 0.191E-05 0.252E-01 0.157E-02 0.203E-01 0.127E-02
      3       4       4   16384       4       4 0.110E-01 0.436E-01 0.775E-06 0.310E-05 0.429E-02 0.268E-03 0.349E-02 0.218E-03
      3       4       4    2048       4       4 0.132E-01 0.526E-01 0.149E-05 0.286E-05 0.125E-02 0.784E-04 0.970E-03 0.606E-04
      3       4       4     256       4       4 0.145E-01 0.579E-01 0.173E-05 0.405E-05 0.608E-03 0.380E-04 0.512E-03 0.320E-04
      3       4       4  262144       4       4 0.114E-01 0.387E-01 0.119E-05 0.286E-05 0.545E-01 0.341E-02 0.456E-01 0.285E-02
      3       4       4   32768       4       4 0.133E-01 0.524E-01 0.775E-06 0.310E-05 0.747E-02 0.467E-03 0.632E-02 0.395E-03
      3       4       4    4096       4       4 0.124E-01 0.493E-01 0.149E-05 0.286E-05 0.183E-02 0.114E-03 0.144E-02 0.902E-04
      3       4       4     512       4       4 0.137E-01 0.548E-01 0.179E-05 0.405E-05 0.934E-03 0.584E-04 0.734E-03 0.459E-04
      3       4       4  524288       4       4 0.142E-01 0.430E-01 0.954E-06 0.286E-05 0.112E+00 0.701E-02 0.871E-01 0.544E-02
      3       4       4   65536       4       4 0.106E-01 0.406E-01 0.173E-05 0.405E-05 0.148E-01 0.925E-03 0.128E-01 0.798E-03
      3       4       4    8192       4       4 0.124E-01 0.492E-01 0.149E-05 0.310E-05 0.326E-02 0.204E-03 0.283E-02 0.177E-03
      3       8       1    1024       4       4 0.185E-01 0.738E-01 0.173E-05 0.405E-05 0.122E-02 0.762E-04 0.998E-03 0.624E-04
      3       8       1 1048576       4       4 0.262E-01 0.915E-01 0.250E-05 0.501E-05 0.191E+00 0.119E-01 0.155E+00 0.967E-02
      3       8       1  131072       4       4 0.102E-01 0.391E-01 0.226E-05 0.501E-05 0.265E-01 0.166E-02 0.213E-01 0.133E-02
      3       8       1   16384       4       4 0.187E-01 0.743E-01 0.149E-05 0.405E-05 0.445E-02 0.278E-03 0.368E-02 0.230E-03
      3       8       1    2048       4       4 0.200E-01 0.798E-01 0.173E-05 0.405E-05 0.148E-02 0.924E-04 0.124E-02 0.778E-04
      3       8       1     256       4       4 0.757E-02 0.302E-01 0.197E-05 0.501E-05 0.105E-02 0.658E-04 0.807E-03 0.504E-04
      3       8       1  262144       4       4 0.218E-01 0.837E-01 0.173E-05 0.501E-05 0.502E-01 0.314E-02 0.400E-01 0.250E-02
      3       8       1   32768       4       4 0.172E-01 0.681E-01 0.173E-05 0.405E-05 0.743E-02 0.465E-03 0.587E-02 0.367E-03
      3       8       1    4096       4       4 0.104E-01 0.414E-01 0.173E-05 0.405E-05 0.209E-02 0.131E-03 0.154E-02 0.960E-04
      3       8       1     512       4       4 0.208E-01 0.831E-01 0.197E-05 0.501E-05 0.120E-02 0.750E-04 0.938E-03 0.586E-04
      3       8       1  524288       4       4 0.119E-01 0.408E-01 0.203E-05 0.501E-05 0.971E-01 0.607E-02 0.767E-01 0.479E-02
      3       8       1   65536       4       4 0.117E-01 0.458E-01 0.250E-05 0.405E-05 0.123E-01 0.769E-03 0.956E-02 0.598E-03
      3       8       1    8192       4       4 0.686E-02 0.272E-01 0.155E-05 0.405E-05 0.315E-02 0.197E-03 0.241E-02 0.151E-03
      3       8       2    1024       4       4 0.142E-01 0.565E-01 0.155E-05 0.405E-05 0.138E-02 0.862E-04 0.111E-02 0.696E-04
      3       8       2 1048576       4       4 0.260E-01 0.833E-01 0.256E-05 0.620E-05 0.241E+00 0.151E-01 0.198E+00 0.124E-01
      3       8       2  131072       4       4 0.140E-01 0.539E-01 0.185E-05 0.405E-05 0.275E-01 0.172E-02 0.195E-01 0.122E-02
      3       8       2   16384       4       4 0.127E-01 0.506E-01 0.954E-06 0.381E-05 0.372E-02 0.233E-03 0.285E-02 0.178E-03
      3       8       2    2048       4       4 0.145E-01 0.579E-01 0.149E-05 0.501E-05 0.158E-02 0.986E-04 0.125E-02 0.782E-04
      3       8       2     256       4       4 0.154E-01 0.617E-01 0.149E-05 0.286E-05 0.102E-02 0.640E-04 0.814E-03 0.509E-04
      3       8       2  262144       4       4 0.220E-01 0.837E-01 0.232E-05 0.501E-05 0.522E-01 0.326E-02 0.383E-01 0.240E-02
      3       8       2   32768       4       4 0.218E-01 0.867E-01 0.203E-05 0.501E-05 0.820E-02 0.512E-03 0.658E-02 0.411E-03
      3       8       2    4096       4       4 0.205E-01 0.814E-01 0.125E-05 0.286E-05 0.220E-02 0.138E-03 0.165E-02 0.103E-03
      3       8       2     512       4       4 0.146E-01 0.582E-01 0.125E-05 0.405E-05 0.129E-02 0.808E-04 0.109E-02 0.679E-04
      3       8       2  524288       4       4 0.125E-01 0.428E-01 0.167E-05 0.381E-05 0.102E+00 0.640E-02 0.755E-01 0.472E-02
      3       8       2   65536       4       4 0.164E-01 0.646E-01 0.149E-05 0.405E-05 0.144E-01 0.899E-03 0.106E-01 0.663E-03
      3       8       2    8192       4       4 0.107E-01 0.427E-01 0.131E-05 0.286E-05 0.325E-02 0.203E-03 0.249E-02 0.155E-03
