      2       1       1     127     127     127       4 0.112E+01 0.113E+01 0.112E+01 0.113E+01 0.627E+00 0.157E+00 0.631E+00 0.158E+00
      2       1       1      17      17      17       4 0.472E-02 0.511E-02 0.483E-02 0.487E-02 0.223E-03 0.558E-04 0.236E-03 0.591E-04
      2       1       1     257     257     257       4 0.316E+02 0.316E+02 0.331E+02 0.332E+02 0.732E+01 0.183E+01 0.720E+01 0.180E+01
      2       1       1      31      31      31       4 0.114E-01 0.119E-01 0.123E-01 0.124E-01 0.206E-02 0.515E-03 0.217E-02 0.542E-03
      2       1       1     509     509     509       4 0.112E+03 0.112E+03 0.106E+03 0.108E+03 0.749E+02 0.187E+02 0.725E+02 0.181E+02
      2       1       1      67      67      67       4 0.893E-01 0.905E-01 0.933E-01 0.940E-01 0.373E-01 0.932E-02 0.395E-01 0.988E-02
      2       1       1       7       7       7       4 0.422E-02 0.457E-02 0.426E-02 0.428E-02 0.501E-05 0.125E-05 0.477E-05 0.119E-05
      2       1      12     127     127     127       4 0.111E+01 0.112E+01 0.110E+01 0.113E+01 0.625E-01 0.156E-01 0.559E-01 0.140E-01
      2       1      12      17      17      17       4 0.328E-01 0.332E-01 0.358E-01 0.371E-01 0.328E-03 0.820E-04 0.268E-03 0.670E-04
      2       1      12     257     257     257       4 0.230E+02 0.231E+02 0.226E+02 0.227E+02 0.977E+00 0.244E+00 0.944E+00 0.236E+00
      2       1      12      31      31      31       4 0.595E-01 0.621E-01 0.756E-01 0.776E-01 0.648E-03 0.162E-03 0.630E-03 0.157E-03
      2       1      12     509     509     509       4 0.781E+02 0.792E+02 0.746E+02 0.751E+02 0.804E+01 0.201E+01 0.812E+01 0.203E+01
      2       1      12      67      67      67       4 0.182E+00 0.185E+00 0.205E+00 0.214E+00 0.876E-02 0.219E-02 0.970E-02 0.243E-02
      2       1      12       7       7       7       4 0.246E-01 0.267E-01 0.244E-01 0.246E-01 0.999E-04 0.250E-04 0.102E-03 0.255E-04
      2       1      16     127     127     127       4 0.107E+01 0.109E+01 0.115E+01 0.117E+01 0.621E-01 0.155E-01 0.406E-01 0.102E-01
      2       1      16      17      17      17       4 0.355E-01 0.383E-01 0.363E-01 0.385E-01 0.312E-03 0.780E-04 0.296E-03 0.740E-04
      2       1      16     257     257     257       4 0.207E+02 0.209E+02 0.205E+02 0.205E+02 0.814E+00 0.203E+00 0.789E+00 0.197E+00
      2       1      16      31      31      31       4 0.701E-01 0.713E-01 0.776E-01 0.793E-01 0.789E-03 0.197E-03 0.878E-03 0.220E-03
      2       1      16     509     509     509       4 0.667E+02 0.674E+02 0.650E+02 0.659E+02 0.721E+01 0.180E+01 0.696E+01 0.174E+01
      2       1      16      67      67      67       4 0.230E+00 0.252E+00 0.258E+00 0.267E+00 0.728E-02 0.182E-02 0.738E-02 0.185E-02
      2       1      16       7       7       7       4 0.181E-01 0.205E-01 0.180E-01 0.182E-01 0.292E-03 0.730E-04 0.260E-03 0.650E-04
      2       1       2     127     127     127       4 0.199E+01 0.203E+01 0.179E+01 0.186E+01 0.313E+00 0.784E-01 0.314E+00 0.785E-01
      2       1       2      17      17      17       4 0.172E-01 0.198E-01 0.157E-01 0.176E-01 0.197E-03 0.494E-04 0.185E-03 0.461E-04
      2       1       2     257     257     257       4 0.468E+02 0.470E+02 0.475E+02 0.476E+02 0.401E+01 0.100E+01 0.381E+01 0.952E+00
      2       1       2      31      31      31       4 0.375E-01 0.447E-01 0.334E-01 0.393E-01 0.130E-02 0.324E-03 0.136E-02 0.339E-03
      2       1       2     509     509     509       4 0.967E+02 0.976E+02 0.923E+02 0.935E+02 0.398E+02 0.996E+01 0.379E+02 0.947E+01
      2       1       2      67      67      67       4 0.187E+00 0.188E+00 0.177E+00 0.177E+00 0.228E-01 0.570E-02 0.246E-01 0.614E-02
      2       1       2       7       7       7       4 0.106E-01 0.109E-01 0.102E-01 0.102E-01 0.665E-04 0.166E-04 0.360E-04 0.900E-05
      2       1      24     127     127     127       4 0.107E+01 0.115E+01 0.127E+01 0.129E+01 0.455E-01 0.114E-01 0.438E-01 0.110E-01
      2       1      24      17      17      17       4 0.522E-01 0.570E-01 0.541E-01 0.598E-01 0.120E-02 0.299E-03 0.796E-03 0.199E-03
      2       1      24     257     257     257       4 0.162E+02 0.165E+02 0.160E+02 0.161E+02 0.503E+00 0.126E+00 0.500E+00 0.125E+00
      2       1      24      31      31      31       4 0.768E-01 0.905E-01 0.832E-01 0.937E-01 0.122E-02 0.305E-03 0.114E-02 0.284E-03
      2       1      24     509     509     509       4 0.607E+02 0.628E+02 0.589E+02 0.607E+02 0.447E+01 0.112E+01 0.430E+01 0.107E+01
      2       1      24      67      67      67       4 0.297E+00 0.307E+00 0.448E+00 0.458E+00 0.467E-02 0.117E-02 0.539E-02 0.135E-02
      2       1      24       7       7       7       4 0.213E-01 0.222E-01 0.220E-01 0.222E-01 0.290E-03 0.725E-04 0.279E-03 0.697E-04
      2       1       4     127     127     127       4 0.159E+01 0.165E+01 0.153E+01 0.156E+01 0.180E+00 0.451E-01 0.199E+00 0.497E-01
      2       1       4      17      17      17       4 0.216E-01 0.219E-01 0.212E-01 0.215E-01 0.155E-03 0.387E-04 0.162E-03 0.404E-04
      2       1       4     257     257     257       4 0.389E+02 0.398E+02 0.386E+02 0.393E+02 0.214E+01 0.535E+00 0.212E+01 0.529E+00
      2       1       4      31      31      31       4 0.388E-01 0.395E-01 0.388E-01 0.390E-01 0.957E-03 0.239E-03 0.796E-03 0.199E-03
      2       1       4     509     509     509       4 0.880E+02 0.893E+02 0.894E+02 0.927E+02 0.214E+02 0.535E+01 0.199E+02 0.499E+01
      2       1       4      67      67      67       4 0.220E+00 0.230E+00 0.242E+00 0.263E+00 0.130E-01 0.326E-02 0.136E-01 0.341E-02
      2       1       4       7       7       7       4 0.132E-01 0.136E-01 0.128E-01 0.129E-01 0.589E-04 0.147E-04 0.563E-04 0.141E-04
      2       1       8     127     127     127       4 0.119E+01 0.122E+01 0.117E+01 0.121E+01 0.107E+00 0.268E-01 0.100E+00 0.250E-01
      2       1       8      17      17      17       4 0.342E-01 0.351E-01 0.408E-01 0.413E-01 0.268E-03 0.670E-04 0.238E-03 0.595E-04
      2       1       8     257     257     257       4 0.277E+02 0.280E+02 0.267E+02 0.268E+02 0.127E+01 0.316E+00 0.120E+01 0.299E+00
      2       1       8      31      31      31       4 0.317E-01 0.322E-01 0.433E-01 0.448E-01 0.742E-03 0.186E-03 0.797E-03 0.199E-03
      2       1       8     509     509     509       4 0.692E+02 0.720E+02 0.634E+02 0.649E+02 0.121E+02 0.304E+01 0.119E+02 0.297E+01
      2       1       8      67      67      67       4 0.147E+00 0.153E+00 0.198E+00 0.209E+00 0.129E-01 0.322E-02 0.135E-01 0.339E-02
      2       1       8       7       7       7       4 0.206E-01 0.208E-01 0.223E-01 0.227E-01 0.102E-03 0.255E-04 0.966E-04 0.241E-04
      2      16       1     127     127     127       4 0.134E+00 0.136E+00 0.128E+00 0.128E+00 0.596E-01 0.149E-01 0.571E-01 0.143E-01
      2      16       1      17      17      17       4 0.796E-02 0.105E-01 0.395E-02 0.399E-02 0.320E-03 0.800E-04 0.186E-03 0.466E-04
      2      16       1      31      31      31       4 0.940E-02 0.118E-01 0.535E-02 0.539E-02 0.762E-03 0.191E-03 0.623E-03 0.156E-03
      2      16       1      67      67      67       4 0.201E-01 0.224E-01 0.164E-01 0.205E-01 0.625E-02 0.156E-02 0.507E-02 0.127E-02
      2      16       1       7       7       7       4 0.546E-02 0.780E-02 0.400E-02 0.407E-02 0.165E-03 0.413E-04 0.102E-03 0.255E-04
      2       2       1     127     127     127       4 0.573E+00 0.577E+00 0.560E+00 0.562E+00 0.383E+00 0.958E-01 0.385E+00 0.962E-01
      2       2       1      17      17      17       4 0.821E-02 0.986E-02 0.311E-02 0.321E-02 0.496E-03 0.124E-03 0.411E-03 0.103E-03
      2       2       1     257     257     257       4 0.683E+01 0.684E+01 0.646E+01 0.649E+01 0.479E+01 0.120E+01 0.484E+01 0.121E+01
      2       2       1      31      31      31       4 0.146E-01 0.170E-01 0.736E-02 0.744E-02 0.202E-02 0.506E-03 0.189E-02 0.472E-03
      2       2       1     509     509     509       4 0.116E+02 0.118E+02 0.995E+01 0.101E+02 0.462E+02 0.115E+02 0.459E+02 0.115E+02
      2       2       1      67      67      67       4 0.556E-01 0.577E-01 0.532E-01 0.567E-01 0.294E-01 0.736E-02 0.296E-01 0.739E-02
      2       2       1       7       7       7       4 0.893E-02 0.111E-01 0.349E-02 0.354E-02 0.517E-04 0.129E-04 0.253E-04 0.632E-05
      2       2      12     127     127     127       4 0.760E+00 0.802E+00 0.642E+00 0.665E+00 0.272E+00 0.681E-01 0.261E+00 0.653E-01
      2       2      12      17      17      17       4 0.341E-01 0.357E-01 0.212E-01 0.214E-01 0.164E-02 0.410E-03 0.113E-02 0.282E-03
      2       2      12     257     257     257       4 0.602E+01 0.612E+01 0.503E+01 0.507E+01 0.213E+01 0.533E+00 0.202E+01 0.505E+00
      2       2      12      31      31      31       4 0.627E-01 0.685E-01 0.391E-01 0.408E-01 0.259E-02 0.648E-03 0.208E-02 0.519E-03
      2       2      12     509     509     509       4 0.223E+02 0.226E+02 0.184E+02 0.187E+02 0.156E+02 0.391E+01 0.156E+02 0.390E+01
      2       2      12      67      67      67       4 0.167E+00 0.184E+00 0.139E+00 0.167E+00 0.650E-01 0.163E-01 0.643E-01 0.161E-01
      2       2      12       7       7       7       4 0.306E-01 0.325E-01 0.200E-01 0.212E-01 0.140E-02 0.350E-03 0.127E-02 0.317E-03
      2       2       2     127     127     127       4 0.857E+00 0.865E+00 0.841E+00 0.877E+00 0.240E+00 0.601E-01 0.236E+00 0.591E-01
      2       2       2      17      17      17       4 0.177E-01 0.189E-01 0.783E-02 0.830E-02 0.628E-03 0.157E-03 0.535E-03 0.134E-03
      2       2       2     257     257     257       4 0.893E+01 0.900E+01 0.834E+01 0.839E+01 0.318E+01 0.794E+00 0.313E+01 0.783E+00
      2       2       2      31      31      31       4 0.389E-01 0.486E-01 0.212E-01 0.228E-01 0.224E-02 0.560E-03 0.203E-02 0.507E-03
      2       2       2     509     509     509       4 0.253E+02 0.254E+02 0.202E+02 0.203E+02 0.289E+02 0.722E+01 0.289E+02 0.722E+01
      2       2       2      67      67      67       4 0.140E+00 0.150E+00 0.129E+00 0.144E+00 0.322E-01 0.805E-02 0.320E-01 0.800E-02
      2       2       2       7       7       7       4 0.174E-01 0.202E-01 0.709E-02 0.717E-02 0.252E-03 0.630E-04 0.229E-03 0.573E-04
      2       2       4     127     127     127       4 0.964E+00 0.997E+00 0.924E+00 0.963E+00 0.275E+00 0.688E-01 0.272E+00 0.679E-01
      2       2       4      17      17      17       4 0.295E-01 0.308E-01 0.148E-01 0.153E-01 0.105E-02 0.262E-03 0.849E-03 0.212E-03
      2       2       4     257     257     257       4 0.859E+01 0.889E+01 0.787E+01 0.814E+01 0.282E+01 0.705E+00 0.271E+01 0.678E+00
      2       2       4      31      31      31       4 0.486E-01 0.534E-01 0.308E-01 0.316E-01 0.251E-02 0.628E-03 0.229E-02 0.572E-03
      2       2       4     509     509     509       4 0.257E+02 0.260E+02 0.198E+02 0.201E+02 0.235E+02 0.589E+01 0.230E+02 0.575E+01
      2       2       4      67      67      67       4 0.206E+00 0.212E+00 0.156E+00 0.160E+00 0.491E-01 0.123E-01 0.479E-01 0.120E-01
      2       2       4       7       7       7       4 0.243E-01 0.271E-01 0.147E-01 0.148E-01 0.655E-03 0.164E-03 0.404E-03 0.101E-03
      2       2       8     127     127     127       4 0.718E+00 0.737E+00 0.676E+00 0.704E+00 0.270E+00 0.676E-01 0.268E+00 0.669E-01
      2       2       8      17      17      17       4 0.309E-01 0.332E-01 0.176E-01 0.177E-01 0.120E-02 0.300E-03 0.863E-03 0.216E-03
      2       2       8     257     257     257       4 0.673E+01 0.695E+01 0.601E+01 0.612E+01 0.218E+01 0.544E+00 0.213E+01 0.533E+00
      2       2       8      31      31      31       4 0.473E-01 0.528E-01 0.285E-01 0.320E-01 0.235E-02 0.587E-03 0.196E-02 0.490E-03
      2       2       8     509     509     509       4 0.287E+02 0.290E+02 0.224E+02 0.226E+02 0.185E+02 0.462E+01 0.172E+02 0.430E+01
      2       2       8      67      67      67       4 0.150E+00 0.166E+00 0.130E+00 0.142E+00 0.505E-01 0.126E-01 0.483E-01 0.121E-01
      2       2       8       7       7       7       4 0.285E-01 0.319E-01 0.163E-01 0.164E-01 0.768E-03 0.192E-03 0.591E-03 0.148E-03
      2       4       1     127     127     127       4 0.326E+00 0.333E+00 0.298E+00 0.301E+00 0.204E+00 0.510E-01 0.200E+00 0.501E-01
      2       4       1      17      17      17       4 0.839E-02 0.101E-01 0.335E-02 0.337E-02 0.299E-03 0.747E-04 0.253E-03 0.634E-04
      2       4       1     257     257     257       4 0.282E+01 0.282E+01 0.268E+01 0.272E+01 0.244E+01 0.610E+00 0.237E+01 0.592E+00
      2       4       1      31      31      31       4 0.110E-01 0.142E-01 0.496E-02 0.507E-02 0.122E-02 0.304E-03 0.101E-02 0.252E-03
      2       4       1     509     509     509       4 0.903E+01 0.915E+01 0.705E+01 0.709E+01 0.242E+02 0.606E+01 0.243E+02 0.608E+01
      2       4       1      67      67      67       4 0.388E-01 0.406E-01 0.308E-01 0.310E-01 0.158E-01 0.395E-02 0.155E-01 0.388E-02
      2       4       1       7       7       7       4 0.866E-02 0.106E-01 0.409E-02 0.411E-02 0.656E-04 0.164E-04 0.401E-04 0.100E-04
      2       4       2     127     127     127       4 0.561E+00 0.565E+00 0.501E+00 0.506E+00 0.155E+00 0.387E-01 0.152E+00 0.380E-01
      2       4       2      17      17      17       4 0.163E-01 0.185E-01 0.842E-02 0.881E-02 0.453E-03 0.113E-03 0.394E-03 0.985E-04
      2       4       2     257     257     257       4 0.567E+01 0.579E+01 0.523E+01 0.535E+01 0.189E+01 0.472E+00 0.183E+01 0.457E+00
      2       4       2      31      31      31       4 0.214E-01 0.235E-01 0.112E-01 0.120E-01 0.177E-02 0.442E-03 0.155E-02 0.388E-03
      2       4       2     509     509     509       4 0.256E+02 0.260E+02 0.213E+02 0.215E+02 0.185E+02 0.462E+01 0.178E+02 0.444E+01
      2       4       2      67      67      67       4 0.904E-01 0.102E+00 0.738E-01 0.823E-01 0.186E-01 0.464E-02 0.175E-01 0.437E-02
      2       4       2       7       7       7       4 0.169E-01 0.184E-01 0.104E-01 0.106E-01 0.333E-03 0.833E-04 0.215E-03 0.537E-04
      2       4       4     127     127     127       4 0.568E+00 0.574E+00 0.484E+00 0.490E+00 0.165E+00 0.413E-01 0.171E+00 0.426E-01
      2       4       4      17      17      17       4 0.304E-01 0.329E-01 0.188E-01 0.192E-01 0.127E-02 0.318E-03 0.922E-03 0.230E-03
      2       4       4     257     257     257       4 0.505E+01 0.511E+01 0.443E+01 0.451E+01 0.143E+01 0.357E+00 0.142E+01 0.356E+00
      2       4       4      31      31      31       4 0.288E-01 0.332E-01 0.147E-01 0.170E-01 0.251E-02 0.628E-03 0.192E-02 0.480E-03
      2       4       4     509     509     509       4 0.256E+02 0.258E+02 0.216E+02 0.218E+02 0.128E+02 0.320E+01 0.128E+02 0.320E+01
      2       4       4      67      67      67       4 0.108E+00 0.131E+00 0.791E-01 0.820E-01 0.259E-01 0.648E-02 0.249E-01 0.623E-02
      2       4       4       7       7       7       4 0.250E-01 0.288E-01 0.172E-01 0.189E-01 0.860E-03 0.215E-03 0.648E-03 0.162E-03
      2       8       1     127     127     127       4 0.210E+00 0.215E+00 0.192E+00 0.193E+00 0.109E+00 0.272E-01 0.105E+00 0.263E-01
      2       8       1      17      17      17       4 0.911E-02 0.115E-01 0.333E-02 0.342E-02 0.288E-03 0.720E-04 0.169E-03 0.423E-04
      2       8       1     257     257     257       4 0.160E+01 0.162E+01 0.153E+01 0.154E+01 0.134E+01 0.335E+00 0.131E+01 0.327E+00
      2       8       1      31      31      31       4 0.980E-02 0.124E-01 0.449E-02 0.467E-02 0.612E-03 0.153E-03 0.556E-03 0.139E-03
      2       8       1     509     509     509       4 0.919E+01 0.929E+01 0.830E+01 0.833E+01 0.133E+02 0.332E+01 0.130E+02 0.325E+01
      2       8       1      67      67      67       4 0.324E-01 0.348E-01 0.206E-01 0.210E-01 0.951E-02 0.238E-02 0.907E-02 0.227E-02
      2       8       1       7       7       7       4 0.465E-02 0.657E-02 0.333E-02 0.356E-02 0.103E-03 0.257E-04 0.610E-04 0.153E-04
      2       8       2     127     127     127       4 0.363E+00 0.367E+00 0.368E+00 0.505E+00 0.960E-01 0.240E-01 0.827E-01 0.207E-01
      2       8       2      17      17      17       4 0.169E-01 0.179E-01 0.876E-02 0.915E-02 0.611E-03 0.153E-03 0.457E-03 0.114E-03
      2       8       2     257     257     257       4 0.316E+01 0.321E+01 0.292E+01 0.297E+01 0.101E+01 0.254E+00 0.100E+01 0.251E+00
      2       8       2      31      31      31       4 0.196E-01 0.219E-01 0.107E-01 0.111E-01 0.143E-02 0.357E-03 0.127E-02 0.317E-03
      2       8       2     509     509     509       4 0.217E+02 0.225E+02 0.191E+02 0.199E+02 0.987E+01 0.247E+01 0.983E+01 0.246E+01
      2       8       2      67      67      67       4 0.857E-01 0.897E-01 0.629E-01 0.666E-01 0.120E-01 0.300E-02 0.108E-01 0.270E-02
      2       8       2       7       7       7       4 0.907E-02 0.101E-01 0.772E-02 0.800E-02 0.789E-04 0.197E-04 0.441E-04 0.110E-04
      3       1       1     127     127     127       4 0.679E-02 0.968E-02 0.000E+00 0.000E+00 0.342E+00 0.855E-01 0.348E+00 0.870E-01
      3       1       1      17      17      17       4 0.786E-03 0.306E-02 0.000E+00 0.000E+00 0.455E-03 0.114E-03 0.343E-03 0.858E-04
      3       1       1     257     257     257       4 0.607E-01 0.620E-01 0.000E+00 0.000E+00 0.565E+01 0.141E+01 0.580E+01 0.145E+01
      3       1       1      31      31      31       4 0.101E-02 0.385E-02 0.000E+00 0.000E+00 0.337E-02 0.843E-03 0.326E-02 0.815E-03
      3       1       1     509     509     509       4 0.471E+00 0.473E+00 0.238E-06 0.954E-06 0.269E+02 0.673E+01 0.277E+02 0.692E+01
      3       1       1      67      67      67       4 0.133E-02 0.361E-02 0.000E+00 0.000E+00 0.740E-01 0.185E-01 0.743E-01 0.186E-01
      3       1       1       7       7       7       4 0.701E-03 0.277E-02 0.000E+00 0.000E+00 0.116E-03 0.290E-04 0.281E-04 0.703E-05
      3       1      12     127     127     127       4 0.117E-01 0.276E-01 0.000E+00 0.000E+00 0.120E+00 0.300E-01 0.855E-01 0.214E-01
      3       1      12      17      17      17       4 0.448E-02 0.178E-01 0.000E+00 0.000E+00 0.622E-03 0.156E-03 0.315E-03 0.787E-04
      3       1      12     257     257     257       4 0.676E-01 0.709E-01 0.000E+00 0.000E+00 0.157E+01 0.393E+00 0.158E+01 0.395E+00
      3       1      12      31      31      31       4 0.347E-02 0.136E-01 0.000E+00 0.000E+00 0.200E-02 0.500E-03 0.169E-02 0.422E-03
      3       1      12     509     509     509       4 0.492E+00 0.511E+00 0.238E-06 0.954E-06 0.655E+01 0.164E+01 0.656E+01 0.164E+01
      3       1      12      67      67      67       4 0.355E-02 0.121E-01 0.000E+00 0.000E+00 0.178E-01 0.446E-02 0.125E-01 0.313E-02
      3       1      12       7       7       7       4 0.439E-02 0.175E-01 0.000E+00 0.000E+00 0.200E-03 0.499E-04 0.820E-04 0.205E-04
      3       1      16     127     127     127       4 0.107E-01 0.242E-01 0.000E+00 0.000E+00 0.119E+00 0.298E-01 0.110E+00 0.274E-01
      3       1      16      17      17      17       4 0.419E-02 0.167E-01 0.000E+00 0.000E+00 0.689E-03 0.172E-03 0.375E-03 0.937E-04
      3       1      16     257     257     257       4 0.684E-01 0.716E-01 0.000E+00 0.000E+00 0.147E+01 0.368E+00 0.147E+01 0.367E+00
      3       1      16      31      31      31       4 0.437E-02 0.173E-01 0.000E+00 0.000E+00 0.184E-02 0.459E-03 0.114E-02 0.285E-03
      3       1      16     509     509     509       4 0.501E+00 0.513E+00 0.000E+00 0.000E+00 0.595E+01 0.149E+01 0.592E+01 0.148E+01
      3       1      16      67      67      67       4 0.497E-02 0.179E-01 0.000E+00 0.000E+00 0.181E-01 0.454E-02 0.156E-01 0.390E-02
      3       1      16       7       7       7       4 0.456E-02 0.182E-01 0.238E-06 0.954E-06 0.968E-03 0.242E-03 0.122E-03 0.305E-04
      3       1       2     127     127     127       4 0.707E-02 0.116E-01 0.000E+00 0.000E+00 0.230E+00 0.576E-01 0.234E+00 0.585E-01
      3       1       2      17      17      17       4 0.731E-03 0.285E-02 0.238E-06 0.954E-06 0.455E-03 0.114E-03 0.285E-03 0.712E-04
      3       1       2     257     257     257       4 0.595E-01 0.634E-01 0.000E+00 0.000E+00 0.374E+01 0.936E+00 0.381E+01 0.952E+00
      3       1       2      31      31      31       4 0.361E-02 0.143E-01 0.000E+00 0.000E+00 0.250E-02 0.626E-03 0.225E-02 0.564E-03
      3       1       2     509     509     509       4 0.454E+00 0.468E+00 0.000E+00 0.000E+00 0.168E+02 0.419E+01 0.172E+02 0.430E+01
      3       1       2      67      67      67       4 0.208E-02 0.655E-02 0.000E+00 0.000E+00 0.444E-01 0.111E-01 0.431E-01 0.108E-01
      3       1       2       7       7       7       4 0.680E-03 0.268E-02 0.238E-06 0.954E-06 0.175E-03 0.439E-04 0.496E-04 0.124E-04
      3       1      24     127     127     127       4 0.851E-02 0.126E-01 0.238E-06 0.954E-06 0.128E+00 0.321E-01 0.826E-01 0.207E-01
      3       1      24      17      17      17       4 0.442E-02 0.175E-01 0.000E+00 0.000E+00 0.107E-01 0.268E-02 0.439E-03 0.110E-03
      3       1      24     257     257     257       4 0.689E-01 0.707E-01 0.000E+00 0.000E+00 0.137E+01 0.343E+00 0.136E+01 0.341E+00
      3       1      24      31      31      31       4 0.327E-02 0.128E-01 0.000E+00 0.000E+00 0.218E-02 0.546E-03 0.168E-02 0.420E-03
      3       1      24     509     509     509       4 0.491E+00 0.505E+00 0.000E+00 0.000E+00 0.548E+01 0.137E+01 0.548E+01 0.137E+01
      3       1      24      67      67      67       4 0.478E-02 0.167E-01 0.238E-06 0.954E-06 0.178E-01 0.446E-02 0.111E-01 0.279E-02
      3       1      24       7       7       7       4 0.620E-02 0.247E-01 0.000E+00 0.000E+00 0.194E-01 0.486E-02 0.213E-03 0.533E-04
      3       1       4     127     127     127       4 0.130E-01 0.340E-01 0.000E+00 0.000E+00 0.160E+00 0.400E-01 0.132E+00 0.330E-01
      3       1       4      17      17      17       4 0.582E-02 0.232E-01 0.000E+00 0.000E+00 0.461E-03 0.115E-03 0.269E-03 0.672E-04
      3       1       4     257     257     257       4 0.628E-01 0.667E-01 0.000E+00 0.000E+00 0.240E+01 0.601E+00 0.244E+01 0.609E+00
      3       1       4      31      31      31       4 0.331E-02 0.130E-01 0.000E+00 0.000E+00 0.212E-02 0.530E-03 0.190E-02 0.476E-03
      3       1       4     509     509     509       4 0.466E+00 0.485E+00 0.000E+00 0.000E+00 0.105E+02 0.263E+01 0.107E+02 0.268E+01
      3       1       4      67      67      67       4 0.688E-02 0.257E-01 0.000E+00 0.000E+00 0.285E-01 0.713E-02 0.249E-01 0.624E-02
      3       1       4       7       7       7       4 0.524E-02 0.209E-01 0.477E-06 0.954E-06 0.138E-03 0.345E-04 0.503E-04 0.126E-04
      3       1       8     127     127     127       4 0.924E-02 0.187E-01 0.000E+00 0.000E+00 0.126E+00 0.316E-01 0.961E-01 0.240E-01
      3       1       8      17      17      17       4 0.543E-02 0.216E-01 0.238E-06 0.954E-06 0.508E-03 0.127E-03 0.290E-03 0.724E-04
      3       1       8     257     257     257       4 0.647E-01 0.664E-01 0.000E+00 0.000E+00 0.179E+01 0.447E+00 0.182E+01 0.456E+00
      3       1       8      31      31      31       4 0.591E-02 0.235E-01 0.238E-06 0.954E-06 0.186E-02 0.464E-03 0.153E-02 0.382E-03
      3       1       8     509     509     509       4 0.476E+00 0.483E+00 0.238E-06 0.954E-06 0.749E+01 0.187E+01 0.754E+01 0.189E+01
      3       1       8      67      67      67       4 0.399E-02 0.140E-01 0.000E+00 0.000E+00 0.213E-01 0.533E-02 0.186E-01 0.465E-02
      3       1       8       7       7       7       4 0.434E-02 0.173E-01 0.000E+00 0.000E+00 0.166E-03 0.415E-04 0.639E-04 0.160E-04
      3      16       1     127     127     127       4 0.177E-01 0.686E-01 0.149E-05 0.215E-05 0.495E-01 0.124E-01 0.415E-01 0.104E-01
      3      16       1      17      17      17       4 0.449E-01 0.179E+00 0.991E-03 0.396E-02 0.820E-02 0.205E-02 0.302E-03 0.755E-04
      3      16       1     257     257     257       4 0.264E-01 0.923E-01 0.203E-05 0.286E-05 0.483E+00 0.121E+00 0.428E+00 0.107E+00
      3      16       1      31      31      31       4 0.191E-01 0.758E-01 0.179E-05 0.215E-05 0.147E-02 0.369E-03 0.597E-03 0.149E-03
      3      16       1      67      67      67       4 0.166E-01 0.658E-01 0.125E-05 0.215E-05 0.121E-01 0.303E-02 0.108E-01 0.271E-02
      3      16       1       7       7       7       4 0.427E-02 0.143E-01 0.226E-05 0.310E-05 0.631E-03 0.158E-03 0.491E-03 0.123E-03
      3       2       1     127     127     127       4 0.819E-02 0.234E-01 0.238E-06 0.954E-06 0.219E+00 0.549E-01 0.207E+00 0.518E-01
      3       2       1      17      17      17       4 0.449E-02 0.178E-01 0.775E-06 0.119E-05 0.541E-03 0.135E-03 0.324E-03 0.810E-04
      3       2       1     257     257     257       4 0.311E-01 0.541E-01 0.298E-06 0.119E-05 0.245E+01 0.612E+00 0.249E+01 0.623E+00
      3       2       1      31      31      31       4 0.459E-02 0.182E-01 0.775E-06 0.215E-05 0.131E-01 0.327E-02 0.191E-02 0.478E-03
      3       2       1     509     509     509       4 0.236E+00 0.261E+00 0.954E-06 0.954E-06 0.141E+02 0.354E+01 0.145E+02 0.363E+01
      3       2       1      67      67      67       4 0.406E-02 0.153E-01 0.715E-06 0.954E-06 0.465E-01 0.116E-01 0.446E-01 0.111E-01
      3       2       1       7       7       7       4 0.457E-02 0.182E-01 0.477E-06 0.954E-06 0.155E-03 0.388E-04 0.501E-04 0.125E-04
      3       2      12     127     127     127       4 0.976E-02 0.281E-01 0.477E-06 0.954E-06 0.971E-01 0.243E-01 0.900E-01 0.225E-01
      3       2      12      17      17      17       4 0.793E-02 0.316E-01 0.101E-05 0.191E-05 0.141E-02 0.351E-03 0.379E-03 0.947E-04
      3       2      12     257     257     257       4 0.319E-01 0.494E-01 0.238E-06 0.954E-06 0.820E+00 0.205E+00 0.782E+00 0.195E+00
      3       2      12      31      31      31       4 0.755E-02 0.300E-01 0.238E-06 0.954E-06 0.140E-02 0.351E-03 0.107E-02 0.266E-03
      3       2      12     509     509     509       4 0.260E+00 0.286E+00 0.107E-05 0.119E-05 0.498E+01 0.125E+01 0.482E+01 0.120E+01
      3       2      12      67      67      67       4 0.644E-02 0.246E-01 0.536E-06 0.119E-05 0.159E-01 0.396E-02 0.128E-01 0.319E-02
      3       2      12       7       7       7       4 0.702E-02 0.280E-01 0.715E-06 0.954E-06 0.762E-03 0.191E-03 0.169E-03 0.423E-04
      3       2       2     127     127     127       4 0.853E-02 0.248E-01 0.715E-06 0.954E-06 0.146E+00 0.365E-01 0.137E+00 0.343E-01
      3       2       2      17      17      17       4 0.523E-02 0.208E-01 0.477E-06 0.954E-06 0.612E-03 0.153E-03 0.325E-03 0.812E-04
      3       2       2     257     257     257       4 0.302E-01 0.495E-01 0.101E-05 0.119E-05 0.169E+01 0.421E+00 0.167E+01 0.417E+00
      3       2       2      31      31      31       4 0.987E-02 0.392E-01 0.775E-06 0.119E-05 0.890E-02 0.223E-02 0.143E-02 0.356E-03
      3       2       2     509     509     509       4 0.256E+00 0.312E+00 0.477E-06 0.954E-06 0.937E+01 0.234E+01 0.955E+01 0.239E+01
      3       2       2      67      67      67       4 0.449E-02 0.169E-01 0.477E-06 0.191E-05 0.307E-01 0.767E-02 0.272E-01 0.679E-02
      3       2       2       7       7       7       4 0.812E-02 0.324E-01 0.238E-06 0.954E-06 0.179E-03 0.448E-04 0.606E-04 0.151E-04
      3       2       4     127     127     127       4 0.987E-02 0.293E-01 0.101E-05 0.191E-05 0.103E+00 0.258E-01 0.102E+00 0.254E-01
      3       2       4      17      17      17       4 0.641E-02 0.255E-01 0.954E-06 0.954E-06 0.582E-03 0.145E-03 0.353E-03 0.883E-04
      3       2       4     257     257     257       4 0.307E-01 0.473E-01 0.238E-06 0.954E-06 0.119E+01 0.297E+00 0.114E+01 0.284E+00
      3       2       4      31      31      31       4 0.853E-02 0.339E-01 0.536E-06 0.119E-05 0.193E-02 0.483E-03 0.170E-02 0.425E-03
      3       2       4     509     509     509       4 0.251E+00 0.270E+00 0.477E-06 0.954E-06 0.609E+01 0.152E+01 0.621E+01 0.155E+01
      3       2       4      67      67      67       4 0.455E-02 0.172E-01 0.107E-05 0.119E-05 0.219E-01 0.546E-02 0.203E-01 0.507E-02
      3       2       4       7       7       7       4 0.104E-01 0.416E-01 0.775E-06 0.119E-05 0.247E-03 0.618E-04 0.104E-03 0.260E-04
      3       2       8     127     127     127       4 0.100E-01 0.298E-01 0.477E-06 0.954E-06 0.876E-01 0.219E-01 0.769E-01 0.192E-01
      3       2       8      17      17      17       4 0.727E-02 0.290E-01 0.536E-06 0.119E-05 0.640E-03 0.160E-03 0.305E-03 0.762E-04
      3       2       8     257     257     257       4 0.316E-01 0.476E-01 0.101E-05 0.119E-05 0.921E+00 0.230E+00 0.884E+00 0.221E+00
      3       2       8      31      31      31       4 0.730E-02 0.290E-01 0.298E-06 0.119E-05 0.151E-02 0.379E-03 0.101E-02 0.252E-03
      3       2       8     509     509     509       4 0.266E+00 0.274E+00 0.775E-06 0.119E-05 0.458E+01 0.115E+01 0.459E+01 0.115E+01
      3       2       8      67      67      67       4 0.964E-02 0.375E-01 0.715E-06 0.954E-06 0.169E-01 0.424E-02 0.106E-01 0.265E-02
      3       2       8       7       7       7       4 0.913E-02 0.365E-01 0.298E-06 0.119E-05 0.207E-03 0.517E-04 0.106E-03 0.266E-04
      3       4       1     127     127     127       4 0.151E-01 0.554E-01 0.653E-02 0.261E-01 0.113E+00 0.282E-01 0.100E+00 0.251E-01
      3       4       1      17      17      17       4 0.114E-01 0.453E-01 0.775E-06 0.119E-05 0.412E-03 0.103E-03 0.224E-03 0.561E-04
      3       4       1     257     257     257       4 0.234E-01 0.565E-01 0.149E-05 0.191E-05 0.159E+01 0.397E+00 0.154E+01 0.386E+00
      3       4       1      31      31      31       4 0.104E-01 0.416E-01 0.125E-05 0.215E-05 0.177E-02 0.442E-03 0.116E-02 0.289E-03
      3       4       1     509     509     509       4 0.143E+00 0.194E+00 0.143E-05 0.286E-05 0.793E+01 0.198E+01 0.814E+01 0.204E+01
      3       4       1      67      67      67       4 0.121E-01 0.477E-01 0.101E-05 0.191E-05 0.251E-01 0.628E-02 0.232E-01 0.581E-02
      3       4       1       7       7       7       4 0.919E-02 0.367E-01 0.119E-05 0.191E-05 0.168E-03 0.421E-04 0.629E-04 0.157E-04
      3       4       2     127     127     127       4 0.894E-02 0.303E-01 0.775E-06 0.119E-05 0.773E-01 0.193E-01 0.801E-01 0.200E-01
      3       4       2      17      17      17       4 0.164E-01 0.656E-01 0.954E-06 0.954E-06 0.488E-03 0.122E-03 0.275E-03 0.687E-04
      3       4       2     257     257     257       4 0.228E-01 0.514E-01 0.954E-06 0.191E-05 0.992E+00 0.248E+00 0.961E+00 0.240E+00
      3       4       2      31      31      31       4 0.119E-01 0.474E-01 0.149E-05 0.191E-05 0.166E-02 0.416E-03 0.125E-02 0.311E-03
      3       4       2     509     509     509       4 0.139E+00 0.169E+00 0.119E-05 0.191E-05 0.552E+01 0.138E+01 0.561E+01 0.140E+01
      3       4       2      67      67      67       4 0.852E-02 0.334E-01 0.775E-06 0.119E-05 0.158E-01 0.394E-02 0.148E-01 0.370E-02
      3       4       2       7       7       7       4 0.132E-01 0.527E-01 0.101E-05 0.191E-05 0.222E-03 0.555E-04 0.120E-03 0.300E-04
      3       4       4     127     127     127       4 0.111E-01 0.388E-01 0.715E-06 0.954E-06 0.606E-01 0.152E-01 0.541E-01 0.135E-01
      3       4       4      17      17      17       4 0.164E-01 0.656E-01 0.125E-05 0.191E-05 0.590E-03 0.148E-03 0.279E-03 0.698E-04
      3       4       4     257     257     257       4 0.227E-01 0.496E-01 0.209E-05 0.501E-05 0.738E+00 0.184E+00 0.730E+00 0.182E+00
      3       4       4      31      31      31       4 0.142E-01 0.565E-01 0.119E-05 0.191E-05 0.140E-02 0.350E-03 0.885E-03 0.221E-03
      3       4       4     509     509     509       4 0.142E+00 0.167E+00 0.131E-05 0.215E-05 0.382E+01 0.955E+00 0.390E+01 0.975E+00
      3       4       4      67      67      67       4 0.165E-01 0.653E-01 0.715E-06 0.954E-06 0.139E-01 0.347E-02 0.128E-01 0.320E-02
      3       4       4       7       7       7       4 0.164E-01 0.654E-01 0.125E-05 0.215E-05 0.214E-03 0.535E-04 0.108E-03 0.269E-04
      3       8       1     127     127     127       4 0.102E-01 0.380E-01 0.119E-05 0.191E-05 0.776E-01 0.194E-01 0.575E-01 0.144E-01
      3       8       1      17      17      17       4 0.914E-02 0.364E-01 0.775E-06 0.119E-05 0.110E-02 0.275E-03 0.281E-03 0.703E-04
      3       8       1     257     257     257       4 0.165E-01 0.435E-01 0.197E-05 0.310E-05 0.780E+00 0.195E+00 0.821E+00 0.205E+00
      3       8       1      31      31      31       4 0.170E-01 0.677E-01 0.173E-05 0.310E-05 0.185E-02 0.463E-03 0.650E-03 0.162E-03
      3       8       1      67      67      67       4 0.106E-01 0.418E-01 0.149E-05 0.286E-05 0.663E-01 0.166E-01 0.229E-01 0.572E-02
      3       8       1       7       7       7       4 0.367E-02 0.133E-01 0.715E-06 0.954E-06 0.332E-03 0.829E-04 0.193E-03 0.483E-04
      3       8       2     127     127     127       4 0.164E-01 0.622E-01 0.101E-05 0.215E-05 0.519E-01 0.130E-01 0.484E-01 0.121E-01
      3       8       2      17      17      17       4 0.135E-01 0.537E-01 0.149E-05 0.310E-05 0.124E-02 0.309E-03 0.334E-03 0.836E-04
      3       8       2     257     257     257       4 0.148E-01 0.372E-01 0.143E-05 0.191E-05 0.559E+00 0.140E+00 0.531E+00 0.133E+00
      3       8       2      31      31      31       4 0.138E-01 0.550E-01 0.954E-06 0.954E-06 0.127E-02 0.317E-03 0.580E-03 0.145E-03
      3       8       2      67      67      67       4 0.140E-01 0.556E-01 0.137E-05 0.215E-05 0.113E-01 0.283E-02 0.878E-02 0.220E-02
      3       8       2       7       7       7       4 0.611E-02 0.228E-01 0.179E-05 0.215E-05 0.328E-03 0.820E-04 0.230E-03 0.576E-04
      4       1       1     127     127     127       4 0.924E+00 0.368E+01 0.000E+00 0.000E+00 0.384E+00 0.960E-01 0.377E+00 0.941E-01
      4       1       1      17      17      17       4 0.135E-01 0.530E-01 0.000E+00 0.000E+00 0.479E-03 0.120E-03 0.374E-03 0.935E-04
      4       1       1     257     257     257       4 0.833E+01 0.329E+02 0.000E+00 0.000E+00 0.511E+01 0.128E+01 0.467E+01 0.117E+01
      4       1       1      31      31      31       4 0.697E-01 0.278E+00 0.000E+00 0.000E+00 0.309E-02 0.773E-03 0.289E-02 0.723E-03
      4       1       1     509     509     509       4 0.194E+02 0.744E+02 0.000E+00 0.000E+00 0.433E+02 0.108E+02 0.396E+02 0.990E+01
      4       1       1      67      67      67       4 0.150E+00 0.596E+00 0.000E+00 0.000E+00 0.476E-01 0.119E-01 0.475E-01 0.119E-01
      4       1       1       7       7       7       4 0.500E-02 0.194E-01 0.000E+00 0.000E+00 0.401E-04 0.100E-04 0.260E-04 0.650E-05
      4       1      12     127     127     127       4 0.370E+00 0.144E+01 0.000E+00 0.000E+00 0.105E+00 0.261E-01 0.970E-01 0.243E-01
      4       1      12      17      17      17       4 0.238E-01 0.875E-01 0.000E+00 0.000E+00 0.916E-03 0.229E-03 0.727E-03 0.182E-03
      4       1      12     257     257     257       4 0.267E+01 0.102E+02 0.000E+00 0.000E+00 0.115E+01 0.287E+00 0.910E+00 0.227E+00
      4       1      12      31      31      31       4 0.104E+00 0.410E+00 0.000E+00 0.000E+00 0.236E-02 0.590E-03 0.190E-02 0.475E-03
      4       1      12     509     509     509       4 0.159E+02 0.600E+02 0.000E+00 0.000E+00 0.852E+01 0.213E+01 0.644E+01 0.161E+01
      4       1      12      67      67      67       4 0.117E+00 0.454E+00 0.000E+00 0.000E+00 0.193E-01 0.483E-02 0.168E-01 0.421E-02
      4       1      12       7       7       7       4 0.628E-02 0.224E-01 0.000E+00 0.000E+00 0.163E-03 0.408E-04 0.149E-03 0.374E-04
      4       1      16     127     127     127       4 0.232E+00 0.891E+00 0.000E+00 0.000E+00 0.859E-01 0.215E-01 0.724E-01 0.181E-01
      4       1      16      17      17      17       4 0.242E-01 0.866E-01 0.000E+00 0.000E+00 0.106E-02 0.264E-03 0.859E-03 0.215E-03
      4       1      16     257     257     257       4 0.217E+01 0.817E+01 0.000E+00 0.000E+00 0.106E+01 0.265E+00 0.824E+00 0.206E+00
      4       1      16      31      31      31       4 0.664E-01 0.257E+00 0.000E+00 0.000E+00 0.239E-02 0.597E-03 0.198E-02 0.496E-03
      4       1      16     509     509     509       4 0.130E+02 0.486E+02 0.000E+00 0.000E+00 0.768E+01 0.192E+01 0.546E+01 0.137E+01
      4       1      16      67      67      67       4 0.109E+00 0.416E+00 0.000E+00 0.000E+00 0.183E-01 0.458E-02 0.159E-01 0.398E-02
      4       1      16       7       7       7       4 0.680E-02 0.224E-01 0.000E+00 0.000E+00 0.172E-03 0.431E-04 0.145E-03 0.362E-04
      4       1       2     127     127     127       4 0.698E+00 0.278E+01 0.000E+00 0.000E+00 0.249E+00 0.623E-01 0.231E+00 0.577E-01
      4       1       2      17      17      17       4 0.240E-01 0.947E-01 0.000E+00 0.000E+00 0.774E-03 0.194E-03 0.539E-03 0.135E-03
      4       1       2     257     257     257       4 0.118E+02 0.467E+02 0.000E+00 0.000E+00 0.301E+01 0.752E+00 0.264E+01 0.660E+00
      4       1       2      31      31      31       4 0.675E-01 0.269E+00 0.000E+00 0.000E+00 0.273E-02 0.682E-03 0.257E-02 0.643E-03
      4       1       2     509     509     509       4 0.260E+02 0.101E+03 0.000E+00 0.000E+00 0.245E+02 0.612E+01 0.215E+02 0.537E+01
      4       1       2      67      67      67       4 0.117E+00 0.464E+00 0.000E+00 0.000E+00 0.355E-01 0.888E-02 0.334E-01 0.834E-02
      4       1       2       7       7       7       4 0.539E-02 0.207E-01 0.000E+00 0.000E+00 0.982E-04 0.246E-04 0.930E-04 0.232E-04
      4       1      24     127     127     127       4 0.244E+00 0.917E+00 0.000E+00 0.000E+00 0.920E-01 0.230E-01 0.787E-01 0.197E-01
      4       1      24      17      17      17       4 0.236E-01 0.848E-01 0.000E+00 0.000E+00 0.116E-02 0.290E-03 0.828E-03 0.207E-03
      4       1      24     257     257     257       4 0.184E+01 0.682E+01 0.000E+00 0.000E+00 0.951E+00 0.238E+00 0.707E+00 0.177E+00
      4       1      24      31      31      31       4 0.937E-01 0.366E+00 0.000E+00 0.000E+00 0.254E-02 0.635E-03 0.199E-02 0.497E-03
      4       1      24     509     509     509       4 0.108E+02 0.395E+02 0.000E+00 0.000E+00 0.689E+01 0.172E+01 0.462E+01 0.115E+01
      4       1      24      67      67      67       4 0.109E+00 0.397E+00 0.000E+00 0.000E+00 0.187E-01 0.468E-02 0.153E-01 0.382E-02
      4       1      24       7       7       7       4 0.645E-02 0.213E-01 0.000E+00 0.000E+00 0.175E-03 0.437E-04 0.208E-03 0.520E-04
      4       1       4     127     127     127       4 0.407E+00 0.161E+01 0.000E+00 0.000E+00 0.155E+00 0.387E-01 0.134E+00 0.336E-01
      4       1       4      17      17      17       4 0.233E-01 0.915E-01 0.000E+00 0.000E+00 0.787E-03 0.197E-03 0.564E-03 0.141E-03
      4       1       4     257     257     257       4 0.644E+01 0.253E+02 0.000E+00 0.000E+00 0.178E+01 0.444E+00 0.151E+01 0.378E+00
      4       1       4      31      31      31       4 0.632E-01 0.251E+00 0.000E+00 0.000E+00 0.210E-02 0.524E-03 0.198E-02 0.495E-03
      4       1       4     509     509     509       4 0.234E+02 0.901E+02 0.000E+00 0.000E+00 0.146E+02 0.366E+01 0.125E+02 0.312E+01
      4       1       4      67      67      67       4 0.152E+00 0.604E+00 0.000E+00 0.000E+00 0.236E-01 0.589E-02 0.218E-01 0.545E-02
      4       1       4       7       7       7       4 0.399E-02 0.146E-01 0.000E+00 0.000E+00 0.126E-03 0.315E-04 0.132E-03 0.330E-04
      4       1       8     127     127     127       4 0.293E+00 0.115E+01 0.000E+00 0.000E+00 0.107E+00 0.267E-01 0.856E-01 0.214E-01
      4       1       8      17      17      17       4 0.236E-01 0.913E-01 0.000E+00 0.000E+00 0.818E-03 0.205E-03 0.634E-03 0.159E-03
      4       1       8     257     257     257       4 0.344E+01 0.133E+02 0.000E+00 0.000E+00 0.127E+01 0.317E+00 0.991E+00 0.248E+00
      4       1       8      31      31      31       4 0.631E-01 0.248E+00 0.000E+00 0.000E+00 0.233E-02 0.582E-03 0.209E-02 0.523E-03
      4       1       8     509     509     509       4 0.179E+02 0.682E+02 0.000E+00 0.000E+00 0.988E+01 0.247E+01 0.772E+01 0.193E+01
      4       1       8      67      67      67       4 0.113E+00 0.443E+00 0.000E+00 0.000E+00 0.204E-01 0.509E-02 0.184E-01 0.459E-02
      4       1       8       7       7       7       4 0.607E-02 0.222E-01 0.000E+00 0.000E+00 0.162E-03 0.404E-04 0.134E-03 0.336E-04
      4      16       1     127     127     127       4 0.201E+00 0.798E+00 0.000E+00 0.000E+00 0.329E-01 0.822E-02 0.330E-01 0.825E-02
      4      16       1      17      17      17       4 0.133E-01 0.519E-01 0.000E+00 0.000E+00 0.110E-02 0.275E-03 0.229E-03 0.572E-04
      4      16       1     257     257     257       4 0.123E+01 0.491E+01 0.000E+00 0.000E+00 0.392E+00 0.980E-01 0.394E+00 0.985E-01
      4      16       1      31      31      31       4 0.632E-01 0.252E+00 0.000E+00 0.000E+00 0.106E-02 0.264E-03 0.451E-03 0.113E-03
      4      16       1      67      67      67       4 0.561E-01 0.222E+00 0.000E+00 0.000E+00 0.556E-02 0.139E-02 0.532E-02 0.133E-02
      4      16       1       7       7       7       4 0.388E-02 0.147E-01 0.000E+00 0.000E+00 0.188E-03 0.471E-04 0.142E-03 0.356E-04
      4       2       1     127     127     127       4 0.540E+00 0.215E+01 0.000E+00 0.000E+00 0.198E+00 0.496E-01 0.203E+00 0.508E-01
      4       2       1      17      17      17       4 0.145E-01 0.570E-01 0.000E+00 0.000E+00 0.402E-03 0.100E-03 0.277E-03 0.693E-04
      4       2       1     257     257     257       4 0.534E+01 0.213E+02 0.000E+00 0.000E+00 0.255E+01 0.638E+00 0.249E+01 0.622E+00
      4       2       1      31      31      31       4 0.685E-01 0.273E+00 0.000E+00 0.000E+00 0.182E-02 0.455E-03 0.185E-02 0.463E-03
      4       2       1     509     509     509       4 0.138E+02 0.537E+02 0.000E+00 0.000E+00 0.232E+02 0.581E+01 0.211E+02 0.528E+01
      4       2       1      67      67      67       4 0.994E-01 0.396E+00 0.000E+00 0.000E+00 0.261E-01 0.653E-02 0.265E-01 0.663E-02
      4       2       1       7       7       7       4 0.654E-02 0.255E-01 0.000E+00 0.000E+00 0.882E-04 0.221E-04 0.432E-04 0.108E-04
      4       2      12     127     127     127       4 0.291E+00 0.113E+01 0.000E+00 0.000E+00 0.626E-01 0.156E-01 0.594E-01 0.149E-01
      4       2      12      17      17      17       4 0.218E-01 0.823E-01 0.000E+00 0.000E+00 0.807E-03 0.202E-03 0.640E-03 0.160E-03
      4       2      12     257     257     257       4 0.169E+01 0.663E+01 0.000E+00 0.000E+00 0.703E+00 0.176E+00 0.607E+00 0.152E+00
      4       2      12      31      31      31       4 0.947E-01 0.373E+00 0.000E+00 0.000E+00 0.184E-02 0.459E-03 0.147E-02 0.367E-03
      4       2      12     509     509     509       4 0.981E+01 0.374E+02 0.000E+00 0.000E+00 0.587E+01 0.147E+01 0.461E+01 0.115E+01
      4       2      12      67      67      67       4 0.102E+00 0.393E+00 0.000E+00 0.000E+00 0.117E-01 0.294E-02 0.122E-01 0.304E-02
      4       2      12       7       7       7       4 0.635E-02 0.221E-01 0.000E+00 0.000E+00 0.337E-03 0.843E-04 0.173E-03 0.432E-04
      4       2       2     127     127     127       4 0.440E+00 0.175E+01 0.000E+00 0.000E+00 0.133E+00 0.331E-01 0.132E+00 0.329E-01
      4       2       2      17      17      17       4 0.236E-01 0.933E-01 0.000E+00 0.000E+00 0.586E-03 0.147E-03 0.433E-03 0.108E-03
      4       2       2     257     257     257       4 0.604E+01 0.241E+02 0.000E+00 0.000E+00 0.147E+01 0.368E+00 0.138E+01 0.345E+00
      4       2       2      31      31      31       4 0.648E-01 0.258E+00 0.000E+00 0.000E+00 0.179E-02 0.447E-03 0.152E-02 0.380E-03
      4       2       2     509     509     509       4 0.245E+02 0.962E+02 0.000E+00 0.000E+00 0.132E+02 0.330E+01 0.116E+02 0.290E+01
      4       2       2      67      67      67       4 0.882E-01 0.350E+00 0.000E+00 0.000E+00 0.177E-01 0.442E-02 0.176E-01 0.441E-02
      4       2       2       7       7       7       4 0.498E-02 0.192E-01 0.000E+00 0.000E+00 0.189E-03 0.473E-04 0.103E-03 0.257E-04
      4       2       4     127     127     127       4 0.291E+00 0.115E+01 0.000E+00 0.000E+00 0.840E-01 0.210E-01 0.845E-01 0.211E-01
      4       2       4      17      17      17       4 0.237E-01 0.931E-01 0.000E+00 0.000E+00 0.580E-03 0.145E-03 0.465E-03 0.116E-03
      4       2       4     257     257     257       4 0.324E+01 0.129E+02 0.000E+00 0.000E+00 0.936E+00 0.234E+00 0.845E+00 0.211E+00
      4       2       4      31      31      31       4 0.699E-01 0.277E+00 0.000E+00 0.000E+00 0.160E-02 0.399E-03 0.124E-02 0.310E-03
      4       2       4     509     509     509       4 0.207E+02 0.808E+02 0.000E+00 0.000E+00 0.850E+01 0.212E+01 0.717E+01 0.179E+01
      4       2       4      67      67      67       4 0.110E+00 0.437E+00 0.000E+00 0.000E+00 0.125E-01 0.314E-02 0.119E-01 0.298E-02
      4       2       4       7       7       7       4 0.732E-02 0.277E-01 0.000E+00 0.000E+00 0.304E-03 0.760E-04 0.124E-03 0.309E-04
      4       2       8     127     127     127       4 0.209E+00 0.816E+00 0.000E+00 0.000E+00 0.611E-01 0.153E-01 0.607E-01 0.152E-01
      4       2       8      17      17      17       4 0.235E-01 0.906E-01 0.000E+00 0.000E+00 0.763E-03 0.191E-03 0.527E-03 0.132E-03
      4       2       8     257     257     257       4 0.208E+01 0.820E+01 0.000E+00 0.000E+00 0.698E+00 0.174E+00 0.598E+00 0.149E+00
      4       2       8      31      31      31       4 0.623E-01 0.245E+00 0.000E+00 0.000E+00 0.168E-02 0.420E-03 0.159E-02 0.398E-03
      4       2       8     509     509     509       4 0.135E+02 0.522E+02 0.000E+00 0.000E+00 0.630E+01 0.157E+01 0.490E+01 0.122E+01
      4       2       8      67      67      67       4 0.103E+00 0.404E+00 0.000E+00 0.000E+00 0.119E-01 0.298E-02 0.116E-01 0.291E-02
      4       2       8       7       7       7       4 0.578E-02 0.214E-01 0.000E+00 0.000E+00 0.233E-03 0.582E-04 0.213E-03 0.533E-04
      4       4       1     127     127     127       4 0.360E+00 0.143E+01 0.000E+00 0.000E+00 0.104E+00 0.260E-01 0.107E+00 0.268E-01
      4       4       1      17      17      17       4 0.134E-01 0.530E-01 0.000E+00 0.000E+00 0.227E-03 0.567E-04 0.166E-03 0.415E-04
      4       4       1     257     257     257       4 0.313E+01 0.125E+02 0.000E+00 0.000E+00 0.133E+01 0.332E+00 0.131E+01 0.326E+00
      4       4       1      31      31      31       4 0.645E-01 0.257E+00 0.000E+00 0.000E+00 0.109E-02 0.274E-03 0.108E-02 0.271E-03
      4       4       1     509     509     509       4 0.115E+02 0.452E+02 0.000E+00 0.000E+00 0.123E+02 0.309E+01 0.112E+02 0.281E+01
      4       4       1      67      67      67       4 0.866E-01 0.344E+00 0.000E+00 0.000E+00 0.136E-01 0.340E-02 0.142E-01 0.355E-02
      4       4       1       7       7       7       4 0.459E-02 0.178E-01 0.000E+00 0.000E+00 0.117E-03 0.292E-04 0.677E-04 0.169E-04
      4       4       2     127     127     127       4 0.289E+00 0.115E+01 0.000E+00 0.000E+00 0.705E-01 0.176E-01 0.753E-01 0.188E-01
      4       4       2      17      17      17       4 0.241E-01 0.949E-01 0.000E+00 0.000E+00 0.399E-03 0.998E-04 0.277E-03 0.692E-04
      4       4       2     257     257     257       4 0.346E+01 0.138E+02 0.000E+00 0.000E+00 0.837E+00 0.209E+00 0.774E+00 0.193E+00
      4       4       2      31      31      31       4 0.628E-01 0.250E+00 0.000E+00 0.000E+00 0.864E-03 0.216E-03 0.715E-03 0.179E-03
      4       4       2     509     509     509       4 0.196E+02 0.774E+02 0.000E+00 0.000E+00 0.736E+01 0.184E+01 0.638E+01 0.160E+01
      4       4       2      67      67      67       4 0.796E-01 0.315E+00 0.000E+00 0.000E+00 0.103E-01 0.258E-02 0.107E-01 0.267E-02
      4       4       2       7       7       7       4 0.415E-02 0.155E-01 0.000E+00 0.000E+00 0.240E-03 0.600E-04 0.145E-03 0.363E-04
      4       4       4     127     127     127       4 0.204E+00 0.805E+00 0.000E+00 0.000E+00 0.466E-01 0.116E-01 0.499E-01 0.125E-01
      4       4       4      17      17      17       4 0.240E-01 0.930E-01 0.000E+00 0.000E+00 0.504E-03 0.126E-03 0.329E-03 0.823E-04
      4       4       4     257     257     257       4 0.214E+01 0.850E+01 0.000E+00 0.000E+00 0.538E+00 0.134E+00 0.486E+00 0.122E+00
      4       4       4      31      31      31       4 0.635E-01 0.251E+00 0.000E+00 0.000E+00 0.125E-02 0.313E-03 0.999E-03 0.250E-03
      4       4       4     509     509     509       4 0.128E+02 0.501E+02 0.000E+00 0.000E+00 0.492E+01 0.123E+01 0.411E+01 0.103E+01
      4       4       4      67      67      67       4 0.104E+00 0.411E+00 0.000E+00 0.000E+00 0.735E-02 0.184E-02 0.761E-02 0.190E-02
      4       4       4       7       7       7       4 0.565E-02 0.211E-01 0.000E+00 0.000E+00 0.361E-03 0.902E-04 0.226E-03 0.566E-04
      4       8       1     127     127     127       4 0.253E+00 0.101E+01 0.000E+00 0.000E+00 0.588E-01 0.147E-01 0.607E-01 0.152E-01
      4       8       1      17      17      17       4 0.132E-01 0.516E-01 0.000E+00 0.000E+00 0.719E-03 0.180E-03 0.175E-03 0.437E-04
      4       8       1     257     257     257       4 0.187E+01 0.746E+01 0.000E+00 0.000E+00 0.691E+00 0.173E+00 0.697E+00 0.174E+00
      4       8       1      31      31      31       4 0.675E-01 0.269E+00 0.000E+00 0.000E+00 0.158E-02 0.394E-03 0.864E-03 0.216E-03
      4       8       1     509     509     509       4 0.901E+01 0.359E+02 0.000E+00 0.000E+00 0.614E+01 0.154E+01 0.600E+01 0.150E+01
      4       8       1      67      67      67       4 0.619E-01 0.246E+00 0.000E+00 0.000E+00 0.829E-02 0.207E-02 0.839E-02 0.210E-02
      4       8       1       7       7       7       4 0.363E-02 0.138E-01 0.000E+00 0.000E+00 0.156E-03 0.390E-04 0.899E-04 0.225E-04
      4       8       2     127     127     127       4 0.211E+00 0.837E+00 0.000E+00 0.000E+00 0.398E-01 0.994E-02 0.420E-01 0.105E-01
      4       8       2      17      17      17       4 0.236E-01 0.920E-01 0.000E+00 0.000E+00 0.927E-03 0.232E-03 0.224E-03 0.560E-04
      4       8       2     257     257     257       4 0.224E+01 0.893E+01 0.000E+00 0.000E+00 0.467E+00 0.117E+00 0.436E+00 0.109E+00
      4       8       2      31      31      31       4 0.623E-01 0.247E+00 0.000E+00 0.000E+00 0.123E-02 0.307E-03 0.589E-03 0.147E-03
      4       8       2     509     509     509       4 0.126E+02 0.500E+02 0.000E+00 0.000E+00 0.379E+01 0.947E+00 0.360E+01 0.901E+00
      4       8       2      67      67      67       4 0.573E-01 0.225E+00 0.000E+00 0.000E+00 0.663E-02 0.166E-02 0.615E-02 0.154E-02
      4       8       2       7       7       7       4 0.529E-02 0.201E-01 0.000E+00 0.000E+00 0.241E-03 0.602E-04 0.194E-03 0.485E-04
