      2       1       1    1024    1024       4       4 0.589E+00 0.592E+00 0.563E+00 0.565E+00 0.224E+00 0.140E-01 0.230E+00 0.143E-01
      2       1       1     128     128       4       4 0.112E+00 0.113E+00 0.960E-01 0.962E-01 0.179E-02 0.112E-03 0.172E-02 0.108E-03
      2       1       1    2048    2048       4       4 0.223E+01 0.224E+01 0.218E+01 0.219E+01 0.107E+01 0.668E-01 0.104E+01 0.649E-01
      2       1       1     256     256       4       4 0.147E+00 0.148E+00 0.130E+00 0.130E+00 0.868E-02 0.543E-03 0.868E-02 0.542E-03
      2       1       1      32      32       4       4 0.314E-01 0.320E-01 0.272E-01 0.274E-01 0.453E-04 0.283E-05 0.439E-04 0.274E-05
      2       1       1    4096    4096       4       4 0.728E+01 0.733E+01 0.722E+01 0.730E+01 0.498E+01 0.311E+00 0.502E+01 0.314E+00
      2       1       1     512     512       4       4 0.256E+00 0.258E+00 0.230E+00 0.233E+00 0.442E-01 0.276E-02 0.425E-01 0.265E-02
      2       1       1      64      64       4       4 0.603E-01 0.611E-01 0.523E-01 0.525E-01 0.302E-03 0.189E-04 0.293E-03 0.183E-04
      2       1      12    1024    1024       4       4 0.102E+01 0.104E+01 0.953E+00 0.967E+00 0.584E-01 0.365E-02 0.553E-01 0.345E-02
      2       1      12     128     128       4       4 0.149E+00 0.154E+00 0.127E+00 0.130E+00 0.121E-02 0.756E-04 0.131E-02 0.821E-04
      2       1      12    2048    2048       4       4 0.343E+01 0.345E+01 0.342E+01 0.345E+01 0.217E+00 0.135E-01 0.209E+00 0.131E-01
      2       1      12     256     256       4       4 0.209E+00 0.211E+00 0.191E+00 0.197E+00 0.429E-02 0.268E-03 0.389E-02 0.243E-03
      2       1      12      32      32       4       4 0.557E-01 0.587E-01 0.514E-01 0.533E-01 0.111E-02 0.695E-04 0.105E-02 0.654E-04
      2       1      12    4096    4096       4       4 0.119E+02 0.120E+02 0.117E+02 0.117E+02 0.949E+00 0.593E-01 0.925E+00 0.578E-01
      2       1      12     512     512       4       4 0.408E+00 0.414E+00 0.359E+00 0.363E+00 0.159E-01 0.996E-03 0.139E-01 0.869E-03
      2       1      12      64      64       4       4 0.920E-01 0.931E-01 0.823E-01 0.833E-01 0.100E-02 0.625E-04 0.102E-02 0.636E-04
      2       1      16    1024    1024       4       4 0.926E+00 0.953E+00 0.858E+00 0.891E+00 0.418E-01 0.261E-02 0.428E-01 0.268E-02
      2       1      16     128     128       4       4 0.143E+00 0.145E+00 0.125E+00 0.130E+00 0.157E-02 0.980E-04 0.163E-02 0.102E-03
      2       1      16    2048    2048       4       4 0.344E+01 0.346E+01 0.324E+01 0.327E+01 0.208E+00 0.130E-01 0.209E+00 0.131E-01
      2       1      16     256     256       4       4 0.210E+00 0.213E+00 0.193E+00 0.196E+00 0.446E-02 0.279E-03 0.392E-02 0.245E-03
      2       1      16      32      32       4       4 0.482E-01 0.497E-01 0.421E-01 0.426E-01 0.823E-03 0.514E-04 0.809E-03 0.505E-04
      2       1      16    4096    4096       4       4 0.112E+02 0.112E+02 0.111E+02 0.112E+02 0.101E+01 0.634E-01 0.101E+01 0.630E-01
      2       1      16     512     512       4       4 0.391E+00 0.402E+00 0.349E+00 0.355E+00 0.143E-01 0.895E-03 0.126E-01 0.785E-03
      2       1      16      64      64       4       4 0.833E-01 0.860E-01 0.729E-01 0.739E-01 0.828E-03 0.517E-04 0.837E-03 0.523E-04
      2       1       2    1024    1024       4       4 0.984E+00 0.992E+00 0.918E+00 0.960E+00 0.139E+00 0.870E-02 0.138E+00 0.861E-02
      2       1       2     128     128       4       4 0.127E+00 0.127E+00 0.108E+00 0.109E+00 0.116E-02 0.727E-04 0.128E-02 0.798E-04
      2       1       2    2048    2048       4       4 0.383E+01 0.386E+01 0.384E+01 0.388E+01 0.641E+00 0.401E-01 0.603E+00 0.377E-01
      2       1       2     256     256       4       4 0.180E+00 0.181E+00 0.164E+00 0.165E+00 0.554E-02 0.346E-03 0.514E-02 0.321E-03
      2       1       2      32      32       4       4 0.391E-01 0.399E-01 0.342E-01 0.353E-01 0.243E-03 0.152E-04 0.245E-03 0.153E-04
      2       1       2    4096    4096       4       4 0.117E+02 0.117E+02 0.116E+02 0.117E+02 0.291E+01 0.182E+00 0.288E+01 0.180E+00
      2       1       2     512     512       4       4 0.341E+00 0.343E+00 0.316E+00 0.319E+00 0.249E-01 0.156E-02 0.250E-01 0.156E-02
      2       1       2      64      64       4       4 0.680E-01 0.687E-01 0.589E-01 0.590E-01 0.380E-03 0.237E-04 0.408E-03 0.255E-04
      2       1      24    1024    1024       4       4 0.105E+01 0.106E+01 0.967E+00 0.101E+01 0.457E-01 0.286E-02 0.462E-01 0.288E-02
      2       1      24     128     128       4       4 0.195E+00 0.211E+00 0.157E+00 0.161E+00 0.285E-02 0.178E-03 0.296E-02 0.185E-03
      2       1      24    2048    2048       4       4 0.374E+01 0.379E+01 0.363E+01 0.382E+01 0.190E+00 0.118E-01 0.210E+00 0.131E-01
      2       1      24     256     256       4       4 0.253E+00 0.266E+00 0.219E+00 0.222E+00 0.429E-02 0.268E-03 0.421E-02 0.263E-03
      2       1      24      32      32       4       4 0.569E-01 0.648E-01 0.529E-01 0.581E-01 0.186E-02 0.116E-03 0.179E-02 0.112E-03
      2       1      24    4096    4096       4       4 0.115E+02 0.116E+02 0.115E+02 0.117E+02 0.963E+00 0.602E-01 0.958E+00 0.599E-01
      2       1      24     512     512       4       4 0.467E+00 0.472E+00 0.413E+00 0.419E+00 0.139E-01 0.866E-03 0.135E-01 0.841E-03
      2       1      24      64      64       4       4 0.145E+00 0.147E+00 0.134E+00 0.149E+00 0.224E-02 0.140E-03 0.224E-02 0.140E-03
      2       1       4    1024    1024       4       4 0.874E+00 0.879E+00 0.833E+00 0.843E+00 0.793E-01 0.496E-02 0.769E-01 0.481E-02
      2       1       4     128     128       4       4 0.126E+00 0.127E+00 0.109E+00 0.109E+00 0.118E-02 0.737E-04 0.116E-02 0.724E-04
      2       1       4    2048    2048       4       4 0.330E+01 0.332E+01 0.325E+01 0.328E+01 0.362E+00 0.226E-01 0.336E+00 0.210E-01
      2       1       4     256     256       4       4 0.182E+00 0.184E+00 0.160E+00 0.161E+00 0.500E-02 0.312E-03 0.427E-02 0.267E-03
      2       1       4      32      32       4       4 0.376E-01 0.378E-01 0.328E-01 0.332E-01 0.360E-03 0.225E-04 0.353E-03 0.221E-04
      2       1       4    4096    4096       4       4 0.118E+02 0.119E+02 0.117E+02 0.118E+02 0.169E+01 0.106E+00 0.168E+01 0.105E+00
      2       1       4     512     512       4       4 0.344E+00 0.349E+00 0.319E+00 0.320E+00 0.178E-01 0.111E-02 0.176E-01 0.110E-02
      2       1       4      64      64       4       4 0.681E-01 0.683E-01 0.594E-01 0.597E-01 0.537E-03 0.336E-04 0.537E-03 0.336E-04
      2       1       8    1024    1024       4       4 0.856E+00 0.866E+00 0.810E+00 0.818E+00 0.480E-01 0.300E-02 0.481E-01 0.301E-02
      2       1       8     128     128       4       4 0.126E+00 0.127E+00 0.110E+00 0.111E+00 0.952E-03 0.595E-04 0.973E-03 0.608E-04
      2       1       8    2048    2048       4       4 0.323E+01 0.333E+01 0.312E+01 0.316E+01 0.254E+00 0.159E-01 0.241E+00 0.150E-01
      2       1       8     256     256       4       4 0.184E+00 0.185E+00 0.161E+00 0.162E+00 0.518E-02 0.324E-03 0.405E-02 0.253E-03
      2       1       8      32      32       4       4 0.374E-01 0.380E-01 0.330E-01 0.332E-01 0.416E-03 0.260E-04 0.401E-03 0.250E-04
      2       1       8    4096    4096       4       4 0.110E+02 0.111E+02 0.109E+02 0.109E+02 0.113E+01 0.705E-01 0.114E+01 0.710E-01
      2       1       8     512     512       4       4 0.347E+00 0.353E+00 0.315E+00 0.318E+00 0.145E-01 0.905E-03 0.143E-01 0.891E-03
      2       1       8      64      64       4       4 0.678E-01 0.694E-01 0.596E-01 0.597E-01 0.612E-03 0.383E-04 0.616E-03 0.385E-04
      2      12       1    1024    1024       4       4 0.231E+00 0.234E+00 0.195E+00 0.196E+00 0.692E-01 0.432E-02 0.653E-01 0.408E-02
      2      12       1     128     128       4       4 0.784E-01 0.813E-01 0.663E-01 0.669E-01 0.118E-02 0.736E-04 0.101E-02 0.632E-04
      2      12       1    2048    2048       4       4 0.395E+00 0.399E+00 0.321E+00 0.323E+00 0.417E+00 0.261E-01 0.399E+00 0.249E-01
      2      12       1     256     256       4       4 0.117E+00 0.121E+00 0.967E-01 0.995E-01 0.347E-02 0.217E-03 0.321E-02 0.201E-03
      2      12       1      32      32       4       4 0.252E-01 0.296E-01 0.199E-01 0.214E-01 0.489E-03 0.306E-04 0.414E-03 0.259E-04
      2      12       1     512     512       4       4 0.164E+00 0.167E+00 0.136E+00 0.136E+00 0.165E-01 0.103E-02 0.150E-01 0.935E-03
      2      12       1      64      64       4       4 0.483E-01 0.515E-01 0.366E-01 0.369E-01 0.608E-03 0.380E-04 0.526E-03 0.329E-04
      2      12       2    1024    1024       4       4 0.264E+00 0.271E+00 0.209E+00 0.215E+00 0.126E+00 0.787E-02 0.122E+00 0.760E-02
      2      12       2     128     128       4       4 0.857E-01 0.879E-01 0.733E-01 0.771E-01 0.110E-01 0.690E-03 0.355E-02 0.222E-03
      2      12       2    2048    2048       4       4 0.510E+00 0.520E+00 0.381E+00 0.383E+00 0.730E+00 0.456E-01 0.718E+00 0.449E-01
      2      12       2     256     256       4       4 0.137E+00 0.141E+00 0.999E-01 0.102E+00 0.792E-02 0.495E-03 0.959E-02 0.600E-03
      2      12       2      32      32       4       4 0.301E-01 0.323E-01 0.229E-01 0.231E-01 0.112E-01 0.699E-03 0.288E-02 0.180E-03
      2      12       2     512     512       4       4 0.192E+00 0.197E+00 0.143E+00 0.144E+00 0.289E-01 0.180E-02 0.272E-01 0.170E-02
      2      12       2      64      64       4       4 0.555E-01 0.583E-01 0.393E-01 0.429E-01 0.650E-02 0.406E-03 0.253E-02 0.158E-03
      2      16       1    1024    1024       4       4 0.514E+00 0.517E+00 0.457E+00 0.458E+00 0.373E-01 0.233E-02 0.355E-01 0.222E-02
      2      16       1     128     128       4       4 0.141E+00 0.150E+00 0.113E+00 0.115E+00 0.828E-03 0.517E-04 0.769E-03 0.481E-04
      2      16       1    2048    2048       4       4 0.120E+01 0.120E+01 0.108E+01 0.108E+01 0.203E+00 0.127E-01 0.194E+00 0.121E-01
      2      16       1     256     256       4       4 0.195E+00 0.199E+00 0.159E+00 0.160E+00 0.197E-02 0.123E-03 0.195E-02 0.122E-03
      2      16       1      32      32       4       4 0.557E-01 0.612E-01 0.457E-01 0.468E-01 0.312E-03 0.195E-04 0.250E-03 0.156E-04
      2      16       1     512     512       4       4 0.365E+00 0.368E+00 0.308E+00 0.308E+00 0.779E-02 0.487E-03 0.774E-02 0.484E-03
      2      16       1      64      64       4       4 0.124E+00 0.163E+00 0.950E-01 0.158E+00 0.420E-03 0.262E-04 0.363E-03 0.227E-04
      2       2       1    1024    1024       4       4 0.865E+00 0.874E+00 0.799E+00 0.799E+00 0.168E+00 0.105E-01 0.170E+00 0.106E-01
      2       2       1     128     128       4       4 0.160E+00 0.166E+00 0.135E+00 0.137E+00 0.175E-02 0.109E-03 0.174E-02 0.109E-03
      2       2       1    2048    2048       4       4 0.301E+01 0.305E+01 0.286E+01 0.288E+01 0.882E+00 0.551E-01 0.858E+00 0.536E-01
      2       2       1     256     256       4       4 0.252E+00 0.257E+00 0.216E+00 0.218E+00 0.828E-02 0.518E-03 0.813E-02 0.508E-03
      2       2       1      32      32       4       4 0.572E-01 0.592E-01 0.477E-01 0.481E-01 0.149E-03 0.934E-05 0.144E-03 0.897E-05
      2       2       1    4096    4096       4       4 0.132E+02 0.133E+02 0.128E+02 0.128E+02 0.590E+01 0.369E+00 0.593E+01 0.370E+00
      2       2       1     512     512       4       4 0.389E+00 0.400E+00 0.346E+00 0.355E+00 0.365E-01 0.228E-02 0.351E-01 0.219E-02
      2       2       1      64      64       4       4 0.889E-01 0.913E-01 0.745E-01 0.751E-01 0.465E-03 0.291E-04 0.394E-03 0.246E-04
      2       2      12    1024    1024       4       4 0.154E+01 0.158E+01 0.145E+01 0.151E+01 0.240E+00 0.150E-01 0.236E+00 0.148E-01
      2       2      12     128     128       4       4 0.277E+00 0.290E+00 0.224E+00 0.231E+00 0.344E-02 0.215E-03 0.350E-02 0.219E-03
      2       2      12    2048    2048       4       4 0.493E+01 0.502E+01 0.460E+01 0.468E+01 0.101E+01 0.629E-01 0.962E+00 0.601E-01
      2       2      12     256     256       4       4 0.424E+00 0.438E+00 0.365E+00 0.379E+00 0.133E-01 0.833E-03 0.134E-01 0.838E-03
      2       2      12      32      32       4       4 0.106E+00 0.109E+00 0.888E-01 0.931E-01 0.140E-02 0.875E-04 0.127E-02 0.794E-04
      2       2      12    4096    4096       4       4 0.152E+02 0.155E+02 0.149E+02 0.151E+02 0.436E+01 0.273E+00 0.407E+01 0.255E+00
      2       2      12     512     512       4       4 0.658E+00 0.669E+00 0.600E+00 0.609E+00 0.553E-01 0.345E-02 0.538E-01 0.336E-02
      2       2      12      64      64       4       4 0.158E+00 0.176E+00 0.132E+00 0.140E+00 0.182E-02 0.114E-03 0.170E-02 0.106E-03
      2       2       2    1024    1024       4       4 0.123E+01 0.125E+01 0.116E+01 0.117E+01 0.144E+00 0.901E-02 0.144E+00 0.899E-02
      2       2       2     128     128       4       4 0.181E+00 0.187E+00 0.154E+00 0.158E+00 0.201E-02 0.125E-03 0.201E-02 0.125E-03
      2       2       2    2048    2048       4       4 0.335E+01 0.339E+01 0.322E+01 0.325E+01 0.648E+00 0.405E-01 0.608E+00 0.380E-01
      2       2       2     256     256       4       4 0.302E+00 0.307E+00 0.258E+00 0.260E+00 0.121E-01 0.754E-03 0.124E-01 0.772E-03
      2       2       2      32      32       4       4 0.682E-01 0.723E-01 0.561E-01 0.572E-01 0.542E-03 0.339E-04 0.506E-03 0.317E-04
      2       2       2    4096    4096       4       4 0.147E+02 0.148E+02 0.141E+02 0.142E+02 0.469E+01 0.293E+00 0.465E+01 0.291E+00
      2       2       2     512     512       4       4 0.447E+00 0.454E+00 0.407E+00 0.411E+00 0.264E-01 0.165E-02 0.260E-01 0.162E-02
      2       2       2      64      64       4       4 0.102E+00 0.106E+00 0.851E-01 0.857E-01 0.788E-03 0.492E-04 0.735E-03 0.460E-04
      2       2       4    1024    1024       4       4 0.125E+01 0.127E+01 0.120E+01 0.122E+01 0.190E+00 0.119E-01 0.190E+00 0.119E-01
      2       2       4     128     128       4       4 0.193E+00 0.195E+00 0.165E+00 0.168E+00 0.231E-02 0.144E-03 0.232E-02 0.145E-03
      2       2       4    2048    2048       4       4 0.375E+01 0.404E+01 0.362E+01 0.391E+01 0.685E+00 0.428E-01 0.657E+00 0.410E-01
      2       2       4     256     256       4       4 0.322E+00 0.323E+00 0.276E+00 0.279E+00 0.108E-01 0.676E-03 0.112E-01 0.701E-03
      2       2       4      32      32       4       4 0.726E-01 0.737E-01 0.604E-01 0.609E-01 0.738E-03 0.461E-04 0.677E-03 0.423E-04
      2       2       4    4096    4096       4       4 0.145E+02 0.146E+02 0.142E+02 0.142E+02 0.442E+01 0.276E+00 0.422E+01 0.264E+00
      2       2       4     512     512       4       4 0.537E+00 0.548E+00 0.492E+00 0.496E+00 0.473E-01 0.296E-02 0.466E-01 0.291E-02
      2       2       4      64      64       4       4 0.109E+00 0.111E+00 0.924E-01 0.935E-01 0.117E-02 0.728E-04 0.113E-02 0.708E-04
      2       2       8    1024    1024       4       4 0.126E+01 0.128E+01 0.119E+01 0.121E+01 0.194E+00 0.121E-01 0.191E+00 0.119E-01
      2       2       8     128     128       4       4 0.191E+00 0.195E+00 0.162E+00 0.164E+00 0.229E-02 0.143E-03 0.233E-02 0.146E-03
      2       2       8    2048    2048       4       4 0.445E+01 0.450E+01 0.438E+01 0.446E+01 0.970E+00 0.606E-01 0.969E+00 0.605E-01
      2       2       8     256     256       4       4 0.330E+00 0.339E+00 0.286E+00 0.295E+00 0.104E-01 0.648E-03 0.104E-01 0.652E-03
      2       2       8      32      32       4       4 0.718E-01 0.746E-01 0.601E-01 0.615E-01 0.854E-03 0.534E-04 0.734E-03 0.459E-04
      2       2       8    4096    4096       4       4 0.136E+02 0.141E+02 0.136E+02 0.140E+02 0.448E+01 0.280E+00 0.423E+01 0.264E+00
      2       2       8     512     512       4       4 0.548E+00 0.568E+00 0.500E+00 0.512E+00 0.472E-01 0.295E-02 0.458E-01 0.286E-02
      2       2       8      64      64       4       4 0.111E+00 0.113E+00 0.934E-01 0.948E-01 0.132E-02 0.825E-04 0.130E-02 0.809E-04
      2      24       1    1024    1024       4       4 0.224E+00 0.227E+00 0.193E+00 0.193E+00 0.460E-01 0.288E-02 0.429E-01 0.268E-02
      2      24       1     128     128       4       4 0.856E-01 0.931E-01 0.695E-01 0.753E-01 0.138E-02 0.862E-04 0.111E-02 0.696E-04
      2      24       1    2048    2048       4       4 0.372E+00 0.376E+00 0.315E+00 0.315E+00 0.303E+00 0.189E-01 0.288E+00 0.180E-01
      2      24       1     256     256       4       4 0.117E+00 0.128E+00 0.963E-01 0.969E-01 0.271E-02 0.169E-03 0.233E-02 0.146E-03
      2      24       1      32      32       4       4 0.271E-01 0.305E-01 0.207E-01 0.218E-01 0.687E-03 0.429E-04 0.527E-03 0.329E-04
      2      24       1     512     512       4       4 0.166E+00 0.169E+00 0.136E+00 0.136E+00 0.894E-02 0.559E-03 0.108E-01 0.672E-03
      2      24       1      64      64       4       4 0.487E-01 0.515E-01 0.411E-01 0.413E-01 0.103E-02 0.645E-04 0.794E-03 0.496E-04
      2       4       1    1024    1024       4       4 0.646E+00 0.655E+00 0.582E+00 0.586E+00 0.986E-01 0.616E-02 0.953E-01 0.595E-02
      2       4       1     128     128       4       4 0.171E+00 0.193E+00 0.140E+00 0.140E+00 0.110E-02 0.687E-04 0.108E-02 0.677E-04
      2       4       1    2048    2048       4       4 0.177E+01 0.179E+01 0.163E+01 0.163E+01 0.493E+00 0.308E-01 0.473E+00 0.296E-01
      2       4       1     256     256       4       4 0.234E+00 0.240E+00 0.200E+00 0.201E+00 0.510E-02 0.319E-03 0.500E-02 0.313E-03
      2       4       1      32      32       4       4 0.640E-01 0.684E-01 0.520E-01 0.552E-01 0.176E-03 0.110E-04 0.182E-03 0.114E-04
      2       4       1    4096    4096       4       4 0.599E+01 0.606E+01 0.573E+01 0.575E+01 0.231E+01 0.144E+00 0.223E+01 0.139E+00
      2       4       1     512     512       4       4 0.353E+00 0.361E+00 0.305E+00 0.306E+00 0.213E-01 0.133E-02 0.199E-01 0.124E-02
      2       4       1      64      64       4       4 0.928E-01 0.963E-01 0.786E-01 0.796E-01 0.347E-03 0.217E-04 0.315E-03 0.197E-04
      2       4       2    1024    1024       4       4 0.850E+00 0.988E+00 0.778E+00 0.931E+00 0.131E+00 0.819E-02 0.125E+00 0.781E-02
      2       4       2     128     128       4       4 0.195E+00 0.200E+00 0.164E+00 0.165E+00 0.204E-02 0.128E-03 0.200E-02 0.125E-03
      2       4       2    2048    2048       4       4 0.258E+01 0.296E+01 0.246E+01 0.283E+01 0.706E+00 0.441E-01 0.702E+00 0.439E-01
      2       4       2     256     256       4       4 0.283E+00 0.291E+00 0.236E+00 0.242E+00 0.640E-02 0.400E-03 0.582E-02 0.364E-03
      2       4       2      32      32       4       4 0.757E-01 0.874E-01 0.597E-01 0.606E-01 0.633E-03 0.395E-04 0.588E-03 0.368E-04
      2       4       2    4096    4096       4       4 0.833E+01 0.979E+01 0.851E+01 0.951E+01 0.257E+01 0.160E+00 0.227E+01 0.142E+00
      2       4       2     512     512       4       4 0.463E+00 0.509E+00 0.400E+00 0.440E+00 0.293E-01 0.183E-02 0.287E-01 0.179E-02
      2       4       2      64      64       4       4 0.112E+00 0.115E+00 0.938E-01 0.958E-01 0.934E-03 0.584E-04 0.907E-03 0.567E-04
      2       4       4    1024    1024       4       4 0.966E+00 0.998E+00 0.895E+00 0.919E+00 0.149E+00 0.931E-02 0.145E+00 0.908E-02
      2       4       4     128     128       4       4 0.201E+00 0.202E+00 0.167E+00 0.168E+00 0.202E-02 0.126E-03 0.203E-02 0.127E-03
      2       4       4    2048    2048       4       4 0.281E+01 0.291E+01 0.266E+01 0.273E+01 0.610E+00 0.381E-01 0.604E+00 0.377E-01
      2       4       4     256     256       4       4 0.282E+00 0.286E+00 0.237E+00 0.242E+00 0.669E-02 0.418E-03 0.616E-02 0.385E-03
      2       4       4      32      32       4       4 0.770E-01 0.794E-01 0.637E-01 0.645E-01 0.653E-03 0.408E-04 0.592E-03 0.370E-04
      2       4       4    4096    4096       4       4 0.839E+01 0.855E+01 0.824E+01 0.868E+01 0.268E+01 0.167E+00 0.259E+01 0.162E+00
      2       4       4     512     512       4       4 0.471E+00 0.481E+00 0.409E+00 0.414E+00 0.261E-01 0.163E-02 0.265E-01 0.166E-02
      2       4       4      64      64       4       4 0.115E+00 0.119E+00 0.964E-01 0.971E-01 0.102E-02 0.639E-04 0.977E-03 0.611E-04
      2       8       1    1024    1024       4       4 0.567E+00 0.570E+00 0.501E+00 0.503E+00 0.576E-01 0.360E-02 0.553E-01 0.346E-02
      2       8       1     128     128       4       4 0.169E+00 0.174E+00 0.142E+00 0.144E+00 0.876E-03 0.548E-04 0.850E-03 0.532E-04
      2       8       1    2048    2048       4       4 0.137E+01 0.139E+01 0.128E+01 0.129E+01 0.299E+00 0.187E-01 0.285E+00 0.178E-01
      2       8       1     256     256       4       4 0.238E+00 0.244E+00 0.201E+00 0.202E+00 0.295E-02 0.184E-03 0.299E-02 0.187E-03
      2       8       1      32      32       4       4 0.512E-01 0.525E-01 0.396E-01 0.405E-01 0.284E-03 0.177E-04 0.240E-03 0.150E-04
      2       8       1    4096    4096       4       4 0.481E+01 0.489E+01 0.459E+01 0.461E+01 0.149E+01 0.930E-01 0.145E+01 0.908E-01
      2       8       1     512     512       4       4 0.348E+00 0.353E+00 0.299E+00 0.300E+00 0.131E-01 0.821E-03 0.124E-01 0.777E-03
      2       8       1      64      64       4       4 0.769E-01 0.833E-01 0.634E-01 0.636E-01 0.359E-03 0.224E-04 0.343E-03 0.214E-04
      2       8       2    1024    1024       4       4 0.702E+00 0.714E+00 0.606E+00 0.618E+00 0.642E-01 0.401E-02 0.635E-01 0.397E-02
      2       8       2     128     128       4       4 0.194E+00 0.198E+00 0.158E+00 0.160E+00 0.163E-02 0.102E-03 0.163E-02 0.102E-03
      2       8       2    2048    2048       4       4 0.196E+01 0.199E+01 0.183E+01 0.184E+01 0.341E+00 0.213E-01 0.335E+00 0.209E-01
      2       8       2     256     256       4       4 0.282E+00 0.284E+00 0.231E+00 0.233E+00 0.450E-02 0.281E-03 0.444E-02 0.277E-03
      2       8       2      32      32       4       4 0.623E-01 0.640E-01 0.487E-01 0.500E-01 0.140E-02 0.877E-04 0.135E-02 0.843E-04
      2       8       2    4096    4096       4       4 0.675E+01 0.710E+01 0.623E+01 0.633E+01 0.182E+01 0.114E+00 0.174E+01 0.109E+00
      2       8       2     512     512       4       4 0.419E+00 0.428E+00 0.353E+00 0.354E+00 0.153E-01 0.956E-03 0.148E-01 0.928E-03
      2       8       2      64      64       4       4 0.889E-01 0.917E-01 0.692E-01 0.708E-01 0.127E-02 0.795E-04 0.121E-02 0.755E-04
      3       1       1    1024    1024       4       4 0.976E-03 0.368E-02 0.000E+00 0.000E+00 0.245E+00 0.153E-01 0.227E+00 0.142E-01
      3       1       1     128     128       4       4 0.749E-03 0.294E-02 0.000E+00 0.000E+00 0.248E-02 0.155E-03 0.230E-02 0.144E-03
      3       1       1    2048    2048       4       4 0.957E-03 0.342E-02 0.298E-06 0.119E-05 0.147E+01 0.917E-01 0.145E+01 0.909E-01
      3       1       1     256     256       4       4 0.781E-03 0.304E-02 0.000E+00 0.000E+00 0.100E-01 0.628E-03 0.958E-02 0.599E-03
      3       1       1      32      32       4       4 0.718E-03 0.283E-02 0.000E+00 0.000E+00 0.230E-03 0.144E-04 0.139E-03 0.872E-05
      3       1       1    4096    4096       4       4 0.974E-03 0.320E-02 0.000E+00 0.000E+00 0.662E+01 0.414E+00 0.633E+01 0.396E+00
      3       1       1     512     512       4       4 0.791E-03 0.296E-02 0.000E+00 0.000E+00 0.457E-01 0.286E-02 0.423E-01 0.265E-02
      3       1       1      64      64       4       4 0.807E-03 0.319E-02 0.000E+00 0.000E+00 0.618E-03 0.386E-04 0.461E-03 0.288E-04
      3       1      12    1024    1024       4       4 0.207E-02 0.800E-02 0.000E+00 0.000E+00 0.120E+00 0.751E-02 0.100E+00 0.627E-02
      3       1      12     128     128       4       4 0.367E-02 0.146E-01 0.000E+00 0.000E+00 0.188E-02 0.117E-03 0.156E-02 0.975E-04
      3       1      12    2048    2048       4       4 0.679E-03 0.221E-02 0.238E-06 0.954E-06 0.616E+00 0.385E-01 0.565E+00 0.353E-01
      3       1      12     256     256       4       4 0.504E-02 0.200E-01 0.000E+00 0.000E+00 0.548E-02 0.343E-03 0.477E-02 0.298E-03
      3       1      12      32      32       4       4 0.441E-02 0.176E-01 0.238E-06 0.954E-06 0.542E-03 0.339E-04 0.313E-03 0.196E-04
      3       1      12    4096    4096       4       4 0.935E-03 0.283E-02 0.000E+00 0.000E+00 0.268E+01 0.167E+00 0.245E+01 0.153E+00
      3       1      12     512     512       4       4 0.404E-02 0.159E-01 0.000E+00 0.000E+00 0.223E-01 0.139E-02 0.190E-01 0.119E-02
      3       1      12      64      64       4       4 0.424E-02 0.169E-01 0.000E+00 0.000E+00 0.850E-03 0.532E-04 0.645E-03 0.403E-04
      3       1      16    1024    1024       4       4 0.645E-03 0.229E-02 0.000E+00 0.000E+00 0.119E+00 0.741E-02 0.101E+00 0.630E-02
      3       1      16     128     128       4       4 0.529E-02 0.211E-01 0.000E+00 0.000E+00 0.185E-02 0.115E-03 0.152E-02 0.950E-04
      3       1      16    2048    2048       4       4 0.724E-03 0.241E-02 0.000E+00 0.000E+00 0.664E+00 0.415E-01 0.607E+00 0.380E-01
      3       1      16     256     256       4       4 0.260E-02 0.102E-01 0.000E+00 0.000E+00 0.583E-02 0.364E-03 0.495E-02 0.309E-03
      3       1      16      32      32       4       4 0.415E-02 0.165E-01 0.000E+00 0.000E+00 0.582E-03 0.363E-04 0.273E-03 0.171E-04
      3       1      16    4096    4096       4       4 0.793E-03 0.220E-02 0.000E+00 0.000E+00 0.284E+01 0.177E+00 0.256E+01 0.160E+00
      3       1      16     512     512       4       4 0.345E-02 0.136E-01 0.000E+00 0.000E+00 0.227E-01 0.142E-02 0.194E-01 0.121E-02
      3       1      16      64      64       4       4 0.423E-02 0.169E-01 0.000E+00 0.000E+00 0.809E-03 0.506E-04 0.561E-03 0.351E-04
      3       1       2    1024    1024       4       4 0.812E-03 0.301E-02 0.000E+00 0.000E+00 0.169E+00 0.106E-01 0.152E+00 0.952E-02
      3       1       2     128     128       4       4 0.240E-02 0.956E-02 0.000E+00 0.000E+00 0.211E-02 0.132E-03 0.194E-02 0.121E-03
      3       1       2    2048    2048       4       4 0.891E-03 0.314E-02 0.000E+00 0.000E+00 0.963E+00 0.602E-01 0.950E+00 0.594E-01
      3       1       2     256     256       4       4 0.822E-03 0.320E-02 0.000E+00 0.000E+00 0.744E-02 0.465E-03 0.688E-02 0.430E-03
      3       1       2      32      32       4       4 0.701E-03 0.275E-02 0.238E-06 0.954E-06 0.295E-03 0.184E-04 0.195E-03 0.122E-04
      3       1       2    4096    4096       4       4 0.979E-03 0.317E-02 0.000E+00 0.000E+00 0.462E+01 0.289E+00 0.440E+01 0.275E+00
      3       1       2     512     512       4       4 0.143E-02 0.553E-02 0.000E+00 0.000E+00 0.316E-01 0.198E-02 0.284E-01 0.178E-02
      3       1       2      64      64       4       4 0.353E-02 0.141E-01 0.000E+00 0.000E+00 0.685E-03 0.428E-04 0.490E-03 0.306E-04
      3       1      24    1024    1024       4       4 0.249E-02 0.968E-02 0.000E+00 0.000E+00 0.114E+00 0.713E-02 0.961E-01 0.601E-02
      3       1      24     128     128       4       4 0.388E-02 0.154E-01 0.000E+00 0.000E+00 0.266E-02 0.166E-03 0.157E-02 0.982E-04
      3       1      24    2048    2048       4       4 0.559E-03 0.173E-02 0.000E+00 0.000E+00 0.586E+00 0.366E-01 0.538E+00 0.336E-01
      3       1      24     256     256       4       4 0.400E-02 0.159E-01 0.000E+00 0.000E+00 0.118E-01 0.738E-03 0.540E-02 0.338E-03
      3       1      24      32      32       4       4 0.295E-02 0.117E-01 0.000E+00 0.000E+00 0.597E-03 0.373E-04 0.317E-03 0.198E-04
      3       1      24    4096    4096       4       4 0.147E-02 0.507E-02 0.000E+00 0.000E+00 0.262E+01 0.164E+00 0.244E+01 0.152E+00
      3       1      24     512     512       4       4 0.343E-02 0.135E-01 0.000E+00 0.000E+00 0.217E-01 0.136E-02 0.186E-01 0.117E-02
      3       1      24      64      64       4       4 0.513E-02 0.205E-01 0.000E+00 0.000E+00 0.953E-03 0.596E-04 0.645E-03 0.403E-04
      3       1       4    1024    1024       4       4 0.749E-03 0.273E-02 0.000E+00 0.000E+00 0.146E+00 0.912E-02 0.125E+00 0.783E-02
      3       1       4     128     128       4       4 0.454E-02 0.181E-01 0.000E+00 0.000E+00 0.201E-02 0.125E-03 0.176E-02 0.110E-03
      3       1       4    2048    2048       4       4 0.838E-03 0.290E-02 0.000E+00 0.000E+00 0.779E+00 0.487E-01 0.730E+00 0.456E-01
      3       1       4     256     256       4       4 0.431E-02 0.172E-01 0.000E+00 0.000E+00 0.656E-02 0.410E-03 0.604E-02 0.377E-03
      3       1       4      32      32       4       4 0.580E-02 0.231E-01 0.000E+00 0.000E+00 0.330E-03 0.206E-04 0.200E-03 0.125E-04
      3       1       4    4096    4096       4       4 0.925E-03 0.294E-02 0.000E+00 0.000E+00 0.338E+01 0.211E+00 0.312E+01 0.195E+00
      3       1       4     512     512       4       4 0.230E-02 0.902E-02 0.000E+00 0.000E+00 0.266E-01 0.166E-02 0.234E-01 0.146E-02
      3       1       4      64      64       4       4 0.404E-02 0.161E-01 0.000E+00 0.000E+00 0.688E-03 0.430E-04 0.510E-03 0.318E-04
      3       1       8    1024    1024       4       4 0.673E-03 0.240E-02 0.000E+00 0.000E+00 0.127E+00 0.792E-02 0.105E+00 0.656E-02
      3       1       8     128     128       4       4 0.370E-02 0.147E-01 0.000E+00 0.000E+00 0.111E-01 0.693E-03 0.158E-02 0.987E-04
      3       1       8    2048    2048       4       4 0.879E-03 0.300E-02 0.000E+00 0.000E+00 0.680E+00 0.425E-01 0.626E+00 0.391E-01
      3       1       8     256     256       4       4 0.322E-02 0.128E-01 0.238E-06 0.954E-06 0.551E-02 0.344E-03 0.477E-02 0.298E-03
      3       1       8      32      32       4       4 0.535E-02 0.214E-01 0.000E+00 0.000E+00 0.376E-03 0.235E-04 0.215E-03 0.135E-04
      3       1       8    4096    4096       4       4 0.898E-03 0.283E-02 0.000E+00 0.000E+00 0.287E+01 0.179E+00 0.263E+01 0.165E+00
      3       1       8     512     512       4       4 0.601E-02 0.238E-01 0.000E+00 0.000E+00 0.237E-01 0.148E-02 0.203E-01 0.127E-02
      3       1       8      64      64       4       4 0.412E-02 0.164E-01 0.000E+00 0.000E+00 0.729E-03 0.455E-04 0.499E-03 0.312E-04
      3      12       1    1024    1024       4       4 0.413E-01 0.159E+00 0.000E+00 0.000E+00 0.187E+00 0.117E-01 0.254E+00 0.159E-01
      3      12       1     128     128       4       4 0.170E-01 0.677E-01 0.238E-06 0.954E-06 0.476E-02 0.297E-03 0.297E-02 0.186E-03
      3      12       1    2048    2048       4       4 0.219E-01 0.615E-01 0.000E+00 0.000E+00 0.731E+00 0.457E-01 0.651E+00 0.407E-01
      3      12       1     256     256       4       4 0.107E-01 0.425E-01 0.000E+00 0.000E+00 0.114E-01 0.715E-03 0.732E-02 0.458E-03
      3      12       1      32      32       4       4 0.190E-01 0.759E-01 0.000E+00 0.000E+00 0.202E-02 0.126E-03 0.112E-02 0.700E-04
      3      12       1     512     512       4       4 0.191E-01 0.745E-01 0.000E+00 0.000E+00 0.380E-01 0.238E-02 0.264E-01 0.165E-02
      3      12       1      64      64       4       4 0.324E-01 0.130E+00 0.238E-06 0.954E-06 0.243E-02 0.152E-03 0.152E-02 0.948E-04
      3      12       2    1024    1024       4       4 0.138E-01 0.466E-01 0.000E+00 0.000E+00 0.165E+00 0.103E-01 0.138E+00 0.863E-02
      3      12       2     128     128       4       4 0.174E-01 0.693E-01 0.000E+00 0.000E+00 0.565E-02 0.353E-03 0.390E-02 0.244E-03
      3      12       2    2048    2048       4       4 0.249E-01 0.724E-01 0.238E-06 0.954E-06 0.723E+00 0.452E-01 0.658E+00 0.411E-01
      3      12       2     256     256       4       4 0.247E-01 0.982E-01 0.000E+00 0.000E+00 0.120E-01 0.752E-03 0.842E-02 0.526E-03
      3      12       2      32      32       4       4 0.230E-01 0.920E-01 0.000E+00 0.000E+00 0.199E-02 0.124E-03 0.111E-02 0.691E-04
      3      12       2     512     512       4       4 0.129E-01 0.487E-01 0.000E+00 0.000E+00 0.438E-01 0.274E-02 0.320E-01 0.200E-02
      3      12       2      64      64       4       4 0.250E-01 0.997E-01 0.000E+00 0.000E+00 0.243E-02 0.152E-03 0.146E-02 0.914E-04
      3      16       1    1024    1024       4       4 0.215E-01 0.663E-01 0.000E+00 0.000E+00 0.165E+00 0.103E-01 0.143E+00 0.895E-02
      3      16       1     128     128       4       4 0.192E-01 0.766E-01 0.000E+00 0.000E+00 0.522E-02 0.326E-03 0.305E-02 0.190E-03
      3      16       1    2048    2048       4       4 0.387E-01 0.128E+00 0.000E+00 0.000E+00 0.699E+00 0.437E-01 0.619E+00 0.387E-01
      3      16       1     256     256       4       4 0.233E-01 0.926E-01 0.000E+00 0.000E+00 0.124E-01 0.775E-03 0.738E-02 0.461E-03
      3      16       1      32      32       4       4 0.318E-01 0.127E+00 0.000E+00 0.000E+00 0.234E-02 0.146E-03 0.138E-02 0.865E-04
      3      16       1     512     512       4       4 0.134E-01 0.512E-01 0.000E+00 0.000E+00 0.405E-01 0.253E-02 0.276E-01 0.172E-02
      3      16       1      64      64       4       4 0.290E-01 0.116E+00 0.000E+00 0.000E+00 0.270E-02 0.168E-03 0.172E-02 0.107E-03
      3       2       1    1024    1024       4       4 0.585E-02 0.186E-01 0.298E-06 0.119E-05 0.297E+00 0.185E-01 0.245E+00 0.153E-01
      3       2       1     128     128       4       4 0.461E-02 0.183E-01 0.000E+00 0.000E+00 0.357E-02 0.223E-03 0.321E-02 0.200E-03
      3       2       1    2048    2048       4       4 0.866E-02 0.184E-01 0.000E+00 0.000E+00 0.147E+01 0.919E-01 0.131E+01 0.821E-01
      3       2       1     256     256       4       4 0.436E-02 0.173E-01 0.000E+00 0.000E+00 0.151E-01 0.941E-03 0.131E-01 0.820E-03
      3       2       1      32      32       4       4 0.590E-02 0.235E-01 0.000E+00 0.000E+00 0.741E-03 0.463E-04 0.558E-03 0.349E-04
      3       2       1    4096    4096       4       4 0.759E-02 0.196E-01 0.000E+00 0.000E+00 0.598E+01 0.374E+00 0.536E+01 0.335E+00
      3       2       1     512     512       4       4 0.471E-02 0.173E-01 0.000E+00 0.000E+00 0.602E-01 0.377E-02 0.511E-01 0.319E-02
      3       2       1      64      64       4       4 0.774E-02 0.309E-01 0.000E+00 0.000E+00 0.126E-02 0.785E-04 0.101E-02 0.630E-04
      3       2      12    1024    1024       4       4 0.617E-02 0.183E-01 0.000E+00 0.000E+00 0.218E+00 0.136E-01 0.177E+00 0.111E-01
      3       2      12     128     128       4       4 0.738E-02 0.294E-01 0.000E+00 0.000E+00 0.417E-02 0.260E-03 0.354E-02 0.221E-03
      3       2      12    2048    2048       4       4 0.931E-02 0.225E-01 0.000E+00 0.000E+00 0.959E+00 0.599E-01 0.781E+00 0.488E-01
      3       2      12     256     256       4       4 0.770E-02 0.305E-01 0.000E+00 0.000E+00 0.180E-01 0.112E-02 0.113E-01 0.705E-03
      3       2      12      32      32       4       4 0.807E-02 0.322E-01 0.000E+00 0.000E+00 0.500E-02 0.312E-03 0.714E-03 0.446E-04
      3       2      12    4096    4096       4       4 0.498E-02 0.191E-01 0.000E+00 0.000E+00 0.384E+01 0.240E+00 0.333E+01 0.208E+00
      3       2      12     512     512       4       4 0.405E-02 0.143E-01 0.000E+00 0.000E+00 0.455E-01 0.284E-02 0.367E-01 0.229E-02
      3       2      12      64      64       4       4 0.892E-02 0.356E-01 0.000E+00 0.000E+00 0.319E-02 0.199E-03 0.147E-02 0.916E-04
      3       2       2    1024    1024       4       4 0.523E-02 0.161E-01 0.000E+00 0.000E+00 0.243E+00 0.152E-01 0.205E+00 0.128E-01
      3       2       2     128     128       4       4 0.517E-02 0.205E-01 0.000E+00 0.000E+00 0.406E-02 0.254E-03 0.362E-02 0.226E-03
      3       2       2    2048    2048       4       4 0.796E-02 0.202E-01 0.238E-06 0.954E-06 0.107E+01 0.669E-01 0.897E+00 0.561E-01
      3       2       2     256     256       4       4 0.614E-02 0.244E-01 0.000E+00 0.000E+00 0.131E-01 0.817E-03 0.119E-01 0.747E-03
      3       2       2      32      32       4       4 0.548E-02 0.218E-01 0.000E+00 0.000E+00 0.105E-02 0.654E-04 0.781E-03 0.488E-04
      3       2       2    4096    4096       4       4 0.403E-02 0.119E-01 0.000E+00 0.000E+00 0.496E+01 0.310E+00 0.436E+01 0.272E+00
      3       2       2     512     512       4       4 0.108E-01 0.418E-01 0.000E+00 0.000E+00 0.535E-01 0.335E-02 0.449E-01 0.281E-02
      3       2       2      64      64       4       4 0.505E-02 0.201E-01 0.000E+00 0.000E+00 0.164E-02 0.102E-03 0.144E-02 0.902E-04
      3       2       4    1024    1024       4       4 0.445E-02 0.125E-01 0.000E+00 0.000E+00 0.220E+00 0.137E-01 0.182E+00 0.114E-01
      3       2       4     128     128       4       4 0.616E-02 0.245E-01 0.000E+00 0.000E+00 0.377E-02 0.235E-03 0.342E-02 0.214E-03
      3       2       4    2048    2048       4       4 0.839E-02 0.205E-01 0.000E+00 0.000E+00 0.108E+01 0.676E-01 0.920E+00 0.575E-01
      3       2       4     256     256       4       4 0.577E-02 0.229E-01 0.000E+00 0.000E+00 0.124E-01 0.777E-03 0.110E-01 0.689E-03
      3       2       4      32      32       4       4 0.852E-02 0.340E-01 0.000E+00 0.000E+00 0.819E-03 0.512E-04 0.554E-03 0.346E-04
      3       2       4    4096    4096       4       4 0.980E-02 0.230E-01 0.000E+00 0.000E+00 0.394E+01 0.246E+00 0.340E+01 0.212E+00
      3       2       4     512     512       4       4 0.433E-02 0.159E-01 0.000E+00 0.000E+00 0.488E-01 0.305E-02 0.343E-01 0.214E-02
      3       2       4      64      64       4       4 0.115E-01 0.460E-01 0.238E-06 0.954E-06 0.166E-02 0.104E-03 0.128E-02 0.799E-04
      3       2       8    1024    1024       4       4 0.603E-02 0.182E-01 0.000E+00 0.000E+00 0.211E+00 0.132E-01 0.173E+00 0.108E-01
      3       2       8     128     128       4       4 0.572E-02 0.227E-01 0.000E+00 0.000E+00 0.415E-02 0.259E-03 0.359E-02 0.224E-03
      3       2       8    2048    2048       4       4 0.118E-01 0.253E-01 0.238E-06 0.954E-06 0.108E+01 0.677E-01 0.901E+00 0.563E-01
      3       2       8     256     256       4       4 0.395E-02 0.157E-01 0.000E+00 0.000E+00 0.122E-01 0.762E-03 0.109E-01 0.684E-03
      3       2       8      32      32       4       4 0.797E-02 0.318E-01 0.000E+00 0.000E+00 0.902E-03 0.564E-04 0.638E-03 0.398E-04
      3       2       8    4096    4096       4       4 0.998E-02 0.192E-01 0.000E+00 0.000E+00 0.410E+01 0.256E+00 0.358E+01 0.224E+00
      3       2       8     512     512       4       4 0.539E-02 0.200E-01 0.000E+00 0.000E+00 0.439E-01 0.274E-02 0.375E-01 0.234E-02
      3       2       8      64      64       4       4 0.801E-02 0.320E-01 0.000E+00 0.000E+00 0.151E-02 0.946E-04 0.124E-02 0.772E-04
      3      24       1    1024    1024       4       4 0.373E-01 0.139E+00 0.000E+00 0.000E+00 0.162E+00 0.101E-01 0.127E+00 0.795E-02
      3      24       1     128     128       4       4 0.417E-01 0.166E+00 0.000E+00 0.000E+00 0.604E-02 0.378E-03 0.352E-02 0.220E-03
      3      24       1    2048    2048       4       4 0.422E-01 0.879E-01 0.000E+00 0.000E+00 0.798E+00 0.499E-01 0.767E+00 0.479E-01
      3      24       1     256     256       4       4 0.381E-01 0.152E+00 0.000E+00 0.000E+00 0.147E-01 0.918E-03 0.835E-02 0.522E-03
      3      24       1      32      32       4       4 0.481E-01 0.185E+00 0.000E+00 0.000E+00 0.322E-02 0.201E-03 0.202E-02 0.126E-03
      3      24       1     512     512       4       4 0.439E-01 0.172E+00 0.000E+00 0.000E+00 0.423E-01 0.265E-02 0.288E-01 0.180E-02
      3      24       1      64      64       4       4 0.409E-01 0.163E+00 0.000E+00 0.000E+00 0.384E-02 0.240E-03 0.210E-02 0.131E-03
      3       4       1    1024    1024       4       4 0.162E-01 0.599E-01 0.000E+00 0.000E+00 0.190E+00 0.119E-01 0.156E+00 0.977E-02
      3       4       1     128     128       4       4 0.126E-01 0.502E-01 0.000E+00 0.000E+00 0.190E-01 0.119E-02 0.354E-02 0.221E-03
      3       4       1    2048    2048       4       4 0.164E-01 0.474E-01 0.000E+00 0.000E+00 0.992E+00 0.620E-01 0.829E+00 0.518E-01
      3       4       1     256     256       4       4 0.124E-01 0.494E-01 0.000E+00 0.000E+00 0.108E-01 0.676E-03 0.932E-02 0.583E-03
      3       4       1      32      32       4       4 0.972E-02 0.388E-01 0.000E+00 0.000E+00 0.166E-01 0.104E-02 0.726E-01 0.454E-02
      3       4       1    4096    4096       4       4 0.985E-02 0.388E-01 0.000E+00 0.000E+00 0.438E+01 0.273E+00 0.366E+01 0.229E+00
      3       4       1     512     512       4       4 0.931E-02 0.360E-01 0.000E+00 0.000E+00 0.500E-01 0.312E-02 0.358E-01 0.224E-02
      3       4       1      64      64       4       4 0.986E-02 0.393E-01 0.000E+00 0.000E+00 0.332E-01 0.207E-02 0.273E-01 0.170E-02
      3       4       2    1024    1024       4       4 0.921E-02 0.313E-01 0.000E+00 0.000E+00 0.192E+00 0.120E-01 0.157E+00 0.984E-02
      3       4       2     128     128       4       4 0.144E-01 0.575E-01 0.000E+00 0.000E+00 0.364E-02 0.228E-03 0.310E-02 0.194E-03
      3       4       2    2048    2048       4       4 0.129E-01 0.291E-01 0.238E-06 0.954E-06 0.987E+00 0.617E-01 0.855E+00 0.535E-01
      3       4       2     256     256       4       4 0.122E-01 0.488E-01 0.000E+00 0.000E+00 0.109E-01 0.678E-03 0.932E-02 0.583E-03
      3       4       2      32      32       4       4 0.288E-01 0.115E+00 0.298E-06 0.119E-05 0.111E-02 0.691E-04 0.798E-03 0.499E-04
      3       4       2    4096    4096       4       4 0.138E-01 0.497E-01 0.000E+00 0.000E+00 0.388E+01 0.242E+00 0.328E+01 0.205E+00
      3       4       2     512     512       4       4 0.226E-01 0.889E-01 0.000E+00 0.000E+00 0.425E-01 0.266E-02 0.355E-01 0.222E-02
      3       4       2      64      64       4       4 0.154E-01 0.613E-01 0.000E+00 0.000E+00 0.169E-02 0.106E-03 0.138E-02 0.864E-04
      3       4       4    1024    1024       4       4 0.973E-02 0.327E-01 0.000E+00 0.000E+00 0.177E+00 0.110E-01 0.141E+00 0.884E-02
      3       4       4     128     128       4       4 0.117E-01 0.466E-01 0.000E+00 0.000E+00 0.328E-02 0.205E-03 0.282E-02 0.176E-03
      3       4       4    2048    2048       4       4 0.122E-01 0.275E-01 0.000E+00 0.000E+00 0.894E+00 0.559E-01 0.728E+00 0.455E-01
      3       4       4     256     256       4       4 0.951E-02 0.377E-01 0.000E+00 0.000E+00 0.111E-01 0.692E-03 0.944E-02 0.590E-03
      3       4       4      32      32       4       4 0.121E-01 0.485E-01 0.000E+00 0.000E+00 0.101E-02 0.633E-04 0.807E-03 0.504E-04
      3       4       4    4096    4096       4       4 0.173E-01 0.421E-01 0.238E-06 0.954E-06 0.376E+01 0.235E+00 0.314E+01 0.196E+00
      3       4       4     512     512       4       4 0.104E-01 0.401E-01 0.000E+00 0.000E+00 0.392E-01 0.245E-02 0.305E-01 0.190E-02
      3       4       4      64      64       4       4 0.120E-01 0.478E-01 0.000E+00 0.000E+00 0.183E-02 0.114E-03 0.149E-02 0.928E-04
      3       8       1    1024    1024       4       4 0.115E-01 0.378E-01 0.000E+00 0.000E+00 0.166E+00 0.104E-01 0.128E+00 0.802E-02
      3       8       1     128     128       4       4 0.205E-01 0.818E-01 0.000E+00 0.000E+00 0.429E-02 0.268E-03 0.300E-02 0.188E-03
      3       8       1    2048    2048       4       4 0.159E-01 0.299E-01 0.000E+00 0.000E+00 0.895E+00 0.559E-01 0.735E+00 0.459E-01
      3       8       1     256     256       4       4 0.712E-02 0.282E-01 0.000E+00 0.000E+00 0.101E-01 0.632E-03 0.718E-02 0.448E-03
      3       8       1      32      32       4       4 0.127E-01 0.508E-01 0.000E+00 0.000E+00 0.159E-02 0.993E-04 0.736E-03 0.460E-04
      3       8       1    4096    4096       4       4 0.250E-01 0.968E-01 0.238E-06 0.954E-06 0.389E+01 0.243E+00 0.341E+01 0.213E+00
      3       8       1     512     512       4       4 0.233E-01 0.899E-01 0.238E-06 0.954E-06 0.430E-01 0.269E-02 0.307E-01 0.192E-02
      3       8       1      64      64       4       4 0.815E-02 0.324E-01 0.298E-06 0.119E-05 0.212E-02 0.133E-03 0.123E-02 0.769E-04
      3       8       2    1024    1024       4       4 0.822E-02 0.266E-01 0.000E+00 0.000E+00 0.167E+00 0.105E-01 0.136E+00 0.847E-02
      3       8       2     128     128       4       4 0.115E-01 0.457E-01 0.000E+00 0.000E+00 0.457E-02 0.286E-03 0.327E-02 0.205E-03
      3       8       2    2048    2048       4       4 0.208E-01 0.462E-01 0.000E+00 0.000E+00 0.890E+00 0.556E-01 0.749E+00 0.468E-01
      3       8       2     256     256       4       4 0.162E-01 0.647E-01 0.000E+00 0.000E+00 0.109E-01 0.682E-03 0.880E-02 0.550E-03
      3       8       2      32      32       4       4 0.150E-01 0.599E-01 0.000E+00 0.000E+00 0.167E-02 0.104E-03 0.988E-03 0.617E-04
      3       8       2    4096    4096       4       4 0.175E-01 0.342E-01 0.000E+00 0.000E+00 0.356E+01 0.222E+00 0.309E+01 0.193E+00
      3       8       2     512     512       4       4 0.936E-02 0.349E-01 0.000E+00 0.000E+00 0.401E-01 0.251E-02 0.278E-01 0.174E-02
      3       8       2      64      64       4       4 0.220E-01 0.873E-01 0.000E+00 0.000E+00 0.301E-02 0.188E-03 0.153E-02 0.955E-04
