      1       1     128     128     128       4 0.188E-04 0.331E-04 0.000E+00 0.000E+00 0.156E+00 0.390E-01 0.160E+00 0.400E-01
      1       1      16      16      16       4 0.674E-05 0.238E-04 0.000E+00 0.000E+00 0.190E-03 0.475E-04 0.192E-03 0.480E-04
      1       1     256     256     256       4 0.250E-04 0.410E-04 0.000E+00 0.000E+00 0.173E+01 0.433E+00 0.195E+01 0.486E+00
      1       1      32      32      32       4 0.596E-05 0.169E-04 0.000E+00 0.000E+00 0.149E-02 0.373E-03 0.167E-02 0.417E-03
      1       1     512     512     512       4 0.337E-04 0.479E-04 0.000E+00 0.000E+00 0.196E+02 0.491E+01 0.213E+02 0.533E+01
      1       1      64      64      64       4 0.697E-05 0.160E-04 0.000E+00 0.000E+00 0.127E-01 0.316E-02 0.143E-01 0.357E-02
      1       1       8       8       8       4 0.328E-05 0.110E-04 0.000E+00 0.000E+00 0.420E-04 0.105E-04 0.331E-04 0.829E-05
      1      12     128     128     128       4 0.208E-04 0.401E-04 0.000E+00 0.000E+00 0.194E-01 0.486E-02 0.196E-01 0.489E-02
      1      12      16      16      16       4 0.674E-05 0.200E-04 0.000E+00 0.000E+00 0.138E-03 0.345E-04 0.119E-03 0.298E-04
      1      12     256     256     256       4 0.275E-04 0.479E-04 0.238E-06 0.954E-06 0.246E+00 0.615E-01 0.334E+00 0.835E-01
      1      12      32      32      32       4 0.100E-04 0.260E-04 0.000E+00 0.000E+00 0.442E-03 0.110E-03 0.478E-03 0.120E-03
      1      12     512     512     512       4 0.350E-04 0.510E-04 0.000E+00 0.000E+00 0.269E+01 0.673E+00 0.333E+01 0.832E+00
      1      12      64      64      64       4 0.745E-05 0.179E-04 0.238E-06 0.954E-06 0.280E-02 0.700E-03 0.255E-02 0.636E-03
      1      12       8       8       8       4 0.471E-05 0.138E-04 0.000E+00 0.000E+00 0.751E-04 0.188E-04 0.718E-04 0.179E-04
      1      16     128     128     128       4 0.205E-04 0.401E-04 0.000E+00 0.000E+00 0.155E-01 0.387E-02 0.152E-01 0.380E-02
      1      16      16      16      16       4 0.644E-05 0.210E-04 0.000E+00 0.000E+00 0.114E-02 0.284E-03 0.951E-04 0.238E-04
      1      16     256     256     256       4 0.281E-04 0.479E-04 0.238E-06 0.954E-06 0.239E+00 0.598E-01 0.359E+00 0.898E-01
      1      16      32      32      32       4 0.799E-05 0.210E-04 0.238E-06 0.954E-06 0.369E-03 0.923E-04 0.346E-03 0.866E-04
      1      16     512     512     512       4 0.347E-04 0.498E-04 0.238E-06 0.954E-06 0.351E+01 0.877E+00 0.423E+01 0.106E+01
      1      16      64      64      64       4 0.751E-05 0.179E-04 0.000E+00 0.000E+00 0.253E-02 0.633E-03 0.235E-02 0.587E-03
      1      16       8       8       8       4 0.399E-05 0.110E-04 0.000E+00 0.000E+00 0.939E-04 0.235E-04 0.708E-04 0.177E-04
      1       2     128     128     128       4 0.185E-04 0.329E-04 0.000E+00 0.000E+00 0.844E-01 0.211E-01 0.890E-01 0.223E-01
      1       2      16      16      16       4 0.578E-05 0.172E-04 0.000E+00 0.000E+00 0.170E-03 0.425E-04 0.154E-03 0.385E-04
      1       2     256     256     256       4 0.244E-04 0.389E-04 0.238E-06 0.954E-06 0.102E+01 0.256E+00 0.118E+01 0.295E+00
      1       2      32      32      32       4 0.578E-05 0.169E-04 0.238E-06 0.954E-06 0.880E-03 0.220E-03 0.926E-03 0.232E-03
      1       2     512     512     512       4 0.352E-04 0.510E-04 0.000E+00 0.000E+00 0.114E+02 0.285E+01 0.125E+02 0.312E+01
      1       2      64      64      64       4 0.596E-05 0.148E-04 0.000E+00 0.000E+00 0.670E-02 0.168E-02 0.772E-02 0.193E-02
      1       2       8       8       8       4 0.328E-05 0.906E-05 0.000E+00 0.000E+00 0.491E-04 0.123E-04 0.513E-04 0.128E-04
      1      24     128     128     128       4 0.225E-04 0.420E-04 0.238E-06 0.954E-06 0.134E-01 0.336E-02 0.135E-01 0.339E-02
      1      24      16      16      16       4 0.620E-05 0.191E-04 0.298E-06 0.119E-05 0.139E-03 0.347E-04 0.120E-03 0.300E-04
      1      24     256     256     256       4 0.263E-04 0.460E-04 0.000E+00 0.000E+00 0.209E+00 0.523E-01 0.307E+00 0.768E-01
      1      24      32      32      32       4 0.100E-04 0.260E-04 0.000E+00 0.000E+00 0.128E-02 0.319E-03 0.446E-03 0.112E-03
      1      24     512     512     512       4 0.355E-04 0.520E-04 0.000E+00 0.000E+00 0.231E+01 0.577E+00 0.300E+01 0.749E+00
      1      24      64      64      64       4 0.829E-05 0.210E-04 0.000E+00 0.000E+00 0.210E-02 0.524E-03 0.200E-02 0.499E-03
      1      24       8       8       8       4 0.399E-05 0.129E-04 0.000E+00 0.000E+00 0.109E-03 0.272E-04 0.730E-04 0.182E-04
      1       4     128     128     128       4 0.193E-04 0.350E-04 0.000E+00 0.000E+00 0.468E-01 0.117E-01 0.463E-01 0.116E-01
      1       4      16      16      16       4 0.566E-05 0.179E-04 0.000E+00 0.000E+00 0.158E-03 0.395E-04 0.148E-03 0.371E-04
      1       4     256     256     256       4 0.275E-04 0.460E-04 0.000E+00 0.000E+00 0.559E+00 0.140E+00 0.673E+00 0.168E+00
      1       4      32      32      32       4 0.697E-05 0.200E-04 0.000E+00 0.000E+00 0.535E-03 0.134E-03 0.560E-03 0.140E-03
      1       4     512     512     512       4 0.342E-04 0.470E-04 0.000E+00 0.000E+00 0.622E+01 0.155E+01 0.705E+01 0.176E+01
      1       4      64      64      64       4 0.697E-05 0.169E-04 0.000E+00 0.000E+00 0.499E-02 0.125E-02 0.465E-02 0.116E-02
      1       4       8       8       8       4 0.381E-05 0.122E-04 0.000E+00 0.000E+00 0.589E-04 0.147E-04 0.513E-04 0.128E-04
      1       8     128     128     128       4 0.203E-04 0.360E-04 0.000E+00 0.000E+00 0.277E-01 0.692E-02 0.273E-01 0.683E-02
      1       8      16      16      16       4 0.554E-05 0.169E-04 0.000E+00 0.000E+00 0.121E-03 0.302E-04 0.136E-03 0.340E-04
      1       8     256     256     256       4 0.268E-04 0.429E-04 0.000E+00 0.000E+00 0.374E+00 0.934E-01 0.474E+00 0.119E+00
      1       8      32      32      32       4 0.829E-05 0.210E-04 0.000E+00 0.000E+00 0.475E-03 0.119E-03 0.484E-03 0.121E-03
      1       8     512     512     512       4 0.378E-04 0.510E-04 0.000E+00 0.000E+00 0.396E+01 0.989E+00 0.474E+01 0.119E+01
      1       8      64      64      64       4 0.697E-05 0.160E-04 0.000E+00 0.000E+00 0.307E-02 0.768E-03 0.260E-02 0.651E-03
      1       8       8       8       8       4 0.328E-05 0.100E-04 0.000E+00 0.000E+00 0.851E-04 0.213E-04 0.710E-04 0.178E-04
      2       1     128     128     128       4 0.350E+00 0.140E+01 0.284E+00 0.113E+01 0.115E+00 0.287E-01 0.126E+00 0.315E-01
      2       1      16      16      16       4 0.295E-02 0.117E-01 0.245E-02 0.971E-02 0.710E-04 0.178E-04 0.861E-04 0.215E-04
      2       1     256     256     256       4 0.133E+01 0.531E+01 0.133E+01 0.533E+01 0.134E+01 0.335E+00 0.138E+01 0.345E+00
      2       1      32      32      32       4 0.151E-01 0.605E-01 0.129E-01 0.514E-01 0.757E-03 0.189E-03 0.748E-03 0.187E-03
      2       1     512     512     512       4 0.456E+01 0.182E+02 0.452E+01 0.181E+02 0.117E+02 0.292E+01 0.118E+02 0.294E+01
      2       1      64      64      64       4 0.615E-01 0.246E+00 0.533E-01 0.213E+00 0.102E-01 0.255E-02 0.106E-01 0.266E-02
      2       1       8       8       8       4 0.215E-02 0.851E-02 0.181E-02 0.717E-02 0.930E-05 0.232E-05 0.596E-05 0.149E-05
      2      12     128     128     128       4 0.564E+00 0.225E+01 0.465E+00 0.185E+01 0.231E-01 0.577E-02 0.251E-01 0.628E-02
      2      12      16      16      16       4 0.926E-02 0.359E-01 0.830E-02 0.321E-01 0.379E-03 0.948E-04 0.296E-03 0.740E-04
      2      12     256     256     256       4 0.206E+01 0.823E+01 0.199E+01 0.794E+01 0.197E+00 0.494E-01 0.194E+00 0.484E-01
      2      12      32      32      32       4 0.340E-01 0.134E+00 0.297E-01 0.117E+00 0.522E-03 0.131E-03 0.581E-03 0.145E-03
      2      12     512     512     512       4 0.758E+01 0.303E+02 0.743E+01 0.297E+02 0.173E+01 0.433E+00 0.153E+01 0.384E+00
      2      12      64      64      64       4 0.112E+00 0.448E+00 0.107E+00 0.424E+00 0.258E-02 0.644E-03 0.277E-02 0.692E-03
      2      12       8       8       8       4 0.678E-02 0.256E-01 0.598E-02 0.225E-01 0.618E-03 0.154E-03 0.417E-03 0.104E-03
      2      16     128     128     128       4 0.500E+00 0.200E+01 0.411E+00 0.164E+01 0.226E-01 0.564E-02 0.197E-01 0.491E-02
      2      16      16      16      16       4 0.669E-02 0.258E-01 0.594E-02 0.228E-01 0.256E-03 0.640E-04 0.233E-03 0.582E-04
      2      16     256     256     256       4 0.157E+01 0.626E+01 0.154E+01 0.614E+01 0.195E+00 0.487E-01 0.188E+00 0.470E-01
      2      16      32      32      32       4 0.270E-01 0.106E+00 0.249E-01 0.982E-01 0.454E-03 0.113E-03 0.441E-03 0.110E-03
      2      16     512     512     512       4 0.548E+01 0.219E+02 0.540E+01 0.216E+02 0.191E+01 0.477E+00 0.181E+01 0.453E+00
      2      16      64      64      64       4 0.102E+00 0.405E+00 0.886E-01 0.352E+00 0.323E-02 0.807E-03 0.288E-02 0.720E-03
      2      16       8       8       8       4 0.568E-02 0.216E-01 0.471E-02 0.177E-01 0.339E-03 0.848E-04 0.257E-03 0.642E-04
      2       2     128     128     128       4 0.582E+00 0.233E+01 0.484E+00 0.194E+01 0.658E-01 0.165E-01 0.715E-01 0.179E-01
      2       2      16      16      16       4 0.588E-02 0.233E-01 0.515E-02 0.204E-01 0.150E-03 0.376E-04 0.130E-03 0.325E-04
      2       2     256     256     256       4 0.225E+01 0.902E+01 0.224E+01 0.896E+01 0.811E+00 0.203E+00 0.842E+00 0.211E+00
      2       2      32      32      32       4 0.235E-01 0.939E-01 0.209E-01 0.834E-01 0.690E-03 0.172E-03 0.700E-03 0.175E-03
      2       2     512     512     512       4 0.735E+01 0.294E+02 0.723E+01 0.289E+02 0.677E+01 0.169E+01 0.707E+01 0.177E+01
      2       2      64      64      64       4 0.103E+00 0.412E+00 0.888E-01 0.355E+00 0.689E-02 0.172E-02 0.775E-02 0.194E-02
      2       2       8       8       8       4 0.410E-02 0.162E-01 0.371E-02 0.147E-01 0.100E-03 0.250E-04 0.899E-04 0.225E-04
      2      24     128     128     128       4 0.579E+00 0.230E+01 0.464E+00 0.184E+01 0.171E-01 0.428E-02 0.208E-01 0.519E-02
      2      24      16      16      16       4 0.988E-02 0.373E-01 0.881E-02 0.331E-01 0.462E-03 0.115E-03 0.574E-03 0.144E-03
      2      24     256     256     256       4 0.182E+01 0.725E+01 0.188E+01 0.750E+01 0.194E+00 0.484E-01 0.208E+00 0.519E-01
      2      24      32      32      32       4 0.298E-01 0.116E+00 0.269E-01 0.105E+00 0.129E-02 0.323E-03 0.904E-03 0.226E-03
      2      24     512     512     512       4 0.640E+01 0.256E+02 0.633E+01 0.253E+02 0.174E+01 0.435E+00 0.157E+01 0.394E+00
      2      24      64      64      64       4 0.124E+00 0.492E+00 0.116E+00 0.455E+00 0.332E-02 0.830E-03 0.531E-02 0.133E-02
      2      24       8       8       8       4 0.708E-02 0.261E-01 0.640E-02 0.234E-01 0.608E-03 0.152E-03 0.430E-03 0.108E-03
      2       4     128     128     128       4 0.482E+00 0.193E+01 0.401E+00 0.160E+01 0.423E-01 0.106E-01 0.439E-01 0.110E-01
      2       4      16      16      16       4 0.584E-02 0.231E-01 0.529E-02 0.209E-01 0.125E-03 0.313E-04 0.151E-03 0.378E-04
      2       4     256     256     256       4 0.186E+01 0.743E+01 0.183E+01 0.732E+01 0.431E+00 0.108E+00 0.433E+00 0.108E+00
      2       4      32      32      32       4 0.228E-01 0.907E-01 0.201E-01 0.802E-01 0.406E-03 0.102E-03 0.611E-03 0.153E-03
      2       4     512     512     512       4 0.639E+01 0.255E+02 0.648E+01 0.259E+02 0.356E+01 0.891E+00 0.375E+01 0.938E+00
      2       4      64      64      64       4 0.863E-01 0.345E+00 0.804E-01 0.321E+00 0.500E-02 0.125E-02 0.595E-02 0.149E-02
      2       4       8       8       8       4 0.408E-02 0.160E-01 0.360E-02 0.141E-01 0.679E-04 0.170E-04 0.579E-04 0.145E-04
      2       8     128     128     128       4 0.434E+00 0.173E+01 0.328E+00 0.131E+01 0.278E-01 0.695E-02 0.288E-01 0.721E-02
      2       8      16      16      16       4 0.605E-02 0.236E-01 0.518E-02 0.201E-01 0.160E-03 0.400E-04 0.154E-03 0.384E-04
      2       8     256     256     256       4 0.165E+01 0.659E+01 0.167E+01 0.669E+01 0.245E+00 0.611E-01 0.253E+00 0.633E-01
      2       8      32      32      32       4 0.193E-01 0.766E-01 0.171E-01 0.676E-01 0.442E-03 0.110E-03 0.531E-03 0.133E-03
      2       8     512     512     512       4 0.616E+01 0.246E+02 0.555E+01 0.222E+02 0.210E+01 0.524E+00 0.215E+01 0.536E+00
      2       8      64      64      64       4 0.760E-01 0.303E+00 0.627E-01 0.250E+00 0.308E-02 0.770E-03 0.356E-02 0.890E-03
      2       8       8       8       8       4 0.359E-02 0.134E-01 0.303E-02 0.113E-01 0.170E-03 0.424E-04 0.129E-03 0.322E-04
      3       1     128     128     128       4 0.885E-03 0.339E-02 0.222E-04 0.350E-04 0.110E+00 0.275E-01 0.970E-01 0.243E-01
      3       1      16      16      16       4 0.701E-03 0.280E-02 0.101E-05 0.405E-05 0.751E-04 0.188E-04 0.682E-04 0.170E-04
      3       1     256     256     256       4 0.989E-03 0.376E-02 0.305E-04 0.410E-04 0.129E+01 0.323E+00 0.130E+01 0.324E+00
      3       1      32      32      32       4 0.787E-03 0.313E-02 0.477E-05 0.906E-05 0.849E-03 0.212E-03 0.816E-03 0.204E-03
      3       1     512     512     512       4 0.776E-03 0.285E-02 0.516E-04 0.660E-04 0.198E+02 0.496E+01 0.199E+02 0.496E+01
      3       1      64      64      64       4 0.830E-03 0.329E-02 0.602E-05 0.119E-04 0.833E-02 0.208E-02 0.841E-02 0.210E-02
      3       1       8       8       8       4 0.844E-03 0.337E-02 0.131E-05 0.405E-05 0.141E-04 0.352E-05 0.112E-04 0.280E-05
      3      12     128     128     128       4 0.126E-02 0.489E-02 0.249E-04 0.360E-04 0.130E-01 0.326E-02 0.111E-01 0.278E-02
      3      12      16      16      16       4 0.434E-02 0.174E-01 0.650E-05 0.129E-04 0.124E-03 0.311E-04 0.827E-04 0.207E-04
      3      12     256     256     256       4 0.670E-03 0.243E-02 0.528E-04 0.811E-04 0.212E+00 0.530E-01 0.213E+00 0.532E-01
      3      12      32      32      32       4 0.395E-02 0.158E-01 0.626E-05 0.138E-04 0.280E-03 0.699E-04 0.225E-03 0.563E-04
      3      12     512     512     512       4 0.927E-03 0.345E-02 0.575E-04 0.770E-04 0.292E+01 0.730E+00 0.293E+01 0.732E+00
      3      12      64      64      64       4 0.364E-02 0.145E-01 0.727E-05 0.169E-04 0.160E-02 0.401E-03 0.151E-02 0.378E-03
      3      12       8       8       8       4 0.423E-02 0.169E-01 0.143E-05 0.286E-05 0.217E-04 0.542E-05 0.143E-04 0.358E-05
      3      16     128     128     128       4 0.639E-03 0.238E-02 0.387E-04 0.820E-04 0.128E-01 0.320E-02 0.108E-01 0.271E-02
      3      16      16      16      16       4 0.630E-02 0.252E-01 0.596E-05 0.119E-04 0.159E-03 0.398E-04 0.780E-04 0.195E-04
      3      16     256     256     256       4 0.504E-03 0.181E-02 0.525E-04 0.901E-04 0.217E+00 0.544E-01 0.212E+00 0.531E-01
      3      16      32      32      32       4 0.392E-02 0.157E-01 0.608E-05 0.122E-04 0.263E-03 0.657E-04 0.233E-03 0.582E-04
      3      16     512     512     512       4 0.915E-03 0.340E-02 0.517E-04 0.651E-04 0.309E+01 0.772E+00 0.315E+01 0.787E+00
      3      16      64      64      64       4 0.850E-03 0.337E-02 0.751E-05 0.150E-04 0.140E-02 0.349E-03 0.109E-02 0.273E-03
      3      16       8       8       8       4 0.326E-02 0.130E-01 0.101E-05 0.215E-05 0.148E-04 0.370E-05 0.100E-04 0.250E-05
      3       2     128     128     128       4 0.782E-03 0.299E-02 0.227E-04 0.319E-04 0.570E-01 0.142E-01 0.506E-01 0.126E-01
      3       2      16      16      16       4 0.361E-02 0.144E-01 0.477E-05 0.906E-05 0.102E-03 0.255E-04 0.710E-04 0.178E-04
      3       2     256     256     256       4 0.788E-03 0.295E-02 0.336E-04 0.401E-04 0.833E+00 0.208E+00 0.836E+00 0.209E+00
      3       2      32      32      32       4 0.316E-02 0.126E-01 0.530E-05 0.119E-04 0.511E-03 0.128E-03 0.508E-03 0.127E-03
      3       2     512     512     512       4 0.103E-02 0.385E-02 0.548E-04 0.651E-04 0.126E+02 0.315E+01 0.126E+02 0.316E+01
      3       2      64      64      64       4 0.125E-02 0.499E-02 0.626E-05 0.150E-04 0.453E-02 0.113E-02 0.465E-02 0.116E-02
      3       2       8       8       8       4 0.647E-03 0.258E-02 0.125E-05 0.191E-05 0.157E-04 0.393E-05 0.715E-05 0.179E-05
      3      24     128     128     128       4 0.758E-03 0.287E-02 0.377E-04 0.610E-04 0.109E-01 0.273E-02 0.846E-02 0.212E-02
      3      24      16      16      16       4 0.413E-02 0.165E-01 0.602E-05 0.122E-04 0.132E-03 0.330E-04 0.101E-03 0.252E-04
      3      24     256     256     256       4 0.418E-03 0.147E-02 0.502E-04 0.930E-04 0.187E+00 0.468E-01 0.185E+00 0.461E-01
      3      24      32      32      32       4 0.246E-02 0.982E-02 0.751E-05 0.150E-04 0.312E-03 0.780E-04 0.201E-03 0.502E-04
      3      24     512     512     512       4 0.832E-03 0.306E-02 0.543E-04 0.751E-04 0.259E+01 0.648E+00 0.258E+01 0.645E+00
      3      24      64      64      64       4 0.108E-02 0.429E-02 0.954E-05 0.222E-04 0.134E-02 0.334E-03 0.119E-02 0.297E-03
      3      24       8       8       8       4 0.519E-02 0.208E-01 0.954E-06 0.191E-05 0.172E-04 0.429E-05 0.117E-04 0.292E-05
      3       4     128     128     128       4 0.121E-02 0.472E-02 0.278E-04 0.422E-04 0.314E-01 0.785E-02 0.270E-01 0.676E-02
      3       4      16      16      16       4 0.567E-02 0.227E-01 0.554E-05 0.110E-04 0.117E-03 0.293E-04 0.949E-04 0.237E-04
      3       4     256     256     256       4 0.725E-03 0.270E-02 0.330E-04 0.420E-04 0.454E+00 0.113E+00 0.454E+00 0.113E+00
      3       4      32      32      32       4 0.416E-02 0.166E-01 0.656E-05 0.141E-04 0.525E-03 0.131E-03 0.500E-03 0.125E-03
      3       4     512     512     512       4 0.929E-03 0.342E-02 0.526E-04 0.648E-04 0.624E+01 0.156E+01 0.629E+01 0.157E+01
      3       4      64      64      64       4 0.239E-02 0.952E-02 0.703E-05 0.160E-04 0.276E-02 0.691E-03 0.281E-02 0.703E-03
      3       4       8       8       8       4 0.563E-02 0.225E-01 0.125E-05 0.215E-05 0.148E-04 0.370E-05 0.112E-04 0.280E-05
      3       8     128     128     128       4 0.131E-02 0.509E-02 0.260E-04 0.451E-04 0.174E-01 0.435E-02 0.148E-01 0.370E-02
      3       8      16      16      16       4 0.442E-02 0.177E-01 0.626E-05 0.100E-04 0.223E-01 0.557E-02 0.951E-04 0.238E-04
      3       8     256     256     256       4 0.629E-03 0.231E-02 0.452E-04 0.720E-04 0.316E+00 0.790E-01 0.318E+00 0.795E-01
      3       8      32      32      32       4 0.520E-02 0.208E-01 0.590E-05 0.119E-04 0.355E-03 0.888E-04 0.317E-03 0.793E-04
      3       8     512     512     512       4 0.104E-02 0.391E-02 0.541E-04 0.660E-04 0.402E+01 0.100E+01 0.391E+01 0.978E+00
      3       8      64      64      64       4 0.351E-02 0.140E-01 0.703E-05 0.150E-04 0.164E-02 0.409E-03 0.162E-02 0.406E-03
      3       8       8       8       8       4 0.366E-02 0.147E-01 0.119E-05 0.381E-05 0.150E-04 0.376E-05 0.100E-04 0.250E-05
