      1       1       1     128     128     128       4 0.169E-04 0.329E-04 0.000E+00 0.000E+00 0.160E+00 0.399E-01 0.165E+00 0.412E-01
      1       1       1      16      16      16       4 0.870E-05 0.279E-04 0.000E+00 0.000E+00 0.299E-03 0.749E-04 0.205E-03 0.513E-04
      1       1       1     256     256     256       4 0.264E-04 0.479E-04 0.000E+00 0.000E+00 0.172E+01 0.429E+00 0.193E+01 0.482E+00
      1       1       1      32      32      32       4 0.115E-04 0.350E-04 0.000E+00 0.000E+00 0.157E-02 0.392E-03 0.168E-02 0.421E-03
      1       1       1     512     512     512       4 0.330E-04 0.501E-04 0.000E+00 0.000E+00 0.194E+02 0.486E+01 0.211E+02 0.528E+01
      1       1       1      64      64      64       4 0.757E-05 0.181E-04 0.000E+00 0.000E+00 0.127E-01 0.317E-02 0.144E-01 0.359E-02
      1       1       1       8       8       8       4 0.554E-05 0.200E-04 0.000E+00 0.000E+00 0.780E-04 0.195E-04 0.603E-04 0.151E-04
      1       1      12     128     128     128       4 0.193E-04 0.391E-04 0.238E-06 0.954E-06 0.196E-01 0.490E-02 0.216E-01 0.540E-02
      1       1      12      16      16      16       4 0.107E-04 0.360E-04 0.000E+00 0.000E+00 0.156E-03 0.390E-04 0.129E-03 0.322E-04
      1       1      12     256     256     256       4 0.288E-04 0.501E-04 0.000E+00 0.000E+00 0.244E+00 0.610E-01 0.339E+00 0.848E-01
      1       1      12      32      32      32       4 0.103E-04 0.241E-04 0.000E+00 0.000E+00 0.472E-03 0.118E-03 0.496E-03 0.124E-03
      1       1      12     512     512     512       4 0.343E-04 0.510E-04 0.000E+00 0.000E+00 0.265E+01 0.662E+00 0.332E+01 0.831E+00
      1       1      12      64      64      64       4 0.829E-05 0.210E-04 0.000E+00 0.000E+00 0.247E-02 0.617E-03 0.202E-02 0.504E-03
      1       1      12       8       8       8       4 0.554E-05 0.179E-04 0.000E+00 0.000E+00 0.911E-04 0.228E-04 0.648E-04 0.162E-04
      1       1      16     128     128     128       4 0.213E-04 0.441E-04 0.000E+00 0.000E+00 0.153E-01 0.383E-02 0.139E-01 0.346E-02
      1       1      16      16      16      16       4 0.823E-05 0.260E-04 0.238E-06 0.954E-06 0.112E-03 0.280E-04 0.973E-04 0.243E-04
      1       1      16     256     256     256       4 0.292E-04 0.508E-04 0.000E+00 0.000E+00 0.234E+00 0.586E-01 0.331E+00 0.828E-01
      1       1      16      32      32      32       4 0.876E-05 0.260E-04 0.000E+00 0.000E+00 0.378E-03 0.945E-04 0.370E-03 0.926E-04
      1       1      16     512     512     512       4 0.335E-04 0.501E-04 0.000E+00 0.000E+00 0.298E+01 0.744E+00 0.384E+01 0.961E+00
      1       1      16      64      64      64       4 0.948E-05 0.260E-04 0.000E+00 0.000E+00 0.168E-02 0.419E-03 0.151E-02 0.378E-03
      1       1      16       8       8       8       4 0.852E-05 0.281E-04 0.000E+00 0.000E+00 0.842E-04 0.210E-04 0.758E-04 0.190E-04
      1       1       2     128     128     128       4 0.187E-04 0.370E-04 0.238E-06 0.954E-06 0.857E-01 0.214E-01 0.837E-01 0.209E-01
      1       1       2      16      16      16       4 0.894E-05 0.269E-04 0.000E+00 0.000E+00 0.226E-03 0.565E-04 0.195E-03 0.488E-04
      1       1       2     256     256     256       4 0.242E-04 0.420E-04 0.000E+00 0.000E+00 0.105E+01 0.263E+00 0.120E+01 0.301E+00
      1       1       2      32      32      32       4 0.972E-05 0.219E-04 0.000E+00 0.000E+00 0.959E-03 0.240E-03 0.989E-03 0.247E-03
      1       1       2     512     512     512       4 0.342E-04 0.501E-04 0.000E+00 0.000E+00 0.114E+02 0.285E+01 0.125E+02 0.313E+01
      1       1       2      64      64      64       4 0.721E-05 0.188E-04 0.000E+00 0.000E+00 0.836E-02 0.209E-02 0.838E-02 0.210E-02
      1       1       2       8       8       8       4 0.656E-05 0.212E-04 0.477E-06 0.954E-06 0.699E-04 0.175E-04 0.770E-04 0.193E-04
      1       1      24     128     128     128       4 0.235E-04 0.510E-04 0.000E+00 0.000E+00 0.172E-01 0.430E-02 0.175E-01 0.437E-02
      1       1      24      16      16      16       4 0.846E-05 0.279E-04 0.000E+00 0.000E+00 0.925E-03 0.231E-03 0.112E-03 0.280E-04
      1       1      24     256     256     256       4 0.435E-04 0.730E-04 0.000E+00 0.000E+00 0.185E+00 0.462E-01 0.275E+00 0.688E-01
      1       1      24      32      32      32       4 0.103E-04 0.310E-04 0.477E-06 0.954E-06 0.146E-02 0.366E-03 0.455E-03 0.114E-03
      1       1      24     512     512     512       4 0.342E-04 0.510E-04 0.000E+00 0.000E+00 0.225E+01 0.562E+00 0.296E+01 0.740E+00
      1       1      24      64      64      64       4 0.122E-04 0.319E-04 0.000E+00 0.000E+00 0.176E-02 0.440E-03 0.198E-02 0.494E-03
      1       1      24       8       8       8       4 0.644E-05 0.210E-04 0.000E+00 0.000E+00 0.782E-04 0.196E-04 0.780E-04 0.195E-04
      1       1       4     128     128     128       4 0.190E-04 0.360E-04 0.298E-06 0.119E-05 0.460E-01 0.115E-01 0.447E-01 0.112E-01
      1       1       4      16      16      16       4 0.918E-05 0.291E-04 0.000E+00 0.000E+00 0.159E-03 0.398E-04 0.163E-03 0.407E-04
      1       1       4     256     256     256       4 0.265E-04 0.448E-04 0.000E+00 0.000E+00 0.615E+00 0.154E+00 0.712E+00 0.178E+00
      1       1       4      32      32      32       4 0.103E-04 0.229E-04 0.000E+00 0.000E+00 0.900E-03 0.225E-03 0.918E-03 0.230E-03
      1       1       4     512     512     512       4 0.337E-04 0.501E-04 0.000E+00 0.000E+00 0.627E+01 0.157E+01 0.707E+01 0.177E+01
      1       1       4      64      64      64       4 0.757E-05 0.191E-04 0.000E+00 0.000E+00 0.459E-02 0.115E-02 0.438E-02 0.110E-02
      1       1       4       8       8       8       4 0.697E-05 0.229E-04 0.000E+00 0.000E+00 0.589E-04 0.147E-04 0.589E-04 0.147E-04
      1       1       8     128     128     128       4 0.187E-04 0.360E-04 0.000E+00 0.000E+00 0.253E-01 0.632E-02 0.242E-01 0.606E-02
      1       1       8      16      16      16       4 0.626E-05 0.200E-04 0.238E-06 0.954E-06 0.125E-03 0.313E-04 0.115E-03 0.288E-04
      1       1       8     256     256     256       4 0.262E-04 0.429E-04 0.000E+00 0.000E+00 0.356E+00 0.891E-01 0.452E+00 0.113E+00
      1       1       8      32      32      32       4 0.799E-05 0.231E-04 0.000E+00 0.000E+00 0.546E-03 0.136E-03 0.535E-03 0.134E-03
      1       1       8     512     512     512       4 0.337E-04 0.489E-04 0.000E+00 0.000E+00 0.413E+01 0.103E+01 0.460E+01 0.115E+01
      1       1       8      64      64      64       4 0.805E-05 0.200E-04 0.000E+00 0.000E+00 0.307E-02 0.769E-03 0.245E-02 0.614E-03
      1       1       8       8       8       8       4 0.757E-05 0.241E-04 0.000E+00 0.000E+00 0.789E-04 0.197E-04 0.732E-04 0.183E-04
      1      12       1     128     128     128       4 0.177E-04 0.350E-04 0.000E+00 0.000E+00 0.194E+00 0.484E-01 0.255E+00 0.638E-01
      1      12       1      16      16      16       4 0.840E-05 0.260E-04 0.000E+00 0.000E+00 0.414E-03 0.104E-03 0.436E-03 0.109E-03
      1      12       1     256     256     256       4 0.331E-04 0.591E-04 0.000E+00 0.000E+00 0.174E+01 0.436E+00 0.207E+01 0.518E+00
      1      12       1      32      32      32       4 0.745E-05 0.219E-04 0.238E-06 0.954E-06 0.160E-02 0.399E-03 0.183E-02 0.458E-03
      1      12       1      64      64      64       4 0.118E-04 0.300E-04 0.000E+00 0.000E+00 0.158E-01 0.395E-02 0.179E-01 0.448E-02
      1      12       1       8       8       8       4 0.471E-05 0.160E-04 0.000E+00 0.000E+00 0.618E-04 0.154E-04 0.358E-04 0.894E-05
      1      12       2     128     128     128       4 0.332E-04 0.720E-04 0.000E+00 0.000E+00 0.106E+00 0.265E-01 0.151E+00 0.379E-01
      1      12       2      16      16      16       4 0.972E-05 0.300E-04 0.238E-06 0.954E-06 0.284E-03 0.710E-04 0.254E-03 0.635E-04
      1      12       2     256     256     256       4 0.427E-04 0.870E-04 0.000E+00 0.000E+00 0.100E+01 0.251E+00 0.192E+01 0.481E+00
      1      12       2      32      32      32       4 0.128E-04 0.379E-04 0.000E+00 0.000E+00 0.164E-02 0.410E-03 0.185E-02 0.464E-03
      1      12       2      64      64      64       4 0.118E-04 0.300E-04 0.000E+00 0.000E+00 0.109E-01 0.273E-02 0.129E-01 0.322E-02
      1      12       2       8       8       8       4 0.596E-05 0.191E-04 0.000E+00 0.000E+00 0.682E-04 0.170E-04 0.679E-04 0.170E-04
      1      16       1     128     128     128       4 0.176E-04 0.329E-04 0.000E+00 0.000E+00 0.202E+00 0.505E-01 0.286E+00 0.714E-01
      1      16       1      16      16      16       4 0.108E-04 0.360E-04 0.000E+00 0.000E+00 0.412E-03 0.103E-03 0.428E-03 0.107E-03
      1      16       1     256     256     256       4 0.311E-04 0.579E-04 0.000E+00 0.000E+00 0.194E+01 0.485E+00 0.230E+01 0.574E+00
      1      16       1      32      32      32       4 0.858E-05 0.250E-04 0.000E+00 0.000E+00 0.164E-02 0.411E-03 0.184E-02 0.459E-03
      1      16       1      64      64      64       4 0.104E-04 0.222E-04 0.000E+00 0.000E+00 0.208E-01 0.519E-02 0.283E-01 0.708E-02
      1      16       1       8       8       8       4 0.697E-05 0.250E-04 0.000E+00 0.000E+00 0.858E-04 0.215E-04 0.720E-04 0.180E-04
      1       2       1     128     128     128       4 0.177E-04 0.329E-04 0.238E-06 0.954E-06 0.165E+00 0.413E-01 0.170E+00 0.426E-01
      1       2       1      16      16      16       4 0.852E-05 0.279E-04 0.000E+00 0.000E+00 0.374E-03 0.935E-04 0.390E-03 0.975E-04
      1       2       1     256     256     256       4 0.257E-04 0.441E-04 0.238E-06 0.954E-06 0.173E+01 0.431E+00 0.194E+01 0.484E+00
      1       2       1      32      32      32       4 0.829E-05 0.250E-04 0.000E+00 0.000E+00 0.150E-02 0.375E-03 0.162E-02 0.405E-03
      1       2       1     512     512     512       4 0.333E-04 0.510E-04 0.000E+00 0.000E+00 0.195E+02 0.487E+01 0.211E+02 0.529E+01
      1       2       1      64      64      64       4 0.799E-05 0.210E-04 0.000E+00 0.000E+00 0.130E-01 0.325E-02 0.148E-01 0.369E-02
      1       2       1       8       8       8       4 0.697E-05 0.260E-04 0.000E+00 0.000E+00 0.749E-04 0.187E-04 0.622E-04 0.156E-04
      1       2      12     128     128     128       4 0.213E-04 0.429E-04 0.000E+00 0.000E+00 0.350E-01 0.875E-02 0.366E-01 0.915E-02
      1       2      12      16      16      16       4 0.894E-05 0.250E-04 0.238E-06 0.954E-06 0.865E-03 0.216E-03 0.143E-03 0.358E-04
      1       2      12     256     256     256       4 0.358E-04 0.730E-04 0.000E+00 0.000E+00 0.271E+00 0.677E-01 0.451E+00 0.113E+00
      1       2      12      32      32      32       4 0.117E-04 0.269E-04 0.000E+00 0.000E+00 0.468E-03 0.117E-03 0.486E-03 0.121E-03
      1       2      12     512     512     512       4 0.354E-04 0.489E-04 0.000E+00 0.000E+00 0.254E+01 0.636E+00 0.339E+01 0.848E+00
      1       2      12      64      64      64       4 0.900E-05 0.219E-04 0.000E+00 0.000E+00 0.228E-02 0.571E-03 0.272E-02 0.679E-03
      1       2      12       8       8       8       4 0.727E-05 0.229E-04 0.000E+00 0.000E+00 0.657E-02 0.164E-02 0.706E-04 0.176E-04
      1       2       2     128     128     128       4 0.188E-04 0.379E-04 0.000E+00 0.000E+00 0.894E-01 0.223E-01 0.987E-01 0.247E-01
      1       2       2      16      16      16       4 0.805E-05 0.241E-04 0.000E+00 0.000E+00 0.234E-03 0.584E-04 0.266E-03 0.665E-04
      1       2       2     256     256     256       4 0.253E-04 0.429E-04 0.000E+00 0.000E+00 0.891E+00 0.223E+00 0.106E+01 0.266E+00
      1       2       2      32      32      32       4 0.864E-05 0.260E-04 0.298E-06 0.119E-05 0.155E-02 0.388E-03 0.175E-02 0.437E-03
      1       2       2     512     512     512       4 0.330E-04 0.510E-04 0.000E+00 0.000E+00 0.100E+02 0.251E+01 0.109E+02 0.272E+01
      1       2       2      64      64      64       4 0.113E-04 0.331E-04 0.000E+00 0.000E+00 0.704E-02 0.176E-02 0.797E-02 0.199E-02
      1       2       2       8       8       8       4 0.572E-05 0.169E-04 0.000E+00 0.000E+00 0.603E-04 0.151E-04 0.639E-04 0.160E-04
      1       2       4     128     128     128       4 0.193E-04 0.379E-04 0.000E+00 0.000E+00 0.480E-01 0.120E-01 0.548E-01 0.137E-01
      1       2       4      16      16      16       4 0.107E-04 0.341E-04 0.000E+00 0.000E+00 0.149E-03 0.373E-04 0.152E-03 0.380E-04
      1       2       4     256     256     256       4 0.274E-04 0.470E-04 0.238E-06 0.954E-06 0.531E+00 0.133E+00 0.636E+00 0.159E+00
      1       2       4      32      32      32       4 0.115E-04 0.331E-04 0.000E+00 0.000E+00 0.886E-03 0.221E-03 0.963E-03 0.241E-03
      1       2       4     512     512     512       4 0.330E-04 0.501E-04 0.238E-06 0.954E-06 0.582E+01 0.145E+01 0.661E+01 0.165E+01
      1       2       4      64      64      64       4 0.805E-05 0.191E-04 0.000E+00 0.000E+00 0.446E-02 0.111E-02 0.462E-02 0.116E-02
      1       2       4       8       8       8       4 0.745E-05 0.241E-04 0.000E+00 0.000E+00 0.641E-04 0.160E-04 0.622E-04 0.156E-04
      1       2       8     128     128     128       4 0.182E-04 0.329E-04 0.000E+00 0.000E+00 0.300E-01 0.750E-02 0.411E-01 0.103E-01
      1       2       8      16      16      16       4 0.685E-05 0.222E-04 0.000E+00 0.000E+00 0.172E-03 0.429E-04 0.127E-03 0.317E-04
      1       2       8     256     256     256       4 0.290E-04 0.520E-04 0.000E+00 0.000E+00 0.372E+00 0.930E-01 0.481E+00 0.120E+00
      1       2       8      32      32      32       4 0.163E-04 0.379E-04 0.000E+00 0.000E+00 0.581E-03 0.145E-03 0.571E-03 0.143E-03
      1       2       8     512     512     512       4 0.341E-04 0.501E-04 0.000E+00 0.000E+00 0.450E+01 0.113E+01 0.479E+01 0.120E+01
      1       2       8      64      64      64       4 0.110E-04 0.260E-04 0.536E-06 0.119E-05 0.352E-02 0.880E-03 0.358E-02 0.895E-03
      1       2       8       8       8       8       4 0.775E-05 0.250E-04 0.000E+00 0.000E+00 0.968E-04 0.242E-04 0.730E-04 0.182E-04
      1      24       1     128     128     128       4 0.225E-04 0.460E-04 0.000E+00 0.000E+00 0.240E+00 0.600E-01 0.362E+00 0.906E-01
      1      24       1      16      16      16       4 0.900E-05 0.300E-04 0.000E+00 0.000E+00 0.370E-03 0.925E-04 0.404E-03 0.101E-03
      1      24       1     256     256     256       4 0.303E-04 0.470E-04 0.000E+00 0.000E+00 0.201E+01 0.503E+00 0.303E+01 0.756E+00
      1      24       1      32      32      32       4 0.133E-04 0.339E-04 0.000E+00 0.000E+00 0.305E-02 0.763E-03 0.354E-02 0.885E-03
      1      24       1      64      64      64       4 0.234E-04 0.319E-04 0.238E-06 0.954E-06 0.331E-01 0.827E-02 0.342E-01 0.854E-02
      1      24       1       8       8       8       4 0.626E-05 0.219E-04 0.000E+00 0.000E+00 0.770E-04 0.193E-04 0.708E-04 0.177E-04
      1       4       1     128     128     128       4 0.178E-04 0.379E-04 0.000E+00 0.000E+00 0.170E+00 0.426E-01 0.194E+00 0.486E-01
      1       4       1      16      16      16       4 0.781E-05 0.250E-04 0.000E+00 0.000E+00 0.370E-03 0.925E-04 0.386E-03 0.965E-04
      1       4       1     256     256     256       4 0.257E-04 0.451E-04 0.000E+00 0.000E+00 0.151E+01 0.378E+00 0.174E+01 0.436E+00
      1       4       1      32      32      32       4 0.107E-04 0.339E-04 0.000E+00 0.000E+00 0.294E-02 0.735E-03 0.317E-02 0.792E-03
      1       4       1     512     512     512       4 0.388E-04 0.520E-04 0.000E+00 0.000E+00 0.142E+02 0.356E+01 0.159E+02 0.398E+01
      1       4       1      64      64      64       4 0.112E-04 0.219E-04 0.000E+00 0.000E+00 0.238E-01 0.596E-02 0.237E-01 0.594E-02
      1       4       1       8       8       8       4 0.739E-05 0.260E-04 0.000E+00 0.000E+00 0.730E-04 0.182E-04 0.629E-04 0.157E-04
      1       4       2     128     128     128       4 0.200E-04 0.389E-04 0.000E+00 0.000E+00 0.103E+00 0.257E-01 0.123E+00 0.308E-01
      1       4       2      16      16      16       4 0.906E-05 0.281E-04 0.000E+00 0.000E+00 0.219E-03 0.547E-04 0.225E-03 0.561E-04
      1       4       2     256     256     256       4 0.257E-04 0.470E-04 0.000E+00 0.000E+00 0.102E+01 0.254E+00 0.134E+01 0.335E+00
      1       4       2      32      32      32       4 0.108E-04 0.310E-04 0.000E+00 0.000E+00 0.135E-02 0.337E-03 0.164E-02 0.409E-03
      1       4       2     512     512     512       4 0.348E-04 0.539E-04 0.000E+00 0.000E+00 0.803E+01 0.201E+01 0.935E+01 0.234E+01
      1       4       2      64      64      64       4 0.116E-04 0.191E-04 0.000E+00 0.000E+00 0.875E-02 0.219E-02 0.898E-02 0.224E-02
      1       4       2       8       8       8       4 0.620E-05 0.219E-04 0.000E+00 0.000E+00 0.539E-04 0.135E-04 0.489E-04 0.122E-04
      1       4       4     128     128     128       4 0.206E-04 0.420E-04 0.000E+00 0.000E+00 0.594E-01 0.148E-01 0.863E-01 0.216E-01
      1       4       4      16      16      16       4 0.924E-05 0.279E-04 0.000E+00 0.000E+00 0.177E-03 0.442E-04 0.192E-03 0.481E-04
      1       4       4     256     256     256       4 0.275E-04 0.470E-04 0.000E+00 0.000E+00 0.505E+00 0.126E+00 0.647E+00 0.162E+00
      1       4       4      32      32      32       4 0.978E-05 0.279E-04 0.000E+00 0.000E+00 0.823E-03 0.206E-03 0.955E-03 0.239E-03
      1       4       4     512     512     512       4 0.389E-04 0.601E-04 0.000E+00 0.000E+00 0.506E+01 0.127E+01 0.694E+01 0.173E+01
      1       4       4      64      64      64       4 0.115E-04 0.300E-04 0.000E+00 0.000E+00 0.383E-02 0.956E-03 0.437E-02 0.109E-02
      1       4       4       8       8       8       4 0.513E-05 0.141E-04 0.000E+00 0.000E+00 0.858E-04 0.215E-04 0.870E-04 0.218E-04
      1       8       1     128     128     128       4 0.157E-04 0.310E-04 0.000E+00 0.000E+00 0.177E+00 0.443E-01 0.218E+00 0.545E-01
      1       8       1      16      16      16       4 0.978E-05 0.310E-04 0.238E-06 0.954E-06 0.425E-03 0.106E-03 0.458E-03 0.115E-03
      1       8       1     256     256     256       4 0.280E-04 0.510E-04 0.000E+00 0.000E+00 0.163E+01 0.409E+00 0.188E+01 0.471E+00
      1       8       1      32      32      32       4 0.900E-05 0.281E-04 0.000E+00 0.000E+00 0.168E-02 0.420E-03 0.192E-02 0.480E-03
      1       8       1      64      64      64       4 0.900E-05 0.200E-04 0.000E+00 0.000E+00 0.151E-01 0.377E-02 0.163E-01 0.407E-02
      1       8       1       8       8       8       4 0.584E-05 0.200E-04 0.000E+00 0.000E+00 0.477E-04 0.119E-04 0.360E-04 0.900E-05
      1       8       2     128     128     128       4 0.179E-04 0.329E-04 0.000E+00 0.000E+00 0.138E+00 0.345E-01 0.213E+00 0.533E-01
      1       8       2      16      16      16       4 0.900E-05 0.279E-04 0.000E+00 0.000E+00 0.223E-03 0.558E-04 0.247E-03 0.618E-04
      1       8       2     256     256     256       4 0.315E-04 0.541E-04 0.000E+00 0.000E+00 0.122E+01 0.305E+00 0.181E+01 0.452E+00
      1       8       2      32      32      32       4 0.105E-04 0.329E-04 0.000E+00 0.000E+00 0.115E-02 0.287E-03 0.126E-02 0.316E-03
      1       8       2      64      64      64       4 0.100E-04 0.210E-04 0.000E+00 0.000E+00 0.789E-02 0.197E-02 0.869E-02 0.217E-02
      1       8       2       8       8       8       4 0.602E-05 0.210E-04 0.000E+00 0.000E+00 0.451E-04 0.113E-04 0.370E-04 0.924E-05
      2       1       1     128     128     128       4 0.137E+01 0.138E+01 0.111E+01 0.112E+01 0.117E+00 0.293E-01 0.124E+00 0.311E-01
      2       1       1      16      16      16       4 0.113E-01 0.117E-01 0.968E-02 0.975E-02 0.720E-04 0.180E-04 0.687E-04 0.172E-04
      2       1       1     256     256     256       4 0.527E+01 0.530E+01 0.520E+01 0.527E+01 0.134E+01 0.336E+00 0.132E+01 0.330E+00
      2       1       1      32      32      32       4 0.605E-01 0.613E-01 0.512E-01 0.513E-01 0.744E-03 0.186E-03 0.746E-03 0.187E-03
      2       1       1      64      64      64       4 0.242E+00 0.244E+00 0.211E+00 0.211E+00 0.969E-02 0.242E-02 0.105E-01 0.262E-02
      2       1       1       8       8       8       4 0.826E-02 0.861E-02 0.726E-02 0.729E-02 0.691E-05 0.173E-05 0.501E-05 0.125E-05
      2       1      12     128     128     128       4 0.219E+01 0.221E+01 0.183E+01 0.188E+01 0.258E-01 0.645E-02 0.271E-01 0.676E-02
      2       1      12      16      16      16       4 0.344E-01 0.359E-01 0.310E-01 0.317E-01 0.383E-03 0.958E-04 0.217E-03 0.543E-04
      2       1      12     256     256     256       4 0.806E+01 0.812E+01 0.799E+01 0.803E+01 0.210E+00 0.526E-01 0.199E+00 0.499E-01
      2       1      12      32      32      32       4 0.129E+00 0.133E+00 0.119E+00 0.124E+00 0.601E-03 0.150E-03 0.454E-03 0.113E-03
      2       1      12      64      64      64       4 0.473E+00 0.490E+00 0.416E+00 0.422E+00 0.231E-02 0.577E-03 0.265E-02 0.664E-03
      2       1      12       8       8       8       4 0.253E-01 0.260E-01 0.229E-01 0.231E-01 0.580E-03 0.145E-03 0.514E-03 0.128E-03
      2       1      16     128     128     128       4 0.199E+01 0.205E+01 0.167E+01 0.170E+01 0.223E-01 0.558E-02 0.198E-01 0.494E-02
      2       1      16      16      16      16       4 0.255E-01 0.268E-01 0.234E-01 0.237E-01 0.219E-03 0.548E-04 0.196E-03 0.491E-04
      2       1      16     256     256     256       4 0.638E+01 0.657E+01 0.639E+01 0.650E+01 0.168E+00 0.419E-01 0.169E+00 0.421E-01
      2       1      16      32      32      32       4 0.109E+00 0.112E+00 0.985E-01 0.102E+00 0.493E-03 0.123E-03 0.497E-03 0.124E-03
      2       1      16      64      64      64       4 0.420E+00 0.431E+00 0.375E+00 0.389E+00 0.311E-02 0.777E-03 0.256E-02 0.640E-03
      2       1      16       8       8       8       4 0.199E-01 0.209E-01 0.180E-01 0.190E-01 0.264E-03 0.659E-04 0.228E-03 0.570E-04
      2       1       2     128     128     128       4 0.226E+01 0.231E+01 0.188E+01 0.190E+01 0.684E-01 0.171E-01 0.696E-01 0.174E-01
      2       1       2      16      16      16       4 0.210E-01 0.228E-01 0.187E-01 0.205E-01 0.102E-03 0.255E-04 0.112E-03 0.280E-04
      2       1       2     256     256     256       4 0.875E+01 0.891E+01 0.880E+01 0.911E+01 0.810E+00 0.203E+00 0.791E+00 0.198E+00
      2       1       2      32      32      32       4 0.845E-01 0.851E-01 0.729E-01 0.735E-01 0.436E-03 0.109E-03 0.426E-03 0.106E-03
      2       1       2      64      64      64       4 0.360E+00 0.400E+00 0.312E+00 0.348E+00 0.560E-02 0.140E-02 0.600E-02 0.150E-02
      2       1       2       8       8       8       4 0.154E-01 0.160E-01 0.137E-01 0.144E-01 0.548E-04 0.137E-04 0.529E-04 0.132E-04
      2       1      24     128     128     128       4 0.222E+01 0.224E+01 0.181E+01 0.185E+01 0.199E-01 0.497E-02 0.177E-01 0.444E-02
      2       1      24      16      16      16       4 0.458E-01 0.504E-01 0.411E-01 0.453E-01 0.584E-03 0.146E-03 0.606E-03 0.152E-03
      2       1      24     256     256     256       4 0.717E+01 0.735E+01 0.710E+01 0.722E+01 0.186E+00 0.465E-01 0.188E+00 0.470E-01
      2       1      24      32      32      32       4 0.116E+00 0.118E+00 0.106E+00 0.109E+00 0.781E-03 0.195E-03 0.638E-03 0.159E-03
      2       1      24      64      64      64       4 0.509E+00 0.523E+00 0.466E+00 0.492E+00 0.251E-02 0.627E-03 0.371E-02 0.927E-03
      2       1      24       8       8       8       4 0.337E-01 0.345E-01 0.305E-01 0.311E-01 0.133E-02 0.333E-03 0.846E-03 0.211E-03
      2       1       4     128     128     128       4 0.191E+01 0.193E+01 0.158E+01 0.162E+01 0.373E-01 0.934E-02 0.370E-01 0.925E-02
      2       1       4      16      16      16       4 0.221E-01 0.235E-01 0.198E-01 0.212E-01 0.947E-04 0.237E-04 0.942E-04 0.235E-04
      2       1       4     256     256     256       4 0.713E+01 0.729E+01 0.713E+01 0.727E+01 0.419E+00 0.105E+00 0.420E+00 0.105E+00
      2       1       4      32      32      32       4 0.883E-01 0.929E-01 0.773E-01 0.815E-01 0.372E-03 0.930E-04 0.366E-03 0.915E-04
      2       1       4      64      64      64       4 0.351E+00 0.360E+00 0.317E+00 0.327E+00 0.424E-02 0.106E-02 0.460E-02 0.115E-02
      2       1       4       8       8       8       4 0.160E-01 0.166E-01 0.143E-01 0.146E-01 0.582E-04 0.145E-04 0.541E-04 0.135E-04
      2       1       8     128     128     128       4 0.165E+01 0.168E+01 0.132E+01 0.135E+01 0.229E-01 0.572E-02 0.209E-01 0.523E-02
      2       1       8      16      16      16       4 0.212E-01 0.229E-01 0.187E-01 0.194E-01 0.116E-03 0.290E-04 0.113E-03 0.281E-04
      2       1       8     256     256     256       4 0.633E+01 0.639E+01 0.626E+01 0.632E+01 0.244E+00 0.610E-01 0.247E+00 0.618E-01
      2       1       8      32      32      32       4 0.769E-01 0.785E-01 0.667E-01 0.687E-01 0.430E-03 0.107E-03 0.384E-03 0.960E-04
      2       1       8      64      64      64       4 0.298E+00 0.302E+00 0.249E+00 0.253E+00 0.263E-02 0.658E-03 0.288E-02 0.719E-03
      2       1       8       8       8       8       4 0.131E-01 0.147E-01 0.115E-01 0.125E-01 0.110E-03 0.275E-04 0.908E-04 0.227E-04
      2      16       1     128     128     128       4 0.446E+00 0.464E+00 0.377E+00 0.378E+00 0.207E-01 0.516E-02 0.185E-01 0.462E-02
      2      16       1      16      16      16       4 0.295E-01 0.324E-01 0.258E-01 0.271E-01 0.187E-03 0.468E-04 0.851E-04 0.213E-04
      2      16       1     256     256     256       4 0.278E+01 0.279E+01 0.264E+01 0.264E+01 0.263E+00 0.658E-01 0.244E+00 0.611E-01
      2      16       1      32      32      32       4 0.123E+00 0.136E+00 0.102E+00 0.103E+00 0.311E-03 0.777E-04 0.269E-03 0.673E-04
      2      16       1      64      64      64       4 0.256E+00 0.263E+00 0.216E+00 0.217E+00 0.206E-02 0.514E-03 0.191E-02 0.477E-03
      2       2       1     128     128     128       4 0.169E+01 0.172E+01 0.154E+01 0.155E+01 0.990E-01 0.247E-01 0.892E-01 0.223E-01
      2       2       1      16      16      16       4 0.287E-01 0.316E-01 0.244E-01 0.245E-01 0.118E-03 0.295E-04 0.982E-04 0.246E-04
      2       2       1     256     256     256       4 0.166E+02 0.167E+02 0.162E+02 0.163E+02 0.158E+01 0.394E+00 0.155E+01 0.387E+00
      2       2       1      32      32      32       4 0.124E+00 0.128E+00 0.106E+00 0.106E+00 0.936E-03 0.234E-03 0.902E-03 0.226E-03
      2       2       1      64      64      64       4 0.332E+00 0.333E+00 0.303E+00 0.307E+00 0.901E-02 0.225E-02 0.863E-02 0.216E-02
      2       2       1       8       8       8       4 0.255E-01 0.283E-01 0.215E-01 0.215E-01 0.429E-04 0.107E-04 0.219E-04 0.548E-05
      2       2      12     128     128     128       4 0.329E+01 0.347E+01 0.297E+01 0.298E+01 0.112E+00 0.280E-01 0.111E+00 0.278E-01
      2       2      12      16      16      16       4 0.931E-01 0.103E+00 0.834E-01 0.913E-01 0.579E-03 0.145E-03 0.364E-03 0.910E-04
      2       2      12     256     256     256       4 0.200E+02 0.204E+02 0.199E+02 0.208E+02 0.102E+01 0.256E+00 0.101E+01 0.254E+00
      2       2      12      32      32      32       4 0.271E+00 0.298E+00 0.239E+00 0.246E+00 0.109E-02 0.272E-03 0.983E-03 0.246E-03
      2       2      12      64      64      64       4 0.712E+00 0.736E+00 0.613E+00 0.625E+00 0.132E-01 0.331E-02 0.123E-01 0.308E-02
      2       2      12       8       8       8       4 0.707E-01 0.744E-01 0.604E-01 0.637E-01 0.335E-03 0.838E-04 0.306E-03 0.765E-04
      2       2       2     128     128     128       4 0.293E+01 0.304E+01 0.256E+01 0.279E+01 0.102E+00 0.256E-01 0.983E-01 0.246E-01
      2       2       2      16      16      16       4 0.482E-01 0.547E-01 0.419E-01 0.456E-01 0.213E-03 0.533E-04 0.167E-03 0.417E-04
      2       2       2     256     256     256       4 0.202E+02 0.206E+02 0.203E+02 0.218E+02 0.132E+01 0.331E+00 0.123E+01 0.307E+00
      2       2       2      32      32      32       4 0.170E+00 0.182E+00 0.148E+00 0.158E+00 0.901E-03 0.225E-03 0.807E-03 0.202E-03
      2       2       2      64      64      64       4 0.473E+00 0.483E+00 0.434E+00 0.435E+00 0.119E-01 0.298E-02 0.117E-01 0.293E-02
      2       2       2       8       8       8       4 0.394E-01 0.432E-01 0.344E-01 0.363E-01 0.139E-03 0.347E-04 0.102E-03 0.255E-04
      2       2       4     128     128     128       4 0.278E+01 0.285E+01 0.262E+01 0.269E+01 0.111E+00 0.278E-01 0.108E+00 0.270E-01
      2       2       4      16      16      16       4 0.553E-01 0.581E-01 0.490E-01 0.496E-01 0.291E-03 0.727E-04 0.233E-03 0.583E-04
      2       2       4     256     256     256       4 0.177E+02 0.184E+02 0.179E+02 0.182E+02 0.108E+01 0.270E+00 0.108E+01 0.270E+00
      2       2       4      32      32      32       4 0.183E+00 0.192E+00 0.161E+00 0.165E+00 0.101E-02 0.254E-03 0.100E-02 0.251E-03
      2       2       4      64      64      64       4 0.496E+00 0.512E+00 0.456E+00 0.475E+00 0.111E-01 0.278E-02 0.110E-01 0.275E-02
      2       2       4       8       8       8       4 0.450E-01 0.465E-01 0.398E-01 0.408E-01 0.208E-03 0.520E-04 0.150E-03 0.375E-04
      2       2       8     128     128     128       4 0.252E+01 0.256E+01 0.234E+01 0.239E+01 0.102E+00 0.256E-01 0.930E-01 0.233E-01
      2       2       8      16      16      16       4 0.579E-01 0.596E-01 0.505E-01 0.507E-01 0.334E-03 0.836E-04 0.242E-03 0.604E-04
      2       2       8     256     256     256       4 0.163E+02 0.164E+02 0.160E+02 0.162E+02 0.987E+00 0.247E+00 0.983E+00 0.246E+00
      2       2       8      32      32      32       4 0.180E+00 0.187E+00 0.155E+00 0.157E+00 0.115E-02 0.288E-03 0.116E-02 0.290E-03
      2       2       8      64      64      64       4 0.450E+00 0.453E+00 0.405E+00 0.410E+00 0.108E-01 0.270E-02 0.107E-01 0.268E-02
      2       2       8       8       8       8       4 0.475E-01 0.485E-01 0.427E-01 0.451E-01 0.333E-03 0.832E-04 0.235E-03 0.587E-04
      2       4       1     128     128     128       4 0.988E+00 0.101E+01 0.867E+00 0.869E+00 0.548E-01 0.137E-01 0.502E-01 0.126E-01
      2       4       1      16      16      16       4 0.294E-01 0.335E-01 0.259E-01 0.270E-01 0.115E-03 0.288E-04 0.670E-04 0.167E-04
      2       4       1     256     256     256       4 0.729E+01 0.735E+01 0.710E+01 0.713E+01 0.678E+00 0.169E+00 0.582E+00 0.146E+00
      2       4       1      32      32      32       4 0.110E+00 0.113E+00 0.943E-01 0.955E-01 0.607E-03 0.152E-03 0.509E-03 0.127E-03
      2       4       1      64      64      64       4 0.269E+00 0.274E+00 0.230E+00 0.231E+00 0.526E-02 0.131E-02 0.492E-02 0.123E-02
      2       4       1       8       8       8       4 0.261E-01 0.280E-01 0.230E-01 0.233E-01 0.598E-04 0.150E-04 0.281E-04 0.703E-05
      2       4       2     128     128     128       4 0.150E+01 0.164E+01 0.133E+01 0.148E+01 0.604E-01 0.151E-01 0.604E-01 0.151E-01
      2       4       2      16      16      16       4 0.511E-01 0.542E-01 0.466E-01 0.507E-01 0.316E-03 0.790E-04 0.275E-03 0.688E-04
      2       4       2     256     256     256       4 0.126E+02 0.127E+02 0.118E+02 0.119E+02 0.786E+00 0.197E+00 0.742E+00 0.185E+00
      2       4       2      32      32      32       4 0.154E+00 0.158E+00 0.133E+00 0.133E+00 0.792E-03 0.198E-03 0.706E-03 0.177E-03
      2       4       2      64      64      64       4 0.391E+00 0.419E+00 0.333E+00 0.361E+00 0.615E-02 0.154E-02 0.635E-02 0.159E-02
      2       4       2       8       8       8       4 0.447E-01 0.510E-01 0.386E-01 0.433E-01 0.194E-03 0.485E-04 0.153E-03 0.382E-04
      2       4       4     128     128     128       4 0.156E+01 0.158E+01 0.142E+01 0.144E+01 0.677E-01 0.169E-01 0.686E-01 0.172E-01
      2       4       4      16      16      16       4 0.582E-01 0.601E-01 0.527E-01 0.545E-01 0.441E-03 0.110E-03 0.363E-03 0.907E-04
      2       4       4     256     256     256       4 0.107E+02 0.114E+02 0.106E+02 0.113E+02 0.691E+00 0.173E+00 0.652E+00 0.163E+00
      2       4       4      32      32      32       4 0.166E+00 0.175E+00 0.141E+00 0.144E+00 0.835E-03 0.209E-03 0.748E-03 0.187E-03
      2       4       4      64      64      64       4 0.402E+00 0.413E+00 0.354E+00 0.364E+00 0.738E-02 0.184E-02 0.750E-02 0.188E-02
      2       4       4       8       8       8       4 0.507E-01 0.558E-01 0.443E-01 0.473E-01 0.239E-03 0.597E-04 0.234E-03 0.585E-04
      2       8       1     128     128     128       4 0.596E+00 0.604E+00 0.506E+00 0.524E+00 0.348E-01 0.869E-02 0.318E-01 0.795E-02
      2       8       1      16      16      16       4 0.382E-01 0.399E-01 0.322E-01 0.330E-01 0.126E-03 0.315E-04 0.811E-04 0.203E-04
      2       8       1     256     256     256       4 0.445E+01 0.448E+01 0.429E+01 0.431E+01 0.381E+00 0.951E-01 0.345E+00 0.862E-01
      2       8       1      32      32      32       4 0.111E+00 0.115E+00 0.942E-01 0.955E-01 0.640E-03 0.160E-03 0.370E-03 0.925E-04
      2       8       1      64      64      64       4 0.193E+00 0.196E+00 0.171E+00 0.172E+00 0.402E-02 0.100E-02 0.305E-02 0.762E-03
      2       8       1       8       8       8       4 0.176E-01 0.192E-01 0.139E-01 0.142E-01 0.591E-04 0.148E-04 0.560E-04 0.140E-04
      2       8       2     128     128     128       4 0.951E+00 0.996E+00 0.798E+00 0.808E+00 0.328E-01 0.821E-02 0.310E-01 0.776E-02
      2       8       2      16      16      16       4 0.702E-01 0.727E-01 0.606E-01 0.633E-01 0.300E-03 0.750E-04 0.242E-03 0.605E-04
      2       8       2     256     256     256       4 0.746E+01 0.764E+01 0.702E+01 0.710E+01 0.477E+00 0.119E+00 0.458E+00 0.114E+00
      2       8       2      32      32      32       4 0.165E+00 0.185E+00 0.139E+00 0.142E+00 0.740E-03 0.185E-03 0.605E-03 0.151E-03
      2       8       2      64      64      64       4 0.295E+00 0.305E+00 0.269E+00 0.273E+00 0.412E-02 0.103E-02 0.382E-02 0.955E-03
      2       8       2       8       8       8       4 0.283E-01 0.332E-01 0.139E-01 0.145E-01 0.235E-03 0.588E-04 0.229E-03 0.572E-04
      3       1       1     128     128     128       4 0.906E-03 0.339E-02 0.000E+00 0.000E+00 0.158E+00 0.396E-01 0.148E+00 0.370E-01
      3       1       1      16      16      16       4 0.741E-03 0.291E-02 0.000E+00 0.000E+00 0.235E-03 0.588E-04 0.125E-03 0.312E-04
      3       1       1     256     256     256       4 0.946E-03 0.344E-02 0.000E+00 0.000E+00 0.187E+01 0.469E+00 0.161E+01 0.401E+00
      3       1       1      32      32      32       4 0.832E-03 0.327E-02 0.000E+00 0.000E+00 0.124E-02 0.310E-03 0.107E-02 0.267E-03
      3       1       1      64      64      64       4 0.812E-03 0.313E-02 0.000E+00 0.000E+00 0.128E-01 0.321E-02 0.113E-01 0.282E-02
      3       1       1       8       8       8       4 0.710E-03 0.279E-02 0.238E-06 0.954E-06 0.128E-03 0.320E-04 0.460E-04 0.115E-04
      3       1      12     128     128     128       4 0.307E-02 0.120E-01 0.000E+00 0.000E+00 0.747E-01 0.187E-01 0.648E-01 0.162E-01
      3       1      12      16      16      16       4 0.439E-02 0.175E-01 0.000E+00 0.000E+00 0.437E-03 0.109E-03 0.175E-03 0.437E-04
      3       1      12     256     256     256       4 0.727E-03 0.252E-02 0.238E-06 0.954E-06 0.859E+00 0.215E+00 0.635E+00 0.159E+00
      3       1      12      32      32      32       4 0.394E-02 0.157E-01 0.000E+00 0.000E+00 0.108E-02 0.270E-03 0.691E-03 0.173E-03
      3       1      12      64      64      64       4 0.339E-02 0.134E-01 0.536E-06 0.119E-05 0.718E-02 0.180E-02 0.481E-02 0.120E-02
      3       1      12       8       8       8       4 0.446E-02 0.178E-01 0.000E+00 0.000E+00 0.354E-03 0.884E-04 0.713E-04 0.178E-04
      3       1      16     128     128     128       4 0.150E-02 0.570E-02 0.238E-06 0.954E-06 0.708E-01 0.177E-01 0.618E-01 0.154E-01
      3       1      16      16      16      16       4 0.338E-02 0.134E-01 0.238E-06 0.954E-06 0.438E-03 0.109E-03 0.234E-03 0.585E-04
      3       1      16     256     256     256       4 0.567E-03 0.187E-02 0.000E+00 0.000E+00 0.857E+00 0.214E+00 0.625E+00 0.156E+00
      3       1      16      32      32      32       4 0.389E-02 0.155E-01 0.000E+00 0.000E+00 0.103E-02 0.258E-03 0.662E-03 0.165E-03
      3       1      16      64      64      64       4 0.310E-02 0.122E-01 0.238E-06 0.954E-06 0.736E-02 0.184E-02 0.498E-02 0.125E-02
      3       1      16       8       8       8       4 0.428E-02 0.171E-01 0.000E+00 0.000E+00 0.304E-03 0.760E-04 0.116E-03 0.290E-04
      3       1       2     128     128     128       4 0.807E-03 0.299E-02 0.000E+00 0.000E+00 0.112E+00 0.280E-01 0.106E+00 0.265E-01
      3       1       2      16      16      16       4 0.731E-03 0.287E-02 0.298E-06 0.119E-05 0.289E-03 0.722E-04 0.127E-03 0.318E-04
      3       1       2     256     256     256       4 0.955E-03 0.346E-02 0.238E-06 0.954E-06 0.134E+01 0.336E+00 0.110E+01 0.274E+00
      3       1       2      32      32      32       4 0.324E-02 0.129E-01 0.238E-06 0.954E-06 0.115E-02 0.287E-03 0.802E-03 0.201E-03
      3       1       2      64      64      64       4 0.117E-02 0.457E-02 0.000E+00 0.000E+00 0.968E-02 0.242E-02 0.784E-02 0.196E-02
      3       1       2       8       8       8       4 0.679E-03 0.266E-02 0.000E+00 0.000E+00 0.215E-03 0.538E-04 0.448E-04 0.112E-04
      3       1      24     128     128     128       4 0.320E-02 0.125E-01 0.000E+00 0.000E+00 0.702E-01 0.176E-01 0.603E-01 0.151E-01
      3       1      24      16      16      16       4 0.199E-02 0.786E-02 0.000E+00 0.000E+00 0.507E-03 0.127E-03 0.296E-03 0.740E-04
      3       1      24     256     256     256       4 0.497E-03 0.161E-02 0.000E+00 0.000E+00 0.818E+00 0.204E+00 0.588E+00 0.147E+00
      3       1      24      32      32      32       4 0.477E-02 0.190E-01 0.596E-06 0.119E-05 0.132E-02 0.331E-03 0.705E-03 0.176E-03
      3       1      24      64      64      64       4 0.107E-02 0.413E-02 0.238E-06 0.954E-06 0.723E-02 0.181E-02 0.492E-02 0.123E-02
      3       1      24       8       8       8       4 0.508E-02 0.202E-01 0.000E+00 0.000E+00 0.378E-03 0.945E-04 0.196E-03 0.490E-04
      3       1       4     128     128     128       4 0.105E-02 0.397E-02 0.000E+00 0.000E+00 0.885E-01 0.221E-01 0.799E-01 0.200E-01
      3       1       4      16      16      16       4 0.379E-02 0.151E-01 0.000E+00 0.000E+00 0.286E-03 0.716E-04 0.123E-03 0.307E-04
      3       1       4     256     256     256       4 0.791E-03 0.278E-02 0.238E-06 0.954E-06 0.111E+01 0.278E+00 0.858E+00 0.214E+00
      3       1       4      32      32      32       4 0.332E-02 0.132E-01 0.000E+00 0.000E+00 0.946E-03 0.237E-03 0.675E-03 0.169E-03
      3       1       4      64      64      64       4 0.356E-02 0.141E-01 0.000E+00 0.000E+00 0.797E-02 0.199E-02 0.638E-02 0.160E-02
      3       1       4       8       8       8       4 0.524E-02 0.209E-01 0.000E+00 0.000E+00 0.214E-03 0.535E-04 0.453E-04 0.113E-04
      3       1       8     128     128     128       4 0.229E-02 0.888E-02 0.000E+00 0.000E+00 0.780E-01 0.195E-01 0.679E-01 0.170E-01
      3       1       8      16      16      16       4 0.530E-02 0.211E-01 0.000E+00 0.000E+00 0.390E-03 0.975E-04 0.139E-03 0.348E-04
      3       1       8     256     256     256       4 0.699E-03 0.241E-02 0.000E+00 0.000E+00 0.102E+01 0.256E+00 0.786E+00 0.196E+00
      3       1       8      32      32      32       4 0.402E-02 0.160E-01 0.000E+00 0.000E+00 0.106E-02 0.264E-03 0.707E-03 0.177E-03
      3       1       8      64      64      64       4 0.127E-02 0.495E-02 0.000E+00 0.000E+00 0.665E-02 0.166E-02 0.487E-02 0.122E-02
      3       1       8       8       8       8       4 0.433E-02 0.173E-01 0.238E-06 0.954E-06 0.326E-03 0.815E-04 0.620E-04 0.155E-04
      3      12       1     128     128     128       4 0.135E-01 0.537E-01 0.143E-05 0.191E-05 0.134E+00 0.334E-01 0.854E-01 0.214E-01
      3      12       1      16      16      16       4 0.129E-01 0.515E-01 0.185E-05 0.215E-05 0.152E-02 0.380E-03 0.378E-03 0.945E-04
      3      12       1     256     256     256       4 0.942E-02 0.372E-01 0.173E-05 0.310E-05 0.133E+01 0.333E+00 0.683E+00 0.171E+00
      3      12       1      32      32      32       4 0.318E-01 0.127E+00 0.167E-05 0.191E-05 0.286E-02 0.714E-03 0.116E-02 0.290E-03
      3      12       1      64      64      64       4 0.374E-01 0.149E+00 0.179E-05 0.215E-05 0.156E-01 0.390E-02 0.776E-02 0.194E-02
      3      12       1       8       8       8       4 0.398E-02 0.135E-01 0.149E-05 0.215E-05 0.127E-02 0.319E-03 0.592E-03 0.148E-03
      3      12       2     128     128     128       4 0.148E-01 0.586E-01 0.197E-05 0.215E-05 0.122E+00 0.306E-01 0.742E-01 0.185E-01
      3      12       2      16      16      16       4 0.302E-01 0.121E+00 0.125E-05 0.191E-05 0.167E-02 0.416E-03 0.583E-03 0.146E-03
      3      12       2     256     256     256       4 0.125E-01 0.496E-01 0.125E-05 0.215E-05 0.132E+01 0.330E+00 0.697E+00 0.174E+00
      3      12       2      32      32      32       4 0.281E-01 0.112E+00 0.954E-06 0.954E-06 0.338E-02 0.845E-03 0.143E-02 0.356E-03
      3      12       2      64      64      64       4 0.185E-01 0.736E-01 0.209E-05 0.501E-05 0.174E-01 0.436E-02 0.676E-02 0.169E-02
      3      12       2       8       8       8       4 0.304E-02 0.101E-01 0.131E-05 0.215E-05 0.308E-02 0.769E-03 0.495E-03 0.124E-03
      3      16       1     128     128     128       4 0.197E-01 0.782E-01 0.143E-05 0.191E-05 0.128E+00 0.320E-01 0.778E-01 0.195E-01
      3      16       1      16      16      16       4 0.287E-01 0.115E+00 0.161E-05 0.215E-05 0.154E-02 0.386E-03 0.438E-03 0.110E-03
      3      16       1     256     256     256       4 0.199E-01 0.788E-01 0.155E-05 0.215E-05 0.128E+01 0.319E+00 0.646E+00 0.162E+00
      3      16       1      32      32      32       4 0.346E-01 0.138E+00 0.238E-05 0.310E-05 0.302E-02 0.755E-03 0.135E-02 0.337E-03
      3      16       1      64      64      64       4 0.357E-01 0.142E+00 0.167E-05 0.191E-05 0.165E-01 0.413E-02 0.684E-02 0.171E-02
      3      16       1       8       8       8       4 0.356E-02 0.113E-01 0.107E-05 0.119E-05 0.122E-02 0.304E-03 0.721E-03 0.180E-03
      3       2       1     128     128     128       4 0.402E-02 0.158E-01 0.238E-06 0.954E-06 0.253E+00 0.633E-01 0.172E+00 0.431E-01
      3       2       1      16      16      16       4 0.463E-02 0.185E-01 0.775E-06 0.215E-05 0.448E-03 0.112E-03 0.258E-03 0.645E-04
      3       2       1     256     256     256       4 0.437E-02 0.171E-01 0.238E-06 0.954E-06 0.199E+01 0.497E+00 0.142E+01 0.354E+00
      3       2       1      32      32      32       4 0.422E-02 0.168E-01 0.477E-06 0.954E-06 0.221E-02 0.554E-03 0.152E-02 0.380E-03
      3       2       1     512     512     512       4 0.435E-02 0.170E-01 0.298E-06 0.119E-05 0.201E+02 0.503E+01 0.124E+02 0.310E+01
      3       2       1      64      64      64       4 0.401E-02 0.159E-01 0.715E-06 0.954E-06 0.179E-01 0.446E-02 0.121E-01 0.302E-02
      3       2       1       8       8       8       4 0.463E-02 0.185E-01 0.536E-06 0.215E-05 0.215E-03 0.537E-04 0.951E-04 0.238E-04
      3       2      12     128     128     128       4 0.683E-02 0.270E-01 0.107E-05 0.119E-05 0.193E+00 0.483E-01 0.940E-01 0.235E-01
      3       2      12      16      16      16       4 0.839E-02 0.326E-01 0.715E-06 0.954E-06 0.856E-03 0.214E-03 0.862E-03 0.215E-03
      3       2      12     256     256     256       4 0.396E-02 0.155E-01 0.715E-06 0.286E-05 0.144E+01 0.360E+00 0.858E+00 0.214E+00
      3       2      12      32      32      32       4 0.576E-02 0.229E-01 0.536E-06 0.119E-05 0.256E-02 0.641E-03 0.159E-02 0.398E-03
      3       2      12     512     512     512       4 0.426E-02 0.166E-01 0.000E+00 0.000E+00 0.138E+02 0.344E+01 0.744E+01 0.186E+01
      3       2      12      64      64      64       4 0.394E-02 0.156E-01 0.775E-06 0.119E-05 0.165E-01 0.413E-02 0.105E-01 0.263E-02
      3       2      12       8       8       8       4 0.696E-02 0.278E-01 0.328E-05 0.100E-04 0.453E-03 0.113E-03 0.209E-03 0.522E-04
      3       2       2     128     128     128       4 0.455E-02 0.179E-01 0.715E-06 0.954E-06 0.187E+00 0.469E-01 0.112E+00 0.281E-01
      3       2       2      16      16      16       4 0.656E-02 0.262E-01 0.238E-06 0.954E-06 0.605E-03 0.151E-03 0.316E-03 0.790E-04
      3       2       2     256     256     256       4 0.315E-02 0.123E-01 0.477E-06 0.954E-06 0.161E+01 0.402E+00 0.103E+01 0.259E+00
      3       2       2      32      32      32       4 0.473E-02 0.188E-01 0.834E-06 0.119E-05 0.227E-02 0.568E-03 0.157E-02 0.392E-03
      3       2       2     512     512     512       4 0.479E-02 0.187E-01 0.477E-06 0.954E-06 0.166E+02 0.416E+01 0.948E+01 0.237E+01
      3       2       2      64      64      64       4 0.535E-02 0.213E-01 0.238E-06 0.954E-06 0.170E-01 0.425E-02 0.114E-01 0.284E-02
      3       2       2       8       8       8       4 0.662E-02 0.264E-01 0.107E-05 0.119E-05 0.286E-03 0.714E-04 0.114E-03 0.286E-04
      3       2       4     128     128     128       4 0.370E-02 0.145E-01 0.715E-06 0.954E-06 0.177E+00 0.443E-01 0.100E+00 0.251E-01
      3       2       4      16      16      16       4 0.855E-02 0.341E-01 0.715E-06 0.954E-06 0.666E-03 0.167E-03 0.362E-03 0.905E-04
      3       2       4     256     256     256       4 0.294E-02 0.115E-01 0.238E-06 0.954E-06 0.143E+01 0.358E+00 0.904E+00 0.226E+00
      3       2       4      32      32      32       4 0.894E-02 0.357E-01 0.477E-06 0.954E-06 0.229E-02 0.573E-03 0.157E-02 0.394E-03
      3       2       4     512     512     512       4 0.467E-02 0.182E-01 0.101E-05 0.119E-05 0.149E+02 0.373E+01 0.812E+01 0.203E+01
      3       2       4      64      64      64       4 0.567E-02 0.225E-01 0.238E-06 0.954E-06 0.153E-01 0.383E-02 0.101E-01 0.252E-02
      3       2       4       8       8       8       4 0.638E-02 0.254E-01 0.101E-05 0.119E-05 0.319E-03 0.797E-04 0.156E-03 0.390E-04
      3       2       8     128     128     128       4 0.401E-02 0.157E-01 0.107E-05 0.119E-05 0.168E+00 0.419E-01 0.895E-01 0.224E-01
      3       2       8      16      16      16       4 0.642E-02 0.256E-01 0.954E-06 0.954E-06 0.696E-03 0.174E-03 0.442E-03 0.111E-03
      3       2       8     256     256     256       4 0.449E-02 0.176E-01 0.477E-06 0.954E-06 0.142E+01 0.356E+00 0.863E+00 0.216E+00
      3       2       8      32      32      32       4 0.692E-02 0.276E-01 0.775E-06 0.119E-05 0.224E-02 0.561E-03 0.147E-02 0.369E-03
      3       2       8     512     512     512       4 0.430E-02 0.168E-01 0.715E-06 0.954E-06 0.142E+02 0.354E+01 0.786E+01 0.196E+01
      3       2       8      64      64      64       4 0.456E-02 0.180E-01 0.715E-06 0.954E-06 0.169E-01 0.422E-02 0.989E-02 0.247E-02
      3       2       8       8       8       8       4 0.644E-02 0.257E-01 0.834E-06 0.119E-05 0.466E-03 0.117E-03 0.191E-03 0.478E-04
      3      24       1     128     128     128       4 0.299E-01 0.119E+00 0.149E-05 0.215E-05 0.128E+00 0.320E-01 0.844E-01 0.211E-01
      3      24       1      16      16      16       4 0.414E-02 0.116E-01 0.197E-05 0.215E-05 0.155E-02 0.388E-03 0.240E-02 0.599E-03
      3      24       1     256     256     256       4 0.234E-01 0.930E-01 0.203E-05 0.286E-05 0.126E+01 0.315E+00 0.620E+00 0.155E+00
      3      24       1      32      32      32       4 0.297E-01 0.118E+00 0.173E-05 0.215E-05 0.427E-02 0.107E-02 0.165E-02 0.412E-03
      3      24       1      64      64      64       4 0.283E-01 0.113E+00 0.191E-05 0.286E-05 0.180E-01 0.450E-02 0.733E-02 0.183E-02
      3      24       1       8       8       8       4 0.473E-02 0.142E-01 0.155E-05 0.191E-05 0.161E-02 0.403E-03 0.110E-02 0.274E-03
      3       4       1     128     128     128       4 0.106E-01 0.420E-01 0.107E-05 0.119E-05 0.160E+00 0.400E-01 0.878E-01 0.219E-01
      3       4       1      16      16      16       4 0.136E-01 0.543E-01 0.101E-05 0.119E-05 0.633E-03 0.158E-03 0.285E-03 0.713E-04
      3       4       1     256     256     256       4 0.141E-01 0.560E-01 0.800E-02 0.320E-01 0.159E+01 0.398E+00 0.907E+00 0.227E+00
      3       4       1      32      32      32       4 0.127E-01 0.507E-01 0.954E-06 0.954E-06 0.246E-02 0.616E-03 0.152E-02 0.380E-03
      3       4       1      64      64      64       4 0.104E-01 0.415E-01 0.107E-05 0.215E-05 0.153E-01 0.383E-02 0.966E-02 0.241E-02
      3       4       1       8       8       8       4 0.144E-01 0.576E-01 0.155E-05 0.215E-05 0.269E-03 0.673E-04 0.146E-03 0.365E-04
      3       4       2     128     128     128       4 0.971E-02 0.385E-01 0.101E-02 0.405E-02 0.169E+00 0.423E-01 0.932E-01 0.233E-01
      3       4       2      16      16      16       4 0.111E-01 0.440E-01 0.101E-05 0.119E-05 0.772E-03 0.193E-03 0.811E-03 0.203E-03
      3       4       2     256     256     256       4 0.117E-01 0.464E-01 0.101E-05 0.119E-05 0.145E+01 0.363E+00 0.811E+00 0.203E+00
      3       4       2      32      32      32       4 0.141E-01 0.556E-01 0.954E-06 0.954E-06 0.247E-02 0.619E-03 0.161E-02 0.402E-03
      3       4       2      64      64      64       4 0.662E-02 0.263E-01 0.119E-05 0.191E-05 0.153E-01 0.383E-02 0.924E-02 0.231E-02
      3       4       2       8       8       8       4 0.135E-01 0.534E-01 0.715E-06 0.954E-06 0.385E-03 0.962E-04 0.169E-03 0.421E-04
      3       4       4     128     128     128       4 0.103E-01 0.409E-01 0.906E-05 0.331E-04 0.161E+00 0.402E-01 0.840E-01 0.210E-01
      3       4       4      16      16      16       4 0.166E-01 0.665E-01 0.477E-06 0.954E-06 0.669E-03 0.167E-03 0.373E-03 0.933E-04
      3       4       4     256     256     256       4 0.826E-02 0.327E-01 0.536E-06 0.119E-05 0.138E+01 0.344E+00 0.744E+00 0.186E+00
      3       4       4      32      32      32       4 0.149E-01 0.594E-01 0.715E-06 0.954E-06 0.226E-02 0.566E-03 0.129E-02 0.323E-03
      3       4       4      64      64      64       4 0.105E-01 0.417E-01 0.477E-06 0.954E-06 0.130E-01 0.325E-02 0.731E-02 0.183E-02
      3       4       4       8       8       8       4 0.132E-01 0.529E-01 0.238E-06 0.954E-06 0.422E-03 0.105E-03 0.198E-03 0.496E-04
      3       8       1     128     128     128       4 0.286E-01 0.114E+00 0.800E-02 0.320E-01 0.127E+00 0.318E-01 0.879E-01 0.220E-01
      3       8       1      16      16      16       4 0.264E-01 0.105E+00 0.900E-02 0.360E-01 0.151E-02 0.378E-03 0.384E-03 0.961E-04
      3       8       1     256     256     256       4 0.813E-02 0.321E-01 0.101E-05 0.119E-05 0.135E+01 0.337E+00 0.733E+00 0.183E+00
      3       8       1      32      32      32       4 0.173E-01 0.684E-01 0.179E-05 0.215E-05 0.323E-02 0.807E-03 0.146E-02 0.365E-03
      3       8       1      64      64      64       4 0.234E-01 0.814E-01 0.400E-02 0.160E-01 0.176E-01 0.440E-02 0.898E-02 0.224E-02
      3       8       1       8       8       8       4 0.103E-01 0.411E-01 0.954E-06 0.954E-06 0.106E-02 0.264E-03 0.233E-03 0.584E-04
      3       8       2     128     128     128       4 0.785E-02 0.310E-01 0.119E-05 0.191E-05 0.121E+00 0.303E-01 0.750E-01 0.188E-01
      3       8       2      16      16      16       4 0.156E-01 0.621E-01 0.119E-05 0.191E-05 0.133E-02 0.333E-03 0.501E-03 0.125E-03
      3       8       2     256     256     256       4 0.131E-01 0.519E-01 0.131E-05 0.215E-05 0.130E+01 0.324E+00 0.691E+00 0.173E+00
      3       8       2      32      32      32       4 0.124E-01 0.493E-01 0.715E-06 0.954E-06 0.278E-02 0.694E-03 0.118E-02 0.294E-03
      3       8       2      64      64      64       4 0.123E-01 0.491E-01 0.197E-05 0.215E-05 0.157E-01 0.393E-02 0.745E-02 0.186E-02
      3       8       2       8       8       8       4 0.175E-01 0.700E-01 0.125E-05 0.191E-05 0.103E-02 0.257E-03 0.248E-03 0.619E-04
