      2       1       1    1021       4       4 0.187E+00 0.187E+00 0.107E-03 0.110E-03 0.385E-03 0.241E-04 0.372E-03 0.232E-04
      2       1       1   16381       4       4 0.156E+01 0.157E+01 0.123E-02 0.137E-02 0.125E-01 0.784E-03 0.122E-01 0.762E-03
      2       1       1    2053       4       4 0.951E+00 0.952E+00 0.222E-03 0.237E-03 0.110E-02 0.687E-04 0.101E-02 0.629E-04
      2       1       1     257       4       4 0.217E+00 0.218E+00 0.674E-01 0.677E-01 0.101E-03 0.630E-05 0.987E-04 0.617E-05
      2       1       1    4099       4       4 0.170E+01 0.174E+01 0.400E-03 0.434E-03 0.260E-02 0.163E-03 0.248E-02 0.155E-03
      2       1       1     509       4       4 0.134E+00 0.135E+00 0.818E-04 0.839E-04 0.172E-03 0.108E-04 0.168E-03 0.105E-04
      2       1       1    8191       4       4 0.879E+00 0.882E+00 0.549E-03 0.582E-03 0.508E-02 0.318E-03 0.488E-02 0.305E-03
      2       1      12    1021       4       4 0.435E+00 0.455E+00 0.157E-03 0.182E-03 0.117E-02 0.732E-04 0.113E-02 0.704E-04
      2       1      12   16381       4       4 0.150E+01 0.159E+01 0.183E-02 0.188E-02 0.126E-01 0.786E-03 0.105E-01 0.654E-03
      2       1      12    2053       4       4 0.172E+01 0.177E+01 0.506E-03 0.560E-03 0.325E-02 0.203E-03 0.269E-02 0.168E-03
      2       1      12     257       4       4 0.540E+00 0.563E+00 0.567E+00 0.603E+00 0.729E-03 0.456E-04 0.740E-03 0.463E-04
      2       1      12    4099       4       4 0.257E+01 0.268E+01 0.918E-03 0.104E-02 0.462E-02 0.289E-03 0.459E-02 0.287E-03
      2       1      12     509       4       4 0.310E+00 0.337E+00 0.122E-03 0.140E-03 0.793E-03 0.495E-04 0.769E-03 0.481E-04
      2       1      12    8191       4       4 0.109E+01 0.113E+01 0.109E-02 0.131E-02 0.177E-01 0.111E-02 0.778E-02 0.487E-03
      2       1      16    1021       4       4 0.378E+00 0.385E+00 0.158E-03 0.171E-03 0.311E-02 0.194E-03 0.116E-02 0.724E-04
      2       1      16   16381       4       4 0.145E+01 0.152E+01 0.158E-02 0.172E-02 0.125E-01 0.781E-03 0.108E-01 0.677E-03
      2       1      16    2053       4       4 0.189E+01 0.197E+01 0.597E-03 0.797E-03 0.512E-02 0.320E-03 0.332E-02 0.207E-03
      2       1      16     257       4       4 0.622E+00 0.658E+00 0.670E+00 0.689E+00 0.995E-03 0.622E-04 0.101E-02 0.631E-04
      2       1      16    4099       4       4 0.280E+01 0.293E+01 0.977E-03 0.108E-02 0.891E-02 0.557E-03 0.455E-02 0.284E-03
      2       1      16     509       4       4 0.286E+00 0.306E+00 0.131E-03 0.141E-03 0.873E-03 0.546E-04 0.843E-03 0.527E-04
      2       1      16    8191       4       4 0.114E+01 0.120E+01 0.102E-02 0.116E-02 0.109E-01 0.681E-03 0.759E-02 0.474E-03
      2       1       2    1021       4       4 0.219E+00 0.235E+00 0.130E-03 0.145E-03 0.840E-03 0.525E-04 0.824E-03 0.515E-04
      2       1       2   16381       4       4 0.151E+01 0.154E+01 0.122E-02 0.140E-02 0.105E-01 0.659E-03 0.103E-01 0.646E-03
      2       1       2    2053       4       4 0.992E+00 0.994E+00 0.288E-03 0.315E-03 0.146E-02 0.910E-04 0.140E-02 0.873E-04
      2       1       2     257       4       4 0.262E+00 0.263E+00 0.276E+00 0.277E+00 0.468E-03 0.293E-04 0.462E-03 0.289E-04
      2       1       2    4099       4       4 0.170E+01 0.171E+01 0.434E-03 0.470E-03 0.254E-02 0.159E-03 0.243E-02 0.152E-03
      2       1       2     509       4       4 0.169E+00 0.182E+00 0.835E-04 0.851E-04 0.437E-03 0.273E-04 0.430E-03 0.269E-04
      2       1       2    8191       4       4 0.865E+00 0.883E+00 0.634E-03 0.670E-03 0.479E-02 0.299E-03 0.465E-02 0.291E-03
      2       1      24    1021       4       4 0.569E+00 0.589E+00 0.210E-03 0.274E-03 0.164E-01 0.103E-02 0.238E-02 0.149E-03
      2       1      24   16381       4       4 0.181E+01 0.184E+01 0.210E-02 0.227E-02 0.168E-01 0.105E-02 0.128E-01 0.799E-03
      2       1      24    2053       4       4 0.230E+01 0.232E+01 0.685E-03 0.780E-03 0.158E-01 0.987E-03 0.451E-02 0.282E-03
      2       1      24     257       4       4 0.752E+00 0.763E+00 0.756E+00 0.772E+00 0.787E-02 0.492E-03 0.103E-02 0.645E-04
      2       1      24    4099       4       4 0.347E+01 0.352E+01 0.115E-02 0.127E-02 0.135E-01 0.841E-03 0.640E-02 0.400E-03
      2       1      24     509       4       4 0.377E+00 0.410E+00 0.132E-03 0.134E-03 0.106E-02 0.665E-04 0.106E-02 0.665E-04
      2       1      24    8191       4       4 0.130E+01 0.141E+01 0.132E-02 0.134E-02 0.134E-01 0.836E-03 0.839E-02 0.524E-03
      2       1       4    1021       4       4 0.282E+00 0.299E+00 0.128E-03 0.136E-03 0.915E-03 0.572E-04 0.895E-03 0.560E-04
      2       1       4   16381       4       4 0.142E+01 0.147E+01 0.129E-02 0.131E-02 0.934E-02 0.584E-03 0.912E-02 0.570E-03
      2       1       4    2053       4       4 0.122E+01 0.124E+01 0.464E-03 0.579E-03 0.211E-02 0.132E-03 0.195E-02 0.122E-03
      2       1       4     257       4       4 0.350E+00 0.356E+00 0.381E+00 0.389E+00 0.685E-03 0.428E-04 0.680E-03 0.425E-04
      2       1       4    4099       4       4 0.193E+01 0.196E+01 0.582E-03 0.617E-03 0.301E-02 0.188E-03 0.290E-02 0.181E-03
      2       1       4     509       4       4 0.207E+00 0.213E+00 0.970E-04 0.101E-03 0.567E-03 0.355E-04 0.566E-03 0.354E-04
      2       1       4    8191       4       4 0.886E+00 0.914E+00 0.743E-03 0.795E-03 0.456E-02 0.285E-03 0.449E-02 0.280E-03
      2       1       8    1021       4       4 0.352E+00 0.392E+00 0.140E-03 0.155E-03 0.101E-02 0.630E-04 0.995E-03 0.622E-04
      2       1       8   16381       4       4 0.144E+01 0.150E+01 0.136E-02 0.139E-02 0.976E-02 0.610E-03 0.981E-02 0.613E-03
      2       1       8    2053       4       4 0.142E+01 0.147E+01 0.475E-03 0.538E-03 0.280E-02 0.175E-03 0.252E-02 0.157E-03
      2       1       8     257       4       4 0.483E+00 0.518E+00 0.508E+00 0.536E+00 0.907E-03 0.567E-04 0.907E-03 0.567E-04
      2       1       8    4099       4       4 0.225E+01 0.230E+01 0.727E-03 0.832E-03 0.371E-02 0.232E-03 0.353E-02 0.221E-03
      2       1       8     509       4       4 0.241E+00 0.254E+00 0.104E-03 0.108E-03 0.613E-03 0.383E-04 0.609E-03 0.381E-04
      2       1       8    8191       4       4 0.995E+00 0.104E+01 0.917E-03 0.973E-03 0.519E-02 0.325E-03 0.518E-02 0.324E-03
      2      16       1    1021       4       4 0.197E+00 0.201E+00 0.352E-03 0.403E-03 0.467E-03 0.292E-04 0.440E-03 0.275E-04
      2      16       1   16381       4       4 0.178E+01 0.179E+01 0.181E-02 0.204E-02 0.145E-01 0.909E-03 0.141E-01 0.883E-03
      2      16       1    2053       4       4 0.101E+01 0.102E+01 0.509E-03 0.599E-03 0.129E-02 0.807E-04 0.118E-02 0.736E-04
      2      16       1     257       4       4 0.226E+00 0.227E+00 0.699E-01 0.701E-01 0.136E-03 0.852E-05 0.128E-03 0.800E-05
      2      16       1    4099       4       4 0.182E+01 0.183E+01 0.759E-03 0.855E-03 0.307E-02 0.192E-03 0.293E-02 0.183E-03
      2      16       1     509       4       4 0.139E+00 0.141E+00 0.322E-03 0.375E-03 0.215E-03 0.135E-04 0.203E-03 0.127E-04
      2      16       1    8191       4       4 0.992E+00 0.998E+00 0.956E-03 0.105E-02 0.600E-02 0.375E-03 0.573E-02 0.358E-03
      2       2       1    1021       4       4 0.188E+00 0.191E+00 0.242E-03 0.277E-03 0.387E-03 0.242E-04 0.376E-03 0.235E-04
      2       2       1   16381       4       4 0.155E+01 0.157E+01 0.150E-02 0.165E-02 0.132E-01 0.825E-03 0.129E-01 0.804E-03
      2       2       1    2053       4       4 0.952E+00 0.956E+00 0.374E-03 0.420E-03 0.112E-02 0.701E-04 0.102E-02 0.640E-04
      2       2       1     257       4       4 0.218E+00 0.221E+00 0.674E-01 0.679E-01 0.108E-03 0.672E-05 0.102E-03 0.639E-05
      2       2       1    4099       4       4 0.170E+01 0.172E+01 0.574E-03 0.614E-03 0.249E-02 0.155E-03 0.232E-02 0.145E-03
      2       2       1     509       4       4 0.135E+00 0.138E+00 0.216E-03 0.260E-03 0.182E-03 0.114E-04 0.174E-03 0.108E-04
      2       2       1    8191       4       4 0.882E+00 0.886E+00 0.747E-03 0.805E-03 0.500E-02 0.312E-03 0.489E-02 0.306E-03
      2       2      12    1021       4       4 0.421E+00 0.470E+00 0.312E-03 0.368E-03 0.118E-02 0.737E-04 0.111E-02 0.694E-04
      2       2      12   16381       4       4 0.157E+01 0.166E+01 0.209E-02 0.221E-02 0.122E-01 0.762E-03 0.115E-01 0.718E-03
      2       2      12    2053       4       4 0.181E+01 0.183E+01 0.696E-03 0.769E-03 0.101E-01 0.633E-03 0.307E-02 0.192E-03
      2       2      12     257       4       4 0.554E+00 0.579E+00 0.574E+00 0.585E+00 0.581E-02 0.363E-03 0.859E-03 0.537E-04
      2       2      12    4099       4       4 0.261E+01 0.273E+01 0.104E-02 0.113E-02 0.140E-01 0.874E-03 0.493E-02 0.308E-03
      2       2      12     509       4       4 0.306E+00 0.315E+00 0.259E-03 0.309E-03 0.809E-03 0.506E-04 0.772E-03 0.483E-04
      2       2      12    8191       4       4 0.112E+01 0.115E+01 0.130E-02 0.140E-02 0.250E-01 0.157E-02 0.843E-02 0.527E-03
      2       2       2    1021       4       4 0.222E+00 0.247E+00 0.267E-03 0.326E-03 0.884E-03 0.553E-04 0.855E-03 0.534E-04
      2       2       2   16381       4       4 0.156E+01 0.161E+01 0.144E-02 0.149E-02 0.110E-01 0.685E-03 0.109E-01 0.681E-03
      2       2       2    2053       4       4 0.101E+01 0.101E+01 0.448E-03 0.508E-03 0.154E-02 0.962E-04 0.142E-02 0.886E-04
      2       2       2     257       4       4 0.269E+00 0.289E+00 0.184E+00 0.299E+00 0.554E-03 0.346E-04 0.531E-03 0.332E-04
      2       2       2    4099       4       4 0.173E+01 0.173E+01 0.629E-03 0.688E-03 0.297E-02 0.185E-03 0.284E-02 0.178E-03
      2       2       2     509       4       4 0.169E+00 0.182E+00 0.202E-03 0.249E-03 0.438E-03 0.274E-04 0.434E-03 0.271E-04
      2       2       2    8191       4       4 0.853E+00 0.875E+00 0.857E-03 0.979E-03 0.458E-02 0.286E-03 0.424E-02 0.265E-03
      2       2       4    1021       4       4 0.293E+00 0.300E+00 0.277E-03 0.342E-03 0.955E-03 0.597E-04 0.905E-03 0.566E-04
      2       2       4   16381       4       4 0.147E+01 0.153E+01 0.156E-02 0.163E-02 0.938E-02 0.586E-03 0.948E-02 0.592E-03
      2       2       4    2053       4       4 0.122E+01 0.123E+01 0.588E-03 0.664E-03 0.217E-02 0.135E-03 0.204E-02 0.128E-03
      2       2       4     257       4       4 0.359E+00 0.371E+00 0.383E+00 0.391E+00 0.848E-03 0.530E-04 0.752E-03 0.470E-04
      2       2       4    4099       4       4 0.195E+01 0.198E+01 0.762E-03 0.859E-03 0.315E-02 0.197E-03 0.298E-02 0.186E-03
      2       2       4     509       4       4 0.216E+00 0.227E+00 0.224E-03 0.273E-03 0.595E-03 0.372E-04 0.567E-03 0.354E-04
      2       2       4    8191       4       4 0.906E+00 0.935E+00 0.975E-03 0.104E-02 0.510E-02 0.319E-03 0.502E-02 0.314E-03
      2       2       8    1021       4       4 0.324E+00 0.331E+00 0.282E-03 0.346E-03 0.940E-03 0.588E-04 0.898E-03 0.561E-04
      2       2       8   16381       4       4 0.144E+01 0.147E+01 0.173E-02 0.182E-02 0.977E-02 0.610E-03 0.943E-02 0.589E-03
      2       2       8    2053       4       4 0.143E+01 0.147E+01 0.603E-03 0.685E-03 0.275E-02 0.172E-03 0.262E-02 0.164E-03
      2       2       8     257       4       4 0.462E+00 0.485E+00 0.491E+00 0.529E+00 0.879E-03 0.550E-04 0.775E-03 0.484E-04
      2       2       8    4099       4       4 0.223E+01 0.231E+01 0.946E-03 0.106E-02 0.569E-02 0.356E-03 0.367E-02 0.229E-03
      2       2       8     509       4       4 0.240E+00 0.246E+00 0.233E-03 0.286E-03 0.599E-03 0.374E-04 0.593E-03 0.370E-04
      2       2       8    8191       4       4 0.973E+00 0.102E+01 0.112E-02 0.120E-02 0.498E-02 0.312E-03 0.495E-02 0.309E-03
      2       4       1    1021       4       4 0.193E+00 0.196E+00 0.264E-03 0.301E-03 0.406E-03 0.254E-04 0.400E-03 0.250E-04
      2       4       1   16381       4       4 0.162E+01 0.163E+01 0.167E-02 0.178E-02 0.139E-01 0.870E-03 0.137E-01 0.859E-03
      2       4       1    2053       4       4 0.967E+00 0.969E+00 0.404E-03 0.447E-03 0.118E-02 0.735E-04 0.105E-02 0.656E-04
      2       4       1     257       4       4 0.220E+00 0.223E+00 0.677E-01 0.682E-01 0.113E-03 0.709E-05 0.105E-03 0.657E-05
      2       4       1    4099       4       4 0.171E+01 0.172E+01 0.614E-03 0.681E-03 0.257E-02 0.161E-03 0.240E-02 0.150E-03
      2       4       1     509       4       4 0.136E+00 0.141E+00 0.231E-03 0.275E-03 0.188E-03 0.118E-04 0.177E-03 0.110E-04
      2       4       1    8191       4       4 0.902E+00 0.908E+00 0.794E-03 0.847E-03 0.526E-02 0.328E-03 0.507E-02 0.317E-03
      2       4       2    1021       4       4 0.224E+00 0.240E+00 0.290E-03 0.304E-03 0.858E-03 0.536E-04 0.839E-03 0.524E-04
      2       4       2   16381       4       4 0.156E+01 0.160E+01 0.155E-02 0.165E-02 0.102E-01 0.636E-03 0.997E-02 0.623E-03
      2       4       2    2053       4       4 0.102E+01 0.103E+01 0.487E-03 0.554E-03 0.161E-02 0.101E-03 0.150E-02 0.935E-04
      2       4       2     257       4       4 0.270E+00 0.271E+00 0.233E+00 0.284E+00 0.504E-03 0.315E-04 0.490E-03 0.307E-04
      2       4       2    4099       4       4 0.175E+01 0.176E+01 0.663E-03 0.724E-03 0.314E-02 0.196E-03 0.301E-02 0.188E-03
      2       4       2     509       4       4 0.174E+00 0.185E+00 0.248E-03 0.294E-03 0.472E-03 0.295E-04 0.473E-03 0.296E-04
      2       4       2    8191       4       4 0.918E+00 0.941E+00 0.873E-03 0.920E-03 0.534E-02 0.333E-03 0.526E-02 0.329E-03
      2       4       4    1021       4       4 0.293E+00 0.298E+00 0.301E-03 0.352E-03 0.102E-02 0.637E-04 0.992E-03 0.620E-04
      2       4       4   16381       4       4 0.145E+01 0.148E+01 0.160E-02 0.170E-02 0.103E-01 0.646E-03 0.102E-01 0.636E-03
      2       4       4    2053       4       4 0.125E+01 0.126E+01 0.609E-03 0.668E-03 0.222E-02 0.139E-03 0.211E-02 0.132E-03
      2       4       4     257       4       4 0.368E+00 0.379E+00 0.381E+00 0.390E+00 0.845E-03 0.528E-04 0.814E-03 0.509E-04
      2       4       4    4099       4       4 0.194E+01 0.197E+01 0.804E-03 0.876E-03 0.286E-02 0.179E-03 0.272E-02 0.170E-03
      2       4       4     509       4       4 0.212E+00 0.216E+00 0.258E-03 0.299E-03 0.650E-03 0.406E-04 0.643E-03 0.402E-04
      2       4       4    8191       4       4 0.911E+00 0.927E+00 0.100E-02 0.112E-02 0.478E-02 0.299E-03 0.465E-02 0.291E-03
      2       8       1    1021       4       4 0.193E+00 0.195E+00 0.298E-03 0.337E-03 0.437E-03 0.273E-04 0.426E-03 0.266E-04
      2       8       1   16381       4       4 0.169E+01 0.170E+01 0.165E-02 0.183E-02 0.136E-01 0.851E-03 0.133E-01 0.832E-03
      2       8       1    2053       4       4 0.990E+00 0.100E+01 0.445E-03 0.516E-03 0.122E-02 0.761E-04 0.113E-02 0.709E-04
      2       8       1     257       4       4 0.224E+00 0.230E+00 0.687E-01 0.693E-01 0.121E-03 0.758E-05 0.113E-03 0.709E-05
      2       8       1    4099       4       4 0.181E+01 0.191E+01 0.655E-03 0.741E-03 0.296E-02 0.185E-03 0.276E-02 0.172E-03
      2       8       1     509       4       4 0.140E+00 0.142E+00 0.291E-03 0.356E-03 0.206E-03 0.129E-04 0.211E-03 0.132E-04
      2       8       1    8191       4       4 0.950E+00 0.954E+00 0.850E-03 0.895E-03 0.556E-02 0.348E-03 0.528E-02 0.330E-03
      2       8       2    1021       4       4 0.222E+00 0.223E+00 0.312E-03 0.360E-03 0.805E-03 0.503E-04 0.771E-03 0.482E-04
      2       8       2   16381       4       4 0.165E+01 0.168E+01 0.158E-02 0.167E-02 0.116E-01 0.726E-03 0.113E-01 0.708E-03
      2       8       2    2053       4       4 0.105E+01 0.105E+01 0.512E-03 0.605E-03 0.173E-02 0.108E-03 0.163E-02 0.102E-03
      2       8       2     257       4       4 0.269E+00 0.271E+00 0.233E+00 0.283E+00 0.506E-03 0.316E-04 0.501E-03 0.313E-04
      2       8       2    4099       4       4 0.182E+01 0.183E+01 0.703E-03 0.749E-03 0.277E-02 0.173E-03 0.265E-02 0.165E-03
      2       8       2     509       4       4 0.181E+00 0.200E+00 0.282E-03 0.335E-03 0.496E-03 0.310E-04 0.483E-03 0.302E-04
      2       8       2    8191       4       4 0.952E+00 0.980E+00 0.964E-03 0.101E-02 0.524E-02 0.328E-03 0.513E-02 0.321E-03
