      2       1    1024    1024       4       4 0.150E+00 0.599E+00 0.140E+00 0.561E+00 0.230E+00 0.144E-01 0.220E+00 0.138E-01
      2       1     128     128       4       4 0.281E-01 0.112E+00 0.240E-01 0.959E-01 0.161E-02 0.101E-03 0.165E-02 0.103E-03
      2       1    2048    2048       4       4 0.566E+00 0.226E+01 0.547E+00 0.219E+01 0.107E+01 0.666E-01 0.102E+01 0.635E-01
      2       1     256     256       4       4 0.372E-01 0.148E+00 0.328E-01 0.131E+00 0.874E-02 0.546E-03 0.879E-02 0.549E-03
      2       1      32      32       4       4 0.794E-02 0.317E-01 0.682E-02 0.272E-01 0.453E-04 0.283E-05 0.474E-04 0.297E-05
      2       1    4096    4096       4       4 0.184E+01 0.735E+01 0.182E+01 0.727E+01 0.492E+01 0.307E+00 0.498E+01 0.311E+00
      2       1     512     512       4       4 0.650E-01 0.259E+00 0.568E-01 0.227E+00 0.460E-01 0.287E-02 0.424E-01 0.265E-02
      2       1      64      64       4       4 0.152E-01 0.609E-01 0.132E-01 0.526E-01 0.307E-03 0.192E-04 0.298E-03 0.186E-04
      2      12    1024    1024       4       4 0.272E+00 0.108E+01 0.247E+00 0.984E+00 0.483E-01 0.302E-02 0.545E-01 0.340E-02
      2      12     128     128       4       4 0.375E-01 0.148E+00 0.317E-01 0.126E+00 0.178E-02 0.111E-03 0.162E-02 0.101E-03
      2      12    2048    2048       4       4 0.878E+00 0.351E+01 0.834E+00 0.333E+01 0.211E+00 0.132E-01 0.210E+00 0.132E-01
      2      12     256     256       4       4 0.517E-01 0.205E+00 0.462E-01 0.183E+00 0.366E-02 0.229E-03 0.330E-02 0.207E-03
      2      12      32      32       4       4 0.138E-01 0.544E-01 0.123E-01 0.480E-01 0.102E-02 0.637E-04 0.100E-02 0.628E-04
      2      12    4096    4096       4       4 0.296E+01 0.118E+02 0.294E+01 0.118E+02 0.920E+00 0.575E-01 0.916E+00 0.573E-01
      2      12     512     512       4       4 0.109E+00 0.430E+00 0.968E-01 0.384E+00 0.130E-01 0.810E-03 0.178E-01 0.111E-02
      2      12      64      64       4       4 0.237E-01 0.927E-01 0.219E-01 0.858E-01 0.127E-02 0.791E-04 0.125E-02 0.782E-04
      2      16    1024    1024       4       4 0.243E+00 0.969E+00 0.230E+00 0.914E+00 0.415E-01 0.259E-02 0.387E-01 0.242E-02
      2      16     128     128       4       4 0.352E-01 0.140E+00 0.317E-01 0.126E+00 0.138E-02 0.860E-04 0.130E-02 0.810E-04
      2      16    2048    2048       4       4 0.885E+00 0.353E+01 0.831E+00 0.332E+01 0.212E+00 0.133E-01 0.209E+00 0.131E-01
      2      16     256     256       4       4 0.521E-01 0.206E+00 0.488E-01 0.193E+00 0.408E-02 0.255E-03 0.390E-02 0.243E-03
      2      16      32      32       4       4 0.120E-01 0.473E-01 0.107E-01 0.419E-01 0.101E-02 0.629E-04 0.976E-03 0.610E-04
      2      16    4096    4096       4       4 0.283E+01 0.113E+02 0.280E+01 0.112E+02 0.982E+00 0.614E-01 0.993E+00 0.621E-01
      2      16     512     512       4       4 0.934E-01 0.370E+00 0.827E-01 0.327E+00 0.148E-01 0.922E-03 0.140E-01 0.875E-03
      2      16      64      64       4       4 0.203E-01 0.806E-01 0.182E-01 0.721E-01 0.859E-03 0.537E-04 0.835E-03 0.522E-04
      2       2    1024    1024       4       4 0.255E+00 0.102E+01 0.246E+00 0.983E+00 0.146E+00 0.910E-02 0.132E+00 0.826E-02
      2       2     128     128       4       4 0.324E-01 0.129E+00 0.279E-01 0.111E+00 0.192E-02 0.120E-03 0.167E-02 0.105E-03
      2       2    2048    2048       4       4 0.962E+00 0.385E+01 0.950E+00 0.380E+01 0.645E+00 0.403E-01 0.647E+00 0.404E-01
      2       2     256     256       4       4 0.463E-01 0.185E+00 0.415E-01 0.166E+00 0.552E-02 0.345E-03 0.555E-02 0.347E-03
      2       2      32      32       4       4 0.959E-02 0.383E-01 0.826E-02 0.329E-01 0.212E-03 0.132E-04 0.223E-03 0.140E-04
      2       2    4096    4096       4       4 0.296E+01 0.118E+02 0.295E+01 0.118E+02 0.290E+01 0.182E+00 0.287E+01 0.179E+00
      2       2     512     512       4       4 0.987E-01 0.394E+00 0.872E-01 0.348E+00 0.354E-01 0.221E-02 0.315E-01 0.197E-02
      2       2      64      64       4       4 0.168E-01 0.669E-01 0.145E-01 0.579E-01 0.401E-03 0.251E-04 0.468E-03 0.292E-04
      2      24    1024    1024       4       4 0.259E+00 0.102E+01 0.241E+00 0.953E+00 0.438E-01 0.273E-02 0.434E-01 0.271E-02
      2      24     128     128       4       4 0.443E-01 0.172E+00 0.390E-01 0.151E+00 0.311E-02 0.195E-03 0.304E-02 0.190E-03
      2      24    2048    2048       4       4 0.994E+00 0.396E+01 0.885E+00 0.352E+01 0.166E+00 0.104E-01 0.200E+00 0.125E-01
      2      24     256     256       4       4 0.637E-01 0.252E+00 0.532E-01 0.210E+00 0.497E-02 0.310E-03 0.478E-02 0.299E-03
      2      24      32      32       4       4 0.136E-01 0.517E-01 0.120E-01 0.453E-01 0.133E-02 0.833E-04 0.117E-02 0.734E-04
      2      24    4096    4096       4       4 0.286E+01 0.115E+02 0.283E+01 0.113E+02 0.943E+00 0.589E-01 0.938E+00 0.586E-01
      2      24     512     512       4       4 0.113E+00 0.446E+00 0.989E-01 0.391E+00 0.142E-01 0.886E-03 0.141E-01 0.880E-03
      2      24      64      64       4       4 0.357E-01 0.140E+00 0.316E-01 0.124E+00 0.176E-02 0.110E-03 0.167E-02 0.104E-03
      2       4    1024    1024       4       4 0.223E+00 0.893E+00 0.214E+00 0.854E+00 0.793E-01 0.496E-02 0.732E-01 0.457E-02
      2       4     128     128       4       4 0.315E-01 0.126E+00 0.272E-01 0.109E+00 0.122E-02 0.762E-04 0.117E-02 0.733E-04
      2       4    2048    2048       4       4 0.839E+00 0.336E+01 0.814E+00 0.325E+01 0.364E+00 0.228E-01 0.370E+00 0.231E-01
      2       4     256     256       4       4 0.456E-01 0.181E+00 0.399E-01 0.159E+00 0.619E-02 0.387E-03 0.389E-02 0.243E-03
      2       4      32      32       4       4 0.932E-02 0.371E-01 0.819E-02 0.326E-01 0.378E-03 0.236E-04 0.363E-03 0.227E-04
      2       4    4096    4096       4       4 0.300E+01 0.120E+02 0.297E+01 0.119E+02 0.164E+01 0.102E+00 0.163E+01 0.102E+00
      2       4     512     512       4       4 0.896E-01 0.357E+00 0.818E-01 0.326E+00 0.215E-01 0.134E-02 0.171E-01 0.107E-02
      2       4      64      64       4       4 0.169E-01 0.675E-01 0.148E-01 0.592E-01 0.685E-03 0.428E-04 0.587E-03 0.367E-04
      2       8    1024    1024       4       4 0.212E+00 0.845E+00 0.203E+00 0.809E+00 0.688E-01 0.430E-02 0.683E-01 0.427E-02
      2       8     128     128       4       4 0.321E-01 0.128E+00 0.274E-01 0.109E+00 0.120E-02 0.749E-04 0.112E-02 0.701E-04
      2       8    2048    2048       4       4 0.836E+00 0.334E+01 0.798E+00 0.319E+01 0.261E+00 0.163E-01 0.260E+00 0.163E-01
      2       8     256     256       4       4 0.467E-01 0.185E+00 0.410E-01 0.163E+00 0.511E-02 0.319E-03 0.389E-02 0.243E-03
      2       8      32      32       4       4 0.947E-02 0.376E-01 0.822E-02 0.326E-01 0.572E-03 0.358E-04 0.555E-03 0.347E-04
      2       8    4096    4096       4       4 0.278E+01 0.111E+02 0.276E+01 0.110E+02 0.105E+01 0.653E-01 0.106E+01 0.661E-01
      2       8     512     512       4       4 0.915E-01 0.364E+00 0.803E-01 0.319E+00 0.151E-01 0.941E-03 0.138E-01 0.866E-03
      2       8      64      64       4       4 0.172E-01 0.682E-01 0.148E-01 0.588E-01 0.724E-03 0.453E-04 0.656E-03 0.410E-04
      3       1    1024    1024       4       4 0.102E-02 0.387E-02 0.422E-04 0.529E-04 0.247E+00 0.154E-01 0.237E+00 0.148E-01
      3       1     128     128       4       4 0.834E-03 0.331E-02 0.924E-05 0.150E-04 0.145E-02 0.909E-04 0.143E-02 0.897E-04
      3       1    2048    2048       4       4 0.106E-02 0.392E-02 0.833E-04 0.104E-03 0.208E+01 0.130E+00 0.205E+01 0.128E+00
      3       1     256     256       4       4 0.935E-03 0.369E-02 0.141E-04 0.262E-04 0.770E-02 0.481E-03 0.797E-02 0.498E-03
      3       1      32      32       4       4 0.783E-03 0.312E-02 0.376E-05 0.906E-05 0.746E-04 0.466E-05 0.627E-04 0.392E-05
      3       1    4096    4096       4       4 0.945E-03 0.346E-02 0.923E-04 0.117E-03 0.519E+01 0.324E+00 0.519E+01 0.324E+00
      3       1     512     512       4       4 0.976E-03 0.373E-02 0.243E-04 0.370E-04 0.403E-01 0.252E-02 0.423E-01 0.264E-02
      3       1      64      64       4       4 0.742E-03 0.295E-02 0.405E-05 0.100E-04 0.318E-03 0.199E-04 0.309E-03 0.193E-04
      3      12    1024    1024       4       4 0.983E-03 0.371E-02 0.488E-04 0.620E-04 0.349E-01 0.218E-02 0.294E-01 0.184E-02
      3      12     128     128       4       4 0.372E-02 0.148E-01 0.113E-04 0.181E-04 0.677E-03 0.423E-04 0.610E-03 0.381E-04
      3      12    2048    2048       4       4 0.643E-03 0.215E-02 0.122E-03 0.134E-03 0.260E+00 0.163E-01 0.254E+00 0.159E-01
      3      12     256     256       4       4 0.326E-02 0.130E-01 0.192E-04 0.339E-04 0.216E-02 0.135E-03 0.202E-02 0.126E-03
      3      12      32      32       4       4 0.443E-02 0.177E-01 0.477E-05 0.906E-05 0.307E-03 0.192E-04 0.234E-03 0.146E-04
      3      12    4096    4096       4       4 0.613E-03 0.203E-02 0.122E-03 0.136E-03 0.853E+00 0.533E-01 0.837E+00 0.523E-01
      3      12     512     512       4       4 0.984E-03 0.379E-02 0.297E-04 0.429E-04 0.696E-02 0.435E-03 0.657E-02 0.411E-03
      3      12      64      64       4       4 0.429E-02 0.172E-01 0.429E-05 0.811E-05 0.471E-03 0.294E-04 0.421E-03 0.263E-04
      3      16    1024    1024       4       4 0.515E-03 0.183E-02 0.492E-04 0.639E-04 0.348E-01 0.217E-02 0.279E-01 0.174E-02
      3      16     128     128       4       4 0.429E-02 0.171E-01 0.108E-04 0.181E-04 0.557E-03 0.348E-04 0.459E-03 0.287E-04
      3      16    2048    2048       4       4 0.573E-03 0.188E-02 0.124E-03 0.139E-03 0.260E+00 0.162E-01 0.252E+00 0.157E-01
      3      16     256     256       4       4 0.133E-02 0.527E-02 0.185E-04 0.241E-04 0.210E-02 0.131E-03 0.153E-02 0.954E-04
      3      16      32      32       4       4 0.428E-02 0.171E-01 0.358E-05 0.715E-05 0.405E-03 0.253E-04 0.237E-03 0.148E-04
      3      16    4096    4096       4       4 0.692E-03 0.232E-02 0.140E-03 0.187E-03 0.983E+00 0.615E-01 0.962E+00 0.601E-01
      3      16     512     512       4       4 0.303E-02 0.120E-01 0.291E-04 0.372E-04 0.738E-02 0.461E-03 0.619E-02 0.387E-03
      3      16      64      64       4       4 0.405E-02 0.162E-01 0.578E-05 0.906E-05 0.519E-03 0.324E-04 0.400E-03 0.250E-04
      3       2    1024    1024       4       4 0.867E-03 0.325E-02 0.424E-04 0.560E-04 0.130E+00 0.810E-02 0.124E+00 0.778E-02
      3       2     128     128       4       4 0.260E-02 0.103E-01 0.882E-05 0.150E-04 0.115E-02 0.717E-04 0.120E-02 0.749E-04
      3       2    2048    2048       4       4 0.917E-03 0.333E-02 0.845E-04 0.106E-03 0.119E+01 0.741E-01 0.116E+01 0.728E-01
      3       2     256     256       4       4 0.102E-02 0.403E-02 0.180E-04 0.260E-04 0.480E-02 0.300E-03 0.485E-02 0.303E-03
      3       2      32      32       4       4 0.367E-02 0.147E-01 0.352E-05 0.691E-05 0.144E-03 0.900E-05 0.107E-03 0.668E-05
      3       2    4096    4096       4       4 0.852E-03 0.300E-02 0.115E-03 0.118E-03 0.315E+01 0.197E+00 0.316E+01 0.197E+00
      3       2     512     512       4       4 0.125E-02 0.489E-02 0.270E-04 0.350E-04 0.348E-01 0.217E-02 0.328E-01 0.205E-02
      3       2      64      64       4       4 0.299E-02 0.119E-01 0.358E-05 0.811E-05 0.465E-03 0.290E-04 0.564E-03 0.353E-04
      3      24    1024    1024       4       4 0.109E-02 0.414E-02 0.578E-04 0.911E-04 0.282E-01 0.176E-02 0.246E-01 0.154E-02
      3      24     128     128       4       4 0.365E-02 0.146E-01 0.132E-04 0.160E-04 0.104E-02 0.652E-04 0.531E-03 0.332E-04
      3      24    2048    2048       4       4 0.501E-03 0.158E-02 0.135E-03 0.151E-03 0.185E+00 0.116E-01 0.181E+00 0.113E-01
      3      24     256     256       4       4 0.981E-03 0.385E-02 0.187E-04 0.260E-04 0.189E-02 0.118E-03 0.139E-02 0.866E-04
      3      24      32      32       4       4 0.406E-02 0.162E-01 0.423E-05 0.906E-05 0.439E-03 0.274E-04 0.182E-03 0.114E-04
      3      24    4096    4096       4       4 0.570E-03 0.179E-02 0.137E-03 0.153E-03 0.699E+00 0.437E-01 0.687E+00 0.430E-01
      3      24     512     512       4       4 0.155E-02 0.604E-02 0.400E-04 0.861E-04 0.674E-02 0.421E-03 0.555E-02 0.347E-03
      3      24      64      64       4       4 0.496E-02 0.198E-01 0.387E-05 0.787E-05 0.570E-03 0.356E-04 0.343E-03 0.215E-04
      3       4    1024    1024       4       4 0.779E-03 0.286E-02 0.522E-04 0.701E-04 0.801E-01 0.501E-02 0.767E-01 0.479E-02
      3       4     128     128       4       4 0.454E-02 0.181E-01 0.948E-05 0.150E-04 0.104E-02 0.651E-04 0.117E-02 0.731E-04
      3       4    2048    2048       4       4 0.779E-03 0.276E-02 0.907E-04 0.112E-03 0.667E+00 0.417E-01 0.665E+00 0.416E-01
      3       4     256     256       4       4 0.334E-02 0.133E-01 0.160E-04 0.272E-04 0.421E-02 0.263E-03 0.413E-02 0.258E-03
      3       4      32      32       4       4 0.561E-02 0.224E-01 0.322E-05 0.596E-05 0.241E-03 0.151E-04 0.208E-03 0.130E-04
      3       4    4096    4096       4       4 0.760E-03 0.270E-02 0.944E-04 0.124E-03 0.178E+01 0.111E+00 0.176E+01 0.110E+00
      3       4     512     512       4       4 0.271E-02 0.106E-01 0.300E-04 0.381E-04 0.183E-01 0.114E-02 0.174E-01 0.109E-02
      3       4      64      64       4       4 0.536E-02 0.214E-01 0.376E-05 0.715E-05 0.461E-03 0.288E-04 0.468E-03 0.293E-04
      3       8    1024    1024       4       4 0.652E-03 0.234E-02 0.540E-04 0.761E-04 0.490E-01 0.306E-02 0.428E-01 0.268E-02
      3       8     128     128       4       4 0.383E-02 0.153E-01 0.960E-05 0.169E-04 0.752E-03 0.470E-04 0.651E-03 0.407E-04
      3       8    2048    2048       4       4 0.691E-03 0.240E-02 0.938E-04 0.113E-03 0.445E+00 0.278E-01 0.451E+00 0.282E-01
      3       8     256     256       4       4 0.359E-02 0.143E-01 0.165E-04 0.250E-04 0.279E-02 0.174E-03 0.280E-02 0.175E-03
      3       8      32      32       4       4 0.454E-02 0.181E-01 0.501E-05 0.811E-05 0.268E-03 0.167E-04 0.219E-03 0.137E-04
      3       8    4096    4096       4       4 0.746E-03 0.263E-02 0.102E-03 0.117E-03 0.119E+01 0.743E-01 0.117E+01 0.729E-01
      3       8     512     512       4       4 0.571E-02 0.227E-01 0.265E-04 0.370E-04 0.118E-01 0.738E-03 0.107E-01 0.668E-03
      3       8      64      64       4       4 0.701E-02 0.280E-01 0.423E-05 0.882E-05 0.424E-03 0.265E-04 0.383E-03 0.240E-04
