      2       1       1    1021       4       4 0.499E-01 0.199E+00 0.878E-04 0.920E-04 0.447E-03 0.279E-04 0.419E-03 0.262E-04
      2       1       1   16381       4       4 0.428E+00 0.171E+01 0.135E-02 0.143E-02 0.165E-01 0.103E-02 0.162E-01 0.101E-02
      2       1       1    2053       4       4 0.257E+00 0.103E+01 0.219E-03 0.248E-03 0.125E-02 0.778E-04 0.110E-02 0.689E-04
      2       1       1     257       4       4 0.583E-01 0.233E+00 0.180E-01 0.719E-01 0.142E-03 0.890E-05 0.104E-03 0.651E-05
      2       1       1    4099       4       4 0.458E+00 0.183E+01 0.407E-03 0.477E-03 0.289E-02 0.181E-03 0.255E-02 0.160E-03
      2       1       1     509       4       4 0.361E-01 0.144E+00 0.608E-04 0.780E-04 0.224E-03 0.140E-04 0.203E-03 0.127E-04
      2       1       1    8191       4       4 0.243E+00 0.969E+00 0.590E-03 0.662E-03 0.537E-02 0.336E-03 0.523E-02 0.327E-03
      2       1      12    1021       4       4 0.101E+00 0.405E+00 0.138E-03 0.141E-03 0.128E-02 0.799E-04 0.121E-02 0.759E-04
      2       1      12   16381       4       4 0.405E+00 0.161E+01 0.174E-02 0.185E-02 0.116E-01 0.723E-03 0.111E-01 0.696E-03
      2       1      12    2053       4       4 0.391E+00 0.156E+01 0.431E-03 0.437E-03 0.199E-02 0.124E-03 0.192E-02 0.120E-03
      2       1      12     257       4       4 0.124E+00 0.497E+00 0.128E+00 0.511E+00 0.749E-03 0.468E-04 0.755E-03 0.472E-04
      2       1      12    4099       4       4 0.684E+00 0.273E+01 0.829E-03 0.853E-03 0.396E-02 0.247E-03 0.378E-02 0.236E-03
      2       1      12     509       4       4 0.738E-01 0.295E+00 0.775E-04 0.920E-04 0.768E-03 0.480E-04 0.778E-03 0.486E-04
      2       1      12    8191       4       4 0.277E+00 0.110E+01 0.897E-03 0.106E-02 0.780E-02 0.488E-03 0.784E-02 0.490E-03
      2       1      16    1021       4       4 0.113E+00 0.453E+00 0.119E-03 0.145E-03 0.136E-02 0.847E-04 0.138E-02 0.863E-04
      2       1      16   16381       4       4 0.346E+00 0.137E+01 0.159E-02 0.165E-02 0.907E-02 0.567E-03 0.880E-02 0.550E-03
      2       1      16    2053       4       4 0.491E+00 0.196E+01 0.757E-03 0.823E-03 0.368E-02 0.230E-03 0.354E-02 0.221E-03
      2       1      16     257       4       4 0.142E+00 0.565E+00 0.153E+00 0.613E+00 0.884E-03 0.553E-04 0.882E-03 0.551E-04
      2       1      16    4099       4       4 0.733E+00 0.293E+01 0.934E-03 0.978E-03 0.517E-02 0.323E-03 0.515E-02 0.322E-03
      2       1      16     509       4       4 0.766E-01 0.306E+00 0.954E-04 0.125E-03 0.103E-02 0.642E-04 0.101E-02 0.634E-04
      2       1      16    8191       4       4 0.253E+00 0.101E+01 0.917E-03 0.934E-03 0.652E-02 0.407E-03 0.659E-02 0.412E-03
      2       1       2    1021       4       4 0.656E-01 0.262E+00 0.913E-04 0.102E-03 0.106E-02 0.663E-04 0.111E-02 0.694E-04
      2       1       2   16381       4       4 0.406E+00 0.162E+01 0.123E-02 0.139E-02 0.105E-01 0.659E-03 0.991E-02 0.619E-03
      2       1       2    2053       4       4 0.266E+00 0.106E+01 0.242E-03 0.268E-03 0.165E-02 0.103E-03 0.157E-02 0.979E-04
      2       1       2     257       4       4 0.690E-01 0.276E+00 0.211E-01 0.841E-01 0.551E-03 0.344E-04 0.510E-03 0.319E-04
      2       1       2    4099       4       4 0.460E+00 0.184E+01 0.439E-03 0.502E-03 0.320E-02 0.200E-03 0.329E-02 0.206E-03
      2       1       2     509       4       4 0.433E-01 0.173E+00 0.533E-04 0.691E-04 0.473E-03 0.296E-04 0.438E-03 0.274E-04
      2       1       2    8191       4       4 0.242E+00 0.964E+00 0.643E-03 0.710E-03 0.567E-02 0.354E-03 0.544E-02 0.340E-03
      2       1      24    1021       4       4 0.136E+00 0.543E+00 0.213E-03 0.263E-03 0.414E-02 0.259E-03 0.216E-02 0.135E-03
      2       1      24   16381       4       4 0.444E+00 0.177E+01 0.198E-02 0.212E-02 0.174E-01 0.109E-02 0.172E-01 0.107E-02
      2       1      24    2053       4       4 0.552E+00 0.221E+01 0.694E-03 0.722E-03 0.838E-02 0.524E-03 0.415E-02 0.259E-03
      2       1      24     257       4       4 0.157E+00 0.626E+00 0.179E+00 0.715E+00 0.114E-02 0.711E-04 0.115E-02 0.721E-04
      2       1      24    4099       4       4 0.772E+00 0.308E+01 0.903E-03 0.947E-03 0.712E-02 0.445E-03 0.534E-02 0.334E-03
      2       1      24     509       4       4 0.878E-01 0.351E+00 0.903E-04 0.107E-03 0.100E-02 0.627E-04 0.986E-03 0.616E-04
      2       1      24    8191       4       4 0.301E+00 0.120E+01 0.150E-02 0.156E-02 0.113E-01 0.705E-03 0.100E-01 0.626E-03
      2       1       4    1021       4       4 0.789E-01 0.315E+00 0.170E-03 0.190E-03 0.274E-02 0.171E-03 0.264E-02 0.165E-03
      2       1       4   16381       4       4 0.381E+00 0.152E+01 0.119E-02 0.137E-02 0.102E-01 0.636E-03 0.100E-01 0.628E-03
      2       1       4    2053       4       4 0.302E+00 0.121E+01 0.398E-03 0.429E-03 0.211E-02 0.132E-03 0.206E-02 0.129E-03
      2       1       4     257       4       4 0.899E-01 0.359E+00 0.975E-01 0.389E+00 0.726E-03 0.453E-04 0.768E-03 0.480E-04
      2       1       4    4099       4       4 0.514E+00 0.205E+01 0.591E-03 0.633E-03 0.323E-02 0.202E-03 0.315E-02 0.197E-03
      2       1       4     509       4       4 0.552E-01 0.221E+00 0.750E-04 0.120E-03 0.743E-03 0.464E-04 0.746E-03 0.467E-04
      2       1       4    8191       4       4 0.244E+00 0.972E+00 0.664E-03 0.679E-03 0.444E-02 0.278E-03 0.415E-02 0.259E-03
      2       1       8    1021       4       4 0.901E-01 0.359E+00 0.101E-03 0.120E-03 0.109E-02 0.679E-04 0.116E-02 0.728E-04
      2       1       8   16381       4       4 0.397E+00 0.158E+01 0.126E-02 0.133E-02 0.113E-01 0.709E-03 0.113E-01 0.707E-03
      2       1       8    2053       4       4 0.376E+00 0.150E+01 0.396E-03 0.410E-03 0.272E-02 0.170E-03 0.258E-02 0.161E-03
      2       1       8     257       4       4 0.112E+00 0.448E+00 0.117E+00 0.466E+00 0.910E-03 0.569E-04 0.842E-03 0.526E-04
      2       1       8    4099       4       4 0.569E+00 0.227E+01 0.630E-03 0.702E-03 0.327E-02 0.204E-03 0.310E-02 0.194E-03
      2       1       8     509       4       4 0.616E-01 0.246E+00 0.950E-04 0.113E-03 0.787E-03 0.492E-04 0.752E-03 0.470E-04
      2       1       8    8191       4       4 0.262E+00 0.105E+01 0.789E-03 0.833E-03 0.433E-02 0.271E-03 0.428E-02 0.268E-03
      3       1       1    1021       4       4 0.865E-03 0.304E-02 0.164E-03 0.179E-03 0.401E-03 0.250E-04 0.422E-03 0.263E-04
      3       1       1 1048573       4       4 0.143E+00 0.147E+00 0.140E+00 0.142E+00 0.125E+01 0.780E-01 0.126E+01 0.789E-01
      3       1       1  131071       4       4 0.149E-01 0.183E-01 0.135E-01 0.137E-01 0.110E+00 0.690E-02 0.110E+00 0.688E-02
      3       1       1   16381       4       4 0.258E-02 0.538E-02 0.169E-02 0.201E-02 0.101E-01 0.630E-03 0.102E-01 0.638E-03
      3       1       1    2053       4       4 0.118E-02 0.333E-02 0.398E-03 0.426E-03 0.127E-02 0.794E-04 0.121E-02 0.755E-04
      3       1       1     257       4       4 0.794E-03 0.308E-02 0.343E-04 0.460E-04 0.116E-03 0.724E-05 0.861E-04 0.538E-05
      3       1       1  262147       4       4 0.443E-01 0.495E-01 0.437E-01 0.461E-01 0.511E+00 0.320E-01 0.507E+00 0.317E-01
      3       1       1   32771       4       4 0.647E-02 0.101E-01 0.551E-02 0.622E-02 0.458E-01 0.286E-02 0.440E-01 0.275E-02
      3       1       1    4099       4       4 0.152E-02 0.398E-02 0.563E-03 0.608E-03 0.427E-02 0.267E-03 0.413E-02 0.258E-03
      3       1       1     509       4       4 0.785E-03 0.298E-02 0.572E-04 0.770E-04 0.155E-03 0.967E-05 0.138E-03 0.861E-05
      3       1       1  524287       4       4 0.627E-01 0.693E-01 0.594E-01 0.608E-01 0.537E+00 0.336E-01 0.533E+00 0.333E-01
      3       1       1   65537       4       4 0.102E-01 0.140E-01 0.956E-02 0.106E-01 0.107E+00 0.669E-02 0.105E+00 0.657E-02
      3       1       1    8191       4       4 0.141E-02 0.344E-02 0.831E-03 0.878E-03 0.472E-02 0.295E-03 0.464E-02 0.290E-03
      3       1      12    1021       4       4 0.654E-02 0.258E-01 0.149E-03 0.176E-03 0.392E-03 0.245E-04 0.361E-03 0.226E-04
      3       1      12 1048573       4       4 0.147E+00 0.150E+00 0.142E+00 0.144E+00 0.130E+01 0.814E-01 0.130E+01 0.814E-01
      3       1      12  131071       4       4 0.213E-01 0.449E-01 0.137E-01 0.142E-01 0.115E+00 0.716E-02 0.114E+00 0.715E-02
      3       1      12   16381       4       4 0.101E-01 0.352E-01 0.163E-02 0.182E-02 0.107E-01 0.666E-03 0.104E-01 0.653E-03
      3       1      12    2053       4       4 0.785E-02 0.300E-01 0.392E-03 0.419E-03 0.117E-02 0.731E-04 0.115E-02 0.717E-04
      3       1      12     257       4       4 0.546E-02 0.217E-01 0.412E-04 0.679E-04 0.115E-03 0.718E-05 0.107E-03 0.666E-05
      3       1      12  262147       4       4 0.476E-01 0.573E-01 0.452E-01 0.468E-01 0.541E+00 0.338E-01 0.537E+00 0.335E-01
      3       1      12   32771       4       4 0.102E-01 0.238E-01 0.588E-02 0.671E-02 0.476E-01 0.297E-02 0.467E-01 0.292E-02
      3       1      12    4099       4       4 0.425E-02 0.152E-01 0.701E-03 0.827E-03 0.468E-02 0.293E-03 0.461E-02 0.288E-03
      3       1      12     509       4       4 0.447E-02 0.177E-01 0.700E-04 0.115E-03 0.166E-03 0.104E-04 0.151E-03 0.945E-05
      3       1      12  524287       4       4 0.643E-01 0.698E-01 0.612E-01 0.624E-01 0.559E+00 0.349E-01 0.558E+00 0.349E-01
      3       1      12   65537       4       4 0.140E-01 0.284E-01 0.994E-02 0.111E-01 0.115E+00 0.720E-02 0.114E+00 0.714E-02
      3       1      12    8191       4       4 0.825E-02 0.306E-01 0.792E-03 0.798E-03 0.487E-02 0.304E-03 0.480E-02 0.300E-03
      3       1      16    1021       4       4 0.432E-02 0.169E-01 0.148E-03 0.175E-03 0.398E-03 0.249E-04 0.358E-03 0.224E-04
      3       1      16 1048573       4       4 0.147E+00 0.151E+00 0.142E+00 0.144E+00 0.131E+01 0.817E-01 0.131E+01 0.816E-01
      3       1      16  131071       4       4 0.177E-01 0.299E-01 0.139E-01 0.143E-01 0.116E+00 0.724E-02 0.115E+00 0.722E-02
      3       1      16   16381       4       4 0.594E-02 0.186E-01 0.166E-02 0.187E-02 0.109E-01 0.684E-03 0.107E-01 0.666E-03
      3       1      16    2053       4       4 0.475E-02 0.176E-01 0.404E-03 0.449E-03 0.125E-02 0.779E-04 0.121E-02 0.759E-04
      3       1      16     257       4       4 0.437E-02 0.174E-01 0.387E-04 0.539E-04 0.121E-03 0.754E-05 0.116E-03 0.723E-05
      3       1      16  262147       4       4 0.479E-01 0.597E-01 0.452E-01 0.476E-01 0.543E+00 0.339E-01 0.538E+00 0.336E-01
      3       1      16   32771       4       4 0.102E-01 0.237E-01 0.571E-02 0.672E-02 0.477E-01 0.298E-02 0.468E-01 0.292E-02
      3       1      16    4099       4       4 0.497E-02 0.178E-01 0.639E-03 0.716E-03 0.473E-02 0.295E-03 0.466E-02 0.291E-03
      3       1      16     509       4       4 0.440E-02 0.174E-01 0.660E-04 0.980E-04 0.174E-03 0.109E-04 0.158E-03 0.988E-05
      3       1      16  524287       4       4 0.637E-01 0.694E-01 0.607E-01 0.615E-01 0.564E+00 0.353E-01 0.567E+00 0.354E-01
      3       1      16   65537       4       4 0.142E-01 0.264E-01 0.102E-01 0.110E-01 0.110E+00 0.690E-02 0.110E+00 0.686E-02
      3       1      16    8191       4       4 0.613E-02 0.220E-01 0.815E-03 0.834E-03 0.487E-02 0.304E-03 0.475E-02 0.297E-03
      3       1       2    1021       4       4 0.338E-02 0.132E-01 0.156E-03 0.223E-03 0.380E-03 0.237E-04 0.368E-03 0.230E-04
      3       1       2 1048573       4       4 0.146E+00 0.149E+00 0.141E+00 0.144E+00 0.124E+01 0.777E-01 0.126E+01 0.789E-01
      3       1       2  131071       4       4 0.147E-01 0.189E-01 0.135E-01 0.137E-01 0.109E+00 0.682E-02 0.109E+00 0.678E-02
      3       1       2   16381       4       4 0.435E-02 0.127E-01 0.160E-02 0.170E-02 0.107E-01 0.671E-03 0.100E-01 0.627E-03
      3       1       2    2053       4       4 0.363E-02 0.132E-01 0.388E-03 0.463E-03 0.121E-02 0.758E-04 0.116E-02 0.726E-04
      3       1       2     257       4       4 0.552E-03 0.211E-02 0.367E-04 0.460E-04 0.109E-03 0.681E-05 0.901E-04 0.563E-05
      3       1       2  262147       4       4 0.458E-01 0.542E-01 0.439E-01 0.461E-01 0.511E+00 0.319E-01 0.503E+00 0.315E-01
      3       1       2   32771       4       4 0.875E-02 0.190E-01 0.523E-02 0.615E-02 0.459E-01 0.287E-02 0.444E-01 0.278E-02
      3       1       2    4099       4       4 0.385E-02 0.134E-01 0.561E-03 0.665E-03 0.434E-02 0.271E-03 0.436E-02 0.273E-03
      3       1       2     509       4       4 0.328E-02 0.130E-01 0.662E-04 0.920E-04 0.192E-03 0.120E-04 0.157E-03 0.983E-05
      3       1       2  524287       4       4 0.626E-01 0.698E-01 0.587E-01 0.603E-01 0.540E+00 0.338E-01 0.537E+00 0.335E-01
      3       1       2   65537       4       4 0.107E-01 0.162E-01 0.996E-02 0.109E-01 0.107E+00 0.668E-02 0.106E+00 0.663E-02
      3       1       2    8191       4       4 0.381E-02 0.130E-01 0.947E-03 0.103E-02 0.469E-02 0.293E-03 0.473E-02 0.295E-03
      3       1      24    1021       4       4 0.422E-02 0.165E-01 0.173E-03 0.249E-03 0.435E-03 0.272E-04 0.405E-03 0.253E-04
      3       1      24 1048573       4       4 0.147E+00 0.154E+00 0.140E+00 0.142E+00 0.132E+01 0.825E-01 0.132E+01 0.823E-01
      3       1      24  131071       4       4 0.174E-01 0.288E-01 0.138E-01 0.143E-01 0.115E+00 0.720E-02 0.115E+00 0.720E-02
      3       1      24   16381       4       4 0.794E-02 0.265E-01 0.173E-02 0.194E-02 0.112E-01 0.702E-03 0.111E-01 0.691E-03
      3       1      24    2053       4       4 0.469E-02 0.174E-01 0.421E-03 0.449E-03 0.133E-02 0.833E-04 0.124E-02 0.777E-04
      3       1      24     257       4       4 0.626E-02 0.249E-01 0.592E-04 0.801E-04 0.195E-03 0.122E-04 0.171E-03 0.107E-04
      3       1      24  262147       4       4 0.515E-01 0.597E-01 0.482E-01 0.491E-01 0.548E+00 0.342E-01 0.544E+00 0.340E-01
      3       1      24   32771       4       4 0.110E-01 0.272E-01 0.558E-02 0.676E-02 0.477E-01 0.298E-02 0.469E-01 0.293E-02
      3       1      24    4099       4       4 0.524E-02 0.182E-01 0.921E-03 0.970E-03 0.609E-02 0.381E-03 0.598E-02 0.374E-03
      3       1      24     509       4       4 0.432E-02 0.171E-01 0.715E-04 0.920E-04 0.204E-03 0.127E-04 0.167E-03 0.105E-04
      3       1      24  524287       4       4 0.674E-01 0.832E-01 0.607E-01 0.619E-01 0.570E+00 0.356E-01 0.573E+00 0.358E-01
      3       1      24   65537       4       4 0.156E-01 0.350E-01 0.993E-02 0.110E-01 0.114E+00 0.713E-02 0.113E+00 0.708E-02
      3       1      24    8191       4       4 0.485E-02 0.168E-01 0.939E-03 0.122E-02 0.516E-02 0.323E-03 0.503E-02 0.315E-03
      3       1       4    1021       4       4 0.456E-02 0.179E-01 0.150E-03 0.169E-03 0.378E-03 0.236E-04 0.374E-03 0.234E-04
      3       1       4 1048573       4       4 0.145E+00 0.151E+00 0.140E+00 0.143E+00 0.126E+01 0.788E-01 0.127E+01 0.795E-01
      3       1       4  131071       4       4 0.179E-01 0.317E-01 0.135E-01 0.144E-01 0.111E+00 0.696E-02 0.111E+00 0.694E-02
      3       1       4   16381       4       4 0.558E-02 0.174E-01 0.160E-02 0.170E-02 0.107E-01 0.669E-03 0.103E-01 0.642E-03
      3       1       4    2053       4       4 0.501E-02 0.187E-01 0.388E-03 0.438E-03 0.124E-02 0.777E-04 0.118E-02 0.737E-04
      3       1       4     257       4       4 0.548E-02 0.218E-01 0.360E-04 0.491E-04 0.111E-03 0.693E-05 0.894E-04 0.559E-05
      3       1       4  262147       4       4 0.453E-01 0.526E-01 0.440E-01 0.465E-01 0.518E+00 0.323E-01 0.513E+00 0.320E-01
      3       1       4   32771       4       4 0.124E-01 0.336E-01 0.530E-02 0.640E-02 0.459E-01 0.287E-02 0.449E-01 0.281E-02
      3       1       4    4099       4       4 0.490E-02 0.178E-01 0.655E-03 0.720E-03 0.474E-02 0.296E-03 0.466E-02 0.291E-03
      3       1       4     509       4       4 0.354E-02 0.140E-01 0.583E-04 0.780E-04 0.158E-03 0.986E-05 0.146E-03 0.913E-05
      3       1       4  524287       4       4 0.661E-01 0.807E-01 0.599E-01 0.615E-01 0.543E+00 0.339E-01 0.541E+00 0.338E-01
      3       1       4   65537       4       4 0.114E-01 0.185E-01 0.979E-02 0.110E-01 0.109E+00 0.679E-02 0.108E+00 0.677E-02
      3       1       4    8191       4       4 0.500E-02 0.175E-01 0.850E-03 0.886E-03 0.460E-02 0.288E-03 0.460E-02 0.288E-03
      3       1       8    1021       4       4 0.671E-02 0.265E-01 0.133E-03 0.171E-03 0.397E-03 0.248E-04 0.362E-03 0.226E-04
      3       1       8 1048573       4       4 0.147E+00 0.156E+00 0.142E+00 0.144E+00 0.128E+01 0.799E-01 0.129E+01 0.805E-01
      3       1       8  131071       4       4 0.167E-01 0.272E-01 0.134E-01 0.136E-01 0.112E+00 0.700E-02 0.112E+00 0.698E-02
      3       1       8   16381       4       4 0.802E-02 0.270E-01 0.170E-02 0.181E-02 0.108E-01 0.677E-03 0.106E-01 0.660E-03
      3       1       8    2053       4       4 0.694E-02 0.264E-01 0.390E-03 0.434E-03 0.125E-02 0.784E-04 0.118E-02 0.736E-04
      3       1       8     257       4       4 0.647E-02 0.257E-01 0.523E-04 0.670E-04 0.176E-03 0.110E-04 0.155E-03 0.970E-05
      3       1       8  262147       4       4 0.490E-01 0.635E-01 0.454E-01 0.478E-01 0.529E+00 0.330E-01 0.524E+00 0.327E-01
      3       1       8   32771       4       4 0.104E-01 0.255E-01 0.528E-02 0.645E-02 0.470E-01 0.294E-02 0.457E-01 0.286E-02
      3       1       8    4099       4       4 0.702E-02 0.263E-01 0.668E-03 0.740E-03 0.477E-02 0.298E-03 0.467E-02 0.292E-03
      3       1       8     509       4       4 0.551E-02 0.219E-01 0.588E-04 0.811E-04 0.159E-03 0.995E-05 0.146E-03 0.910E-05
      3       1       8  524287       4       4 0.633E-01 0.673E-01 0.605E-01 0.615E-01 0.552E+00 0.345E-01 0.554E+00 0.346E-01
      3       1       8   65537       4       4 0.135E-01 0.270E-01 0.969E-02 0.108E-01 0.111E+00 0.695E-02 0.111E+00 0.691E-02
      3       1       8    8191       4       4 0.525E-02 0.187E-01 0.794E-03 0.818E-03 0.479E-02 0.299E-03 0.467E-02 0.292E-03
