      2       1       1    1024       4       4 0.631E-01 0.634E-01 0.567E-01 0.569E-01 0.164E-03 0.102E-04 0.153E-03 0.955E-05
      2       1       1   16384       4       4 0.190E+00 0.190E+00 0.188E+00 0.189E+00 0.187E-02 0.117E-03 0.227E-02 0.142E-03
      2       1       1    2048       4       4 0.804E-01 0.809E-01 0.742E-01 0.745E-01 0.170E-03 0.106E-04 0.179E-03 0.112E-04
      2       1       1     256       4       4 0.270E-01 0.275E-01 0.244E-01 0.247E-01 0.246E-04 0.153E-05 0.286E-04 0.179E-05
      2       1       1    4096       4       4 0.104E+00 0.105E+00 0.970E-01 0.973E-01 0.365E-03 0.228E-04 0.449E-03 0.281E-04
      2       1       1     512       4       4 0.463E-01 0.464E-01 0.403E-01 0.406E-01 0.472E-04 0.295E-05 0.658E-04 0.411E-05
      2       1       1    8192       4       4 0.136E+00 0.136E+00 0.131E+00 0.131E+00 0.869E-03 0.543E-04 0.117E-02 0.730E-04
      2       1      12    1024       4       4 0.130E+00 0.136E+00 0.119E+00 0.126E+00 0.524E-03 0.327E-04 0.816E-03 0.510E-04
      2       1      12   16384       4       4 0.297E+00 0.307E+00 0.301E+00 0.315E+00 0.144E-02 0.900E-04 0.207E-02 0.130E-03
      2       1      12    2048       4       4 0.169E+00 0.174E+00 0.159E+00 0.162E+00 0.560E-03 0.350E-04 0.999E-03 0.625E-04
      2       1      12     256       4       4 0.593E-01 0.615E-01 0.530E-01 0.556E-01 0.396E-03 0.248E-04 0.650E-03 0.406E-04
      2       1      12    4096       4       4 0.206E+00 0.209E+00 0.200E+00 0.204E+00 0.772E-03 0.483E-04 0.148E-02 0.926E-04
      2       1      12     512       4       4 0.948E-01 0.979E-01 0.856E-01 0.869E-01 0.455E-03 0.284E-04 0.790E-03 0.494E-04
      2       1      12    8192       4       4 0.240E+00 0.255E+00 0.234E+00 0.242E+00 0.325E-02 0.203E-03 0.170E-02 0.106E-03
      2       1      16    1024       4       4 0.117E+00 0.119E+00 0.111E+00 0.111E+00 0.530E-03 0.332E-04 0.862E-03 0.539E-04
      2       1      16   16384       4       4 0.285E+00 0.299E+00 0.299E+00 0.306E+00 0.180E-02 0.112E-03 0.229E-02 0.143E-03
      2       1      16    2048       4       4 0.163E+00 0.168E+00 0.160E+00 0.168E+00 0.801E-03 0.501E-04 0.136E-02 0.852E-04
      2       1      16     256       4       4 0.472E-01 0.484E-01 0.461E-01 0.466E-01 0.342E-03 0.214E-04 0.700E-03 0.438E-04
      2       1      16    4096       4       4 0.194E+00 0.202E+00 0.193E+00 0.206E+00 0.106E-02 0.660E-04 0.156E-02 0.974E-04
      2       1      16     512       4       4 0.821E-01 0.844E-01 0.780E-01 0.788E-01 0.488E-03 0.305E-04 0.865E-03 0.541E-04
      2       1      16    8192       4       4 0.229E+00 0.239E+00 0.233E+00 0.248E+00 0.118E-02 0.735E-04 0.178E-02 0.111E-03
      2       1       2    1024       4       4 0.859E-01 0.867E-01 0.760E-01 0.761E-01 0.212E-03 0.133E-04 0.339E-03 0.212E-04
      2       1       2   16384       4       4 0.260E+00 0.262E+00 0.260E+00 0.263E+00 0.138E-02 0.860E-04 0.181E-02 0.113E-03
      2       1       2    2048       4       4 0.109E+00 0.109E+00 0.995E-01 0.998E-01 0.260E-03 0.162E-04 0.422E-03 0.263E-04
      2       1       2     256       4       4 0.386E-01 0.405E-01 0.337E-01 0.338E-01 0.157E-03 0.980E-05 0.189E-03 0.118E-04
      2       1       2    4096       4       4 0.138E+00 0.139E+00 0.129E+00 0.130E+00 0.461E-03 0.288E-04 0.691E-03 0.432E-04
      2       1       2     512       4       4 0.630E-01 0.638E-01 0.530E-01 0.531E-01 0.212E-03 0.133E-04 0.381E-03 0.238E-04
      2       1       2    8192       4       4 0.180E+00 0.182E+00 0.173E+00 0.174E+00 0.745E-03 0.466E-04 0.932E-03 0.582E-04
      2       1      24    1024       4       4 0.169E+00 0.170E+00 0.157E+00 0.164E+00 0.974E-03 0.609E-04 0.169E-02 0.106E-03
      2       1      24   16384       4       4 0.384E+00 0.424E+00 0.362E+00 0.374E+00 0.110E-01 0.690E-03 0.288E-02 0.180E-03
      2       1      24    2048       4       4 0.200E+00 0.212E+00 0.194E+00 0.203E+00 0.100E-02 0.626E-04 0.170E-02 0.107E-03
      2       1      24     256       4       4 0.523E-01 0.546E-01 0.477E-01 0.479E-01 0.532E-03 0.332E-04 0.997E-03 0.623E-04
      2       1      24    4096       4       4 0.234E+00 0.238E+00 0.221E+00 0.241E+00 0.297E-02 0.186E-03 0.166E-02 0.104E-03
      2       1      24     512       4       4 0.108E+00 0.118E+00 0.994E-01 0.103E+00 0.821E-03 0.513E-04 0.151E-02 0.946E-04
      2       1      24    8192       4       4 0.274E+00 0.278E+00 0.277E+00 0.291E+00 0.141E-02 0.882E-04 0.354E-02 0.221E-03
      2       1       4    1024       4       4 0.101E+00 0.101E+00 0.926E-01 0.934E-01 0.461E-03 0.288E-04 0.732E-03 0.458E-04
      2       1       4   16384       4       4 0.252E+00 0.253E+00 0.258E+00 0.267E+00 0.152E-02 0.949E-04 0.155E-02 0.970E-04
      2       1       4    2048       4       4 0.117E+00 0.118E+00 0.110E+00 0.111E+00 0.483E-03 0.302E-04 0.858E-03 0.536E-04
      2       1       4     256       4       4 0.429E-01 0.455E-01 0.399E-01 0.430E-01 0.261E-03 0.163E-04 0.306E-03 0.191E-04
      2       1       4    4096       4       4 0.146E+00 0.146E+00 0.139E+00 0.140E+00 0.615E-03 0.385E-04 0.119E-02 0.746E-04
      2       1       4     512       4       4 0.738E-01 0.776E-01 0.678E-01 0.713E-01 0.311E-03 0.194E-04 0.477E-03 0.298E-04
      2       1       4    8192       4       4 0.184E+00 0.186E+00 0.180E+00 0.181E+00 0.818E-03 0.511E-04 0.122E-02 0.762E-04
      2       1       8    1024       4       4 0.110E+00 0.113E+00 0.103E+00 0.104E+00 0.499E-03 0.312E-04 0.799E-03 0.499E-04
      2       1       8   16384       4       4 0.258E+00 0.266E+00 0.263E+00 0.266E+00 0.153E-02 0.954E-04 0.189E-02 0.118E-03
      2       1       8    2048       4       4 0.136E+00 0.139E+00 0.131E+00 0.137E+00 0.558E-03 0.349E-04 0.879E-03 0.549E-04
      2       1       8     256       4       4 0.465E-01 0.481E-01 0.433E-01 0.454E-01 0.324E-03 0.203E-04 0.501E-03 0.313E-04
      2       1       8    4096       4       4 0.165E+00 0.171E+00 0.164E+00 0.171E+00 0.766E-03 0.479E-04 0.119E-02 0.742E-04
      2       1       8     512       4       4 0.784E-01 0.797E-01 0.722E-01 0.778E-01 0.392E-03 0.245E-04 0.649E-03 0.406E-04
      2       1       8    8192       4       4 0.191E+00 0.197E+00 0.192E+00 0.204E+00 0.863E-03 0.539E-04 0.119E-02 0.747E-04
      3       1       1    1024       4       4 0.734E-03 0.292E-02 0.554E-05 0.110E-04 0.439E-04 0.274E-05 0.370E-04 0.231E-05
      3       1       1 1048576       4       4 0.793E-02 0.102E-01 0.662E-02 0.714E-02 0.107E+00 0.670E-02 0.107E+00 0.670E-02
      3       1       1  131072       4       4 0.197E-02 0.449E-02 0.125E-02 0.157E-02 0.102E-01 0.634E-03 0.101E-01 0.630E-03
      3       1       1   16384       4       4 0.723E-03 0.238E-02 0.185E-03 0.239E-03 0.945E-03 0.591E-04 0.895E-03 0.560E-04
      3       1       1    2048       4       4 0.679E-03 0.265E-02 0.180E-04 0.300E-04 0.994E-04 0.621E-05 0.916E-04 0.572E-05
      3       1       1     256       4       4 0.766E-03 0.305E-02 0.650E-05 0.160E-04 0.286E-04 0.179E-05 0.308E-04 0.192E-05
      3       1       1  262144       4       4 0.335E-02 0.602E-02 0.239E-02 0.263E-02 0.220E-01 0.138E-02 0.206E-01 0.128E-02
      3       1       1   32768       4       4 0.109E-02 0.331E-02 0.403E-03 0.438E-03 0.228E-02 0.143E-03 0.210E-02 0.131E-03
      3       1       1    4096       4       4 0.642E-03 0.248E-02 0.320E-04 0.491E-04 0.208E-03 0.130E-04 0.180E-03 0.113E-04
      3       1       1     512       4       4 0.531E-03 0.211E-02 0.352E-05 0.691E-05 0.310E-04 0.194E-05 0.226E-04 0.142E-05
      3       1       1  524288       4       4 0.433E-02 0.673E-02 0.327E-02 0.356E-02 0.510E-01 0.319E-02 0.510E-01 0.319E-02
      3       1       1   65536       4       4 0.150E-02 0.390E-02 0.743E-03 0.881E-03 0.469E-02 0.293E-03 0.442E-02 0.276E-03
      3       1       1    8192       4       4 0.785E-03 0.291E-02 0.992E-04 0.114E-03 0.418E-03 0.261E-04 0.397E-03 0.248E-04
      3       1      12    1024       4       4 0.541E-02 0.216E-01 0.697E-05 0.141E-04 0.522E-04 0.326E-05 0.432E-04 0.270E-05
      3       1      12 1048576       4       4 0.313E-02 0.559E-02 0.249E-02 0.307E-02 0.367E-01 0.229E-02 0.389E-01 0.243E-02
      3       1      12  131072       4       4 0.492E-02 0.185E-01 0.381E-03 0.478E-03 0.504E-02 0.315E-03 0.477E-02 0.298E-03
      3       1      12   16384       4       4 0.636E-02 0.253E-01 0.724E-04 0.820E-04 0.906E-03 0.566E-04 0.935E-03 0.585E-04
      3       1      12    2048       4       4 0.518E-02 0.207E-01 0.193E-04 0.322E-04 0.119E-03 0.742E-05 0.968E-04 0.605E-05
      3       1      12     256       4       4 0.429E-02 0.171E-01 0.232E-05 0.596E-05 0.250E-04 0.156E-05 0.179E-04 0.112E-05
      3       1      12  262144       4       4 0.470E-02 0.170E-01 0.686E-03 0.822E-03 0.826E-02 0.516E-03 0.105E-01 0.654E-03
      3       1      12   32768       4       4 0.536E-02 0.211E-01 0.142E-03 0.156E-03 0.175E-02 0.109E-03 0.167E-02 0.104E-03
      3       1      12    4096       4       4 0.468E-02 0.186E-01 0.349E-04 0.560E-04 0.209E-03 0.130E-04 0.191E-03 0.120E-04
      3       1      12     512       4       4 0.336E-02 0.134E-01 0.548E-05 0.906E-05 0.458E-04 0.286E-05 0.353E-04 0.221E-05
      3       1      12  524288       4       4 0.260E-02 0.641E-02 0.134E-02 0.157E-02 0.175E-01 0.110E-02 0.195E-01 0.122E-02
      3       1      12   65536       4       4 0.497E-02 0.193E-01 0.196E-03 0.203E-03 0.306E-02 0.191E-03 0.259E-02 0.162E-03
      3       1      12    8192       4       4 0.645E-02 0.256E-01 0.117E-03 0.148E-03 0.444E-03 0.278E-04 0.427E-03 0.267E-04
      3       1      16    1024       4       4 0.428E-02 0.171E-01 0.703E-05 0.150E-04 0.541E-04 0.338E-05 0.477E-04 0.298E-05
      3       1      16 1048576       4       4 0.571E-02 0.173E-01 0.187E-02 0.204E-02 0.224E-01 0.140E-02 0.159E-01 0.995E-03
      3       1      16  131072       4       4 0.678E-02 0.262E-01 0.280E-03 0.312E-03 0.393E-02 0.246E-03 0.380E-02 0.238E-03
      3       1      16   16384       4       4 0.354E-02 0.140E-01 0.775E-04 0.920E-04 0.356E-02 0.222E-03 0.507E-03 0.317E-04
      3       1      16    2048       4       4 0.434E-02 0.173E-01 0.226E-04 0.451E-04 0.130E-03 0.812E-05 0.837E-04 0.523E-05
      3       1      16     256       4       4 0.320E-02 0.128E-01 0.298E-05 0.691E-05 0.281E-04 0.176E-05 0.238E-04 0.149E-05
      3       1      16  262144       4       4 0.312E-02 0.106E-01 0.622E-03 0.644E-03 0.684E-02 0.427E-03 0.515E-02 0.322E-03
      3       1      16   32768       4       4 0.423E-02 0.166E-01 0.108E-03 0.114E-03 0.146E-02 0.913E-04 0.118E-02 0.738E-04
      3       1      16    4096       4       4 0.436E-02 0.174E-01 0.355E-04 0.591E-04 0.209E-03 0.131E-04 0.188E-03 0.117E-04
      3       1      16     512       4       4 0.436E-02 0.174E-01 0.417E-05 0.906E-05 0.334E-04 0.209E-05 0.403E-04 0.252E-05
      3       1      16  524288       4       4 0.472E-02 0.157E-01 0.101E-02 0.122E-02 0.139E-01 0.871E-03 0.143E-01 0.895E-03
      3       1      16   65536       4       4 0.417E-02 0.162E-01 0.176E-03 0.180E-03 0.221E-02 0.138E-03 0.158E-02 0.986E-04
      3       1      16    8192       4       4 0.437E-02 0.173E-01 0.995E-04 0.135E-03 0.427E-03 0.267E-04 0.379E-03 0.237E-04
      3       1       2    1024       4       4 0.323E-02 0.129E-01 0.829E-05 0.210E-04 0.806E-04 0.504E-05 0.620E-04 0.387E-05
      3       1       2 1048576       4       4 0.129E-01 0.146E-01 0.122E-01 0.123E-01 0.994E-01 0.621E-02 0.992E-01 0.620E-02
      3       1       2  131072       4       4 0.223E-02 0.447E-02 0.151E-02 0.168E-02 0.126E-01 0.789E-03 0.152E-01 0.949E-03
      3       1       2   16384       4       4 0.818E-03 0.268E-02 0.198E-03 0.232E-03 0.172E-02 0.108E-03 0.151E-02 0.943E-04
      3       1       2    2048       4       4 0.324E-02 0.129E-01 0.265E-04 0.629E-04 0.135E-03 0.842E-05 0.970E-04 0.606E-05
      3       1       2     256       4       4 0.330E-02 0.132E-01 0.346E-05 0.906E-05 0.353E-04 0.221E-05 0.317E-04 0.198E-05
      3       1       2  262144       4       4 0.397E-02 0.689E-02 0.310E-02 0.319E-02 0.210E-01 0.131E-02 0.222E-01 0.139E-02
      3       1       2   32768       4       4 0.283E-02 0.101E-01 0.412E-03 0.484E-03 0.267E-02 0.167E-03 0.299E-02 0.187E-03
      3       1       2    4096       4       4 0.320E-02 0.127E-01 0.362E-04 0.682E-04 0.237E-03 0.148E-04 0.196E-03 0.122E-04
      3       1       2     512       4       4 0.303E-02 0.121E-01 0.548E-05 0.129E-04 0.448E-04 0.280E-05 0.355E-04 0.222E-05
      3       1       2  524288       4       4 0.693E-02 0.917E-02 0.623E-02 0.641E-02 0.630E-01 0.394E-02 0.892E-01 0.557E-02
      3       1       2   65536       4       4 0.301E-02 0.980E-02 0.748E-03 0.872E-03 0.385E-02 0.240E-03 0.381E-02 0.238E-03
      3       1       2    8192       4       4 0.333E-02 0.131E-01 0.935E-04 0.999E-04 0.407E-03 0.254E-04 0.380E-03 0.237E-04
      3       1      24    1024       4       4 0.401E-02 0.160E-01 0.745E-05 0.160E-04 0.510E-04 0.319E-05 0.436E-04 0.273E-05
      3       1      24 1048576       4       4 0.591E-02 0.181E-01 0.168E-02 0.183E-02 0.276E-01 0.173E-02 0.241E-01 0.151E-02
      3       1      24  131072       4       4 0.587E-02 0.223E-01 0.347E-03 0.402E-03 0.344E-02 0.215E-03 0.283E-02 0.177E-03
      3       1      24   16384       4       4 0.401E-02 0.159E-01 0.815E-04 0.889E-04 0.944E-03 0.590E-04 0.717E-03 0.448E-04
      3       1      24    2048       4       4 0.407E-02 0.162E-01 0.197E-04 0.329E-04 0.111E-03 0.694E-05 0.870E-04 0.544E-05
      3       1      24     256       4       4 0.407E-02 0.163E-01 0.316E-05 0.691E-05 0.250E-04 0.156E-05 0.193E-04 0.121E-05
      3       1      24  262144       4       4 0.464E-02 0.159E-01 0.519E-03 0.554E-03 0.727E-02 0.454E-03 0.575E-02 0.360E-03
      3       1      24   32768       4       4 0.505E-02 0.199E-01 0.156E-03 0.164E-03 0.408E-02 0.255E-03 0.143E-02 0.892E-04
      3       1      24    4096       4       4 0.433E-02 0.172E-01 0.525E-04 0.820E-04 0.289E-03 0.181E-04 0.267E-03 0.167E-04
      3       1      24     512       4       4 0.425E-02 0.170E-01 0.495E-05 0.110E-04 0.343E-04 0.215E-05 0.262E-04 0.164E-05
      3       1      24  524288       4       4 0.484E-02 0.154E-01 0.930E-03 0.944E-03 0.136E-01 0.848E-03 0.109E-01 0.683E-03
      3       1      24   65536       4       4 0.629E-02 0.246E-01 0.186E-03 0.201E-03 0.782E-02 0.489E-03 0.192E-02 0.120E-03
      3       1      24    8192       4       4 0.411E-02 0.162E-01 0.104E-03 0.122E-03 0.445E-03 0.278E-04 0.423E-03 0.264E-04
      3       1       4    1024       4       4 0.434E-02 0.174E-01 0.572E-05 0.110E-04 0.465E-04 0.291E-05 0.374E-04 0.234E-05
      3       1       4 1048576       4       4 0.799E-02 0.126E-01 0.641E-02 0.646E-02 0.574E-01 0.359E-02 0.542E-01 0.338E-02
      3       1       4  131072       4       4 0.547E-02 0.194E-01 0.857E-03 0.975E-03 0.890E-02 0.556E-03 0.120E-01 0.748E-03
      3       1       4   16384       4       4 0.369E-02 0.145E-01 0.140E-03 0.189E-03 0.112E-02 0.698E-04 0.891E-03 0.557E-04
      3       1       4    2048       4       4 0.357E-02 0.142E-01 0.167E-04 0.260E-04 0.968E-04 0.605E-05 0.732E-04 0.457E-05
      3       1       4     256       4       4 0.651E-02 0.261E-01 0.274E-05 0.596E-05 0.219E-04 0.137E-05 0.157E-04 0.983E-06
      3       1       4  262144       4       4 0.524E-02 0.161E-01 0.155E-02 0.171E-02 0.139E-01 0.868E-03 0.131E-01 0.817E-03
      3       1       4   32768       4       4 0.695E-02 0.271E-01 0.247E-03 0.263E-03 0.314E-02 0.196E-03 0.357E-02 0.223E-03
      3       1       4    4096       4       4 0.429E-02 0.171E-01 0.333E-04 0.551E-04 0.196E-03 0.122E-04 0.174E-03 0.109E-04
      3       1       4     512       4       4 0.656E-02 0.262E-01 0.393E-05 0.811E-05 0.319E-04 0.200E-05 0.226E-04 0.142E-05
      3       1       4  524288       4       4 0.410E-02 0.650E-02 0.325E-02 0.329E-02 0.337E-01 0.211E-02 0.446E-01 0.279E-02
      3       1       4   65536       4       4 0.655E-02 0.249E-01 0.401E-03 0.445E-03 0.348E-02 0.218E-03 0.320E-02 0.200E-03
      3       1       4    8192       4       4 0.452E-02 0.178E-01 0.947E-04 0.105E-03 0.431E-03 0.269E-04 0.404E-03 0.252E-04
      3       1       8    1024       4       4 0.638E-02 0.255E-01 0.602E-05 0.122E-04 0.587E-04 0.367E-05 0.410E-04 0.256E-05
      3       1       8 1048576       4       4 0.725E-02 0.186E-01 0.346E-02 0.364E-02 0.364E-01 0.228E-02 0.289E-01 0.181E-02
      3       1       8  131072       4       4 0.328E-02 0.116E-01 0.534E-03 0.625E-03 0.589E-02 0.368E-03 0.689E-02 0.431E-03
      3       1       8   16384       4       4 0.430E-02 0.169E-01 0.892E-04 0.109E-03 0.913E-03 0.571E-04 0.686E-03 0.429E-04
      3       1       8    2048       4       4 0.430E-02 0.172E-01 0.170E-04 0.269E-04 0.980E-04 0.612E-05 0.772E-04 0.483E-05
      3       1       8     256       4       4 0.638E-02 0.255E-01 0.274E-05 0.501E-05 0.241E-04 0.151E-05 0.169E-04 0.106E-05
      3       1       8  262144       4       4 0.514E-02 0.178E-01 0.898E-03 0.115E-02 0.841E-02 0.526E-03 0.753E-02 0.470E-03
      3       1       8   32768       4       4 0.912E-02 0.359E-01 0.202E-03 0.223E-03 0.220E-02 0.137E-03 0.219E-02 0.137E-03
      3       1       8    4096       4       4 0.641E-02 0.256E-01 0.351E-04 0.570E-04 0.202E-03 0.126E-04 0.181E-03 0.113E-04
      3       1       8     512       4       4 0.719E-02 0.288E-01 0.447E-05 0.906E-05 0.303E-04 0.189E-05 0.236E-04 0.148E-05
      3       1       8  524288       4       4 0.288E-02 0.653E-02 0.165E-02 0.171E-02 0.206E-01 0.129E-02 0.241E-01 0.151E-02
      3       1       8   65536       4       4 0.384E-02 0.146E-01 0.295E-03 0.361E-03 0.275E-02 0.172E-03 0.202E-02 0.126E-03
      3       1       8    8192       4       4 0.545E-02 0.216E-01 0.983E-04 0.105E-03 0.411E-03 0.257E-04 0.395E-03 0.247E-04
];
