      2       1       1    1021       4       4 0.187E+00 0.188E+00 0.105E-03 0.107E-03 0.386E-03 0.241E-04 0.367E-03 0.230E-04
      2       1       1   16381       4       4 0.156E+01 0.157E+01 0.120E-02 0.131E-02 0.134E-01 0.838E-03 0.130E-01 0.815E-03
      2       1       1    2053       4       4 0.956E+00 0.958E+00 0.208E-03 0.215E-03 0.107E-02 0.669E-04 0.102E-02 0.637E-04
      2       1       1     257       4       4 0.217E+00 0.218E+00 0.675E-01 0.678E-01 0.104E-03 0.648E-05 0.994E-04 0.621E-05
      2       1       1    4099       4       4 0.168E+01 0.169E+01 0.368E-03 0.383E-03 0.244E-02 0.153E-03 0.233E-02 0.146E-03
      2       1       1     509       4       4 0.135E+00 0.136E+00 0.795E-04 0.801E-04 0.173E-03 0.108E-04 0.166E-03 0.104E-04
      2       1       1    8191       4       4 0.881E+00 0.885E+00 0.480E-03 0.501E-03 0.480E-02 0.300E-03 0.475E-02 0.297E-03
      2       1      12    1021       4       4 0.435E+00 0.467E+00 0.164E-03 0.191E-03 0.118E-02 0.735E-04 0.111E-02 0.692E-04
      2       1      12   16381       4       4 0.155E+01 0.159E+01 0.177E-02 0.181E-02 0.108E-01 0.678E-03 0.990E-02 0.619E-03
      2       1      12    2053       4       4 0.172E+01 0.181E+01 0.548E-03 0.591E-03 0.467E-02 0.292E-03 0.276E-02 0.173E-03
      2       1      12     257       4       4 0.516E+00 0.552E+00 0.534E+00 0.569E+00 0.808E-03 0.505E-04 0.667E-03 0.417E-04
      2       1      12    4099       4       4 0.258E+01 0.268E+01 0.960E-03 0.105E-02 0.487E-02 0.305E-03 0.428E-02 0.268E-03
      2       1      12     509       4       4 0.311E+00 0.326E+00 0.118E-03 0.129E-03 0.761E-03 0.475E-04 0.758E-03 0.474E-04
      2       1      12    8191       4       4 0.108E+01 0.112E+01 0.100E-02 0.120E-02 0.114E-01 0.710E-03 0.769E-02 0.480E-03
      2       1      16    1021       4       4 0.386E+00 0.392E+00 0.161E-03 0.197E-03 0.223E-02 0.139E-03 0.114E-02 0.709E-04
      2       1      16   16381       4       4 0.151E+01 0.165E+01 0.170E-02 0.178E-02 0.114E-01 0.715E-03 0.111E-01 0.696E-03
      2       1      16    2053       4       4 0.188E+01 0.197E+01 0.661E-03 0.816E-03 0.917E-02 0.573E-03 0.348E-02 0.218E-03
      2       1      16     257       4       4 0.581E+00 0.635E+00 0.629E+00 0.675E+00 0.878E-03 0.549E-04 0.866E-03 0.541E-04
      2       1      16    4099       4       4 0.279E+01 0.288E+01 0.102E-02 0.105E-02 0.676E-02 0.423E-03 0.484E-02 0.303E-03
      2       1      16     509       4       4 0.287E+00 0.324E+00 0.133E-03 0.144E-03 0.929E-03 0.581E-04 0.918E-03 0.574E-04
      2       1      16    8191       4       4 0.101E+01 0.101E+01 0.926E-03 0.107E-02 0.976E-02 0.610E-03 0.611E-02 0.382E-03
      2       1       2    1021       4       4 0.218E+00 0.233E+00 0.135E-03 0.179E-03 0.820E-03 0.513E-04 0.815E-03 0.509E-04
      2       1       2   16381       4       4 0.149E+01 0.156E+01 0.111E-02 0.120E-02 0.962E-02 0.601E-03 0.912E-02 0.570E-03
      2       1       2    2053       4       4 0.100E+01 0.103E+01 0.274E-03 0.277E-03 0.146E-02 0.910E-04 0.141E-02 0.882E-04
      2       1       2     257       4       4 0.260E+00 0.261E+00 0.226E+00 0.275E+00 0.454E-03 0.284E-04 0.458E-03 0.286E-04
      2       1       2    4099       4       4 0.170E+01 0.171E+01 0.436E-03 0.461E-03 0.252E-02 0.158E-03 0.246E-02 0.154E-03
      2       1       2     509       4       4 0.169E+00 0.182E+00 0.808E-04 0.820E-04 0.425E-03 0.265E-04 0.424E-03 0.265E-04
      2       1       2    8191       4       4 0.882E+00 0.890E+00 0.608E-03 0.634E-03 0.485E-02 0.303E-03 0.470E-02 0.294E-03
      2       1      24    1021       4       4 0.494E+00 0.550E+00 0.177E-03 0.195E-03 0.201E-02 0.126E-03 0.166E-02 0.104E-03
      2       1      24   16381       4       4 0.181E+01 0.189E+01 0.206E-02 0.224E-02 0.152E-01 0.952E-03 0.127E-01 0.792E-03
      2       1      24    2053       4       4 0.231E+01 0.233E+01 0.654E-03 0.669E-03 0.137E-01 0.859E-03 0.433E-02 0.270E-03
      2       1      24     257       4       4 0.710E+00 0.755E+00 0.748E+00 0.789E+00 0.360E-02 0.225E-03 0.102E-02 0.636E-04
      2       1      24    4099       4       4 0.339E+01 0.346E+01 0.103E-02 0.109E-02 0.139E-01 0.866E-03 0.628E-02 0.392E-03
      2       1      24     509       4       4 0.372E+00 0.396E+00 0.129E-03 0.134E-03 0.485E-02 0.303E-03 0.108E-02 0.677E-04
      2       1      24    8191       4       4 0.127E+01 0.144E+01 0.122E-02 0.126E-02 0.155E-01 0.969E-03 0.858E-02 0.537E-03
      2       1       4    1021       4       4 0.273E+00 0.280E+00 0.118E-03 0.120E-03 0.855E-03 0.534E-04 0.825E-03 0.516E-04
      2       1       4   16381       4       4 0.143E+01 0.148E+01 0.125E-02 0.131E-02 0.945E-02 0.590E-03 0.909E-02 0.568E-03
      2       1       4    2053       4       4 0.120E+01 0.123E+01 0.403E-03 0.441E-03 0.187E-02 0.117E-03 0.180E-02 0.113E-03
      2       1       4     257       4       4 0.350E+00 0.361E+00 0.381E+00 0.387E+00 0.685E-03 0.428E-04 0.685E-03 0.428E-04
      2       1       4    4099       4       4 0.192E+01 0.195E+01 0.564E-03 0.581E-03 0.310E-02 0.194E-03 0.276E-02 0.172E-03
      2       1       4     509       4       4 0.206E+00 0.211E+00 0.940E-04 0.992E-04 0.596E-03 0.372E-04 0.575E-03 0.359E-04
      2       1       4    8191       4       4 0.891E+00 0.927E+00 0.715E-03 0.779E-03 0.477E-02 0.298E-03 0.456E-02 0.285E-03
      2       1       8    1021       4       4 0.325E+00 0.340E+00 0.132E-03 0.137E-03 0.927E-03 0.580E-04 0.904E-03 0.565E-04
      2       1       8   16381       4       4 0.147E+01 0.149E+01 0.138E-02 0.144E-02 0.896E-02 0.560E-03 0.844E-02 0.527E-03
      2       1       8    2053       4       4 0.143E+01 0.149E+01 0.519E-03 0.628E-03 0.450E-02 0.281E-03 0.272E-02 0.170E-03
      2       1       8     257       4       4 0.475E+00 0.505E+00 0.498E+00 0.523E+00 0.812E-03 0.507E-04 0.792E-03 0.495E-04
      2       1       8    4099       4       4 0.226E+01 0.227E+01 0.745E-03 0.851E-03 0.375E-02 0.235E-03 0.374E-02 0.234E-03
      2       1       8     509       4       4 0.254E+00 0.272E+00 0.111E-03 0.118E-03 0.652E-03 0.408E-04 0.651E-03 0.407E-04
      2       1       8    8191       4       4 0.990E+00 0.107E+01 0.913E-03 0.971E-03 0.500E-02 0.313E-03 0.481E-02 0.301E-03
      2      16       1    1021       4       4 0.197E+00 0.199E+00 0.351E-03 0.413E-03 0.450E-03 0.281E-04 0.437E-03 0.273E-04
      2      16       1   16381       4       4 0.178E+01 0.179E+01 0.170E-02 0.175E-02 0.143E-01 0.893E-03 0.139E-01 0.867E-03
      2      16       1    2053       4       4 0.101E+01 0.102E+01 0.505E-03 0.593E-03 0.126E-02 0.785E-04 0.119E-02 0.741E-04
      2      16       1     257       4       4 0.226E+00 0.229E+00 0.698E-01 0.700E-01 0.128E-03 0.797E-05 0.124E-03 0.773E-05
      2      16       1    4099       4       4 0.183E+01 0.183E+01 0.704E-03 0.836E-03 0.304E-02 0.190E-03 0.292E-02 0.183E-03
      2      16       1     509       4       4 0.141E+00 0.143E+00 0.331E-03 0.393E-03 0.216E-03 0.135E-04 0.206E-03 0.129E-04
      2      16       1    8191       4       4 0.996E+00 0.101E+01 0.891E-03 0.104E-02 0.566E-02 0.353E-03 0.555E-02 0.347E-03
      2       2       1    1021       4       4 0.190E+00 0.194E+00 0.238E-03 0.294E-03 0.395E-03 0.247E-04 0.377E-03 0.236E-04
      2       2       1   16381       4       4 0.158E+01 0.159E+01 0.167E-02 0.195E-02 0.146E-01 0.913E-03 0.144E-01 0.902E-03
      2       2       1    2053       4       4 0.960E+00 0.967E+00 0.353E-03 0.414E-03 0.114E-02 0.714E-04 0.101E-02 0.631E-04
      2       2       1     257       4       4 0.220E+00 0.222E+00 0.682E-01 0.686E-01 0.109E-03 0.684E-05 0.105E-03 0.657E-05
      2       2       1    4099       4       4 0.170E+01 0.172E+01 0.554E-03 0.598E-03 0.248E-02 0.155E-03 0.236E-02 0.148E-03
      2       2       1     509       4       4 0.137E+00 0.139E+00 0.212E-03 0.247E-03 0.203E-03 0.127E-04 0.176E-03 0.110E-04
      2       2       1    8191       4       4 0.889E+00 0.892E+00 0.705E-03 0.804E-03 0.496E-02 0.310E-03 0.482E-02 0.301E-03
      2       2      12    1021       4       4 0.439E+00 0.481E+00 0.302E-03 0.347E-03 0.311E-02 0.194E-03 0.120E-02 0.748E-04
      2       2      12   16381       4       4 0.151E+01 0.158E+01 0.213E-02 0.226E-02 0.136E-01 0.847E-03 0.115E-01 0.721E-03
      2       2      12    2053       4       4 0.180E+01 0.184E+01 0.674E-03 0.748E-03 0.958E-02 0.598E-03 0.305E-02 0.190E-03
      2       2      12     257       4       4 0.553E+00 0.577E+00 0.560E+00 0.577E+00 0.810E-02 0.506E-03 0.830E-03 0.519E-04
      2       2      12    4099       4       4 0.251E+01 0.269E+01 0.117E-02 0.133E-02 0.336E-01 0.210E-02 0.491E-02 0.307E-03
      2       2      12     509       4       4 0.315E+00 0.330E+00 0.264E-03 0.332E-03 0.272E-02 0.170E-03 0.835E-03 0.522E-04
      2       2      12    8191       4       4 0.113E+01 0.117E+01 0.128E-02 0.134E-02 0.174E-01 0.109E-02 0.830E-02 0.519E-03
      2       2       2    1021       4       4 0.222E+00 0.238E+00 0.249E-03 0.299E-03 0.781E-03 0.488E-04 0.751E-03 0.470E-04
      2       2       2   16381       4       4 0.156E+01 0.160E+01 0.141E-02 0.158E-02 0.106E-01 0.664E-03 0.101E-01 0.633E-03
      2       2       2    2053       4       4 0.998E+00 0.100E+01 0.446E-03 0.513E-03 0.149E-02 0.929E-04 0.143E-02 0.896E-04
      2       2       2     257       4       4 0.270E+00 0.287E+00 0.234E+00 0.300E+00 0.546E-03 0.341E-04 0.520E-03 0.325E-04
      2       2       2    4099       4       4 0.173E+01 0.175E+01 0.614E-03 0.681E-03 0.269E-02 0.168E-03 0.260E-02 0.162E-03
      2       2       2     509       4       4 0.170E+00 0.182E+00 0.199E-03 0.241E-03 0.442E-03 0.276E-04 0.432E-03 0.270E-04
      2       2       2    8191       4       4 0.891E+00 0.899E+00 0.860E-03 0.925E-03 0.508E-02 0.317E-03 0.488E-02 0.305E-03
      2       2       4    1021       4       4 0.284E+00 0.294E+00 0.259E-03 0.303E-03 0.943E-03 0.589E-04 0.929E-03 0.581E-04
      2       2       4   16381       4       4 0.144E+01 0.145E+01 0.156E-02 0.172E-02 0.106E-01 0.661E-03 0.105E-01 0.654E-03
      2       2       4    2053       4       4 0.121E+01 0.124E+01 0.598E-03 0.705E-03 0.228E-02 0.142E-03 0.210E-02 0.131E-03
      2       2       4     257       4       4 0.350E+00 0.359E+00 0.368E+00 0.387E+00 0.662E-03 0.414E-04 0.721E-03 0.451E-04
      2       2       4    4099       4       4 0.195E+01 0.196E+01 0.722E-03 0.791E-03 0.311E-02 0.194E-03 0.299E-02 0.187E-03
      2       2       4     509       4       4 0.213E+00 0.218E+00 0.234E-03 0.272E-03 0.580E-03 0.362E-04 0.572E-03 0.358E-04
      2       2       4    8191       4       4 0.936E+00 0.946E+00 0.984E-03 0.113E-02 0.517E-02 0.323E-03 0.503E-02 0.314E-03
      2       2       8    1021       4       4 0.323E+00 0.330E+00 0.293E-03 0.375E-03 0.132E-02 0.823E-04 0.130E-02 0.815E-04
      2       2       8   16381       4       4 0.146E+01 0.149E+01 0.169E-02 0.181E-02 0.917E-02 0.573E-03 0.861E-02 0.538E-03
      2       2       8    2053       4       4 0.143E+01 0.146E+01 0.588E-03 0.635E-03 0.276E-02 0.173E-03 0.262E-02 0.164E-03
      2       2       8     257       4       4 0.479E+00 0.516E+00 0.496E+00 0.522E+00 0.853E-03 0.533E-04 0.858E-03 0.536E-04
      2       2       8    4099       4       4 0.221E+01 0.228E+01 0.920E-03 0.105E-02 0.561E-02 0.351E-03 0.356E-02 0.223E-03
      2       2       8     509       4       4 0.240E+00 0.245E+00 0.248E-03 0.300E-03 0.606E-03 0.379E-04 0.582E-03 0.364E-04
      2       2       8    8191       4       4 0.102E+01 0.104E+01 0.121E-02 0.133E-02 0.590E-02 0.369E-03 0.577E-02 0.361E-03
      2       4       1    1021       4       4 0.191E+00 0.194E+00 0.254E-03 0.305E-03 0.404E-03 0.253E-04 0.389E-03 0.243E-04
      2       4       1   16381       4       4 0.162E+01 0.165E+01 0.155E-02 0.167E-02 0.138E-01 0.862E-03 0.135E-01 0.846E-03
      2       4       1    2053       4       4 0.964E+00 0.965E+00 0.401E-03 0.457E-03 0.112E-02 0.703E-04 0.107E-02 0.669E-04
      2       4       1     257       4       4 0.220E+00 0.224E+00 0.675E-01 0.677E-01 0.114E-03 0.712E-05 0.106E-03 0.660E-05
      2       4       1    4099       4       4 0.171E+01 0.171E+01 0.578E-03 0.688E-03 0.272E-02 0.170E-03 0.262E-02 0.164E-03
      2       4       1     509       4       4 0.137E+00 0.141E+00 0.231E-03 0.265E-03 0.186E-03 0.116E-04 0.181E-03 0.113E-04
      2       4       1    8191       4       4 0.906E+00 0.912E+00 0.747E-03 0.793E-03 0.513E-02 0.321E-03 0.498E-02 0.311E-03
      2       4       2    1021       4       4 0.226E+00 0.241E+00 0.283E-03 0.367E-03 0.837E-03 0.523E-04 0.825E-03 0.516E-04
      2       4       2   16381       4       4 0.153E+01 0.154E+01 0.151E-02 0.167E-02 0.935E-02 0.585E-03 0.860E-02 0.537E-03
      2       4       2    2053       4       4 0.103E+01 0.103E+01 0.463E-03 0.517E-03 0.158E-02 0.987E-04 0.156E-02 0.977E-04
      2       4       2     257       4       4 0.272E+00 0.275E+00 0.234E+00 0.285E+00 0.511E-03 0.319E-04 0.506E-03 0.317E-04
      2       4       2    4099       4       4 0.177E+01 0.177E+01 0.651E-03 0.690E-03 0.304E-02 0.190E-03 0.298E-02 0.187E-03
      2       4       2     509       4       4 0.172E+00 0.186E+00 0.240E-03 0.276E-03 0.464E-03 0.290E-04 0.454E-03 0.284E-04
      2       4       2    8191       4       4 0.938E+00 0.964E+00 0.884E-03 0.953E-03 0.525E-02 0.328E-03 0.508E-02 0.317E-03
      2       4       4    1021       4       4 0.263E+00 0.264E+00 0.298E-03 0.371E-03 0.116E-02 0.725E-04 0.113E-02 0.706E-04
      2       4       4   16381       4       4 0.146E+01 0.151E+01 0.164E-02 0.178E-02 0.961E-02 0.601E-03 0.909E-02 0.568E-03
      2       4       4    2053       4       4 0.121E+01 0.123E+01 0.602E-03 0.678E-03 0.229E-02 0.143E-03 0.226E-02 0.141E-03
      2       4       4     257       4       4 0.355E+00 0.364E+00 0.361E+00 0.372E+00 0.657E-03 0.411E-04 0.660E-03 0.413E-04
      2       4       4    4099       4       4 0.198E+01 0.200E+01 0.816E-03 0.871E-03 0.327E-02 0.204E-03 0.303E-02 0.189E-03
      2       4       4     509       4       4 0.215E+00 0.223E+00 0.259E-03 0.291E-03 0.587E-03 0.367E-04 0.577E-03 0.361E-04
      2       4       4    8191       4       4 0.958E+00 0.101E+01 0.102E-02 0.112E-02 0.509E-02 0.318E-03 0.490E-02 0.306E-03
      2       8       1    1021       4       4 0.197E+00 0.204E+00 0.305E-03 0.357E-03 0.443E-03 0.277E-04 0.417E-03 0.260E-04
      2       8       1   16381       4       4 0.171E+01 0.173E+01 0.158E-02 0.171E-02 0.128E-01 0.799E-03 0.123E-01 0.767E-03
      2       8       1    2053       4       4 0.999E+00 0.101E+01 0.443E-03 0.504E-03 0.129E-02 0.807E-04 0.120E-02 0.750E-04
      2       8       1     257       4       4 0.226E+00 0.227E+00 0.698E-01 0.705E-01 0.120E-03 0.751E-05 0.118E-03 0.735E-05
      2       8       1    4099       4       4 0.178E+01 0.179E+01 0.660E-03 0.705E-03 0.290E-02 0.181E-03 0.280E-02 0.175E-03
      2       8       1     509       4       4 0.137E+00 0.140E+00 0.266E-03 0.308E-03 0.196E-03 0.123E-04 0.193E-03 0.120E-04
      2       8       1    8191       4       4 0.948E+00 0.951E+00 0.846E-03 0.939E-03 0.541E-02 0.338E-03 0.520E-02 0.325E-03
      2       8       2    1021       4       4 0.231E+00 0.258E+00 0.321E-03 0.385E-03 0.909E-03 0.568E-04 0.885E-03 0.553E-04
      2       8       2   16381       4       4 0.168E+01 0.170E+01 0.161E-02 0.176E-02 0.112E-01 0.702E-03 0.110E-01 0.687E-03
      2       8       2    2053       4       4 0.104E+01 0.105E+01 0.515E-03 0.584E-03 0.164E-02 0.102E-03 0.157E-02 0.982E-04
      2       8       2     257       4       4 0.277E+00 0.297E+00 0.293E+00 0.320E+00 0.598E-03 0.374E-04 0.584E-03 0.365E-04
      2       8       2    4099       4       4 0.178E+01 0.181E+01 0.682E-03 0.742E-03 0.293E-02 0.183E-03 0.284E-02 0.177E-03
      2       8       2     509       4       4 0.176E+00 0.187E+00 0.274E-03 0.321E-03 0.500E-03 0.312E-04 0.485E-03 0.303E-04
      2       8       2    8191       4       4 0.998E+00 0.105E+01 0.950E-03 0.108E-02 0.580E-02 0.363E-03 0.556E-02 0.348E-03
