res1=[
      2       1       1    1021    1021       4       4 0.491E+01 0.495E+01 0.593E+01 0.594E+01 0.142E+01 0.885E-01 0.143E+01 0.892E-01
      2       1       1     127     127       4       4 0.183E-01 0.187E-01 0.273E-01 0.278E-01 0.112E-01 0.702E-03 0.109E-01 0.681E-03
      2       1       1    2053    2053       4       4 0.193E+02 0.194E+02 0.232E+02 0.233E+02 0.633E+01 0.396E+00 0.623E+01 0.389E+00
      2       1       1     257     257       4       4 0.313E+00 0.314E+00 0.363E+00 0.365E+00 0.728E-01 0.455E-02 0.729E-01 0.455E-02
      2       1       1      31      31       4       4 0.232E-02 0.267E-02 0.261E-02 0.263E-02 0.290E-03 0.181E-04 0.303E-03 0.189E-04
      2       1       1    4099    4099       4       4 0.201E+02 0.202E+02 0.214E+02 0.215E+02 0.312E+02 0.195E+01 0.310E+02 0.194E+01
      2       1       1     509     509       4       4 0.143E+01 0.146E+01 0.172E+01 0.173E+01 0.370E+00 0.231E-01 0.372E+00 0.232E-01
      2       1       1      67      67       4       4 0.426E-02 0.461E-02 0.552E-02 0.555E-02 0.202E-02 0.126E-03 0.156E-02 0.975E-04
      2       1      12    1021    1021       4       4 0.250E+01 0.255E+01 0.294E+01 0.305E+01 0.205E+00 0.128E-01 0.229E+00 0.143E-01
      2       1      12     127     127       4       4 0.257E-01 0.299E-01 0.360E-01 0.373E-01 0.842E-02 0.526E-03 0.485E-02 0.303E-03
      2       1      12    2053    2053       4       4 0.718E+01 0.732E+01 0.794E+01 0.802E+01 0.973E+00 0.608E-01 0.931E+00 0.582E-01
      2       1      12     257     257       4       4 0.539E+00 0.552E+00 0.581E+00 0.590E+00 0.151E-01 0.945E-03 0.117E-01 0.729E-03
      2       1      12      31      31       4       4 0.146E-01 0.153E-01 0.186E-01 0.188E-01 0.151E-02 0.945E-04 0.824E-03 0.515E-04
      2       1      12    4099    4099       4       4 0.230E+02 0.236E+02 0.263E+02 0.274E+02 0.389E+01 0.243E+00 0.364E+01 0.227E+00
      2       1      12     509     509       4       4 0.111E+01 0.115E+01 0.126E+01 0.127E+01 0.562E-01 0.351E-02 0.561E-01 0.351E-02
      2       1      12      67      67       4       4 0.104E-01 0.112E-01 0.156E-01 0.165E-01 0.738E-02 0.461E-03 0.139E-02 0.867E-04
      2       1      16    1021    1021       4       4 0.243E+01 0.250E+01 0.278E+01 0.288E+01 0.171E+00 0.107E-01 0.161E+00 0.100E-01
      2       1      16     127     127       4       4 0.201E-01 0.219E-01 0.296E-01 0.319E-01 0.783E-02 0.490E-03 0.512E-02 0.320E-03
      2       1      16    2053    2053       4       4 0.748E+01 0.761E+01 0.907E+01 0.919E+01 0.733E+00 0.458E-01 0.111E+01 0.696E-01
      2       1      16     257     257       4       4 0.567E+00 0.575E+00 0.606E+00 0.614E+00 0.124E-01 0.777E-03 0.119E-01 0.742E-03
      2       1      16      31      31       4       4 0.928E-02 0.997E-02 0.128E-01 0.130E-01 0.716E-03 0.447E-04 0.693E-03 0.433E-04
      2       1      16    4099    4099       4       4 0.232E+02 0.236E+02 0.266E+02 0.269E+02 0.388E+01 0.242E+00 0.299E+01 0.187E+00
      2       1      16     509     509       4       4 0.918E+00 0.940E+00 0.101E+01 0.104E+01 0.517E-01 0.323E-02 0.494E-01 0.309E-02
      2       1      16      67      67       4       4 0.222E-01 0.242E-01 0.270E-01 0.272E-01 0.585E-02 0.366E-03 0.130E-02 0.814E-04
      2       1       2    1021    1021       4       4 0.481E+01 0.482E+01 0.608E+01 0.612E+01 0.831E+00 0.520E-01 0.803E+00 0.502E-01
      2       1       2     127     127       4       4 0.372E-01 0.388E-01 0.508E-01 0.528E-01 0.706E-02 0.441E-03 0.651E-02 0.407E-03
      2       1       2    2053    2053       4       4 0.207E+02 0.208E+02 0.257E+02 0.258E+02 0.370E+01 0.231E+00 0.355E+01 0.222E+00
      2       1       2     257     257       4       4 0.381E+00 0.381E+00 0.434E+00 0.437E+00 0.406E-01 0.254E-02 0.419E-01 0.262E-02
      2       1       2      31      31       4       4 0.824E-02 0.840E-02 0.980E-02 0.103E-01 0.389E-03 0.243E-04 0.401E-03 0.250E-04
      2       1       2    4099    4099       4       4 0.344E+02 0.345E+02 0.399E+02 0.402E+02 0.172E+02 0.107E+01 0.167E+02 0.104E+01
      2       1       2     509     509       4       4 0.155E+01 0.160E+01 0.188E+01 0.192E+01 0.216E+00 0.135E-01 0.212E+00 0.132E-01
      2       1       2      67      67       4       4 0.112E-01 0.118E-01 0.146E-01 0.161E-01 0.165E-02 0.103E-03 0.145E-02 0.907E-04
      2       1      24    1021    1021       4       4 0.283E+01 0.286E+01 0.325E+01 0.331E+01 0.176E+00 0.110E-01 0.196E+00 0.123E-01
      2       1      24     127     127       4       4 0.291E-01 0.383E-01 0.411E-01 0.468E-01 0.438E-02 0.274E-03 0.434E-02 0.271E-03
      2       1      24    2053    2053       4       4 0.746E+01 0.755E+01 0.857E+01 0.867E+01 0.554E+00 0.346E-01 0.525E+00 0.328E-01
      2       1      24     257     257       4       4 0.723E+00 0.761E+00 0.765E+00 0.776E+00 0.126E-01 0.788E-03 0.112E-01 0.700E-03
      2       1      24      31      31       4       4 0.125E-01 0.135E-01 0.167E-01 0.179E-01 0.109E-01 0.684E-03 0.136E-02 0.853E-04
      2       1      24    4099    4099       4       4 0.201E+02 0.207E+02 0.257E+02 0.260E+02 0.254E+01 0.159E+00 0.217E+01 0.135E+00
      2       1      24     509     509       4       4 0.117E+01 0.121E+01 0.132E+01 0.137E+01 0.496E-01 0.310E-02 0.483E-01 0.302E-02
      2       1      24      67      67       4       4 0.225E-01 0.235E-01 0.323E-01 0.336E-01 0.248E-02 0.155E-03 0.236E-02 0.147E-03
      2       1       4    1021    1021       4       4 0.313E+01 0.314E+01 0.366E+01 0.369E+01 0.487E+00 0.305E-01 0.440E+00 0.275E-01
      2       1       4     127     127       4       4 0.266E-01 0.268E-01 0.373E-01 0.378E-01 0.485E-02 0.303E-03 0.422E-02 0.264E-03
      2       1       4    2053    2053       4       4 0.132E+02 0.134E+02 0.154E+02 0.155E+02 0.225E+01 0.140E+00 0.204E+01 0.128E+00
      2       1       4     257     257       4       4 0.444E+00 0.459E+00 0.488E+00 0.516E+00 0.252E-01 0.157E-02 0.270E-01 0.169E-02
      2       1       4      31      31       4       4 0.743E-02 0.769E-02 0.895E-02 0.902E-02 0.354E-03 0.221E-04 0.337E-03 0.211E-04
      2       1       4    4099    4099       4       4 0.361E+02 0.364E+02 0.449E+02 0.454E+02 0.947E+01 0.592E+00 0.894E+01 0.559E+00
      2       1       4     509     509       4       4 0.105E+01 0.106E+01 0.127E+01 0.128E+01 0.121E+00 0.755E-02 0.119E+00 0.746E-02
      2       1       4      67      67       4       4 0.135E-01 0.138E-01 0.185E-01 0.186E-01 0.105E-02 0.657E-04 0.119E-02 0.746E-04
      2       1       8    1021    1021       4       4 0.221E+01 0.223E+01 0.252E+01 0.257E+01 0.293E+00 0.183E-01 0.267E+00 0.167E-01
      2       1       8     127     127       4       4 0.215E-01 0.220E-01 0.314E-01 0.332E-01 0.491E-02 0.307E-03 0.388E-02 0.242E-03
      2       1       8    2053    2053       4       4 0.102E+02 0.102E+02 0.121E+02 0.122E+02 0.131E+01 0.820E-01 0.131E+01 0.818E-01
      2       1       8     257     257       4       4 0.474E+00 0.478E+00 0.502E+00 0.507E+00 0.198E-01 0.124E-02 0.207E-01 0.129E-02
      2       1       8      31      31       4       4 0.929E-02 0.105E-01 0.125E-01 0.138E-01 0.169E-02 0.106E-03 0.645E-03 0.403E-04
      2       1       8    4099    4099       4       4 0.284E+02 0.290E+02 0.320E+02 0.323E+02 0.532E+01 0.332E+00 0.481E+01 0.301E+00
      2       1       8     509     509       4       4 0.843E+00 0.880E+00 0.942E+00 0.948E+00 0.825E-01 0.516E-02 0.824E-01 0.515E-02
      2       1       8      67      67       4       4 0.141E-01 0.168E-01 0.193E-01 0.206E-01 0.154E-02 0.965E-04 0.154E-02 0.962E-04
      2      16       1    1021    1021       4       4 0.446E+00 0.448E+00 0.498E+00 0.500E+00 0.127E+00 0.797E-02 0.127E+00 0.793E-02
      2      16       1     127     127       4       4 0.506E-02 0.737E-02 0.351E-02 0.355E-02 0.261E-02 0.163E-03 0.244E-02 0.152E-03
      2      16       1    2053    2053       4       4 0.139E+01 0.139E+01 0.158E+01 0.159E+01 0.528E+00 0.330E-01 0.528E+00 0.330E-01
      2      16       1     257     257       4       4 0.815E-01 0.856E-01 0.735E-01 0.789E-01 0.101E-01 0.630E-03 0.922E-02 0.577E-03
      2      16       1      31      31       4       4 0.348E-02 0.562E-02 0.153E-02 0.156E-02 0.705E-03 0.441E-04 0.591E-03 0.369E-04
      2      16       1    4099    4099       4       4 0.233E+01 0.233E+01 0.251E+01 0.252E+01 0.319E+01 0.199E+00 0.314E+01 0.196E+00
      2      16       1     509     509       4       4 0.183E+00 0.185E+00 0.168E+00 0.168E+00 0.341E-01 0.213E-02 0.324E-01 0.202E-02
      2      16       1      67      67       4       4 0.421E-02 0.642E-02 0.183E-02 0.188E-02 0.100E-02 0.627E-04 0.861E-03 0.538E-04
      2       2       1    1021    1021       4       4 0.909E+00 0.914E+00 0.138E+01 0.138E+01 0.823E+00 0.514E-01 0.827E+00 0.517E-01
      2       2       1     127     127       4       4 0.738E-02 0.877E-02 0.111E-01 0.112E-01 0.723E-02 0.452E-03 0.689E-02 0.430E-03
      2       2       1    2053    2053       4       4 0.353E+01 0.356E+01 0.550E+01 0.551E+01 0.350E+01 0.219E+00 0.347E+01 0.217E+00
      2       2       1     257     257       4       4 0.891E-01 0.928E-01 0.927E-01 0.946E-01 0.433E-01 0.271E-02 0.428E-01 0.268E-02
      2       2       1      31      31       4       4 0.313E-02 0.490E-02 0.135E-02 0.140E-02 0.381E-03 0.238E-04 0.322E-03 0.201E-04
      2       2       1    4099    4099       4       4 0.549E+01 0.552E+01 0.605E+01 0.606E+01 0.196E+02 0.123E+01 0.196E+02 0.123E+01
      2       2       1     509     509       4       4 0.328E+00 0.332E+00 0.422E+00 0.451E+00 0.212E+00 0.132E-01 0.211E+00 0.132E-01
      2       2       1      67      67       4       4 0.347E-02 0.588E-02 0.239E-02 0.269E-02 0.132E-02 0.825E-04 0.118E-02 0.739E-04
      2       2      12    1021    1021       4       4 0.972E+00 0.992E+00 0.122E+01 0.123E+01 0.111E+01 0.691E-01 0.116E+01 0.723E-01
      2       2      12     127     127       4       4 0.151E-01 0.175E-01 0.148E-01 0.194E-01 0.723E-02 0.452E-03 0.688E-02 0.430E-03
      2       2      12    2053    2053       4       4 0.359E+01 0.367E+01 0.408E+01 0.415E+01 0.322E+01 0.202E+00 0.316E+01 0.198E+00
      2       2      12     257     257       4       4 0.213E+00 0.223E+00 0.216E+00 0.218E+00 0.331E-01 0.207E-02 0.237E-01 0.148E-02
      2       2      12      31      31       4       4 0.773E-02 0.933E-02 0.616E-02 0.680E-02 0.186E-01 0.116E-02 0.407E-02 0.254E-03
      2       2      12    4099    4099       4       4 0.846E+01 0.859E+01 0.917E+01 0.939E+01 0.108E+02 0.677E+00 0.103E+02 0.644E+00
      2       2      12     509     509       4       4 0.569E+00 0.600E+00 0.667E+00 0.684E+00 0.120E+00 0.750E-02 0.121E+00 0.759E-02
      2       2      12      67      67       4       4 0.112E-01 0.137E-01 0.107E-01 0.110E-01 0.182E-01 0.114E-02 0.380E-02 0.238E-03
      2       2       2    1021    1021       4       4 0.107E+01 0.110E+01 0.168E+01 0.173E+01 0.630E+00 0.394E-01 0.618E+00 0.386E-01
      2       2       2     127     127       4       4 0.119E-01 0.131E-01 0.169E-01 0.177E-01 0.543E-02 0.339E-03 0.556E-02 0.347E-03
      2       2       2    2053    2053       4       4 0.466E+01 0.469E+01 0.729E+01 0.733E+01 0.265E+01 0.165E+00 0.265E+01 0.166E+00
      2       2       2     257     257       4       4 0.114E+00 0.116E+00 0.131E+00 0.134E+00 0.321E-01 0.201E-02 0.319E-01 0.199E-02
      2       2       2      31      31       4       4 0.495E-02 0.677E-02 0.275E-02 0.288E-02 0.953E-03 0.596E-04 0.845E-03 0.528E-04
      2       2       2    4099    4099       4       4 0.944E+01 0.949E+01 0.126E+02 0.129E+02 0.144E+02 0.900E+00 0.156E+02 0.978E+00
      2       2       2     509     509       4       4 0.498E+00 0.501E+00 0.708E+00 0.729E+00 0.140E+00 0.875E-02 0.142E+00 0.888E-02
      2       2       2      67      67       4       4 0.805E-02 0.107E-01 0.807E-02 0.824E-02 0.164E-02 0.103E-03 0.146E-02 0.913E-04
      2       2       4    1021    1021       4       4 0.804E+00 0.822E+00 0.110E+01 0.112E+01 0.630E+00 0.394E-01 0.619E+00 0.387E-01
      2       2       4     127     127       4       4 0.103E-01 0.115E-01 0.129E-01 0.130E-01 0.658E-02 0.411E-03 0.618E-02 0.386E-03
      2       2       4    2053    2053       4       4 0.426E+01 0.427E+01 0.584E+01 0.593E+01 0.239E+01 0.149E+00 0.245E+01 0.153E+00
      2       2       4     257     257       4       4 0.167E+00 0.168E+00 0.191E+00 0.198E+00 0.240E-01 0.150E-02 0.230E-01 0.144E-02
      2       2       4      31      31       4       4 0.604E-02 0.812E-02 0.439E-02 0.450E-02 0.136E-02 0.848E-04 0.125E-02 0.780E-04
      2       2       4    4099    4099       4       4 0.102E+02 0.108E+02 0.130E+02 0.131E+02 0.130E+02 0.810E+00 0.141E+02 0.881E+00
      2       2       4     509     509       4       4 0.463E+00 0.467E+00 0.588E+00 0.599E+00 0.126E+00 0.790E-02 0.128E+00 0.801E-02
      2       2       4      67      67       4       4 0.919E-02 0.110E-01 0.901E-02 0.107E-01 0.255E-02 0.160E-03 0.233E-02 0.146E-03
      2       2       8    1021    1021       4       4 0.901E+00 0.910E+00 0.110E+01 0.116E+01 0.927E+00 0.580E-01 0.940E+00 0.588E-01
      2       2       8     127     127       4       4 0.983E-02 0.121E-01 0.110E-01 0.121E-01 0.111E-01 0.696E-03 0.636E-02 0.398E-03
      2       2       8    2053    2053       4       4 0.319E+01 0.323E+01 0.370E+01 0.374E+01 0.267E+01 0.167E+00 0.265E+01 0.166E+00
      2       2       8     257     257       4       4 0.199E+00 0.204E+00 0.217E+00 0.221E+00 0.221E-01 0.138E-02 0.219E-01 0.137E-02
      2       2       8      31      31       4       4 0.548E-02 0.693E-02 0.417E-02 0.435E-02 0.220E-02 0.138E-03 0.208E-02 0.130E-03
      2       2       8    4099    4099       4       4 0.840E+01 0.850E+01 0.990E+01 0.991E+01 0.115E+02 0.721E+00 0.124E+02 0.778E+00
      2       2       8     509     509       4       4 0.462E+00 0.473E+00 0.546E+00 0.558E+00 0.102E+00 0.639E-02 0.104E+00 0.652E-02
      2       2       8      67      67       4       4 0.127E-01 0.138E-01 0.106E-01 0.112E-01 0.513E-02 0.320E-03 0.320E-02 0.200E-03
      2       4       1    1021    1021       4       4 0.613E+00 0.618E+00 0.818E+00 0.820E+00 0.432E+00 0.270E-01 0.436E+00 0.273E-01
      2       4       1     127     127       4       4 0.590E-02 0.765E-02 0.675E-02 0.688E-02 0.533E-02 0.333E-03 0.456E-02 0.285E-03
      2       4       1    2053    2053       4       4 0.232E+01 0.234E+01 0.335E+01 0.338E+01 0.185E+01 0.116E+00 0.183E+01 0.115E+00
      2       4       1     257     257       4       4 0.806E-01 0.822E-01 0.749E-01 0.765E-01 0.229E-01 0.143E-02 0.224E-01 0.140E-02
      2       4       1      31      31       4       4 0.313E-02 0.486E-02 0.123E-02 0.134E-02 0.370E-03 0.231E-04 0.344E-03 0.215E-04
      2       4       1    4099    4099       4       4 0.425E+01 0.429E+01 0.522E+01 0.527E+01 0.976E+01 0.610E+00 0.970E+01 0.606E+00
      2       4       1     509     509       4       4 0.217E+00 0.222E+00 0.227E+00 0.229E+00 0.113E+00 0.707E-02 0.112E+00 0.702E-02
      2       4       1      67      67       4       4 0.407E-02 0.552E-02 0.296E-02 0.298E-02 0.137E-02 0.856E-04 0.130E-02 0.809E-04
      2       4       2    1021    1021       4       4 0.756E+00 0.759E+00 0.102E+01 0.103E+01 0.524E+00 0.327E-01 0.442E+00 0.276E-01
      2       4       2     127     127       4       4 0.974E-02 0.113E-01 0.117E-01 0.119E-01 0.526E-02 0.329E-03 0.482E-02 0.301E-03
      2       4       2    2053    2053       4       4 0.273E+01 0.273E+01 0.406E+01 0.416E+01 0.220E+01 0.138E+00 0.215E+01 0.135E+00
      2       4       2     257     257       4       4 0.104E+00 0.106E+00 0.108E+00 0.111E+00 0.198E-01 0.124E-02 0.190E-01 0.119E-02
      2       4       2      31      31       4       4 0.493E-02 0.671E-02 0.206E-02 0.219E-02 0.130E-02 0.816E-04 0.120E-02 0.747E-04
      2       4       2    4099    4099       4       4 0.624E+01 0.640E+01 0.740E+01 0.746E+01 0.105E+02 0.657E+00 0.103E+02 0.645E+00
      2       4       2     509     509       4       4 0.273E+00 0.278E+00 0.273E+00 0.282E+00 0.939E-01 0.587E-02 0.925E-01 0.578E-02
      2       4       2      67      67       4       4 0.658E-02 0.838E-02 0.432E-02 0.464E-02 0.175E-02 0.109E-03 0.167E-02 0.104E-03
      2       4       4    1021    1021       4       4 0.827E+00 0.833E+00 0.102E+01 0.104E+01 0.581E+00 0.363E-01 0.572E+00 0.358E-01
      2       4       4     127     127       4       4 0.852E-02 0.105E-01 0.909E-02 0.930E-02 0.633E-02 0.395E-03 0.599E-02 0.374E-03
      2       4       4    2053    2053       4       4 0.299E+01 0.303E+01 0.388E+01 0.391E+01 0.218E+01 0.136E+00 0.214E+01 0.134E+00
      2       4       4     257     257       4       4 0.151E+00 0.158E+00 0.156E+00 0.157E+00 0.173E-01 0.108E-02 0.168E-01 0.105E-02
      2       4       4      31      31       4       4 0.532E-02 0.683E-02 0.274E-02 0.283E-02 0.227E-02 0.142E-03 0.219E-02 0.137E-03
      2       4       4    4099    4099       4       4 0.609E+01 0.622E+01 0.655E+01 0.692E+01 0.654E+01 0.409E+00 0.602E+01 0.376E+00
      2       4       4     509     509       4       4 0.327E+00 0.336E+00 0.351E+00 0.358E+00 0.730E-01 0.456E-02 0.732E-01 0.458E-02
      2       4       4      67      67       4       4 0.772E-02 0.960E-02 0.539E-02 0.575E-02 0.615E-02 0.384E-03 0.270E-02 0.169E-03
      2       8       1    1021    1021       4       4 0.432E+00 0.441E+00 0.472E+00 0.475E+00 0.234E+00 0.146E-01 0.234E+00 0.146E-01
      2       8       1     127     127       4       4 0.481E-02 0.735E-02 0.395E-02 0.396E-02 0.347E-02 0.217E-03 0.270E-02 0.169E-03
      2       8       1    2053    2053       4       4 0.176E+01 0.176E+01 0.228E+01 0.230E+01 0.980E+00 0.613E-01 0.977E+00 0.611E-01
      2       8       1     257     257       4       4 0.783E-01 0.811E-01 0.689E-01 0.699E-01 0.142E-01 0.890E-03 0.132E-01 0.826E-03
      2       8       1      31      31       4       4 0.344E-02 0.484E-02 0.151E-02 0.156E-02 0.524E-03 0.328E-04 0.443E-03 0.277E-04
      2       8       1    4099    4099       4       4 0.293E+01 0.295E+01 0.345E+01 0.349E+01 0.544E+01 0.340E+00 0.538E+01 0.336E+00
      2       8       1     509     509       4       4 0.204E+00 0.210E+00 0.205E+00 0.208E+00 0.627E-01 0.392E-02 0.609E-01 0.381E-02
      2       8       1      67      67       4       4 0.437E-02 0.610E-02 0.223E-02 0.228E-02 0.153E-02 0.956E-04 0.852E-03 0.533E-04
      2       8       2    1021    1021       4       4 0.522E+00 0.525E+00 0.606E+00 0.658E+00 0.258E+00 0.161E-01 0.248E+00 0.155E-01
      2       8       2     127     127       4       4 0.866E-02 0.102E-01 0.804E-02 0.830E-02 0.467E-02 0.292E-03 0.375E-02 0.235E-03
      2       8       2    2053    2053       4       4 0.253E+01 0.253E+01 0.323E+01 0.324E+01 0.136E+01 0.851E-01 0.155E+01 0.967E-01
      2       8       2     257     257       4       4 0.915E-01 0.987E-01 0.817E-01 0.860E-01 0.124E-01 0.774E-03 0.116E-01 0.724E-03
      2       8       2      31      31       4       4 0.568E-02 0.717E-02 0.258E-02 0.271E-02 0.215E-02 0.134E-03 0.195E-02 0.122E-03
      2       8       2    4099    4099       4       4 0.417E+01 0.420E+01 0.461E+01 0.467E+01 0.500E+01 0.312E+00 0.503E+01 0.314E+00
      2       8       2     509     509       4       4 0.235E+00 0.236E+00 0.226E+00 0.231E+00 0.558E-01 0.349E-02 0.544E-01 0.340E-02
      2       8       2      67      67       4       4 0.754E-02 0.901E-02 0.449E-02 0.496E-02 0.173E-02 0.108E-03 0.157E-02 0.978E-04
      3       1       1    1021    1021       4       4 0.944E-03 0.322E-02 0.000E+00 0.000E+00 0.676E+00 0.423E-01 0.134E+01 0.837E-01
      3       1       1     127     127       4       4 0.758E-03 0.295E-02 0.000E+00 0.000E+00 0.648E-02 0.405E-03 0.127E-01 0.793E-03
      3       1       1    2053    2053       4       4 0.133E-02 0.383E-02 0.238E-06 0.954E-06 0.483E+01 0.302E+00 0.981E+01 0.613E+00
      3       1       1     257     257       4       4 0.776E-03 0.297E-02 0.000E+00 0.000E+00 0.407E-01 0.254E-02 0.813E-01 0.508E-02
      3       1       1      31      31       4       4 0.780E-03 0.308E-02 0.000E+00 0.000E+00 0.402E-03 0.251E-04 0.713E-03 0.446E-04
      3       1       1    4099    4099       4       4 0.216E-02 0.471E-02 0.000E+00 0.000E+00 0.425E+02 0.266E+01 0.855E+02 0.535E+01
      3       1       1     509     509       4       4 0.925E-03 0.342E-02 0.000E+00 0.000E+00 0.138E+00 0.862E-02 0.276E+00 0.173E-01
      3       1       1      67      67       4       4 0.737E-03 0.289E-02 0.000E+00 0.000E+00 0.326E-02 0.204E-03 0.650E-02 0.407E-03
      3       1      12    1021    1021       4       4 0.364E-02 0.139E-01 0.000E+00 0.000E+00 0.246E+00 0.153E-01 0.465E+00 0.290E-01
      3       1      12     127     127       4       4 0.409E-02 0.162E-01 0.238E-06 0.954E-06 0.348E-02 0.218E-03 0.645E-02 0.403E-03
      3       1      12    2053    2053       4       4 0.109E-02 0.266E-02 0.000E+00 0.000E+00 0.119E+01 0.747E-01 0.239E+01 0.150E+00
      3       1      12     257     257       4       4 0.294E-02 0.115E-01 0.000E+00 0.000E+00 0.164E-01 0.103E-02 0.321E-01 0.200E-02
      3       1      12      31      31       4       4 0.437E-02 0.174E-01 0.000E+00 0.000E+00 0.490E-03 0.306E-04 0.834E-03 0.521E-04
      3       1      12    4099    4099       4       4 0.205E-02 0.371E-02 0.000E+00 0.000E+00 0.822E+01 0.513E+00 0.165E+02 0.103E+01
      3       1      12     509     509       4       4 0.216E-02 0.827E-02 0.000E+00 0.000E+00 0.544E-01 0.340E-02 0.106E+00 0.661E-02
      3       1      12      67      67       4       4 0.435E-02 0.173E-01 0.000E+00 0.000E+00 0.139E-02 0.868E-04 0.257E-02 0.161E-03
      3       1      16    1021    1021       4       4 0.302E-02 0.114E-01 0.000E+00 0.000E+00 0.225E+00 0.141E-01 0.425E+00 0.266E-01
      3       1      16     127     127       4       4 0.401E-02 0.159E-01 0.000E+00 0.000E+00 0.363E-02 0.227E-03 0.669E-02 0.418E-03
      3       1      16    2053    2053       4       4 0.115E-02 0.294E-02 0.298E-06 0.119E-05 0.110E+01 0.689E-01 0.220E+01 0.138E+00
      3       1      16     257     257       4       4 0.439E-02 0.173E-01 0.000E+00 0.000E+00 0.162E-01 0.101E-02 0.313E-01 0.196E-02
      3       1      16      31      31       4       4 0.439E-02 0.175E-01 0.238E-06 0.954E-06 0.635E-03 0.397E-04 0.107E-02 0.668E-04
      3       1      16    4099    4099       4       4 0.225E-02 0.449E-02 0.298E-06 0.119E-05 0.721E+01 0.450E+00 0.144E+02 0.902E+00
      3       1      16     509     509       4       4 0.341E-02 0.133E-01 0.000E+00 0.000E+00 0.502E-01 0.314E-02 0.967E-01 0.604E-02
      3       1      16      67      67       4       4 0.432E-02 0.172E-01 0.000E+00 0.000E+00 0.171E-02 0.107E-03 0.307E-02 0.192E-03
      3       1       2    1021    1021       4       4 0.148E-02 0.536E-02 0.000E+00 0.000E+00 0.458E+00 0.286E-01 0.913E+00 0.571E-01
      3       1       2     127     127       4       4 0.313E-02 0.124E-01 0.000E+00 0.000E+00 0.441E-02 0.275E-03 0.848E-02 0.530E-03
      3       1       2    2053    2053       4       4 0.122E-02 0.336E-02 0.000E+00 0.000E+00 0.282E+01 0.176E+00 0.571E+01 0.357E+00
      3       1       2     257     257       4       4 0.892E-03 0.337E-02 0.000E+00 0.000E+00 0.323E-01 0.202E-02 0.640E-01 0.400E-02
      3       1       2      31      31       4       4 0.722E-03 0.285E-02 0.000E+00 0.000E+00 0.441E-03 0.276E-04 0.727E-03 0.454E-04
      3       1       2    4099    4099       4       4 0.210E-02 0.447E-02 0.238E-06 0.954E-06 0.239E+02 0.149E+01 0.483E+02 0.302E+01
      3       1       2     509     509       4       4 0.165E-02 0.634E-02 0.000E+00 0.000E+00 0.965E-01 0.603E-02 0.193E+00 0.121E-01
      3       1       2      67      67       4       4 0.367E-02 0.146E-01 0.000E+00 0.000E+00 0.214E-02 0.133E-03 0.408E-02 0.255E-03
      3       1      24    1021    1021       4       4 0.143E-02 0.485E-02 0.238E-06 0.954E-06 0.271E+00 0.169E-01 0.520E+00 0.325E-01
      3       1      24     127     127       4       4 0.470E-02 0.186E-01 0.000E+00 0.000E+00 0.417E-02 0.260E-03 0.760E-02 0.475E-03
      3       1      24    2053    2053       4       4 0.116E-02 0.271E-02 0.000E+00 0.000E+00 0.111E+01 0.692E-01 0.220E+01 0.138E+00
      3       1      24     257     257       4       4 0.436E-02 0.171E-01 0.000E+00 0.000E+00 0.135E-01 0.843E-03 0.249E-01 0.155E-02
      3       1      24      31      31       4       4 0.635E-02 0.254E-01 0.000E+00 0.000E+00 0.734E-03 0.459E-04 0.119E-02 0.745E-04
      3       1      24    4099    4099       4       4 0.220E-02 0.421E-02 0.000E+00 0.000E+00 0.666E+01 0.416E+00 0.133E+02 0.830E+00
      3       1      24     509     509       4       4 0.307E-02 0.119E-01 0.000E+00 0.000E+00 0.531E-01 0.332E-02 0.103E+00 0.644E-02
      3       1      24      67      67       4       4 0.515E-02 0.205E-01 0.000E+00 0.000E+00 0.216E-02 0.135E-03 0.382E-02 0.239E-03
      3       1       4    1021    1021       4       4 0.247E-02 0.928E-02 0.000E+00 0.000E+00 0.332E+00 0.208E-01 0.644E+00 0.402E-01
      3       1       4     127     127       4       4 0.487E-02 0.194E-01 0.000E+00 0.000E+00 0.379E-02 0.237E-03 0.725E-02 0.453E-03
      3       1       4    2053    2053       4       4 0.119E-02 0.320E-02 0.000E+00 0.000E+00 0.185E+01 0.115E+00 0.372E+01 0.233E+00
      3       1       4     257     257       4       4 0.295E-02 0.116E-01 0.000E+00 0.000E+00 0.193E-01 0.121E-02 0.383E-01 0.240E-02
      3       1       4      31      31       4       4 0.522E-02 0.208E-01 0.000E+00 0.000E+00 0.429E-03 0.268E-04 0.726E-03 0.454E-04
      3       1       4    4099    4099       4       4 0.210E-02 0.424E-02 0.238E-06 0.954E-06 0.145E+02 0.905E+00 0.291E+02 0.182E+01
      3       1       4     509     509       4       4 0.122E-02 0.458E-02 0.000E+00 0.000E+00 0.682E-01 0.426E-02 0.134E+00 0.839E-02
      3       1       4      67      67       4       4 0.460E-02 0.183E-01 0.000E+00 0.000E+00 0.169E-02 0.106E-03 0.324E-02 0.203E-03
      3       1       8    1021    1021       4       4 0.156E-02 0.558E-02 0.000E+00 0.000E+00 0.267E+00 0.167E-01 0.511E+00 0.319E-01
      3       1       8     127     127       4       4 0.714E-02 0.284E-01 0.000E+00 0.000E+00 0.288E-02 0.180E-03 0.540E-02 0.338E-03
      3       1       8    2053    2053       4       4 0.115E-02 0.300E-02 0.000E+00 0.000E+00 0.137E+01 0.859E-01 0.276E+01 0.172E+00
      3       1       8     257     257       4       4 0.523E-02 0.207E-01 0.000E+00 0.000E+00 0.167E-01 0.104E-02 0.326E-01 0.204E-02
      3       1       8      31      31       4       4 0.430E-02 0.172E-01 0.000E+00 0.000E+00 0.430E-03 0.269E-04 0.725E-03 0.453E-04
      3       1       8    4099    4099       4       4 0.210E-02 0.405E-02 0.000E+00 0.000E+00 0.947E+01 0.592E+00 0.190E+02 0.119E+01
      3       1       8     509     509       4       4 0.106E-02 0.394E-02 0.298E-06 0.119E-05 0.571E-01 0.357E-02 0.111E+00 0.691E-02
      3       1       8      67      67       4       4 0.418E-02 0.167E-01 0.000E+00 0.000E+00 0.144E-02 0.899E-04 0.268E-02 0.167E-03
      3      16       1    1021    1021       4       4 0.456E-01 0.181E+00 0.149E-05 0.191E-05 0.125E+00 0.779E-02 0.248E+00 0.155E-01
      3      16       1     127     127       4       4 0.319E-01 0.127E+00 0.775E-06 0.119E-05 0.313E-02 0.196E-03 0.507E-02 0.317E-03
      3      16       1    2053    2053       4       4 0.172E-01 0.672E-01 0.131E-05 0.215E-05 0.429E+00 0.268E-01 0.853E+00 0.533E-01
      3      16       1     257     257       4       4 0.400E-01 0.160E+00 0.143E-05 0.191E-05 0.815E-02 0.509E-03 0.153E-01 0.954E-03
      3      16       1      31      31       4       4 0.224E-01 0.893E-01 0.101E-05 0.119E-05 0.194E-02 0.122E-03 0.314E-02 0.197E-03
      3      16       1    4099    4099       4       4 0.249E-01 0.952E-01 0.119E-05 0.191E-05 0.264E+01 0.165E+00 0.529E+01 0.331E+00
      3      16       1     509     509       4       4 0.272E-01 0.108E+00 0.149E-05 0.215E-05 0.304E-01 0.190E-02 0.593E-01 0.371E-02
      3      16       1      67      67       4       4 0.215E-01 0.858E-01 0.715E-06 0.954E-06 0.222E-02 0.139E-03 0.333E-02 0.208E-03
      3       2       1    1021    1021       4       4 0.475E-02 0.183E-01 0.238E-06 0.954E-06 0.522E+00 0.326E-01 0.105E+01 0.655E-01
      3       2       1     127     127       4       4 0.401E-02 0.159E-01 0.715E-06 0.191E-05 0.449E-02 0.281E-03 0.831E-02 0.520E-03
      3       2       1    2053    2053       4       4 0.493E-02 0.186E-01 0.954E-06 0.954E-06 0.242E+01 0.151E+00 0.489E+01 0.306E+00
      3       2       1     257     257       4       4 0.580E-02 0.231E-01 0.238E-06 0.954E-06 0.275E-01 0.172E-02 0.548E-01 0.343E-02
      3       2       1      31      31       4       4 0.542E-02 0.216E-01 0.954E-06 0.191E-05 0.379E-03 0.237E-04 0.656E-03 0.410E-04
      3       2       1    4099    4099       4       4 0.531E-02 0.173E-01 0.238E-06 0.954E-06 0.169E+02 0.105E+01 0.339E+02 0.212E+01
      3       2       1     509     509       4       4 0.699E-02 0.276E-01 0.477E-06 0.954E-06 0.931E-01 0.582E-02 0.187E+00 0.117E-01
      3       2       1      67      67       4       4 0.403E-02 0.161E-01 0.477E-06 0.954E-06 0.215E-02 0.134E-03 0.413E-02 0.258E-03
      3       2      12    1021    1021       4       4 0.405E-02 0.154E-01 0.536E-06 0.119E-05 0.165E+00 0.103E-01 0.314E+00 0.196E-01
      3       2      12     127     127       4       4 0.581E-02 0.231E-01 0.238E-06 0.954E-06 0.272E-02 0.170E-03 0.516E-02 0.323E-03
      3       2      12    2053    2053       4       4 0.375E-02 0.134E-01 0.238E-06 0.954E-06 0.101E+01 0.629E-01 0.202E+01 0.126E+00
      3       2      12     257     257       4       4 0.841E-02 0.334E-01 0.238E-06 0.954E-06 0.115E-01 0.716E-03 0.221E-01 0.138E-02
      3       2      12      31      31       4       4 0.100E-01 0.400E-01 0.715E-06 0.954E-06 0.759E-03 0.474E-04 0.135E-02 0.842E-04
      3       2      12    4099    4099       4       4 0.693E-02 0.232E-01 0.536E-06 0.119E-05 0.387E+01 0.242E+00 0.772E+01 0.483E+00
      3       2      12     509     509       4       4 0.593E-02 0.233E-01 0.715E-06 0.954E-06 0.477E-01 0.298E-02 0.932E-01 0.582E-02
      3       2      12      67      67       4       4 0.599E-02 0.239E-01 0.715E-06 0.954E-06 0.140E-02 0.877E-04 0.253E-02 0.158E-03
      3       2       2    1021    1021       4       4 0.425E-02 0.164E-01 0.775E-06 0.119E-05 0.294E+00 0.184E-01 0.586E+00 0.366E-01
      3       2       2     127     127       4       4 0.432E-02 0.172E-01 0.954E-06 0.954E-06 0.317E-02 0.198E-03 0.604E-02 0.377E-03
      3       2       2    2053    2053       4       4 0.750E-02 0.289E-01 0.775E-06 0.119E-05 0.159E+01 0.993E-01 0.314E+01 0.196E+00
      3       2       2     257     257       4       4 0.464E-02 0.184E-01 0.775E-06 0.119E-05 0.195E-01 0.122E-02 0.386E-01 0.241E-02
      3       2       2      31      31       4       4 0.695E-02 0.277E-01 0.954E-06 0.954E-06 0.861E-03 0.538E-04 0.146E-02 0.910E-04
      3       2       2    4099    4099       4       4 0.678E-02 0.229E-01 0.536E-06 0.119E-05 0.966E+01 0.604E+00 0.194E+02 0.121E+01
      3       2       2     509     509       4       4 0.823E-02 0.326E-01 0.954E-06 0.954E-06 0.681E-01 0.426E-02 0.136E+00 0.849E-02
      3       2       2      67      67       4       4 0.103E-01 0.412E-01 0.179E-02 0.717E-02 0.188E-02 0.118E-03 0.351E-02 0.220E-03
      3       2       4    1021    1021       4       4 0.412E-02 0.158E-01 0.154E-02 0.614E-02 0.222E+00 0.139E-01 0.440E+00 0.275E-01
      3       2       4     127     127       4       4 0.975E-02 0.389E-01 0.238E-06 0.954E-06 0.345E-02 0.216E-03 0.653E-02 0.408E-03
      3       2       4    2053    2053       4       4 0.438E-02 0.164E-01 0.154E-02 0.614E-02 0.115E+01 0.721E-01 0.229E+01 0.143E+00
      3       2       4     257     257       4       4 0.756E-02 0.299E-01 0.775E-06 0.119E-05 0.182E-01 0.114E-02 0.357E-01 0.223E-02
      3       2       4      31      31       4       4 0.853E-02 0.341E-01 0.238E-06 0.954E-06 0.484E-03 0.302E-04 0.838E-03 0.524E-04
      3       2       4    4099    4099       4       4 0.890E-02 0.314E-01 0.548E-02 0.219E-01 0.646E+01 0.404E+00 0.130E+02 0.811E+00
      3       2       4     509     509       4       4 0.452E-02 0.177E-01 0.954E-06 0.954E-06 0.538E-01 0.336E-02 0.107E+00 0.668E-02
      3       2       4      67      67       4       4 0.813E-02 0.325E-01 0.477E-06 0.954E-06 0.156E-02 0.977E-04 0.291E-02 0.182E-03
      3       2       8    1021    1021       4       4 0.461E-02 0.178E-01 0.715E-06 0.191E-05 0.183E+00 0.114E-01 0.356E+00 0.222E-01
      3       2       8     127     127       4       4 0.129E-01 0.515E-01 0.477E-06 0.954E-06 0.280E-02 0.175E-03 0.527E-02 0.329E-03
      3       2       8    2053    2053       4       4 0.435E-02 0.162E-01 0.000E+00 0.000E+00 0.881E+00 0.550E-01 0.177E+01 0.110E+00
      3       2       8     257     257       4       4 0.771E-02 0.305E-01 0.238E-06 0.954E-06 0.146E-01 0.911E-03 0.286E-01 0.179E-02
      3       2       8      31      31       4       4 0.842E-02 0.336E-01 0.477E-06 0.954E-06 0.762E-03 0.476E-04 0.132E-02 0.827E-04
      3       2       8    4099    4099       4       4 0.542E-02 0.171E-01 0.477E-06 0.954E-06 0.459E+01 0.287E+00 0.918E+01 0.574E+00
      3       2       8     509     509       4       4 0.361E-02 0.141E-01 0.477E-06 0.954E-06 0.465E-01 0.291E-02 0.910E-01 0.569E-02
      3       2       8      67      67       4       4 0.814E-02 0.325E-01 0.477E-06 0.954E-06 0.144E-02 0.903E-04 0.263E-02 0.164E-03
      3       4       1    1021    1021       4       4 0.156E-01 0.617E-01 0.800E-02 0.320E-01 0.334E+00 0.209E-01 0.598E+00 0.374E-01
      3       4       1     127     127       4       4 0.107E-01 0.426E-01 0.101E-05 0.119E-05 0.417E-02 0.260E-03 0.816E-02 0.510E-03
      3       4       1    2053    2053       4       4 0.130E-01 0.510E-01 0.757E-02 0.303E-01 0.137E+01 0.854E-01 0.273E+01 0.170E+00
      3       4       1     257     257       4       4 0.178E-01 0.709E-01 0.800E-02 0.320E-01 0.166E-01 0.104E-02 0.328E-01 0.205E-02
      3       4       1      31      31       4       4 0.955E-02 0.381E-01 0.775E-06 0.119E-05 0.741E-03 0.463E-04 0.118E-02 0.740E-04
      3       4       1    4099    4099       4       4 0.198E-01 0.751E-01 0.800E-02 0.320E-01 0.891E+01 0.557E+00 0.178E+02 0.111E+01
      3       4       1     509     509       4       4 0.107E-01 0.425E-01 0.954E-06 0.954E-06 0.572E-01 0.358E-02 0.113E+00 0.706E-02
      3       4       1      67      67       4       4 0.137E-01 0.547E-01 0.125E-05 0.191E-05 0.148E-02 0.923E-04 0.287E-02 0.179E-03
      3       4       2    1021    1021       4       4 0.172E-01 0.681E-01 0.164E-01 0.657E-01 0.211E+00 0.132E-01 0.415E+00 0.259E-01
      3       4       2     127     127       4       4 0.111E-01 0.441E-01 0.715E-06 0.954E-06 0.329E-02 0.206E-03 0.628E-02 0.392E-03
      3       4       2    2053    2053       4       4 0.130E-01 0.508E-01 0.747E-02 0.299E-01 0.979E+00 0.612E-01 0.198E+01 0.124E+00
      3       4       2     257     257       4       4 0.155E-01 0.617E-01 0.954E-06 0.954E-06 0.127E-01 0.793E-03 0.247E-01 0.155E-02
      3       4       2      31      31       4       4 0.145E-01 0.578E-01 0.143E-05 0.286E-05 0.582E-03 0.363E-04 0.101E-02 0.629E-04
      3       4       2    4099    4099       4       4 0.915E-02 0.324E-01 0.132E-04 0.510E-04 0.548E+01 0.342E+00 0.110E+02 0.687E+00
      3       4       2     509     509       4       4 0.132E-01 0.526E-01 0.101E-05 0.191E-05 0.414E-01 0.259E-02 0.807E-01 0.504E-02
      3       4       2      67      67       4       4 0.141E-01 0.562E-01 0.101E-02 0.405E-02 0.133E-02 0.831E-04 0.248E-02 0.155E-03
      3       4       4    1021    1021       4       4 0.103E-01 0.407E-01 0.477E-06 0.954E-06 0.139E+00 0.870E-02 0.270E+00 0.169E-01
      3       4       4     127     127       4       4 0.119E-01 0.476E-01 0.238E-06 0.954E-06 0.250E-02 0.156E-03 0.473E-02 0.296E-03
      3       4       4    2053    2053       4       4 0.121E-01 0.470E-01 0.167E-02 0.668E-02 0.675E+00 0.422E-01 0.135E+01 0.847E-01
      3       4       4     257     257       4       4 0.119E-01 0.474E-01 0.113E-05 0.119E-05 0.104E-01 0.653E-03 0.200E-01 0.125E-02
      3       4       4      31      31       4       4 0.142E-01 0.566E-01 0.477E-06 0.954E-06 0.577E-03 0.360E-04 0.100E-02 0.627E-04
      3       4       4    4099    4099       4       4 0.959E-02 0.339E-01 0.715E-06 0.954E-06 0.364E+01 0.227E+00 0.730E+01 0.456E+00
      3       4       4     509     509       4       4 0.102E-01 0.404E-01 0.149E-05 0.310E-05 0.353E-01 0.220E-02 0.693E-01 0.433E-02
      3       4       4      67      67       4       4 0.147E-01 0.587E-01 0.298E-06 0.119E-05 0.101E-02 0.629E-04 0.190E-02 0.119E-03
      3       8       1    1021    1021       4       4 0.903E-02 0.354E-01 0.715E-06 0.954E-06 0.139E+00 0.867E-02 0.277E+00 0.173E-01
      3       8       1     127     127       4       4 0.928E-02 0.370E-01 0.536E-06 0.119E-05 0.308E-02 0.193E-03 0.527E-02 0.329E-03
      3       8       1    2053    2053       4       4 0.246E-01 0.969E-01 0.900E-02 0.360E-01 0.802E+00 0.501E-01 0.155E+01 0.971E-01
      3       8       1     257     257       4       4 0.145E-01 0.577E-01 0.238E-06 0.954E-06 0.138E-01 0.861E-03 0.262E-01 0.164E-02
      3       8       1      31      31       4       4 0.214E-01 0.853E-01 0.125E-05 0.215E-05 0.129E-02 0.807E-04 0.181E-02 0.113E-03
      3       8       1    4099    4099       4       4 0.962E-02 0.346E-01 0.954E-06 0.954E-06 0.473E+01 0.296E+00 0.949E+01 0.593E+00
      3       8       1     509     509       4       4 0.681E-02 0.268E-01 0.477E-06 0.954E-06 0.296E-01 0.185E-02 0.569E-01 0.355E-02
      3       8       1      67      67       4       4 0.217E-01 0.868E-01 0.125E-05 0.191E-05 0.188E-02 0.118E-03 0.297E-02 0.185E-03
      3       8       2    1021    1021       4       4 0.713E-02 0.277E-01 0.125E-05 0.191E-05 0.108E+00 0.676E-02 0.212E+00 0.133E-01
      3       8       2     127     127       4       4 0.164E-01 0.655E-01 0.155E-05 0.215E-05 0.284E-02 0.177E-03 0.480E-02 0.300E-03
      3       8       2    2053    2053       4       4 0.194E-01 0.761E-01 0.113E-05 0.119E-05 0.536E+00 0.335E-01 0.106E+01 0.663E-01
      3       8       2     257     257       4       4 0.134E-01 0.532E-01 0.477E-06 0.954E-06 0.703E-02 0.439E-03 0.130E-01 0.810E-03
      3       8       2      31      31       4       4 0.119E-01 0.473E-01 0.715E-06 0.954E-06 0.147E-02 0.920E-04 0.206E-02 0.129E-03
      3       8       2    4099    4099       4       4 0.218E-01 0.832E-01 0.149E-05 0.191E-05 0.297E+01 0.186E+00 0.591E+01 0.370E+00
      3       8       2     509     509       4       4 0.187E-01 0.745E-01 0.119E-05 0.191E-05 0.249E-01 0.156E-02 0.482E-01 0.301E-02
      3       8       2      67      67       4       4 0.211E-01 0.843E-01 0.601E-02 0.240E-01 0.265E-02 0.166E-03 0.364E-02 0.227E-03
