      2       1       1     127     127     127       4 0.177E+01 0.179E+01 0.170E+01 0.173E+01 0.489E+00 0.122E+00 0.489E+00 0.122E+00
      2       1       1      17      17      17       4 0.841E-02 0.882E-02 0.788E-02 0.793E-02 0.597E-03 0.149E-03 0.596E-03 0.149E-03
      2       1       1     257     257     257       4 0.105E+02 0.106E+02 0.104E+02 0.106E+02 0.562E+01 0.141E+01 0.554E+01 0.138E+01
      2       1       1      31      31      31       4 0.717E-01 0.729E-01 0.710E-01 0.713E-01 0.536E-02 0.134E-02 0.536E-02 0.134E-02
      2       1       1     509     509     509       4 0.196E+02 0.200E+02 0.194E+02 0.195E+02 0.362E+02 0.906E+01 0.361E+02 0.902E+01
      2       1       1      67      67      67       4 0.304E+00 0.304E+00 0.276E+00 0.277E+00 0.905E-01 0.226E-01 0.882E-01 0.221E-01
      2       1       1       7       7       7       4 0.678E-02 0.710E-02 0.621E-02 0.625E-02 0.715E-05 0.179E-05 0.763E-05 0.191E-05
      2       1      12     127     127     127       4 0.187E+01 0.190E+01 0.178E+01 0.182E+01 0.890E-01 0.222E-01 0.790E-01 0.198E-01
      2       1      12      17      17      17       4 0.487E-01 0.510E-01 0.478E-01 0.510E-01 0.366E-03 0.915E-04 0.312E-03 0.780E-04
      2       1      12     257     257     257       4 0.110E+02 0.114E+02 0.111E+02 0.114E+02 0.769E+00 0.192E+00 0.760E+00 0.190E+00
      2       1      12      31      31      31       4 0.233E+00 0.243E+00 0.247E+00 0.259E+00 0.141E-02 0.352E-03 0.133E-02 0.332E-03
      2       1      12     509     509     509       4 0.321E+02 0.332E+02 0.342E+02 0.354E+02 0.427E+01 0.107E+01 0.429E+01 0.107E+01
      2       1      12      67      67      67       4 0.433E+00 0.467E+00 0.417E+00 0.443E+00 0.219E-01 0.546E-02 0.215E-01 0.537E-02
      2       1      12       7       7       7       4 0.243E-01 0.258E-01 0.228E-01 0.234E-01 0.399E-03 0.997E-04 0.243E-03 0.607E-04
      2       1      16     127     127     127       4 0.190E+01 0.196E+01 0.175E+01 0.181E+01 0.885E-01 0.221E-01 0.778E-01 0.194E-01
      2       1      16      17      17      17       4 0.417E-01 0.424E-01 0.401E-01 0.408E-01 0.322E-03 0.806E-04 0.312E-03 0.780E-04
      2       1      16     257     257     257       4 0.104E+02 0.105E+02 0.106E+02 0.107E+02 0.624E+00 0.156E+00 0.623E+00 0.156E+00
      2       1      16      31      31      31       4 0.268E+00 0.295E+00 0.274E+00 0.292E+00 0.134E-02 0.336E-03 0.133E-02 0.333E-03
      2       1      16     509     509     509       4 0.290E+02 0.292E+02 0.289E+02 0.289E+02 0.366E+01 0.914E+00 0.349E+01 0.871E+00
      2       1      16      67      67      67       4 0.469E+00 0.506E+00 0.460E+00 0.503E+00 0.208E-01 0.519E-02 0.201E-01 0.503E-02
      2       1      16       7       7       7       4 0.206E-01 0.211E-01 0.188E-01 0.195E-01 0.662E-03 0.166E-03 0.389E-03 0.973E-04
      2       1       2     127     127     127       4 0.283E+01 0.289E+01 0.280E+01 0.290E+01 0.289E+00 0.723E-01 0.303E+00 0.758E-01
      2       1       2      17      17      17       4 0.255E-01 0.290E-01 0.248E-01 0.287E-01 0.446E-03 0.111E-03 0.419E-03 0.105E-03
      2       1       2     257     257     257       4 0.269E+02 0.269E+02 0.269E+02 0.269E+02 0.306E+01 0.765E+00 0.310E+01 0.774E+00
      2       1       2      31      31      31       4 0.143E+00 0.144E+00 0.142E+00 0.143E+00 0.312E-02 0.781E-03 0.309E-02 0.773E-03
      2       1       2     509     509     509       4 0.432E+02 0.434E+02 0.427E+02 0.429E+02 0.204E+02 0.509E+01 0.200E+02 0.500E+01
      2       1       2      67      67      67       4 0.598E+00 0.662E+00 0.598E+00 0.655E+00 0.631E-01 0.158E-01 0.590E-01 0.147E-01
      2       1       2       7       7       7       4 0.179E-01 0.181E-01 0.166E-01 0.172E-01 0.336E-04 0.840E-05 0.396E-04 0.989E-05
      2       1      24     127     127     127       4 0.194E+01 0.201E+01 0.185E+01 0.190E+01 0.711E-01 0.178E-01 0.708E-01 0.177E-01
      2       1      24      17      17      17       4 0.552E-01 0.611E-01 0.531E-01 0.602E-01 0.116E-02 0.289E-03 0.859E-03 0.215E-03
      2       1      24     257     257     257       4 0.107E+02 0.109E+02 0.108E+02 0.114E+02 0.543E+00 0.136E+00 0.533E+00 0.133E+00
      2       1      24      31      31      31       4 0.370E+00 0.377E+00 0.326E+00 0.339E+00 0.134E-02 0.335E-03 0.117E-02 0.292E-03
      2       1      24     509     509     509       4 0.272E+02 0.289E+02 0.272E+02 0.284E+02 0.311E+01 0.777E+00 0.286E+01 0.714E+00
      2       1      24      67      67      67       4 0.572E+00 0.588E+00 0.534E+00 0.553E+00 0.215E-01 0.537E-02 0.192E-01 0.480E-02
      2       1      24       7       7       7       4 0.208E-01 0.213E-01 0.199E-01 0.202E-01 0.802E-03 0.201E-03 0.686E-03 0.172E-03
      2       1       4     127     127     127       4 0.188E+01 0.190E+01 0.185E+01 0.185E+01 0.162E+00 0.406E-01 0.161E+00 0.403E-01
      2       1       4      17      17      17       4 0.259E-01 0.264E-01 0.253E-01 0.256E-01 0.317E-03 0.792E-04 0.334E-03 0.834E-04
      2       1       4     257     257     257       4 0.170E+02 0.186E+02 0.176E+02 0.187E+02 0.175E+01 0.437E+00 0.180E+01 0.450E+00
      2       1       4      31      31      31       4 0.141E+00 0.142E+00 0.140E+00 0.142E+00 0.182E-02 0.454E-03 0.177E-02 0.442E-03
      2       1       4     509     509     509       4 0.331E+02 0.349E+02 0.343E+02 0.365E+02 0.113E+02 0.283E+01 0.110E+02 0.276E+01
      2       1       4      67      67      67       4 0.490E+00 0.498E+00 0.479E+00 0.497E+00 0.293E-01 0.732E-02 0.286E-01 0.716E-02
      2       1       4       7       7       7       4 0.201E-01 0.204E-01 0.185E-01 0.187E-01 0.672E-04 0.168E-04 0.594E-04 0.148E-04
      2       1       8     127     127     127       4 0.161E+01 0.168E+01 0.154E+01 0.159E+01 0.106E+00 0.266E-01 0.881E-01 0.220E-01
      2       1       8      17      17      17       4 0.382E-01 0.399E-01 0.383E-01 0.412E-01 0.304E-03 0.760E-04 0.294E-03 0.735E-04
      2       1       8     257     257     257       4 0.126E+02 0.128E+02 0.126E+02 0.127E+02 0.979E+00 0.245E+00 0.933E+00 0.233E+00
      2       1       8      31      31      31       4 0.192E+00 0.197E+00 0.196E+00 0.203E+00 0.189E-02 0.472E-03 0.184E-02 0.461E-03
      2       1       8     509     509     509       4 0.315E+02 0.317E+02 0.316E+02 0.319E+02 0.664E+01 0.166E+01 0.616E+01 0.154E+01
      2       1       8      67      67      67       4 0.413E+00 0.421E+00 0.405E+00 0.439E+00 0.161E-01 0.402E-02 0.154E-01 0.386E-02
      2       1       8       7       7       7       4 0.231E-01 0.234E-01 0.215E-01 0.216E-01 0.717E-03 0.179E-03 0.215E-03 0.538E-04
      2      16       1     127     127     127       4 0.243E+00 0.247E+00 0.206E+00 0.207E+00 0.607E-01 0.152E-01 0.563E-01 0.141E-01
      2      16       1      31      31      31       4 0.585E-01 0.647E-01 0.514E-01 0.569E-01 0.102E-02 0.255E-03 0.842E-03 0.210E-03
      2       2       1     127     127     127       4 0.656E+00 0.667E+00 0.585E+00 0.597E+00 0.408E+00 0.102E+00 0.389E+00 0.973E-01
      2       2       1      17      17      17       4 0.886E-02 0.116E-01 0.331E-02 0.334E-02 0.603E-03 0.151E-03 0.523E-03 0.131E-03
      2       2       1     257     257     257       4 0.592E+01 0.601E+01 0.546E+01 0.553E+01 0.491E+01 0.123E+01 0.494E+01 0.124E+01
      2       2       1      31      31      31       4 0.669E-01 0.699E-01 0.550E-01 0.553E-01 0.446E-02 0.111E-02 0.412E-02 0.103E-02
      2       2       1     509     509     509       4 0.121E+02 0.122E+02 0.908E+01 0.929E+01 0.354E+02 0.885E+01 0.355E+02 0.889E+01
      2       2       1      67      67      67       4 0.148E+00 0.154E+00 0.132E+00 0.137E+00 0.651E-01 0.163E-01 0.632E-01 0.158E-01
      2       2       1       7       7       7       4 0.112E-01 0.140E-01 0.490E-02 0.505E-02 0.629E-04 0.157E-04 0.279E-04 0.697E-05
      2       2      12     127     127     127       4 0.909E+00 0.929E+00 0.748E+00 0.772E+00 0.412E+00 0.103E+00 0.410E+00 0.103E+00
      2       2      12      17      17      17       4 0.335E-01 0.358E-01 0.154E-01 0.161E-01 0.169E-02 0.422E-03 0.127E-02 0.318E-03
      2       2      12     257     257     257       4 0.561E+01 0.588E+01 0.464E+01 0.479E+01 0.348E+01 0.870E+00 0.326E+01 0.815E+00
      2       2      12      31      31      31       4 0.267E+00 0.297E+00 0.222E+00 0.236E+00 0.747E-02 0.187E-02 0.523E-02 0.131E-02
      2       2      12     509     509     509       4 0.198E+02 0.202E+02 0.115E+02 0.118E+02 0.255E+02 0.639E+01 0.230E+02 0.574E+01
      2       2      12      67      67      67       4 0.229E+00 0.250E+00 0.194E+00 0.205E+00 0.972E-01 0.243E-01 0.951E-01 0.238E-01
      2       2      12       7       7       7       4 0.262E-01 0.275E-01 0.143E-01 0.167E-01 0.171E-02 0.428E-03 0.135E-02 0.338E-03
      2       2       2     127     127     127       4 0.102E+01 0.105E+01 0.920E+00 0.947E+00 0.545E+00 0.136E+00 0.521E+00 0.130E+00
      2       2       2      17      17      17       4 0.177E-01 0.200E-01 0.629E-02 0.735E-02 0.989E-03 0.247E-03 0.820E-03 0.205E-03
      2       2       2     257     257     257       4 0.830E+01 0.835E+01 0.741E+01 0.756E+01 0.505E+01 0.126E+01 0.508E+01 0.127E+01
      2       2       2      31      31      31       4 0.118E+00 0.132E+00 0.949E-01 0.103E+00 0.439E-02 0.110E-02 0.391E-02 0.978E-03
      2       2       2     509     509     509       4 0.225E+02 0.226E+02 0.160E+02 0.163E+02 0.320E+02 0.799E+01 0.315E+02 0.788E+01
      2       2       2      67      67      67       4 0.223E+00 0.225E+00 0.201E+00 0.206E+00 0.665E-01 0.166E-01 0.651E-01 0.163E-01
      2       2       2       7       7       7       4 0.198E-01 0.216E-01 0.814E-02 0.830E-02 0.355E-03 0.887E-04 0.257E-03 0.642E-04
      2       2       4     127     127     127       4 0.942E+00 0.981E+00 0.904E+00 0.952E+00 0.484E+00 0.121E+00 0.478E+00 0.119E+00
      2       2       4      17      17      17       4 0.263E-01 0.291E-01 0.121E-01 0.124E-01 0.139E-02 0.348E-03 0.110E-02 0.276E-03
      2       2       4     257     257     257       4 0.672E+01 0.678E+01 0.607E+01 0.656E+01 0.402E+01 0.100E+01 0.400E+01 0.100E+01
      2       2       4      31      31      31       4 0.155E+00 0.163E+00 0.134E+00 0.141E+00 0.450E-02 0.113E-02 0.394E-02 0.986E-03
      2       2       4     509     509     509       4 0.265E+02 0.276E+02 0.185E+02 0.192E+02 0.271E+02 0.677E+01 0.282E+02 0.704E+01
      2       2       4      67      67      67       4 0.252E+00 0.254E+00 0.243E+00 0.248E+00 0.836E-01 0.209E-01 0.823E-01 0.206E-01
      2       2       4       7       7       7       4 0.247E-01 0.266E-01 0.128E-01 0.131E-01 0.759E-03 0.190E-03 0.616E-03 0.154E-03
      2       2       8     127     127     127       4 0.888E+00 0.899E+00 0.814E+00 0.861E+00 0.435E+00 0.109E+00 0.434E+00 0.108E+00
      2       2       8      17      17      17       4 0.329E-01 0.369E-01 0.179E-01 0.195E-01 0.191E-02 0.479E-03 0.134E-02 0.335E-03
      2       2       8     257     257     257       4 0.527E+01 0.533E+01 0.483E+01 0.493E+01 0.327E+01 0.817E+00 0.326E+01 0.816E+00
      2       2       8      31      31      31       4 0.171E+00 0.181E+00 0.148E+00 0.160E+00 0.464E-02 0.116E-02 0.365E-02 0.913E-03
      2       2       8     509     509     509       4 0.209E+02 0.210E+02 0.142E+02 0.143E+02 0.239E+02 0.598E+01 0.234E+02 0.586E+01
      2       2       8      67      67      67       4 0.225E+00 0.242E+00 0.189E+00 0.195E+00 0.861E-01 0.215E-01 0.855E-01 0.214E-01
      2       2       8       7       7       7       4 0.255E-01 0.273E-01 0.132E-01 0.133E-01 0.132E-02 0.329E-03 0.736E-03 0.184E-03
      2       4       1     127     127     127       4 0.393E+00 0.398E+00 0.357E+00 0.362E+00 0.206E+00 0.515E-01 0.194E+00 0.486E-01
      2       4       1     257     257     257       4 0.243E+01 0.246E+01 0.225E+01 0.226E+01 0.256E+01 0.641E+00 0.252E+01 0.630E+00
      2       4       1      31      31      31       4 0.589E-01 0.604E-01 0.510E-01 0.519E-01 0.260E-02 0.650E-03 0.241E-02 0.603E-03
      2       4       1     509     509     509       4 0.754E+01 0.764E+01 0.492E+01 0.501E+01 0.206E+02 0.516E+01 0.207E+02 0.519E+01
      2       4       1      67      67      67       4 0.103E+00 0.107E+00 0.836E-01 0.849E-01 0.349E-01 0.872E-02 0.331E-01 0.827E-02
      2       4       1       7       7       7       4 0.115E-01 0.140E-01 0.545E-02 0.548E-02 0.782E-04 0.196E-04 0.410E-04 0.103E-04
      2       4       2     127     127     127       4 0.655E+00 0.676E+00 0.640E+00 0.668E+00 0.263E+00 0.657E-01 0.253E+00 0.634E-01
      2       4       2     257     257     257       4 0.493E+01 0.509E+01 0.432E+01 0.442E+01 0.219E+01 0.547E+00 0.216E+01 0.540E+00
      2       4       2      31      31      31       4 0.982E-01 0.103E+00 0.857E-01 0.903E-01 0.339E-02 0.848E-03 0.297E-02 0.742E-03
      2       4       2     509     509     509       4 0.240E+02 0.240E+02 0.182E+02 0.184E+02 0.179E+02 0.446E+01 0.180E+02 0.451E+01
      2       4       2      67      67      67       4 0.161E+00 0.166E+00 0.121E+00 0.123E+00 0.466E-01 0.116E-01 0.402E-01 0.101E-01
      2       4       2       7       7       7       4 0.223E-01 0.251E-01 0.138E-01 0.153E-01 0.416E-03 0.104E-03 0.289E-03 0.722E-04
      2       4       4     127     127     127       4 0.600E+00 0.606E+00 0.516E+00 0.576E+00 0.244E+00 0.611E-01 0.253E+00 0.634E-01
      2       4       4     257     257     257       4 0.376E+01 0.388E+01 0.337E+01 0.415E+01 0.216E+01 0.539E+00 0.217E+01 0.544E+00
      2       4       4      31      31      31       4 0.118E+00 0.127E+00 0.101E+00 0.103E+00 0.417E-02 0.104E-02 0.334E-02 0.836E-03
      2       4       4     509     509     509       4 0.204E+02 0.206E+02 0.138E+02 0.139E+02 0.161E+02 0.403E+01 0.167E+02 0.417E+01
      2       4       4      67      67      67       4 0.177E+00 0.179E+00 0.145E+00 0.151E+00 0.484E-01 0.121E-01 0.453E-01 0.113E-01
      2       4       4       7       7       7       4 0.235E-01 0.249E-01 0.141E-01 0.144E-01 0.104E-02 0.261E-03 0.680E-03 0.170E-03
      2       8       1     127     127     127       4 0.311E+00 0.320E+00 0.257E+00 0.259E+00 0.114E+00 0.285E-01 0.103E+00 0.256E-01
      2       8       1     257     257     257       4 0.205E+01 0.207E+01 0.188E+01 0.188E+01 0.142E+01 0.354E+00 0.134E+01 0.336E+00
      2       8       1      31      31      31       4 0.587E-01 0.677E-01 0.498E-01 0.509E-01 0.137E-02 0.342E-03 0.118E-02 0.294E-03
      2       8       1       7       7       7       4 0.573E-02 0.749E-02 0.427E-02 0.430E-02 0.839E-04 0.210E-04 0.577E-04 0.144E-04
      2       8       2     127     127     127       4 0.574E+00 0.668E+00 0.507E+00 0.514E+00 0.146E+00 0.366E-01 0.143E+00 0.357E-01
      2       8       2     257     257     257       4 0.309E+01 0.309E+01 0.287E+01 0.288E+01 0.145E+01 0.362E+00 0.144E+01 0.361E+00
      2       8       2      31      31      31       4 0.101E+00 0.103E+00 0.911E-01 0.930E-01 0.235E-02 0.587E-03 0.200E-02 0.500E-03
      2       8       2       7       7       7       4 0.134E-01 0.152E-01 0.108E-01 0.114E-01 0.186E-03 0.464E-04 0.217E-03 0.542E-04
      3       1       1     127     127     127       4 0.954E-03 0.341E-02 0.000E+00 0.000E+00 0.385E+00 0.962E-01 0.394E+00 0.986E-01
      3       1       1      17      17      17       4 0.742E-03 0.289E-02 0.000E+00 0.000E+00 0.360E-03 0.900E-04 0.253E-03 0.632E-04
      3       1       1     257     257     257       4 0.106E-02 0.358E-02 0.238E-06 0.954E-06 0.495E+01 0.124E+01 0.485E+01 0.121E+01
      3       1       1      31      31      31       4 0.859E-03 0.336E-02 0.238E-06 0.954E-06 0.206E-02 0.515E-03 0.188E-02 0.469E-03
      3       1       1     509     509     509       4 0.995E-03 0.314E-02 0.000E+00 0.000E+00 0.343E+02 0.857E+01 0.329E+02 0.822E+01
      3       1       1      67      67      67       4 0.899E-03 0.343E-02 0.000E+00 0.000E+00 0.105E+00 0.262E-01 0.102E+00 0.256E-01
      3       1       1       7       7       7       4 0.841E-03 0.332E-02 0.000E+00 0.000E+00 0.127E-03 0.318E-04 0.322E-04 0.805E-05
      3       1      12     127     127     127       4 0.272E-02 0.103E-01 0.000E+00 0.000E+00 0.926E-01 0.232E-01 0.848E-01 0.212E-01
      3       1      12      17      17      17       4 0.416E-02 0.165E-01 0.000E+00 0.000E+00 0.456E-03 0.114E-03 0.184E-03 0.460E-04
      3       1      12     257     257     257       4 0.764E-03 0.229E-02 0.000E+00 0.000E+00 0.111E+01 0.278E+00 0.876E+00 0.219E+00
      3       1      12      31      31      31       4 0.415E-02 0.165E-01 0.000E+00 0.000E+00 0.108E-02 0.271E-03 0.701E-03 0.175E-03
      3       1      12     509     509     509       4 0.116E-02 0.374E-02 0.000E+00 0.000E+00 0.814E+01 0.203E+01 0.615E+01 0.154E+01
      3       1      12      67      67      67       4 0.272E-02 0.107E-01 0.000E+00 0.000E+00 0.169E-01 0.423E-02 0.144E-01 0.360E-02
      3       1      12       7       7       7       4 0.542E-02 0.216E-01 0.000E+00 0.000E+00 0.284E-03 0.709E-04 0.799E-04 0.200E-04
      3       1      16     127     127     127       4 0.922E-03 0.318E-02 0.238E-06 0.954E-06 0.838E-01 0.210E-01 0.753E-01 0.188E-01
      3       1      16      17      17      17       4 0.390E-02 0.155E-01 0.000E+00 0.000E+00 0.539E-03 0.135E-03 0.214E-03 0.535E-04
      3       1      16     257     257     257       4 0.713E-03 0.211E-02 0.000E+00 0.000E+00 0.101E+01 0.252E+00 0.755E+00 0.189E+00
      3       1      16      31      31      31       4 0.397E-02 0.158E-01 0.000E+00 0.000E+00 0.127E-02 0.318E-03 0.780E-03 0.195E-03
      3       1      16     509     509     509       4 0.106E-02 0.334E-02 0.238E-06 0.954E-06 0.743E+01 0.186E+01 0.528E+01 0.132E+01
      3       1      16      67      67      67       4 0.268E-02 0.106E-01 0.000E+00 0.000E+00 0.153E-01 0.381E-02 0.128E-01 0.319E-02
      3       1      16       7       7       7       4 0.342E-02 0.136E-01 0.000E+00 0.000E+00 0.308E-03 0.769E-04 0.137E-03 0.342E-04
      3       1       2     127     127     127       4 0.168E-02 0.629E-02 0.000E+00 0.000E+00 0.227E+00 0.569E-01 0.227E+00 0.567E-01
      3       1       2      17      17      17       4 0.713E-03 0.278E-02 0.000E+00 0.000E+00 0.365E-03 0.913E-04 0.215E-03 0.537E-04
      3       1       2     257     257     257       4 0.962E-03 0.318E-02 0.000E+00 0.000E+00 0.289E+01 0.722E+00 0.265E+01 0.663E+00
      3       1       2      31      31      31       4 0.330E-02 0.131E-01 0.000E+00 0.000E+00 0.159E-02 0.399E-03 0.128E-02 0.319E-03
      3       1       2     509     509     509       4 0.117E-02 0.378E-02 0.000E+00 0.000E+00 0.201E+02 0.502E+01 0.185E+02 0.463E+01
      3       1       2      67      67      67       4 0.167E-02 0.653E-02 0.000E+00 0.000E+00 0.575E-01 0.144E-01 0.561E-01 0.140E-01
      3       1       2       7       7       7       4 0.686E-03 0.269E-02 0.000E+00 0.000E+00 0.181E-03 0.452E-04 0.508E-04 0.127E-04
      3       1      24     127     127     127       4 0.106E-02 0.364E-02 0.000E+00 0.000E+00 0.957E-01 0.239E-01 0.849E-01 0.212E-01
      3       1      24      17      17      17       4 0.409E-02 0.163E-01 0.000E+00 0.000E+00 0.559E-02 0.140E-02 0.232E-03 0.581E-04
      3       1      24     257     257     257       4 0.765E-03 0.232E-02 0.000E+00 0.000E+00 0.107E+01 0.267E+00 0.833E+00 0.208E+00
      3       1      24      31      31      31       4 0.414E-02 0.165E-01 0.238E-06 0.954E-06 0.135E-02 0.338E-03 0.776E-03 0.194E-03
      3       1      24     509     509     509       4 0.117E-02 0.379E-02 0.000E+00 0.000E+00 0.724E+01 0.181E+01 0.501E+01 0.125E+01
      3       1      24      67      67      67       4 0.345E-02 0.136E-01 0.000E+00 0.000E+00 0.134E-01 0.334E-02 0.108E-01 0.269E-02
      3       1      24       7       7       7       4 0.383E-02 0.152E-01 0.000E+00 0.000E+00 0.343E-03 0.857E-04 0.186E-03 0.464E-04
      3       1       4     127     127     127       4 0.409E-02 0.159E-01 0.000E+00 0.000E+00 0.144E+00 0.360E-01 0.141E+00 0.352E-01
      3       1       4      17      17      17       4 0.432E-02 0.172E-01 0.000E+00 0.000E+00 0.419E-03 0.105E-03 0.207E-03 0.518E-04
      3       1       4     257     257     257       4 0.940E-03 0.305E-02 0.238E-06 0.954E-06 0.180E+01 0.449E+00 0.157E+01 0.392E+00
      3       1       4      31      31      31       4 0.398E-02 0.158E-01 0.000E+00 0.000E+00 0.150E-02 0.374E-03 0.122E-02 0.305E-03
      3       1       4     509     509     509       4 0.118E-02 0.381E-02 0.298E-06 0.119E-05 0.128E+02 0.321E+01 0.109E+02 0.274E+01
      3       1       4      67      67      67       4 0.450E-02 0.178E-01 0.000E+00 0.000E+00 0.341E-01 0.851E-02 0.307E-01 0.767E-02
      3       1       4       7       7       7       4 0.425E-02 0.169E-01 0.000E+00 0.000E+00 0.212E-03 0.530E-04 0.510E-04 0.128E-04
      3       1       8     127     127     127       4 0.118E-02 0.424E-02 0.238E-06 0.954E-06 0.105E+00 0.263E-01 0.978E-01 0.245E-01
      3       1       8      17      17      17       4 0.431E-02 0.172E-01 0.000E+00 0.000E+00 0.440E-03 0.110E-03 0.211E-03 0.528E-04
      3       1       8     257     257     257       4 0.965E-03 0.311E-02 0.000E+00 0.000E+00 0.128E+01 0.319E+00 0.103E+01 0.258E+00
      3       1       8      31      31      31       4 0.621E-02 0.247E-01 0.000E+00 0.000E+00 0.110E-02 0.274E-03 0.795E-03 0.199E-03
      3       1       8     509     509     509       4 0.116E-02 0.375E-02 0.238E-06 0.954E-06 0.926E+01 0.231E+01 0.722E+01 0.180E+01
      3       1       8      67      67      67       4 0.641E-02 0.254E-01 0.000E+00 0.000E+00 0.219E-01 0.547E-02 0.194E-01 0.485E-02
      3       1       8       7       7       7       4 0.650E-02 0.259E-01 0.000E+00 0.000E+00 0.283E-03 0.706E-04 0.913E-04 0.228E-04
      3      16       1     127     127     127       4 0.209E-01 0.828E-01 0.173E-05 0.215E-05 0.125E+00 0.311E-01 0.849E-01 0.212E-01
      3      16       1      17      17      17       4 0.178E-01 0.710E-01 0.399E-05 0.131E-04 0.147E-02 0.368E-03 0.457E-03 0.114E-03
      3      16       1     257     257     257       4 0.150E-01 0.592E-01 0.161E-05 0.215E-05 0.155E+01 0.388E+00 0.902E+00 0.225E+00
      3      16       1      31      31      31       4 0.215E-01 0.858E-01 0.119E-05 0.191E-05 0.316E-02 0.789E-03 0.129E-02 0.323E-03
      3      16       1      67      67      67       4 0.182E-01 0.724E-01 0.143E-05 0.191E-05 0.276E-01 0.690E-02 0.172E-01 0.430E-02
      3      16       1       7       7       7       4 0.345E-02 0.109E-01 0.203E-05 0.215E-05 0.134E-02 0.335E-03 0.754E-03 0.188E-03
      3       2       1     127     127     127       4 0.458E-02 0.179E-01 0.477E-06 0.954E-06 0.328E+00 0.819E-01 0.263E+00 0.658E-01
      3       2       1      17      17      17       4 0.471E-02 0.188E-01 0.775E-06 0.191E-05 0.577E-03 0.144E-03 0.343E-03 0.858E-04
      3       2       1     257     257     257       4 0.473E-02 0.183E-01 0.477E-06 0.954E-06 0.393E+01 0.983E+00 0.301E+01 0.753E+00
      3       2       1      31      31      31       4 0.445E-02 0.177E-01 0.119E-05 0.191E-05 0.247E-02 0.619E-03 0.187E-02 0.468E-03
      3       2       1     509     509     509       4 0.506E-02 0.194E-01 0.715E-06 0.954E-06 0.289E+02 0.723E+01 0.213E+02 0.533E+01
      3       2       1      67      67      67       4 0.429E-02 0.170E-01 0.536E-06 0.119E-05 0.672E-01 0.168E-01 0.603E-01 0.151E-01
      3       2       1       7       7       7       4 0.380E-02 0.151E-01 0.101E-05 0.119E-05 0.168E-03 0.420E-04 0.782E-04 0.196E-04
      3       2      12     127     127     127       4 0.411E-02 0.159E-01 0.775E-06 0.119E-05 0.182E+00 0.454E-01 0.104E+00 0.259E-01
      3       2      12      17      17      17       4 0.811E-02 0.323E-01 0.715E-06 0.954E-06 0.938E-03 0.234E-03 0.445E-03 0.111E-03
      3       2      12     257     257     257       4 0.424E-02 0.162E-01 0.477E-06 0.954E-06 0.194E+01 0.485E+00 0.101E+01 0.254E+00
      3       2      12      31      31      31       4 0.895E-02 0.357E-01 0.101E-05 0.119E-05 0.384E-02 0.959E-03 0.151E-02 0.376E-03
      3       2      12     509     509     509       4 0.424E-02 0.160E-01 0.715E-06 0.954E-06 0.148E+02 0.369E+01 0.720E+01 0.180E+01
      3       2      12      67      67      67       4 0.515E-02 0.203E-01 0.775E-06 0.119E-05 0.243E-01 0.607E-02 0.165E-01 0.414E-02
      3       2      12       7       7       7       4 0.918E-02 0.366E-01 0.954E-06 0.954E-06 0.410E-03 0.102E-03 0.161E-03 0.404E-04
      3       2       2     127     127     127       4 0.496E-02 0.194E-01 0.775E-06 0.119E-05 0.234E+00 0.586E-01 0.165E+00 0.412E-01
      3       2       2      17      17      17       4 0.839E-02 0.335E-01 0.477E-06 0.954E-06 0.682E-03 0.170E-03 0.362E-03 0.905E-04
      3       2       2     257     257     257       4 0.325E-02 0.123E-01 0.238E-06 0.954E-06 0.274E+01 0.684E+00 0.182E+01 0.454E+00
      3       2       2      31      31      31       4 0.579E-02 0.231E-01 0.715E-06 0.954E-06 0.238E-02 0.594E-03 0.165E-02 0.413E-03
      3       2       2     509     509     509       4 0.446E-02 0.169E-01 0.536E-06 0.119E-05 0.208E+02 0.521E+01 0.135E+02 0.338E+01
      3       2       2      67      67      67       4 0.508E-02 0.201E-01 0.775E-06 0.119E-05 0.429E-01 0.107E-01 0.362E-01 0.905E-02
      3       2       2       7       7       7       4 0.661E-02 0.264E-01 0.834E-06 0.119E-05 0.244E-03 0.611E-04 0.114E-03 0.285E-04
      3       2       4     127     127     127       4 0.452E-02 0.176E-01 0.715E-06 0.954E-06 0.193E+00 0.483E-01 0.120E+00 0.299E-01
      3       2       4      17      17      17       4 0.848E-02 0.338E-01 0.536E-06 0.119E-05 0.732E-03 0.183E-03 0.413E-03 0.103E-03
      3       2       4     257     257     257       4 0.384E-02 0.147E-01 0.000E+00 0.000E+00 0.218E+01 0.546E+00 0.139E+01 0.348E+00
      3       2       4      31      31      31       4 0.774E-02 0.308E-01 0.238E-06 0.954E-06 0.249E-02 0.623E-03 0.160E-02 0.399E-03
      3       2       4     509     509     509       4 0.609E-02 0.235E-01 0.238E-06 0.954E-06 0.169E+02 0.422E+01 0.969E+01 0.242E+01
      3       2       4      67      67      67       4 0.547E-02 0.217E-01 0.834E-06 0.119E-05 0.318E-01 0.794E-02 0.246E-01 0.616E-02
      3       2       4       7       7       7       4 0.583E-02 0.233E-01 0.536E-06 0.119E-05 0.315E-03 0.787E-04 0.154E-03 0.386E-04
      3       2       8     127     127     127       4 0.419E-02 0.163E-01 0.238E-06 0.954E-06 0.189E+00 0.473E-01 0.112E+00 0.281E-01
      3       2       8      17      17      17       4 0.844E-02 0.336E-01 0.954E-06 0.954E-06 0.831E-03 0.208E-03 0.432E-03 0.108E-03
      3       2       8     257     257     257       4 0.443E-02 0.170E-01 0.477E-06 0.954E-06 0.195E+01 0.488E+00 0.104E+01 0.260E+00
      3       2       8      31      31      31       4 0.696E-02 0.276E-01 0.775E-06 0.119E-05 0.243E-02 0.608E-03 0.149E-02 0.373E-03
      3       2       8     509     509     509       4 0.440E-02 0.166E-01 0.536E-06 0.119E-05 0.144E+02 0.359E+01 0.790E+01 0.198E+01
      3       2       8      67      67      67       4 0.436E-02 0.172E-01 0.477E-06 0.954E-06 0.272E-01 0.680E-02 0.201E-01 0.502E-02
      3       2       8       7       7       7       4 0.825E-02 0.330E-01 0.238E-06 0.954E-06 0.357E-03 0.892E-04 0.167E-03 0.418E-04
      3       4       1     127     127     127       4 0.105E-01 0.415E-01 0.775E-06 0.119E-05 0.224E+00 0.560E-01 0.152E+00 0.380E-01
      3       4       1      17      17      17       4 0.105E-01 0.418E-01 0.400E-02 0.160E-01 0.791E-03 0.198E-03 0.401E-03 0.100E-03
      3       4       1     257     257     257       4 0.102E-01 0.400E-01 0.137E-05 0.191E-05 0.245E+01 0.613E+00 0.176E+01 0.440E+00
      3       4       1      31      31      31       4 0.996E-02 0.397E-01 0.131E-05 0.191E-05 0.276E-02 0.690E-03 0.181E-02 0.452E-03
      3       4       1      67      67      67       4 0.101E-01 0.402E-01 0.800E-02 0.320E-01 0.408E-01 0.102E-01 0.336E-01 0.839E-02
      3       4       1       7       7       7       4 0.108E-01 0.429E-01 0.101E-05 0.119E-05 0.269E-03 0.672E-04 0.148E-03 0.371E-04
      3       4       2     127     127     127       4 0.480E-02 0.187E-01 0.125E-05 0.191E-05 0.195E+00 0.488E-01 0.120E+00 0.301E-01
      3       4       2      17      17      17       4 0.163E-01 0.651E-01 0.113E-05 0.119E-05 0.817E-03 0.204E-03 0.382E-03 0.955E-04
      3       4       2     257     257     257       4 0.119E-01 0.468E-01 0.715E-06 0.191E-05 0.188E+01 0.471E+00 0.124E+01 0.309E+00
      3       4       2      31      31      31       4 0.134E-01 0.535E-01 0.173E-05 0.215E-05 0.244E-02 0.610E-03 0.144E-02 0.360E-03
      3       4       2      67      67      67       4 0.985E-02 0.392E-01 0.477E-06 0.954E-06 0.287E-01 0.718E-02 0.229E-01 0.573E-02
      3       4       2       7       7       7       4 0.144E-01 0.576E-01 0.113E-05 0.119E-05 0.397E-03 0.993E-04 0.201E-03 0.503E-04
      3       4       4     127     127     127       4 0.106E-01 0.413E-01 0.125E-05 0.191E-05 0.171E+00 0.428E-01 0.952E-01 0.238E-01
      3       4       4      17      17      17       4 0.173E-01 0.692E-01 0.119E-05 0.191E-05 0.873E-03 0.218E-03 0.466E-03 0.117E-03
      3       4       4     257     257     257       4 0.152E-01 0.600E-01 0.119E-05 0.191E-05 0.170E+01 0.426E+00 0.968E+00 0.242E+00
      3       4       4      31      31      31       4 0.113E-01 0.451E-01 0.119E-05 0.191E-05 0.222E-02 0.555E-03 0.126E-02 0.314E-03
      3       4       4      67      67      67       4 0.128E-01 0.508E-01 0.125E-05 0.215E-05 0.249E-01 0.624E-02 0.187E-01 0.468E-02
      3       4       4       7       7       7       4 0.125E-01 0.500E-01 0.143E-05 0.191E-05 0.439E-03 0.110E-03 0.223E-03 0.557E-04
      3       8       1     127     127     127       4 0.184E-01 0.730E-01 0.143E-05 0.191E-05 0.147E+00 0.368E-01 0.108E+00 0.269E-01
      3       8       1      17      17      17       4 0.175E-01 0.698E-01 0.173E-05 0.215E-05 0.144E-02 0.359E-03 0.442E-03 0.111E-03
      3       8       1     257     257     257       4 0.195E-01 0.774E-01 0.149E-05 0.191E-05 0.179E+01 0.447E+00 0.119E+01 0.297E+00
      3       8       1      31      31      31       4 0.191E-01 0.757E-01 0.113E-05 0.119E-05 0.307E-02 0.767E-03 0.136E-02 0.340E-03
      3       8       1      67      67      67       4 0.205E-01 0.818E-01 0.302E-02 0.121E-01 0.297E-01 0.743E-02 0.230E-01 0.575E-02
      3       8       1       7       7       7       4 0.305E-02 0.104E-01 0.131E-05 0.215E-05 0.494E-03 0.123E-03 0.431E-03 0.108E-03
      3       8       2     127     127     127       4 0.766E-02 0.300E-01 0.149E-05 0.215E-05 0.137E+00 0.343E-01 0.957E-01 0.239E-01
      3       8       2      17      17      17       4 0.169E-01 0.675E-01 0.179E-05 0.215E-05 0.173E-02 0.432E-03 0.510E-03 0.127E-03
      3       8       2     257     257     257       4 0.770E-02 0.299E-01 0.125E-05 0.191E-05 0.156E+01 0.391E+00 0.939E+00 0.235E+00
      3       8       2      31      31      31       4 0.119E-01 0.475E-01 0.954E-06 0.954E-06 0.316E-02 0.790E-03 0.126E-02 0.316E-03
      3       8       2      67      67      67       4 0.227E-01 0.905E-01 0.149E-05 0.191E-05 0.231E-01 0.577E-02 0.159E-01 0.397E-02
      3       8       2       7       7       7       4 0.364E-02 0.127E-01 0.101E-05 0.119E-05 0.405E-03 0.101E-03 0.384E-03 0.960E-04
      4       1       1     127     127     127       4 0.000E+00 0.000E+00 0.000E+00 0.000E+00 0.000E+00 0.000E+00 0.000E+00 0.000E+00
      4       1       1      17      17      17       4 0.000E+00 0.000E+00 0.000E+00 0.000E+00 0.000E+00 0.000E+00 0.000E+00 0.000E+00
      4       1       1     257     257     257       4 0.000E+00 0.000E+00 0.000E+00 0.000E+00 0.000E+00 0.000E+00 0.000E+00 0.000E+00
      4       1       1      31      31      31       4 0.000E+00 0.000E+00 0.000E+00 0.000E+00 0.000E+00 0.000E+00 0.000E+00 0.000E+00
      4       1       1     509     509     509       4 0.000E+00 0.000E+00 0.000E+00 0.000E+00 0.000E+00 0.000E+00 0.000E+00 0.000E+00
      4       1       1      67      67      67       4 0.000E+00 0.000E+00 0.000E+00 0.000E+00 0.000E+00 0.000E+00 0.000E+00 0.000E+00
      4       1       1       7       7       7       4 0.000E+00 0.000E+00 0.000E+00 0.000E+00 0.000E+00 0.000E+00 0.000E+00 0.000E+00
      4       1      12     127     127     127       4 0.000E+00 0.000E+00 0.000E+00 0.000E+00 0.000E+00 0.000E+00 0.000E+00 0.000E+00
      4       1      12      17      17      17       4 0.000E+00 0.000E+00 0.000E+00 0.000E+00 0.000E+00 0.000E+00 0.000E+00 0.000E+00
      4       1      12     257     257     257       4 0.000E+00 0.000E+00 0.000E+00 0.000E+00 0.000E+00 0.000E+00 0.000E+00 0.000E+00
      4       1      12      31      31      31       4 0.000E+00 0.000E+00 0.000E+00 0.000E+00 0.000E+00 0.000E+00 0.000E+00 0.000E+00
      4       1      12     509     509     509       4 0.000E+00 0.000E+00 0.000E+00 0.000E+00 0.000E+00 0.000E+00 0.000E+00 0.000E+00
      4       1      12      67      67      67       4 0.000E+00 0.000E+00 0.000E+00 0.000E+00 0.000E+00 0.000E+00 0.000E+00 0.000E+00
      4       1      12       7       7       7       4 0.000E+00 0.000E+00 0.000E+00 0.000E+00 0.000E+00 0.000E+00 0.000E+00 0.000E+00
      4       1      16     127     127     127       4 0.000E+00 0.000E+00 0.000E+00 0.000E+00 0.000E+00 0.000E+00 0.000E+00 0.000E+00
      4       1      16      17      17      17       4 0.000E+00 0.000E+00 0.000E+00 0.000E+00 0.000E+00 0.000E+00 0.000E+00 0.000E+00
      4       1      16     257     257     257       4 0.000E+00 0.000E+00 0.000E+00 0.000E+00 0.000E+00 0.000E+00 0.000E+00 0.000E+00
      4       1      16      31      31      31       4 0.000E+00 0.000E+00 0.000E+00 0.000E+00 0.000E+00 0.000E+00 0.000E+00 0.000E+00
      4       1      16     509     509     509       4 0.000E+00 0.000E+00 0.000E+00 0.000E+00 0.000E+00 0.000E+00 0.000E+00 0.000E+00
      4       1      16      67      67      67       4 0.000E+00 0.000E+00 0.000E+00 0.000E+00 0.000E+00 0.000E+00 0.000E+00 0.000E+00
      4       1      16       7       7       7       4 0.000E+00 0.000E+00 0.000E+00 0.000E+00 0.000E+00 0.000E+00 0.000E+00 0.000E+00
      4       1       2     127     127     127       4 0.000E+00 0.000E+00 0.000E+00 0.000E+00 0.000E+00 0.000E+00 0.000E+00 0.000E+00
      4       1       2      17      17      17       4 0.000E+00 0.000E+00 0.000E+00 0.000E+00 0.000E+00 0.000E+00 0.000E+00 0.000E+00
      4       1       2     257     257     257       4 0.000E+00 0.000E+00 0.000E+00 0.000E+00 0.000E+00 0.000E+00 0.000E+00 0.000E+00
      4       1       2      31      31      31       4 0.000E+00 0.000E+00 0.000E+00 0.000E+00 0.000E+00 0.000E+00 0.000E+00 0.000E+00
      4       1       2     509     509     509       4 0.000E+00 0.000E+00 0.000E+00 0.000E+00 0.000E+00 0.000E+00 0.000E+00 0.000E+00
      4       1       2      67      67      67       4 0.000E+00 0.000E+00 0.000E+00 0.000E+00 0.000E+00 0.000E+00 0.000E+00 0.000E+00
      4       1       2       7       7       7       4 0.000E+00 0.000E+00 0.000E+00 0.000E+00 0.000E+00 0.000E+00 0.000E+00 0.000E+00
      4       1      24     127     127     127       4 0.000E+00 0.000E+00 0.000E+00 0.000E+00 0.000E+00 0.000E+00 0.000E+00 0.000E+00
      4       1      24      17      17      17       4 0.000E+00 0.000E+00 0.000E+00 0.000E+00 0.000E+00 0.000E+00 0.000E+00 0.000E+00
      4       1      24     257     257     257       4 0.000E+00 0.000E+00 0.000E+00 0.000E+00 0.000E+00 0.000E+00 0.000E+00 0.000E+00
      4       1      24      31      31      31       4 0.000E+00 0.000E+00 0.000E+00 0.000E+00 0.000E+00 0.000E+00 0.000E+00 0.000E+00
      4       1      24     509     509     509       4 0.000E+00 0.000E+00 0.000E+00 0.000E+00 0.000E+00 0.000E+00 0.000E+00 0.000E+00
      4       1      24      67      67      67       4 0.000E+00 0.000E+00 0.000E+00 0.000E+00 0.000E+00 0.000E+00 0.000E+00 0.000E+00
      4       1      24       7       7       7       4 0.000E+00 0.000E+00 0.000E+00 0.000E+00 0.000E+00 0.000E+00 0.000E+00 0.000E+00
      4       1       4     127     127     127       4 0.000E+00 0.000E+00 0.000E+00 0.000E+00 0.000E+00 0.000E+00 0.000E+00 0.000E+00
      4       1       4      17      17      17       4 0.000E+00 0.000E+00 0.000E+00 0.000E+00 0.000E+00 0.000E+00 0.000E+00 0.000E+00
      4       1       4     257     257     257       4 0.000E+00 0.000E+00 0.000E+00 0.000E+00 0.000E+00 0.000E+00 0.000E+00 0.000E+00
      4       1       4      31      31      31       4 0.000E+00 0.000E+00 0.000E+00 0.000E+00 0.000E+00 0.000E+00 0.000E+00 0.000E+00
      4       1       4     509     509     509       4 0.000E+00 0.000E+00 0.000E+00 0.000E+00 0.000E+00 0.000E+00 0.000E+00 0.000E+00
      4       1       4      67      67      67       4 0.000E+00 0.000E+00 0.000E+00 0.000E+00 0.000E+00 0.000E+00 0.000E+00 0.000E+00
      4       1       4       7       7       7       4 0.000E+00 0.000E+00 0.000E+00 0.000E+00 0.000E+00 0.000E+00 0.000E+00 0.000E+00
      4       1       8     127     127     127       4 0.000E+00 0.000E+00 0.000E+00 0.000E+00 0.000E+00 0.000E+00 0.000E+00 0.000E+00
      4       1       8      17      17      17       4 0.000E+00 0.000E+00 0.000E+00 0.000E+00 0.000E+00 0.000E+00 0.000E+00 0.000E+00
      4       1       8     257     257     257       4 0.000E+00 0.000E+00 0.000E+00 0.000E+00 0.000E+00 0.000E+00 0.000E+00 0.000E+00
      4       1       8      31      31      31       4 0.000E+00 0.000E+00 0.000E+00 0.000E+00 0.000E+00 0.000E+00 0.000E+00 0.000E+00
      4       1       8     509     509     509       4 0.000E+00 0.000E+00 0.000E+00 0.000E+00 0.000E+00 0.000E+00 0.000E+00 0.000E+00
      4       1       8      67      67      67       4 0.000E+00 0.000E+00 0.000E+00 0.000E+00 0.000E+00 0.000E+00 0.000E+00 0.000E+00
      4       1       8       7       7       7       4 0.000E+00 0.000E+00 0.000E+00 0.000E+00 0.000E+00 0.000E+00 0.000E+00 0.000E+00
      4      16       1     127     127     127       4 0.000E+00 0.000E+00 0.000E+00 0.000E+00 0.000E+00 0.000E+00 0.000E+00 0.000E+00
      4      16       1      17      17      17       4 0.000E+00 0.000E+00 0.000E+00 0.000E+00 0.000E+00 0.000E+00 0.000E+00 0.000E+00
      4      16       1     257     257     257       4 0.000E+00 0.000E+00 0.000E+00 0.000E+00 0.000E+00 0.000E+00 0.000E+00 0.000E+00
      4      16       1      31      31      31       4 0.000E+00 0.000E+00 0.000E+00 0.000E+00 0.000E+00 0.000E+00 0.000E+00 0.000E+00
      4      16       1      67      67      67       4 0.000E+00 0.000E+00 0.000E+00 0.000E+00 0.000E+00 0.000E+00 0.000E+00 0.000E+00
      4      16       1       7       7       7       4 0.000E+00 0.000E+00 0.000E+00 0.000E+00 0.000E+00 0.000E+00 0.000E+00 0.000E+00
      4       2       1     127     127     127       4 0.000E+00 0.000E+00 0.000E+00 0.000E+00 0.000E+00 0.000E+00 0.000E+00 0.000E+00
      4       2       1      17      17      17       4 0.000E+00 0.000E+00 0.000E+00 0.000E+00 0.000E+00 0.000E+00 0.000E+00 0.000E+00
      4       2       1     257     257     257       4 0.000E+00 0.000E+00 0.000E+00 0.000E+00 0.000E+00 0.000E+00 0.000E+00 0.000E+00
      4       2       1      31      31      31       4 0.000E+00 0.000E+00 0.000E+00 0.000E+00 0.000E+00 0.000E+00 0.000E+00 0.000E+00
      4       2       1     509     509     509       4 0.000E+00 0.000E+00 0.000E+00 0.000E+00 0.000E+00 0.000E+00 0.000E+00 0.000E+00
      4       2       1      67      67      67       4 0.000E+00 0.000E+00 0.000E+00 0.000E+00 0.000E+00 0.000E+00 0.000E+00 0.000E+00
      4       2       1       7       7       7       4 0.000E+00 0.000E+00 0.000E+00 0.000E+00 0.000E+00 0.000E+00 0.000E+00 0.000E+00
      4       2      12     127     127     127       4 0.000E+00 0.000E+00 0.000E+00 0.000E+00 0.000E+00 0.000E+00 0.000E+00 0.000E+00
      4       2      12      17      17      17       4 0.000E+00 0.000E+00 0.000E+00 0.000E+00 0.000E+00 0.000E+00 0.000E+00 0.000E+00
      4       2      12     257     257     257       4 0.000E+00 0.000E+00 0.000E+00 0.000E+00 0.000E+00 0.000E+00 0.000E+00 0.000E+00
      4       2      12      31      31      31       4 0.000E+00 0.000E+00 0.000E+00 0.000E+00 0.000E+00 0.000E+00 0.000E+00 0.000E+00
      4       2      12     509     509     509       4 0.000E+00 0.000E+00 0.000E+00 0.000E+00 0.000E+00 0.000E+00 0.000E+00 0.000E+00
      4       2      12      67      67      67       4 0.000E+00 0.000E+00 0.000E+00 0.000E+00 0.000E+00 0.000E+00 0.000E+00 0.000E+00
      4       2      12       7       7       7       4 0.000E+00 0.000E+00 0.000E+00 0.000E+00 0.000E+00 0.000E+00 0.000E+00 0.000E+00
      4       2       2     127     127     127       4 0.000E+00 0.000E+00 0.000E+00 0.000E+00 0.000E+00 0.000E+00 0.000E+00 0.000E+00
      4       2       2      17      17      17       4 0.000E+00 0.000E+00 0.000E+00 0.000E+00 0.000E+00 0.000E+00 0.000E+00 0.000E+00
      4       2       2     257     257     257       4 0.000E+00 0.000E+00 0.000E+00 0.000E+00 0.000E+00 0.000E+00 0.000E+00 0.000E+00
      4       2       2      31      31      31       4 0.000E+00 0.000E+00 0.000E+00 0.000E+00 0.000E+00 0.000E+00 0.000E+00 0.000E+00
      4       2       2     509     509     509       4 0.000E+00 0.000E+00 0.000E+00 0.000E+00 0.000E+00 0.000E+00 0.000E+00 0.000E+00
      4       2       2      67      67      67       4 0.000E+00 0.000E+00 0.000E+00 0.000E+00 0.000E+00 0.000E+00 0.000E+00 0.000E+00
      4       2       2       7       7       7       4 0.000E+00 0.000E+00 0.000E+00 0.000E+00 0.000E+00 0.000E+00 0.000E+00 0.000E+00
      4       2       4     127     127     127       4 0.000E+00 0.000E+00 0.000E+00 0.000E+00 0.000E+00 0.000E+00 0.000E+00 0.000E+00
      4       2       4      17      17      17       4 0.000E+00 0.000E+00 0.000E+00 0.000E+00 0.000E+00 0.000E+00 0.000E+00 0.000E+00
      4       2       4     257     257     257       4 0.000E+00 0.000E+00 0.000E+00 0.000E+00 0.000E+00 0.000E+00 0.000E+00 0.000E+00
      4       2       4      31      31      31       4 0.000E+00 0.000E+00 0.000E+00 0.000E+00 0.000E+00 0.000E+00 0.000E+00 0.000E+00
      4       2       4     509     509     509       4 0.000E+00 0.000E+00 0.000E+00 0.000E+00 0.000E+00 0.000E+00 0.000E+00 0.000E+00
      4       2       4      67      67      67       4 0.000E+00 0.000E+00 0.000E+00 0.000E+00 0.000E+00 0.000E+00 0.000E+00 0.000E+00
      4       2       4       7       7       7       4 0.000E+00 0.000E+00 0.000E+00 0.000E+00 0.000E+00 0.000E+00 0.000E+00 0.000E+00
      4       2       8     127     127     127       4 0.000E+00 0.000E+00 0.000E+00 0.000E+00 0.000E+00 0.000E+00 0.000E+00 0.000E+00
      4       2       8      17      17      17       4 0.000E+00 0.000E+00 0.000E+00 0.000E+00 0.000E+00 0.000E+00 0.000E+00 0.000E+00
      4       2       8     257     257     257       4 0.000E+00 0.000E+00 0.000E+00 0.000E+00 0.000E+00 0.000E+00 0.000E+00 0.000E+00
      4       2       8      31      31      31       4 0.000E+00 0.000E+00 0.000E+00 0.000E+00 0.000E+00 0.000E+00 0.000E+00 0.000E+00
      4       2       8     509     509     509       4 0.000E+00 0.000E+00 0.000E+00 0.000E+00 0.000E+00 0.000E+00 0.000E+00 0.000E+00
      4       2       8      67      67      67       4 0.000E+00 0.000E+00 0.000E+00 0.000E+00 0.000E+00 0.000E+00 0.000E+00 0.000E+00
      4       2       8       7       7       7       4 0.000E+00 0.000E+00 0.000E+00 0.000E+00 0.000E+00 0.000E+00 0.000E+00 0.000E+00
      4       4       1     127     127     127       4 0.000E+00 0.000E+00 0.000E+00 0.000E+00 0.000E+00 0.000E+00 0.000E+00 0.000E+00
      4       4       1      17      17      17       4 0.000E+00 0.000E+00 0.000E+00 0.000E+00 0.000E+00 0.000E+00 0.000E+00 0.000E+00
      4       4       1     257     257     257       4 0.000E+00 0.000E+00 0.000E+00 0.000E+00 0.000E+00 0.000E+00 0.000E+00 0.000E+00
      4       4       1      31      31      31       4 0.000E+00 0.000E+00 0.000E+00 0.000E+00 0.000E+00 0.000E+00 0.000E+00 0.000E+00
      4       4       1     509     509     509       4 0.000E+00 0.000E+00 0.000E+00 0.000E+00 0.000E+00 0.000E+00 0.000E+00 0.000E+00
      4       4       1      67      67      67       4 0.000E+00 0.000E+00 0.000E+00 0.000E+00 0.000E+00 0.000E+00 0.000E+00 0.000E+00
      4       4       1       7       7       7       4 0.000E+00 0.000E+00 0.000E+00 0.000E+00 0.000E+00 0.000E+00 0.000E+00 0.000E+00
      4       4       2     127     127     127       4 0.000E+00 0.000E+00 0.000E+00 0.000E+00 0.000E+00 0.000E+00 0.000E+00 0.000E+00
      4       4       2      17      17      17       4 0.000E+00 0.000E+00 0.000E+00 0.000E+00 0.000E+00 0.000E+00 0.000E+00 0.000E+00
      4       4       2     257     257     257       4 0.000E+00 0.000E+00 0.000E+00 0.000E+00 0.000E+00 0.000E+00 0.000E+00 0.000E+00
      4       4       2      31      31      31       4 0.000E+00 0.000E+00 0.000E+00 0.000E+00 0.000E+00 0.000E+00 0.000E+00 0.000E+00
      4       4       2     509     509     509       4 0.000E+00 0.000E+00 0.000E+00 0.000E+00 0.000E+00 0.000E+00 0.000E+00 0.000E+00
      4       4       2      67      67      67       4 0.000E+00 0.000E+00 0.000E+00 0.000E+00 0.000E+00 0.000E+00 0.000E+00 0.000E+00
      4       4       2       7       7       7       4 0.000E+00 0.000E+00 0.000E+00 0.000E+00 0.000E+00 0.000E+00 0.000E+00 0.000E+00
      4       4       4     127     127     127       4 0.000E+00 0.000E+00 0.000E+00 0.000E+00 0.000E+00 0.000E+00 0.000E+00 0.000E+00
      4       4       4      17      17      17       4 0.000E+00 0.000E+00 0.000E+00 0.000E+00 0.000E+00 0.000E+00 0.000E+00 0.000E+00
      4       4       4     257     257     257       4 0.000E+00 0.000E+00 0.000E+00 0.000E+00 0.000E+00 0.000E+00 0.000E+00 0.000E+00
      4       4       4      31      31      31       4 0.000E+00 0.000E+00 0.000E+00 0.000E+00 0.000E+00 0.000E+00 0.000E+00 0.000E+00
      4       4       4     509     509     509       4 0.000E+00 0.000E+00 0.000E+00 0.000E+00 0.000E+00 0.000E+00 0.000E+00 0.000E+00
      4       4       4      67      67      67       4 0.000E+00 0.000E+00 0.000E+00 0.000E+00 0.000E+00 0.000E+00 0.000E+00 0.000E+00
      4       4       4       7       7       7       4 0.000E+00 0.000E+00 0.000E+00 0.000E+00 0.000E+00 0.000E+00 0.000E+00 0.000E+00
      4       8       1     127     127     127       4 0.000E+00 0.000E+00 0.000E+00 0.000E+00 0.000E+00 0.000E+00 0.000E+00 0.000E+00
      4       8       1      17      17      17       4 0.000E+00 0.000E+00 0.000E+00 0.000E+00 0.000E+00 0.000E+00 0.000E+00 0.000E+00
      4       8       1     257     257     257       4 0.000E+00 0.000E+00 0.000E+00 0.000E+00 0.000E+00 0.000E+00 0.000E+00 0.000E+00
      4       8       1      31      31      31       4 0.000E+00 0.000E+00 0.000E+00 0.000E+00 0.000E+00 0.000E+00 0.000E+00 0.000E+00
      4       8       1      67      67      67       4 0.000E+00 0.000E+00 0.000E+00 0.000E+00 0.000E+00 0.000E+00 0.000E+00 0.000E+00
      4       8       1       7       7       7       4 0.000E+00 0.000E+00 0.000E+00 0.000E+00 0.000E+00 0.000E+00 0.000E+00 0.000E+00
      4       8       2     127     127     127       4 0.000E+00 0.000E+00 0.000E+00 0.000E+00 0.000E+00 0.000E+00 0.000E+00 0.000E+00
      4       8       2      17      17      17       4 0.000E+00 0.000E+00 0.000E+00 0.000E+00 0.000E+00 0.000E+00 0.000E+00 0.000E+00
      4       8       2     257     257     257       4 0.000E+00 0.000E+00 0.000E+00 0.000E+00 0.000E+00 0.000E+00 0.000E+00 0.000E+00
      4       8       2      31      31      31       4 0.000E+00 0.000E+00 0.000E+00 0.000E+00 0.000E+00 0.000E+00 0.000E+00 0.000E+00
      4       8       2      67      67      67       4 0.000E+00 0.000E+00 0.000E+00 0.000E+00 0.000E+00 0.000E+00 0.000E+00 0.000E+00
      4       8       2       7       7       7       4 0.000E+00 0.000E+00 0.000E+00 0.000E+00 0.000E+00 0.000E+00 0.000E+00 0.000E+00
