      2       1     127     127     127       4 0.442E+00 0.177E+01 0.418E+00 0.167E+01 0.486E+00 0.122E+00 0.489E+00 0.122E+00
      2       1      17      17      17       4 0.219E-02 0.864E-02 0.199E-02 0.785E-02 0.615E-03 0.154E-03 0.613E-03 0.153E-03
      2       1     257     257     257       4 0.261E+01 0.104E+02 0.261E+01 0.104E+02 0.550E+01 0.138E+01 0.556E+01 0.139E+01
      2       1      31      31      31       4 0.180E-01 0.720E-01 0.178E-01 0.711E-01 0.540E-02 0.135E-02 0.536E-02 0.134E-02
      2       1     509     509     509       4 0.495E+01 0.198E+02 0.492E+01 0.197E+02 0.358E+02 0.895E+01 0.359E+02 0.897E+01
      2       1      67      67      67       4 0.768E-01 0.307E+00 0.691E-01 0.276E+00 0.896E-01 0.224E-01 0.886E-01 0.222E-01
      2       1       7       7       7       4 0.180E-02 0.712E-02 0.156E-02 0.618E-02 0.668E-05 0.167E-05 0.691E-05 0.173E-05
      2      12     127     127     127       4 0.478E+00 0.190E+01 0.466E+00 0.186E+01 0.120E+00 0.300E-01 0.100E+00 0.251E-01
      2      12      17      17      17       4 0.113E-01 0.433E-01 0.108E-01 0.417E-01 0.378E-03 0.945E-04 0.321E-03 0.803E-04
      2      12     257     257     257       4 0.272E+01 0.109E+02 0.278E+01 0.111E+02 0.903E+00 0.226E+00 0.795E+00 0.199E+00
      2      12      31      31      31       4 0.572E-01 0.227E+00 0.566E-01 0.224E+00 0.139E-02 0.347E-03 0.135E-02 0.337E-03
      2      12     509     509     509       4 0.808E+01 0.323E+02 0.804E+01 0.321E+02 0.422E+01 0.106E+01 0.423E+01 0.106E+01
      2      12      67      67      67       4 0.123E+00 0.486E+00 0.115E+00 0.455E+00 0.228E-01 0.570E-02 0.236E-01 0.591E-02
      2      12       7       7       7       4 0.678E-02 0.263E-01 0.571E-02 0.220E-01 0.410E-03 0.103E-03 0.339E-03 0.847E-04
      2      16     127     127     127       4 0.471E+00 0.187E+01 0.437E+00 0.173E+01 0.847E-01 0.212E-01 0.730E-01 0.182E-01
      2      16      17      17      17       4 0.120E-01 0.460E-01 0.113E-01 0.434E-01 0.459E-03 0.115E-03 0.385E-03 0.962E-04
      2      16     257     257     257       4 0.252E+01 0.101E+02 0.252E+01 0.101E+02 0.842E+00 0.211E+00 0.662E+00 0.165E+00
      2      16      31      31      31       4 0.735E-01 0.292E+00 0.718E-01 0.286E+00 0.141E-02 0.352E-03 0.129E-02 0.321E-03
      2      16     509     509     509       4 0.747E+01 0.299E+02 0.729E+01 0.291E+02 0.328E+01 0.820E+00 0.356E+01 0.889E+00
      2      16      67      67      67       4 0.107E+00 0.418E+00 0.994E-01 0.386E+00 0.228E-01 0.569E-02 0.225E-01 0.564E-02
      2      16       7       7       7       4 0.776E-02 0.294E-01 0.517E-02 0.191E-01 0.519E-03 0.130E-03 0.370E-03 0.925E-04
      2       2     127     127     127       4 0.724E+00 0.290E+01 0.697E+00 0.278E+01 0.316E+00 0.789E-01 0.293E+00 0.732E-01
      2       2      17      17      17       4 0.737E-02 0.292E-01 0.714E-02 0.283E-01 0.448E-03 0.112E-03 0.444E-03 0.111E-03
      2       2     257     257     257       4 0.663E+01 0.265E+02 0.661E+01 0.265E+02 0.313E+01 0.782E+00 0.313E+01 0.782E+00
      2       2      31      31      31       4 0.421E-01 0.168E+00 0.414E-01 0.165E+00 0.353E-02 0.881E-03 0.364E-02 0.909E-03
      2       2     509     509     509       4 0.108E+02 0.432E+02 0.108E+02 0.433E+02 0.200E+02 0.500E+01 0.199E+02 0.497E+01
      2       2      67      67      67       4 0.135E+00 0.538E+00 0.133E+00 0.530E+00 0.528E-01 0.132E-01 0.537E-01 0.134E-01
      2       2       7       7       7       4 0.451E-02 0.179E-01 0.405E-02 0.161E-01 0.303E-04 0.757E-05 0.260E-04 0.650E-05
      2      24     127     127     127       4 0.478E+00 0.189E+01 0.456E+00 0.180E+01 0.684E-01 0.171E-01 0.693E-01 0.173E-01
      2      24      17      17      17       4 0.145E-01 0.539E-01 0.135E-01 0.498E-01 0.950E-03 0.237E-03 0.499E-03 0.125E-03
      2      24     257     257     257       4 0.259E+01 0.103E+02 0.246E+01 0.984E+01 0.655E+00 0.164E+00 0.605E+00 0.151E+00
      2      24      31      31      31       4 0.766E-01 0.303E+00 0.746E-01 0.292E+00 0.141E-02 0.352E-03 0.146E-02 0.364E-03
      2      24     509     509     509       4 0.626E+01 0.250E+02 0.624E+01 0.249E+02 0.311E+01 0.777E+00 0.351E+01 0.878E+00
      2      24      67      67      67       4 0.153E+00 0.584E+00 0.138E+00 0.534E+00 0.207E-01 0.518E-02 0.179E-01 0.448E-02
      2      24       7       7       7       4 0.586E-02 0.214E-01 0.536E-02 0.195E-01 0.248E-02 0.619E-03 0.483E-03 0.121E-03
      2       4     127     127     127       4 0.472E+00 0.189E+01 0.464E+00 0.185E+01 0.172E+00 0.431E-01 0.168E+00 0.420E-01
      2       4      17      17      17       4 0.665E-02 0.261E-01 0.645E-02 0.254E-01 0.403E-03 0.101E-03 0.392E-03 0.980E-04
      2       4     257     257     257       4 0.400E+01 0.160E+02 0.406E+01 0.162E+02 0.184E+01 0.460E+00 0.185E+01 0.461E+00
      2       4      31      31      31       4 0.382E-01 0.152E+00 0.381E-01 0.152E+00 0.166E-02 0.416E-03 0.163E-02 0.407E-03
      2       4     509     509     509       4 0.856E+01 0.343E+02 0.798E+01 0.319E+02 0.110E+02 0.275E+01 0.112E+02 0.280E+01
      2       4      67      67      67       4 0.116E+00 0.464E+00 0.124E+00 0.493E+00 0.362E-01 0.904E-02 0.368E-01 0.920E-02
      2       4       7       7       7       4 0.521E-02 0.205E-01 0.469E-02 0.184E-01 0.901E-04 0.225E-04 0.808E-04 0.202E-04
      2       8     127     127     127       4 0.414E+00 0.165E+01 0.387E+00 0.154E+01 0.838E-01 0.209E-01 0.759E-01 0.190E-01
      2       8      17      17      17       4 0.107E-01 0.416E-01 0.109E-01 0.427E-01 0.390E-03 0.975E-04 0.374E-03 0.936E-04
      2       8     257     257     257       4 0.309E+01 0.124E+02 0.313E+01 0.125E+02 0.971E+00 0.243E+00 0.920E+00 0.230E+00
      2       8      31      31      31       4 0.500E-01 0.199E+00 0.496E-01 0.197E+00 0.167E-02 0.418E-03 0.171E-02 0.426E-03
      2       8     509     509     509       4 0.796E+01 0.318E+02 0.803E+01 0.321E+02 0.581E+01 0.145E+01 0.591E+01 0.148E+01
      2       8      67      67      67       4 0.112E+00 0.444E+00 0.906E-01 0.358E+00 0.243E-01 0.607E-02 0.242E-01 0.604E-02
      2       8       7       7       7       4 0.595E-02 0.229E-01 0.551E-02 0.212E-01 0.526E-03 0.132E-03 0.315E-03 0.788E-04
      3       1     127     127     127       4 0.919E-03 0.341E-02 0.615E-04 0.739E-04 0.335E+00 0.837E-01 0.345E+00 0.862E-01
      3       1      17      17      17       4 0.909E-03 0.361E-02 0.674E-05 0.110E-04 0.464E-03 0.116E-03 0.393E-03 0.982E-04
      3       1     257     257     257       4 0.108E-02 0.385E-02 0.119E-03 0.146E-03 0.439E+01 0.110E+01 0.454E+01 0.113E+01
      3       1      31      31      31       4 0.919E-03 0.364E-02 0.870E-05 0.119E-04 0.374E-02 0.935E-03 0.370E-02 0.924E-03
      3       1     509     509     509       4 0.116E-02 0.402E-02 0.183E-03 0.234E-03 0.294E+02 0.734E+01 0.305E+02 0.763E+01
      3       1      67      67      67       4 0.871E-03 0.342E-02 0.122E-04 0.210E-04 0.101E+00 0.252E-01 0.101E+00 0.251E-01
      3       1       7       7       7       4 0.666E-03 0.266E-02 0.954E-06 0.286E-05 0.172E-04 0.429E-05 0.978E-05 0.244E-05
      3      12     127     127     127       4 0.965E-03 0.355E-02 0.677E-04 0.770E-04 0.356E-01 0.890E-02 0.359E-01 0.898E-02
      3      12      17      17      17       4 0.827E-02 0.331E-01 0.906E-05 0.141E-04 0.288E-03 0.720E-04 0.129E-03 0.322E-04
      3      12     257     257     257       4 0.717E-03 0.235E-02 0.159E-03 0.232E-03 0.480E+00 0.120E+00 0.473E+00 0.118E+00
      3      12      31      31      31       4 0.510E-02 0.204E-01 0.110E-04 0.150E-04 0.780E-03 0.195E-03 0.631E-03 0.158E-03
      3      12     509     509     509       4 0.107E-02 0.364E-02 0.187E-03 0.237E-03 0.305E+01 0.762E+00 0.317E+01 0.792E+00
      3      12      67      67      67       4 0.420E-02 0.168E-01 0.166E-04 0.212E-04 0.132E-01 0.329E-02 0.129E-01 0.323E-02
      3      12       7       7       7       4 0.427E-02 0.171E-01 0.107E-05 0.215E-05 0.231E-04 0.578E-05 0.112E-04 0.280E-05
      3      16     127     127     127       4 0.789E-03 0.285E-02 0.715E-04 0.851E-04 0.314E-01 0.785E-02 0.265E-01 0.663E-02
      3      16      17      17      17       4 0.522E-02 0.208E-01 0.864E-05 0.122E-04 0.294E-03 0.736E-04 0.159E-03 0.396E-04
      3      16     257     257     257       4 0.741E-03 0.246E-02 0.152E-03 0.234E-03 0.370E+00 0.926E-01 0.379E+00 0.947E-01
      3      16      31      31      31       4 0.425E-02 0.170E-01 0.162E-04 0.360E-04 0.694E-02 0.174E-02 0.582E-03 0.145E-03
      3      16     509     509     509       4 0.117E-02 0.406E-02 0.192E-03 0.246E-03 0.235E+01 0.587E+00 0.242E+01 0.606E+00
      3      16      67      67      67       4 0.377E-02 0.150E-01 0.165E-04 0.241E-04 0.106E-01 0.265E-02 0.139E-01 0.348E-02
      3      16       7       7       7       4 0.430E-02 0.172E-01 0.954E-06 0.191E-05 0.169E-04 0.423E-05 0.112E-04 0.280E-05
      3       2     127     127     127       4 0.165E-02 0.629E-02 0.730E-04 0.911E-04 0.177E+00 0.444E-01 0.183E+00 0.456E-01
      3       2      17      17      17       4 0.317E-02 0.126E-01 0.799E-05 0.110E-04 0.388E-03 0.970E-04 0.285E-03 0.712E-04
      3       2     257     257     257       4 0.943E-03 0.332E-02 0.120E-03 0.150E-03 0.227E+01 0.567E+00 0.235E+01 0.587E+00
      3       2      31      31      31       4 0.289E-02 0.115E-01 0.799E-05 0.131E-04 0.223E-02 0.557E-03 0.210E-02 0.525E-03
      3       2     509     509     509       4 0.118E-02 0.409E-02 0.187E-03 0.234E-03 0.154E+02 0.385E+01 0.160E+02 0.400E+01
      3       2      67      67      67       4 0.773E-03 0.303E-02 0.142E-04 0.219E-04 0.529E-01 0.132E-01 0.528E-01 0.132E-01
      3       2       7       7       7       4 0.362E-02 0.145E-01 0.131E-05 0.191E-05 0.172E-04 0.429E-05 0.119E-04 0.298E-05
      3      24     127     127     127       4 0.860E-03 0.313E-02 0.710E-04 0.830E-04 0.356E-01 0.890E-02 0.365E-01 0.913E-02
      3      24      17      17      17       4 0.408E-02 0.163E-01 0.948E-05 0.150E-04 0.341E-03 0.854E-04 0.107E-03 0.267E-04
      3      24     257     257     257       4 0.637E-03 0.204E-02 0.151E-03 0.236E-03 0.245E+00 0.612E-01 0.250E+00 0.624E-01
      3      24      31      31      31       4 0.287E-02 0.115E-01 0.106E-04 0.160E-04 0.741E-03 0.185E-03 0.506E-03 0.127E-03
      3      24     509     509     509       4 0.111E-02 0.368E-02 0.238E-03 0.243E-03 0.267E+01 0.668E+00 0.275E+01 0.688E+00
      3      24      67      67      67       4 0.122E-02 0.481E-02 0.139E-04 0.210E-04 0.659E-02 0.165E-02 0.626E-02 0.157E-02
      3      24       7       7       7       4 0.429E-02 0.172E-01 0.954E-06 0.191E-05 0.231E-04 0.578E-05 0.119E-04 0.298E-05
      3       4     127     127     127       4 0.792E-03 0.288E-02 0.620E-04 0.732E-04 0.895E-01 0.224E-01 0.925E-01 0.231E-01
      3       4      17      17      17       4 0.455E-02 0.182E-01 0.870E-05 0.119E-04 0.355E-03 0.888E-04 0.243E-03 0.607E-04
      3       4     257     257     257       4 0.849E-03 0.293E-02 0.138E-03 0.189E-03 0.119E+01 0.297E+00 0.123E+01 0.308E+00
      3       4      31      31      31       4 0.409E-02 0.163E-01 0.101E-04 0.141E-04 0.126E-02 0.315E-03 0.117E-02 0.292E-03
      3       4     509     509     509       4 0.121E-02 0.418E-02 0.187E-03 0.237E-03 0.803E+01 0.201E+01 0.841E+01 0.210E+01
      3       4      67      67      67       4 0.325E-02 0.130E-01 0.139E-04 0.210E-04 0.275E-01 0.689E-02 0.276E-01 0.690E-02
      3       4       7       7       7       4 0.564E-02 0.226E-01 0.101E-05 0.191E-05 0.193E-04 0.483E-05 0.906E-05 0.226E-05
      3       8     127     127     127       4 0.133E-02 0.496E-02 0.833E-04 0.124E-03 0.481E-01 0.120E-01 0.492E-01 0.123E-01
      3       8      17      17      17       4 0.611E-02 0.244E-01 0.900E-05 0.122E-04 0.291E-03 0.728E-04 0.158E-03 0.395E-04
      3       8     257     257     257       4 0.763E-03 0.255E-02 0.139E-03 0.157E-03 0.670E+00 0.167E+00 0.669E+00 0.167E+00
      3       8      31      31      31       4 0.434E-02 0.173E-01 0.924E-05 0.138E-04 0.104E-02 0.260E-03 0.913E-03 0.228E-03
      3       8     509     509     509       4 0.115E-02 0.393E-02 0.187E-03 0.237E-03 0.437E+01 0.109E+01 0.454E+01 0.113E+01
      3       8      67      67      67       4 0.168E-02 0.667E-02 0.142E-04 0.212E-04 0.162E-01 0.405E-02 0.155E-01 0.389E-02
      3       8       7       7       7       4 0.441E-02 0.176E-01 0.149E-05 0.405E-05 0.181E-04 0.453E-05 0.978E-05 0.244E-05
      4       1     127     127     127       4 0.000E+00 0.000E+00 0.000E+00 0.000E+00 0.000E+00 0.000E+00 0.000E+00 0.000E+00
      4       1      17      17      17       4 0.000E+00 0.000E+00 0.000E+00 0.000E+00 0.000E+00 0.000E+00 0.000E+00 0.000E+00
      4       1     257     257     257       4 0.000E+00 0.000E+00 0.000E+00 0.000E+00 0.000E+00 0.000E+00 0.000E+00 0.000E+00
      4       1      31      31      31       4 0.000E+00 0.000E+00 0.000E+00 0.000E+00 0.000E+00 0.000E+00 0.000E+00 0.000E+00
      4       1     509     509     509       4 0.000E+00 0.000E+00 0.000E+00 0.000E+00 0.000E+00 0.000E+00 0.000E+00 0.000E+00
      4       1      67      67      67       4 0.000E+00 0.000E+00 0.000E+00 0.000E+00 0.000E+00 0.000E+00 0.000E+00 0.000E+00
      4       1       7       7       7       4 0.000E+00 0.000E+00 0.000E+00 0.000E+00 0.000E+00 0.000E+00 0.000E+00 0.000E+00
      4      12     127     127     127       4 0.000E+00 0.000E+00 0.000E+00 0.000E+00 0.000E+00 0.000E+00 0.000E+00 0.000E+00
      4      12      17      17      17       4 0.000E+00 0.000E+00 0.000E+00 0.000E+00 0.000E+00 0.000E+00 0.000E+00 0.000E+00
      4      12     257     257     257       4 0.000E+00 0.000E+00 0.000E+00 0.000E+00 0.000E+00 0.000E+00 0.000E+00 0.000E+00
      4      12      31      31      31       4 0.000E+00 0.000E+00 0.000E+00 0.000E+00 0.000E+00 0.000E+00 0.000E+00 0.000E+00
      4      12     509     509     509       4 0.000E+00 0.000E+00 0.000E+00 0.000E+00 0.000E+00 0.000E+00 0.000E+00 0.000E+00
      4      12      67      67      67       4 0.000E+00 0.000E+00 0.000E+00 0.000E+00 0.000E+00 0.000E+00 0.000E+00 0.000E+00
      4      12       7       7       7       4 0.000E+00 0.000E+00 0.000E+00 0.000E+00 0.000E+00 0.000E+00 0.000E+00 0.000E+00
      4      16     127     127     127       4 0.000E+00 0.000E+00 0.000E+00 0.000E+00 0.000E+00 0.000E+00 0.000E+00 0.000E+00
      4      16      17      17      17       4 0.000E+00 0.000E+00 0.000E+00 0.000E+00 0.000E+00 0.000E+00 0.000E+00 0.000E+00
      4      16     257     257     257       4 0.000E+00 0.000E+00 0.000E+00 0.000E+00 0.000E+00 0.000E+00 0.000E+00 0.000E+00
      4      16      31      31      31       4 0.000E+00 0.000E+00 0.000E+00 0.000E+00 0.000E+00 0.000E+00 0.000E+00 0.000E+00
      4      16     509     509     509       4 0.000E+00 0.000E+00 0.000E+00 0.000E+00 0.000E+00 0.000E+00 0.000E+00 0.000E+00
      4      16      67      67      67       4 0.000E+00 0.000E+00 0.000E+00 0.000E+00 0.000E+00 0.000E+00 0.000E+00 0.000E+00
      4      16       7       7       7       4 0.000E+00 0.000E+00 0.000E+00 0.000E+00 0.000E+00 0.000E+00 0.000E+00 0.000E+00
      4       2     127     127     127       4 0.000E+00 0.000E+00 0.000E+00 0.000E+00 0.000E+00 0.000E+00 0.000E+00 0.000E+00
      4       2      17      17      17       4 0.000E+00 0.000E+00 0.000E+00 0.000E+00 0.000E+00 0.000E+00 0.000E+00 0.000E+00
      4       2     257     257     257       4 0.000E+00 0.000E+00 0.000E+00 0.000E+00 0.000E+00 0.000E+00 0.000E+00 0.000E+00
      4       2      31      31      31       4 0.000E+00 0.000E+00 0.000E+00 0.000E+00 0.000E+00 0.000E+00 0.000E+00 0.000E+00
      4       2     509     509     509       4 0.000E+00 0.000E+00 0.000E+00 0.000E+00 0.000E+00 0.000E+00 0.000E+00 0.000E+00
      4       2      67      67      67       4 0.000E+00 0.000E+00 0.000E+00 0.000E+00 0.000E+00 0.000E+00 0.000E+00 0.000E+00
      4       2       7       7       7       4 0.000E+00 0.000E+00 0.000E+00 0.000E+00 0.000E+00 0.000E+00 0.000E+00 0.000E+00
      4      24     127     127     127       4 0.000E+00 0.000E+00 0.000E+00 0.000E+00 0.000E+00 0.000E+00 0.000E+00 0.000E+00
      4      24      17      17      17       4 0.000E+00 0.000E+00 0.000E+00 0.000E+00 0.000E+00 0.000E+00 0.000E+00 0.000E+00
      4      24     257     257     257       4 0.000E+00 0.000E+00 0.000E+00 0.000E+00 0.000E+00 0.000E+00 0.000E+00 0.000E+00
      4      24      31      31      31       4 0.000E+00 0.000E+00 0.000E+00 0.000E+00 0.000E+00 0.000E+00 0.000E+00 0.000E+00
      4      24     509     509     509       4 0.000E+00 0.000E+00 0.000E+00 0.000E+00 0.000E+00 0.000E+00 0.000E+00 0.000E+00
      4      24      67      67      67       4 0.000E+00 0.000E+00 0.000E+00 0.000E+00 0.000E+00 0.000E+00 0.000E+00 0.000E+00
      4      24       7       7       7       4 0.000E+00 0.000E+00 0.000E+00 0.000E+00 0.000E+00 0.000E+00 0.000E+00 0.000E+00
      4       4     127     127     127       4 0.000E+00 0.000E+00 0.000E+00 0.000E+00 0.000E+00 0.000E+00 0.000E+00 0.000E+00
      4       4      17      17      17       4 0.000E+00 0.000E+00 0.000E+00 0.000E+00 0.000E+00 0.000E+00 0.000E+00 0.000E+00
      4       4     257     257     257       4 0.000E+00 0.000E+00 0.000E+00 0.000E+00 0.000E+00 0.000E+00 0.000E+00 0.000E+00
      4       4      31      31      31       4 0.000E+00 0.000E+00 0.000E+00 0.000E+00 0.000E+00 0.000E+00 0.000E+00 0.000E+00
      4       4     509     509     509       4 0.000E+00 0.000E+00 0.000E+00 0.000E+00 0.000E+00 0.000E+00 0.000E+00 0.000E+00
      4       4      67      67      67       4 0.000E+00 0.000E+00 0.000E+00 0.000E+00 0.000E+00 0.000E+00 0.000E+00 0.000E+00
      4       4       7       7       7       4 0.000E+00 0.000E+00 0.000E+00 0.000E+00 0.000E+00 0.000E+00 0.000E+00 0.000E+00
      4       8     127     127     127       4 0.000E+00 0.000E+00 0.000E+00 0.000E+00 0.000E+00 0.000E+00 0.000E+00 0.000E+00
      4       8      17      17      17       4 0.000E+00 0.000E+00 0.000E+00 0.000E+00 0.000E+00 0.000E+00 0.000E+00 0.000E+00
      4       8     257     257     257       4 0.000E+00 0.000E+00 0.000E+00 0.000E+00 0.000E+00 0.000E+00 0.000E+00 0.000E+00
      4       8      31      31      31       4 0.000E+00 0.000E+00 0.000E+00 0.000E+00 0.000E+00 0.000E+00 0.000E+00 0.000E+00
      4       8     509     509     509       4 0.000E+00 0.000E+00 0.000E+00 0.000E+00 0.000E+00 0.000E+00 0.000E+00 0.000E+00
      4       8      67      67      67       4 0.000E+00 0.000E+00 0.000E+00 0.000E+00 0.000E+00 0.000E+00 0.000E+00 0.000E+00
      4       8       7       7       7       4 0.000E+00 0.000E+00 0.000E+00 0.000E+00 0.000E+00 0.000E+00 0.000E+00 0.000E+00
