res3dtp4=[            2       1     127     127     127       4 0.278E+00 0.111E+01 0.279E+00 0.112E+01 0.599E+00 0.150E+00 0.610E+00 0.152E+00
      2       1      17      17      17       4 0.130E-02 0.506E-02 0.123E-02 0.485E-02 0.225E-03 0.563E-04 0.246E-03 0.615E-04
      2       1     257     257     257       4 0.184E+01 0.735E+01 0.205E+01 0.821E+01 0.732E+01 0.183E+01 0.725E+01 0.181E+01
      2       1      31      31      31       4 0.306E-02 0.121E-01 0.304E-02 0.121E-01 0.216E-02 0.540E-03 0.213E-02 0.532E-03
      2       1     509     509     509       4 0.606E+01 0.242E+02 0.570E+01 0.228E+02 0.747E+02 0.187E+02 0.724E+02 0.181E+02
      2       1      67      67      67       4 0.238E-01 0.950E-01 0.228E-01 0.910E-01 0.411E-01 0.103E-01 0.395E-01 0.987E-02
      2       1       7       7       7       4 0.106E-02 0.414E-02 0.104E-02 0.408E-02 0.596E-05 0.149E-05 0.691E-05 0.173E-05
      2      12     127     127     127       4 0.278E+00 0.111E+01 0.269E+00 0.107E+01 0.776E-01 0.194E-01 0.675E-01 0.169E-01
      2      12      17      17      17       4 0.880E-02 0.335E-01 0.914E-02 0.350E-01 0.271E-03 0.678E-04 0.220E-03 0.551E-04
      2      12     257     257     257       4 0.192E+01 0.764E+01 0.185E+01 0.737E+01 0.109E+01 0.274E+00 0.986E+00 0.246E+00
      2      12      31      31      31       4 0.177E-01 0.685E-01 0.223E-01 0.874E-01 0.788E-03 0.197E-03 0.868E-03 0.217E-03
      2      12     509     509     509       4 0.775E+01 0.310E+02 0.729E+01 0.291E+02 0.814E+01 0.204E+01 0.810E+01 0.203E+01
      2      12      67      67      67       4 0.501E-01 0.199E+00 0.519E-01 0.206E+00 0.782E-02 0.196E-02 0.777E-02 0.194E-02
      2      12       7       7       7       4 0.682E-02 0.267E-01 0.638E-02 0.250E-01 0.190E-03 0.475E-04 0.135E-03 0.337E-04
      2      16     127     127     127       4 0.264E+00 0.105E+01 0.290E+00 0.116E+01 0.675E-01 0.169E-01 0.649E-01 0.162E-01
      2      16      17      17      17       4 0.909E-02 0.345E-01 0.944E-02 0.361E-01 0.324E-03 0.810E-04 0.260E-03 0.649E-04
      2      16     257     257     257       4 0.166E+01 0.661E+01 0.175E+01 0.696E+01 0.100E+01 0.251E+00 0.859E+00 0.215E+00
      2      16      31      31      31       4 0.152E-01 0.592E-01 0.173E-01 0.677E-01 0.726E-03 0.182E-03 0.649E-03 0.162E-03
      2      16     509     509     509       4 0.632E+01 0.253E+02 0.641E+01 0.256E+02 0.793E+01 0.198E+01 0.728E+01 0.182E+01
      2      16      67      67      67       4 0.554E-01 0.218E+00 0.608E-01 0.241E+00 0.728E-02 0.182E-02 0.754E-02 0.189E-02
      2      16       7       7       7       4 0.545E-02 0.205E-01 0.482E-02 0.179E-01 0.295E-03 0.739E-04 0.298E-03 0.744E-04
      2       2     127     127     127       4 0.506E+00 0.202E+01 0.437E+00 0.175E+01 0.358E+00 0.894E-01 0.390E+00 0.975E-01
      2       2      17      17      17       4 0.438E-02 0.172E-01 0.392E-02 0.155E-01 0.170E-03 0.424E-04 0.188E-03 0.470E-04
      2       2     257     257     257       4 0.406E+01 0.163E+02 0.419E+01 0.168E+02 0.390E+01 0.974E+00 0.389E+01 0.973E+00
      2       2      31      31      31       4 0.944E-02 0.373E-01 0.810E-02 0.321E-01 0.141E-02 0.352E-03 0.141E-02 0.353E-03
      2       2     509     509     509       4 0.789E+01 0.316E+02 0.738E+01 0.295E+02 0.397E+02 0.993E+01 0.376E+02 0.940E+01
      2       2      67      67      67       4 0.566E-01 0.226E+00 0.592E-01 0.237E+00 0.254E-01 0.634E-02 0.233E-01 0.583E-02
      2       2       7       7       7       4 0.277E-02 0.109E-01 0.253E-02 0.100E-01 0.477E-04 0.119E-04 0.429E-04 0.107E-04
      2      24     127     127     127       4 0.245E+00 0.976E+00 0.315E+00 0.126E+01 0.609E-01 0.152E-01 0.548E-01 0.137E-01
      2      24      17      17      17       4 0.136E-01 0.500E-01 0.136E-01 0.503E-01 0.796E-03 0.199E-03 0.515E-03 0.129E-03
      2      24     257     257     257       4 0.150E+01 0.595E+01 0.151E+01 0.598E+01 0.726E+00 0.182E+00 0.585E+00 0.146E+00
      2      24      31      31      31       4 0.174E-01 0.667E-01 0.206E-01 0.796E-01 0.123E-02 0.308E-03 0.116E-02 0.291E-03
      2      24     509     509     509       4 0.611E+01 0.244E+02 0.575E+01 0.230E+02 0.463E+01 0.116E+01 0.429E+01 0.107E+01
      2      24      67      67      67       4 0.578E-01 0.222E+00 0.943E-01 0.369E+00 0.851E-02 0.213E-02 0.701E-02 0.175E-02
      2      24       7       7       7       4 0.627E-02 0.224E-01 0.669E-02 0.241E-01 0.385E-03 0.962E-04 0.285E-03 0.712E-04
      2       4     127     127     127       4 0.394E+00 0.157E+01 0.375E+00 0.150E+01 0.186E+00 0.466E-01 0.201E+00 0.503E-01
      2       4      17      17      17       4 0.623E-02 0.244E-01 0.619E-02 0.244E-01 0.169E-03 0.422E-04 0.177E-03 0.443E-04
      2       4     257     257     257       4 0.349E+01 0.139E+02 0.343E+01 0.137E+02 0.217E+01 0.543E+00 0.209E+01 0.523E+00
      2       4      31      31      31       4 0.116E-01 0.460E-01 0.115E-01 0.455E-01 0.834E-03 0.208E-03 0.793E-03 0.198E-03
      2       4     509     509     509       4 0.844E+01 0.338E+02 0.838E+01 0.335E+02 0.210E+02 0.525E+01 0.200E+02 0.499E+01
      2       4      67      67      67       4 0.659E-01 0.263E+00 0.686E-01 0.274E+00 0.178E-01 0.444E-02 0.179E-01 0.448E-02
      2       4       7       7       7       4 0.359E-02 0.140E-01 0.343E-02 0.134E-01 0.970E-04 0.243E-04 0.901E-04 0.225E-04
      2       8     127     127     127       4 0.301E+00 0.120E+01 0.292E+00 0.117E+01 0.104E+00 0.261E-01 0.103E+00 0.257E-01
      2       8      17      17      17       4 0.935E-02 0.362E-01 0.101E-01 0.394E-01 0.260E-03 0.649E-04 0.239E-03 0.597E-04
      2       8     257     257     257       4 0.229E+01 0.915E+01 0.225E+01 0.898E+01 0.128E+01 0.320E+00 0.126E+01 0.314E+00
      2       8      31      31      31       4 0.107E-01 0.417E-01 0.131E-01 0.519E-01 0.806E-03 0.202E-03 0.741E-03 0.185E-03
      2       8     509     509     509       4 0.619E+01 0.247E+02 0.620E+01 0.248E+02 0.125E+02 0.312E+01 0.118E+02 0.294E+01
      2       8      67      67      67       4 0.404E-01 0.160E+00 0.496E-01 0.197E+00 0.114E-01 0.286E-02 0.115E-01 0.289E-02
      2       8       7       7       7       4 0.542E-02 0.211E-01 0.590E-02 0.231E-01 0.120E-03 0.300E-04 0.112E-03 0.280E-04
      3       1     127     127     127       4 0.805E-03 0.298E-02 0.493E-04 0.639E-04 0.227E+00 0.567E-01 0.253E+00 0.632E-01
      3       1      17      17      17       4 0.687E-03 0.273E-02 0.602E-05 0.906E-05 0.338E-03 0.845E-04 0.335E-03 0.837E-04
      3       1     257     257     257       4 0.100E-02 0.362E-02 0.113E-03 0.159E-03 0.306E+01 0.764E+00 0.330E+01 0.826E+00
      3       1      31      31      31       4 0.828E-03 0.328E-02 0.751E-05 0.122E-04 0.288E-02 0.721E-03 0.297E-02 0.743E-03
      3       1     509     509     509       4 0.102E-02 0.356E-02 0.158E-03 0.216E-03 0.207E+02 0.516E+01 0.227E+02 0.566E+01
      3       1      67      67      67       4 0.833E-03 0.329E-02 0.107E-04 0.169E-04 0.652E-01 0.163E-01 0.666E-01 0.166E-01
      3       1       7       7       7       4 0.716E-03 0.286E-02 0.149E-05 0.405E-05 0.215E-04 0.536E-05 0.787E-05 0.197E-05
      3      12     127     127     127       4 0.694E-03 0.242E-02 0.842E-04 0.131E-03 0.244E-01 0.610E-02 0.259E-01 0.647E-02
      3      12      17      17      17       4 0.419E-02 0.167E-01 0.763E-05 0.978E-05 0.387E-03 0.967E-04 0.234E-03 0.585E-04
      3      12     257     257     257       4 0.645E-03 0.214E-02 0.126E-03 0.170E-03 0.309E+00 0.772E-01 0.378E+00 0.946E-01
      3      12      31      31      31       4 0.415E-02 0.165E-01 0.983E-05 0.131E-04 0.710E-03 0.178E-03 0.716E-03 0.179E-03
      3      12     509     509     509       4 0.108E-02 0.359E-02 0.215E-03 0.228E-03 0.210E+01 0.524E+00 0.274E+01 0.686E+00
      3      12      67      67      67       4 0.158E-02 0.623E-02 0.228E-04 0.339E-04 0.778E-02 0.194E-02 0.801E-02 0.200E-02
      3      12       7       7       7       4 0.449E-02 0.180E-01 0.125E-05 0.310E-05 0.238E-04 0.596E-05 0.691E-05 0.173E-05
      3      16     127     127     127       4 0.165E-02 0.630E-02 0.598E-04 0.761E-04 0.218E-01 0.545E-02 0.196E-01 0.489E-02
      3      16      17      17      17       4 0.226E-02 0.902E-02 0.769E-05 0.110E-04 0.407E-03 0.102E-03 0.219E-03 0.548E-04
      3      16     257     257     257       4 0.704E-03 0.237E-02 0.140E-03 0.213E-03 0.244E+00 0.609E-01 0.310E+00 0.775E-01
      3      16      31      31      31       4 0.427E-02 0.171E-01 0.918E-05 0.119E-04 0.863E-03 0.216E-03 0.832E-03 0.208E-03
      3      16     509     509     509       4 0.103E-02 0.355E-02 0.165E-03 0.215E-03 0.157E+01 0.392E+00 0.215E+01 0.537E+00
      3      16      67      67      67       4 0.757E-03 0.297E-02 0.158E-04 0.210E-04 0.659E-02 0.165E-02 0.705E-02 0.176E-02
      3      16       7       7       7       4 0.431E-02 0.172E-01 0.954E-06 0.286E-05 0.219E-04 0.548E-05 0.787E-05 0.197E-05
      3       2     127     127     127       4 0.107E-02 0.402E-02 0.668E-04 0.911E-04 0.117E+00 0.292E-01 0.124E+00 0.309E-01
      3       2      17      17      17       4 0.339E-02 0.135E-01 0.596E-05 0.882E-05 0.298E-03 0.745E-04 0.228E-03 0.570E-04
      3       2     257     257     257       4 0.866E-03 0.306E-02 0.107E-03 0.133E-03 0.155E+01 0.388E+00 0.174E+01 0.434E+00
      3       2      31      31      31       4 0.335E-02 0.134E-01 0.727E-05 0.110E-04 0.166E-02 0.414E-03 0.164E-02 0.411E-03
      3       2     509     509     509       4 0.114E-02 0.401E-02 0.163E-03 0.216E-03 0.105E+02 0.263E+01 0.120E+02 0.301E+01
      3       2      67      67      67       4 0.126E-02 0.498E-02 0.120E-04 0.179E-04 0.342E-01 0.854E-02 0.351E-01 0.878E-02
      3       2       7       7       7       4 0.651E-03 0.260E-02 0.775E-06 0.310E-05 0.210E-04 0.525E-05 0.691E-05 0.173E-05
      3      24     127     127     127       4 0.783E-03 0.272E-02 0.100E-03 0.171E-03 0.144E-01 0.359E-02 0.153E-01 0.382E-02
      3      24      17      17      17       4 0.532E-02 0.213E-01 0.823E-05 0.110E-04 0.421E-03 0.105E-03 0.235E-03 0.588E-04
      3      24     257     257     257       4 0.515E-03 0.163E-02 0.121E-03 0.154E-03 0.292E+00 0.731E-01 0.365E+00 0.913E-01
      3      24      31      31      31       4 0.428E-02 0.171E-01 0.936E-05 0.131E-04 0.742E-03 0.185E-03 0.698E-03 0.175E-03
      3      24     509     509     509       4 0.118E-02 0.399E-02 0.216E-03 0.232E-03 0.117E+01 0.293E+00 0.165E+01 0.413E+00
      3      24      67      67      67       4 0.374E-02 0.149E-01 0.158E-04 0.200E-04 0.663E-02 0.166E-02 0.577E-02 0.144E-02
      3      24       7       7       7       4 0.419E-02 0.168E-01 0.125E-05 0.310E-05 0.257E-04 0.644E-05 0.787E-05 0.197E-05
      3       4     127     127     127       4 0.361E-02 0.142E-01 0.735E-04 0.102E-03 0.622E-01 0.156E-01 0.667E-01 0.167E-01
      3       4      17      17      17       4 0.422E-02 0.168E-01 0.745E-05 0.100E-04 0.369E-03 0.923E-04 0.274E-03 0.685E-04
      3       4     257     257     257       4 0.806E-03 0.282E-02 0.118E-03 0.170E-03 0.811E+00 0.203E+00 0.923E+00 0.231E+00
      3       4      31      31      31       4 0.546E-02 0.218E-01 0.972E-05 0.129E-04 0.139E-02 0.346E-03 0.129E-02 0.323E-03
      3       4     509     509     509       4 0.105E-02 0.364E-02 0.162E-03 0.212E-03 0.551E+01 0.138E+01 0.646E+01 0.161E+01
      3       4      67      67      67       4 0.156E-02 0.619E-02 0.139E-04 0.160E-04 0.191E-01 0.477E-02 0.192E-01 0.479E-02
      3       4       7       7       7       4 0.657E-02 0.263E-01 0.149E-05 0.310E-05 0.210E-04 0.525E-05 0.691E-05 0.173E-05
      3       8     127     127     127       4 0.263E-02 0.102E-01 0.557E-04 0.699E-04 0.338E-01 0.845E-02 0.352E-01 0.881E-02
      3       8      17      17      17       4 0.640E-02 0.256E-01 0.781E-05 0.112E-04 0.314E-03 0.785E-04 0.201E-03 0.502E-04
      3       8     257     257     257       4 0.776E-03 0.254E-02 0.152E-03 0.195E-03 0.444E+00 0.111E+00 0.524E+00 0.131E+00
      3       8      31      31      31       4 0.435E-02 0.174E-01 0.128E-04 0.160E-04 0.885E-03 0.221E-03 0.856E-03 0.214E-03
      3       8     509     509     509       4 0.106E-02 0.368E-02 0.165E-03 0.213E-03 0.294E+01 0.736E+00 0.359E+01 0.899E+00
      3       8      67      67      67       4 0.571E-02 0.228E-01 0.142E-04 0.188E-04 0.101E-01 0.253E-02 0.107E-01 0.267E-02
      3       8       7       7       7       4 0.445E-02 0.178E-01 0.149E-05 0.405E-05 0.217E-04 0.542E-05 0.739E-05 0.185E-05
      4       1     127     127     127       4 0.000E+00 0.000E+00 0.000E+00 0.000E+00 0.000E+00 0.000E+00 0.000E+00 0.000E+00
      4       1      17      17      17       4 0.000E+00 0.000E+00 0.000E+00 0.000E+00 0.000E+00 0.000E+00 0.000E+00 0.000E+00
      4       1     257     257     257       4 0.000E+00 0.000E+00 0.000E+00 0.000E+00 0.000E+00 0.000E+00 0.000E+00 0.000E+00
      4       1      31      31      31       4 0.000E+00 0.000E+00 0.000E+00 0.000E+00 0.000E+00 0.000E+00 0.000E+00 0.000E+00
      4       1     509     509     509       4 0.000E+00 0.000E+00 0.000E+00 0.000E+00 0.000E+00 0.000E+00 0.000E+00 0.000E+00
      4       1      67      67      67       4 0.000E+00 0.000E+00 0.000E+00 0.000E+00 0.000E+00 0.000E+00 0.000E+00 0.000E+00
      4       1       7       7       7       4 0.000E+00 0.000E+00 0.000E+00 0.000E+00 0.000E+00 0.000E+00 0.000E+00 0.000E+00
      4      12     127     127     127       4 0.000E+00 0.000E+00 0.000E+00 0.000E+00 0.000E+00 0.000E+00 0.000E+00 0.000E+00
      4      12      17      17      17       4 0.000E+00 0.000E+00 0.000E+00 0.000E+00 0.000E+00 0.000E+00 0.000E+00 0.000E+00
      4      12     257     257     257       4 0.000E+00 0.000E+00 0.000E+00 0.000E+00 0.000E+00 0.000E+00 0.000E+00 0.000E+00
      4      12      31      31      31       4 0.000E+00 0.000E+00 0.000E+00 0.000E+00 0.000E+00 0.000E+00 0.000E+00 0.000E+00
      4      12     509     509     509       4 0.000E+00 0.000E+00 0.000E+00 0.000E+00 0.000E+00 0.000E+00 0.000E+00 0.000E+00
      4      12      67      67      67       4 0.000E+00 0.000E+00 0.000E+00 0.000E+00 0.000E+00 0.000E+00 0.000E+00 0.000E+00
      4      12       7       7       7       4 0.000E+00 0.000E+00 0.000E+00 0.000E+00 0.000E+00 0.000E+00 0.000E+00 0.000E+00
      4      16     127     127     127       4 0.000E+00 0.000E+00 0.000E+00 0.000E+00 0.000E+00 0.000E+00 0.000E+00 0.000E+00
      4      16      17      17      17       4 0.000E+00 0.000E+00 0.000E+00 0.000E+00 0.000E+00 0.000E+00 0.000E+00 0.000E+00
      4      16     257     257     257       4 0.000E+00 0.000E+00 0.000E+00 0.000E+00 0.000E+00 0.000E+00 0.000E+00 0.000E+00
      4      16      31      31      31       4 0.000E+00 0.000E+00 0.000E+00 0.000E+00 0.000E+00 0.000E+00 0.000E+00 0.000E+00
      4      16     509     509     509       4 0.000E+00 0.000E+00 0.000E+00 0.000E+00 0.000E+00 0.000E+00 0.000E+00 0.000E+00
      4      16      67      67      67       4 0.000E+00 0.000E+00 0.000E+00 0.000E+00 0.000E+00 0.000E+00 0.000E+00 0.000E+00
      4      16       7       7       7       4 0.000E+00 0.000E+00 0.000E+00 0.000E+00 0.000E+00 0.000E+00 0.000E+00 0.000E+00
      4       2     127     127     127       4 0.000E+00 0.000E+00 0.000E+00 0.000E+00 0.000E+00 0.000E+00 0.000E+00 0.000E+00
      4       2      17      17      17       4 0.000E+00 0.000E+00 0.000E+00 0.000E+00 0.000E+00 0.000E+00 0.000E+00 0.000E+00
      4       2     257     257     257       4 0.000E+00 0.000E+00 0.000E+00 0.000E+00 0.000E+00 0.000E+00 0.000E+00 0.000E+00
      4       2      31      31      31       4 0.000E+00 0.000E+00 0.000E+00 0.000E+00 0.000E+00 0.000E+00 0.000E+00 0.000E+00
      4       2     509     509     509       4 0.000E+00 0.000E+00 0.000E+00 0.000E+00 0.000E+00 0.000E+00 0.000E+00 0.000E+00
      4       2      67      67      67       4 0.000E+00 0.000E+00 0.000E+00 0.000E+00 0.000E+00 0.000E+00 0.000E+00 0.000E+00
      4       2       7       7       7       4 0.000E+00 0.000E+00 0.000E+00 0.000E+00 0.000E+00 0.000E+00 0.000E+00 0.000E+00
      4      24     127     127     127       4 0.000E+00 0.000E+00 0.000E+00 0.000E+00 0.000E+00 0.000E+00 0.000E+00 0.000E+00
      4      24      17      17      17       4 0.000E+00 0.000E+00 0.000E+00 0.000E+00 0.000E+00 0.000E+00 0.000E+00 0.000E+00
      4      24     257     257     257       4 0.000E+00 0.000E+00 0.000E+00 0.000E+00 0.000E+00 0.000E+00 0.000E+00 0.000E+00
      4      24      31      31      31       4 0.000E+00 0.000E+00 0.000E+00 0.000E+00 0.000E+00 0.000E+00 0.000E+00 0.000E+00
      4      24     509     509     509       4 0.000E+00 0.000E+00 0.000E+00 0.000E+00 0.000E+00 0.000E+00 0.000E+00 0.000E+00
      4      24      67      67      67       4 0.000E+00 0.000E+00 0.000E+00 0.000E+00 0.000E+00 0.000E+00 0.000E+00 0.000E+00
      4      24       7       7       7       4 0.000E+00 0.000E+00 0.000E+00 0.000E+00 0.000E+00 0.000E+00 0.000E+00 0.000E+00
      4       4     127     127     127       4 0.000E+00 0.000E+00 0.000E+00 0.000E+00 0.000E+00 0.000E+00 0.000E+00 0.000E+00
      4       4      17      17      17       4 0.000E+00 0.000E+00 0.000E+00 0.000E+00 0.000E+00 0.000E+00 0.000E+00 0.000E+00
      4       4     257     257     257       4 0.000E+00 0.000E+00 0.000E+00 0.000E+00 0.000E+00 0.000E+00 0.000E+00 0.000E+00
      4       4      31      31      31       4 0.000E+00 0.000E+00 0.000E+00 0.000E+00 0.000E+00 0.000E+00 0.000E+00 0.000E+00
      4       4     509     509     509       4 0.000E+00 0.000E+00 0.000E+00 0.000E+00 0.000E+00 0.000E+00 0.000E+00 0.000E+00
      4       4      67      67      67       4 0.000E+00 0.000E+00 0.000E+00 0.000E+00 0.000E+00 0.000E+00 0.000E+00 0.000E+00
      4       4       7       7       7       4 0.000E+00 0.000E+00 0.000E+00 0.000E+00 0.000E+00 0.000E+00 0.000E+00 0.000E+00
      4       8     127     127     127       4 0.000E+00 0.000E+00 0.000E+00 0.000E+00 0.000E+00 0.000E+00 0.000E+00 0.000E+00
      4       8      17      17      17       4 0.000E+00 0.000E+00 0.000E+00 0.000E+00 0.000E+00 0.000E+00 0.000E+00 0.000E+00
      4       8     257     257     257       4 0.000E+00 0.000E+00 0.000E+00 0.000E+00 0.000E+00 0.000E+00 0.000E+00 0.000E+00
      4       8      31      31      31       4 0.000E+00 0.000E+00 0.000E+00 0.000E+00 0.000E+00 0.000E+00 0.000E+00 0.000E+00
      4       8     509     509     509       4 0.000E+00 0.000E+00 0.000E+00 0.000E+00 0.000E+00 0.000E+00 0.000E+00 0.000E+00
      4       8      67      67      67       4 0.000E+00 0.000E+00 0.000E+00 0.000E+00 0.000E+00 0.000E+00 0.000E+00 0.000E+00
      4       8       7       7       7       4 0.000E+00 0.000E+00 0.000E+00 0.000E+00 0.000E+00 0.000E+00 0.000E+00 0.000E+00];
