      2       1    1024    1024       4       4 0.643E-01 0.257E+00 0.873E-01 0.349E+00 0.189E+00 0.118E-01 0.206E+00 0.128E-01
      2       1     128     128       4       4 0.102E-01 0.408E-01 0.940E-02 0.376E-01 0.152E-02 0.949E-04 0.164E-02 0.103E-03
      2       1    2048    2048       4       4 0.202E+00 0.807E+00 0.418E+00 0.167E+01 0.913E+00 0.571E-01 0.111E+01 0.692E-01
      2       1     256     256       4       4 0.160E-01 0.639E-01 0.150E-01 0.597E-01 0.917E-02 0.573E-03 0.960E-02 0.600E-03
      2       1      32      32       4       4 0.279E-02 0.111E-01 0.258E-02 0.103E-01 0.484E-04 0.302E-05 0.522E-04 0.326E-05
      2       1    4096    4096       4       4 0.458E+00 0.183E+01 0.109E+01 0.437E+01 0.413E+01 0.258E+00 0.535E+01 0.335E+00
      2       1     512     512       4       4 0.281E-01 0.112E+00 0.308E-01 0.123E+00 0.379E-01 0.237E-02 0.431E-01 0.269E-02
      2       1      64      64       4       4 0.570E-02 0.227E-01 0.513E-02 0.205E-01 0.251E-03 0.157E-04 0.258E-03 0.161E-04
      2      12    1024    1024       4       4 0.119E+00 0.469E+00 0.138E+00 0.543E+00 0.457E-01 0.286E-02 0.458E-01 0.286E-02
      2      12     128     128       4       4 0.191E-01 0.747E-01 0.216E-01 0.852E-01 0.115E-02 0.717E-04 0.273E-02 0.170E-03
      2      12    2048    2048       4       4 0.351E+00 0.140E+01 0.365E+00 0.146E+01 0.195E+00 0.122E-01 0.171E+00 0.107E-01
      2      12     256     256       4       4 0.269E-01 0.105E+00 0.317E-01 0.123E+00 0.359E-02 0.225E-03 0.396E-02 0.247E-03
      2      12      32      32       4       4 0.110E-01 0.435E-01 0.111E-01 0.435E-01 0.867E-03 0.542E-04 0.849E-03 0.531E-04
      2      12    4096    4096       4       4 0.762E+00 0.304E+01 0.785E+00 0.314E+01 0.695E+00 0.434E-01 0.734E+00 0.459E-01
      2      12     512     512       4       4 0.601E-01 0.237E+00 0.649E-01 0.254E+00 0.132E-01 0.825E-03 0.117E-01 0.729E-03
      2      12      64      64       4       4 0.133E-01 0.522E-01 0.146E-01 0.573E-01 0.137E-02 0.856E-04 0.125E-02 0.779E-04
      2      16    1024    1024       4       4 0.827E-01 0.325E+00 0.944E-01 0.372E+00 0.317E-01 0.198E-02 0.331E-01 0.207E-02
      2      16     128     128       4       4 0.152E-01 0.592E-01 0.183E-01 0.720E-01 0.162E-02 0.101E-03 0.327E-02 0.205E-03
      2      16    2048    2048       4       4 0.299E+00 0.119E+01 0.302E+00 0.120E+01 0.184E+00 0.115E-01 0.191E+00 0.119E-01
      2      16     256     256       4       4 0.261E-01 0.101E+00 0.321E-01 0.124E+00 0.335E-02 0.209E-03 0.382E-02 0.239E-03
      2      16      32      32       4       4 0.536E-02 0.207E-01 0.588E-02 0.229E-01 0.773E-03 0.483E-04 0.721E-03 0.450E-04
      2      16    4096    4096       4       4 0.602E+00 0.240E+01 0.605E+00 0.242E+01 0.788E+00 0.492E-01 0.832E+00 0.520E-01
      2      16     512     512       4       4 0.420E-01 0.164E+00 0.483E-01 0.189E+00 0.121E-01 0.758E-03 0.129E-01 0.805E-03
      2      16      64      64       4       4 0.990E-02 0.387E-01 0.108E-01 0.426E-01 0.874E-03 0.546E-04 0.889E-03 0.556E-04
      2       2    1024    1024       4       4 0.764E-01 0.305E+00 0.101E+00 0.403E+00 0.102E+00 0.637E-02 0.112E+00 0.697E-02
      2       2     128     128       4       4 0.124E-01 0.494E-01 0.124E-01 0.495E-01 0.166E-02 0.104E-03 0.182E-02 0.114E-03
      2       2    2048    2048       4       4 0.320E+00 0.128E+01 0.441E+00 0.176E+01 0.504E+00 0.315E-01 0.609E+00 0.381E-01
      2       2     256     256       4       4 0.196E-01 0.777E-01 0.190E-01 0.754E-01 0.569E-02 0.356E-03 0.638E-02 0.399E-03
      2       2      32      32       4       4 0.379E-02 0.150E-01 0.389E-02 0.155E-01 0.337E-03 0.211E-04 0.328E-03 0.205E-04
      2       2    4096    4096       4       4 0.604E+00 0.242E+01 0.113E+01 0.453E+01 0.230E+01 0.144E+00 0.296E+01 0.185E+00
      2       2     512     512       4       4 0.332E-01 0.132E+00 0.367E-01 0.146E+00 0.219E-01 0.137E-02 0.260E-01 0.162E-02
      2       2      64      64       4       4 0.681E-02 0.271E-01 0.667E-02 0.266E-01 0.751E-03 0.469E-04 0.721E-03 0.451E-04
      2      24    1024    1024       4       4 0.130E+00 0.506E+00 0.160E+00 0.628E+00 0.496E-01 0.310E-02 0.365E-01 0.228E-02
      2      24     128     128       4       4 0.257E-01 0.101E+00 0.298E-01 0.117E+00 0.196E-02 0.123E-03 0.528E-02 0.330E-03
      2      24    2048    2048       4       4 0.322E+00 0.128E+01 0.372E+00 0.147E+01 0.151E+00 0.943E-02 0.146E+00 0.912E-02
      2      24     256     256       4       4 0.362E-01 0.138E+00 0.456E-01 0.173E+00 0.428E-02 0.268E-03 0.474E-02 0.296E-03
      2      24      32      32       4       4 0.658E-02 0.254E-01 0.728E-02 0.279E-01 0.120E-02 0.752E-04 0.102E-02 0.639E-04
      2      24    4096    4096       4       4 0.731E+00 0.291E+01 0.724E+00 0.289E+01 0.660E+00 0.412E-01 0.620E+00 0.388E-01
      2      24     512     512       4       4 0.609E-01 0.239E+00 0.715E-01 0.280E+00 0.108E-01 0.678E-03 0.113E-01 0.708E-03
      2      24      64      64       4       4 0.223E-01 0.876E-01 0.239E-01 0.940E-01 0.190E-02 0.119E-03 0.175E-02 0.109E-03
      2       4    1024    1024       4       4 0.799E-01 0.318E+00 0.917E-01 0.366E+00 0.608E-01 0.380E-02 0.643E-01 0.402E-02
      2       4     128     128       4       4 0.119E-01 0.471E-01 0.119E-01 0.469E-01 0.142E-02 0.887E-04 0.127E-02 0.791E-04
      2       4    2048    2048       4       4 0.266E+00 0.106E+01 0.299E+00 0.119E+01 0.345E+00 0.216E-01 0.364E+00 0.227E-01
      2       4     256     256       4       4 0.188E-01 0.744E-01 0.189E-01 0.745E-01 0.417E-02 0.261E-03 0.403E-02 0.252E-03
      2       4      32      32       4       4 0.367E-02 0.145E-01 0.373E-02 0.147E-01 0.375E-03 0.234E-04 0.389E-03 0.243E-04
      2       4    4096    4096       4       4 0.623E+00 0.249E+01 0.702E+00 0.281E+01 0.129E+01 0.808E-01 0.156E+01 0.974E-01
      2       4     512     512       4       4 0.357E-01 0.142E+00 0.363E-01 0.144E+00 0.148E-01 0.926E-03 0.177E-01 0.111E-02
      2       4      64      64       4       4 0.691E-02 0.274E-01 0.678E-02 0.270E-01 0.750E-03 0.469E-04 0.721E-03 0.451E-04
      2       8    1024    1024       4       4 0.825E-01 0.327E+00 0.856E-01 0.340E+00 0.360E-01 0.225E-02 0.385E-01 0.241E-02
      2       8     128     128       4       4 0.144E-01 0.571E-01 0.140E-01 0.551E-01 0.139E-02 0.870E-04 0.135E-02 0.844E-04
      2       8    2048    2048       4       4 0.279E+00 0.111E+01 0.267E+00 0.106E+01 0.204E+00 0.127E-01 0.219E+00 0.137E-01
      2       8     256     256       4       4 0.221E-01 0.869E-01 0.218E-01 0.849E-01 0.328E-02 0.205E-03 0.370E-02 0.231E-03
      2       8      32      32       4       4 0.456E-02 0.179E-01 0.454E-02 0.178E-01 0.526E-03 0.329E-04 0.526E-03 0.329E-04
      2       8    4096    4096       4       4 0.462E+00 0.184E+01 0.641E+00 0.256E+01 0.972E+00 0.607E-01 0.100E+01 0.627E-01
      2       8     512     512       4       4 0.386E-01 0.152E+00 0.383E-01 0.151E+00 0.182E-01 0.114E-02 0.159E-01 0.992E-03
      2       8      64      64       4       4 0.835E-02 0.330E-01 0.802E-02 0.318E-01 0.809E-03 0.506E-04 0.872E-03 0.545E-04
      3       1    1024    1024       4       4 0.102E-02 0.366E-02 0.107E-03 0.137E-03 0.973E-01 0.608E-02 0.917E-01 0.573E-02
      3       1     128     128       4       4 0.943E-03 0.370E-02 0.222E-04 0.370E-04 0.734E-03 0.459E-04 0.706E-03 0.442E-04
      3       1    2048    2048       4       4 0.121E-02 0.407E-02 0.245E-03 0.302E-03 0.640E+00 0.400E-01 0.629E+00 0.393E-01
      3       1     256     256       4       4 0.807E-03 0.313E-02 0.355E-04 0.589E-04 0.350E-02 0.219E-03 0.352E-02 0.220E-03
      3       1      32      32       4       4 0.704E-03 0.281E-02 0.125E-05 0.405E-05 0.498E-04 0.311E-05 0.434E-04 0.271E-05
      3       1    4096    4096       4       4 0.117E-02 0.377E-02 0.312E-03 0.402E-03 0.252E+01 0.158E+00 0.241E+01 0.150E+00
      3       1     512     512       4       4 0.798E-03 0.301E-02 0.575E-04 0.801E-04 0.154E-01 0.964E-03 0.151E-01 0.946E-03
      3       1      64      64       4       4 0.839E-03 0.333E-02 0.775E-05 0.160E-04 0.225E-03 0.141E-04 0.173E-03 0.108E-04
      3      12    1024    1024       4       4 0.724E-03 0.232E-02 0.168E-03 0.198E-03 0.140E-01 0.873E-03 0.116E-01 0.722E-03
      3      12     128     128       4       4 0.393E-02 0.156E-01 0.243E-04 0.339E-04 0.594E-03 0.371E-04 0.545E-03 0.340E-04
      3      12    2048    2048       4       4 0.801E-03 0.232E-02 0.290E-03 0.326E-03 0.785E-01 0.491E-02 0.638E-01 0.399E-02
      3      12     256     256       4       4 0.385E-02 0.153E-01 0.398E-04 0.579E-04 0.129E-02 0.808E-04 0.919E-03 0.575E-04
      3      12      32      32       4       4 0.457E-02 0.182E-01 0.106E-04 0.231E-04 0.307E-03 0.192E-04 0.208E-03 0.130E-04
      3      12    4096    4096       4       4 0.104E-02 0.306E-02 0.422E-03 0.643E-03 0.349E+00 0.218E-01 0.304E+00 0.190E-01
      3      12     512     512       4       4 0.351E-02 0.138E-01 0.684E-04 0.961E-04 0.335E-02 0.210E-03 0.275E-02 0.172E-03
      3      12      64      64       4       4 0.636E-02 0.254E-01 0.972E-05 0.200E-04 0.374E-03 0.234E-04 0.329E-03 0.206E-04
      3      16    1024    1024       4       4 0.123E-02 0.432E-02 0.168E-03 0.198E-03 0.130E-01 0.812E-03 0.105E-01 0.655E-03
      3      16     128     128       4       4 0.389E-02 0.155E-01 0.334E-04 0.460E-04 0.651E-03 0.407E-04 0.573E-03 0.358E-04
      3      16    2048    2048       4       4 0.751E-03 0.210E-02 0.285E-03 0.355E-03 0.638E-01 0.399E-02 0.490E-01 0.306E-02
      3      16     256     256       4       4 0.379E-02 0.150E-01 0.587E-04 0.117E-03 0.441E-02 0.275E-03 0.982E-03 0.614E-04
      3      16      32      32       4       4 0.432E-02 0.172E-01 0.924E-05 0.181E-04 0.381E-03 0.238E-04 0.193E-03 0.120E-04
      3      16    4096    4096       4       4 0.841E-03 0.223E-02 0.377E-03 0.474E-03 0.324E+00 0.202E-01 0.277E+00 0.173E-01
      3      16     512     512       4       4 0.563E-02 0.223E-01 0.830E-04 0.138E-03 0.318E-02 0.199E-03 0.260E-02 0.162E-03
      3      16      64      64       4       4 0.626E-02 0.250E-01 0.966E-05 0.188E-04 0.447E-03 0.279E-04 0.343E-03 0.215E-04
      3       2    1024    1024       4       4 0.838E-03 0.293E-02 0.111E-03 0.142E-03 0.599E-01 0.374E-02 0.515E-01 0.322E-02
      3       2     128     128       4       4 0.316E-02 0.126E-01 0.221E-04 0.288E-04 0.660E-03 0.412E-04 0.659E-03 0.412E-04
      3       2    2048    2048       4       4 0.996E-03 0.317E-02 0.247E-03 0.304E-03 0.367E+00 0.229E-01 0.312E+00 0.195E-01
      3       2     256     256       4       4 0.156E-02 0.609E-02 0.415E-04 0.629E-04 0.289E-02 0.180E-03 0.283E-02 0.177E-03
      3       2      32      32       4       4 0.715E-03 0.283E-02 0.894E-05 0.179E-04 0.118E-03 0.735E-05 0.949E-04 0.593E-05
      3       2    4096    4096       4       4 0.105E-02 0.324E-02 0.332E-03 0.434E-03 0.142E+01 0.886E-01 0.135E+01 0.841E-01
      3       2     512     512       4       4 0.820E-03 0.310E-02 0.587E-04 0.820E-04 0.114E-01 0.714E-03 0.104E-01 0.649E-03
      3       2      64      64       4       4 0.368E-02 0.147E-01 0.103E-04 0.160E-04 0.250E-03 0.156E-04 0.239E-03 0.149E-04
      3      24    1024    1024       4       4 0.137E-02 0.490E-02 0.183E-03 0.222E-03 0.117E-01 0.733E-03 0.830E-02 0.519E-03
      3      24     128     128       4       4 0.125E-02 0.492E-02 0.254E-04 0.370E-04 0.775E-03 0.484E-04 0.449E-03 0.281E-04
      3      24    2048    2048       4       4 0.753E-03 0.188E-02 0.347E-03 0.396E-03 0.499E-01 0.312E-02 0.353E-01 0.221E-02
      3      24     256     256       4       4 0.385E-02 0.153E-01 0.403E-04 0.570E-04 0.121E-02 0.755E-04 0.818E-03 0.511E-04
      3      24      32      32       4       4 0.430E-02 0.172E-01 0.989E-05 0.188E-04 0.457E-03 0.286E-04 0.227E-03 0.142E-04
      3      24    4096    4096       4       4 0.888E-03 0.200E-02 0.501E-03 0.553E-03 0.264E+00 0.165E-01 0.242E+00 0.151E-01
      3      24     512     512       4       4 0.426E-02 0.168E-01 0.700E-04 0.939E-04 0.353E-02 0.220E-03 0.238E-02 0.149E-03
      3      24      64      64       4       4 0.501E-02 0.200E-01 0.100E-04 0.198E-04 0.497E-03 0.311E-04 0.279E-03 0.174E-04
      3       4    1024    1024       4       4 0.326E-02 0.125E-01 0.146E-03 0.161E-03 0.326E-01 0.204E-02 0.275E-01 0.172E-02
      3       4     128     128       4       4 0.508E-02 0.203E-01 0.220E-04 0.310E-04 0.778E-03 0.486E-04 0.804E-03 0.502E-04
      3       4    2048    2048       4       4 0.948E-03 0.294E-02 0.273E-03 0.341E-03 0.196E+00 0.123E-01 0.168E+00 0.105E-01
      3       4     256     256       4       4 0.265E-02 0.105E-01 0.368E-04 0.501E-04 0.220E-02 0.137E-03 0.234E-02 0.146E-03
      3       4      32      32       4       4 0.375E-02 0.150E-01 0.876E-05 0.172E-04 0.170E-03 0.106E-04 0.150E-03 0.939E-05
      3       4    4096    4096       4       4 0.112E-02 0.312E-02 0.414E-03 0.427E-03 0.750E+00 0.469E-01 0.696E+00 0.435E-01
      3       4     512     512       4       4 0.126E-02 0.484E-02 0.626E-04 0.861E-04 0.618E-02 0.386E-03 0.562E-02 0.351E-03
      3       4      64      64       4       4 0.439E-02 0.175E-01 0.948E-05 0.191E-04 0.409E-03 0.256E-04 0.383E-03 0.239E-04
      3       8    1024    1024       4       4 0.251E-02 0.959E-02 0.125E-03 0.150E-03 0.189E-01 0.118E-02 0.158E-01 0.985E-03
      3       8     128     128       4       4 0.419E-02 0.167E-01 0.219E-04 0.319E-04 0.662E-03 0.414E-04 0.605E-03 0.378E-04
      3       8    2048    2048       4       4 0.973E-03 0.306E-02 0.286E-03 0.409E-03 0.112E+00 0.700E-02 0.905E-01 0.566E-02
      3       8     256     256       4       4 0.270E-02 0.107E-01 0.398E-04 0.570E-04 0.145E-02 0.904E-04 0.127E-02 0.794E-04
      3       8      32      32       4       4 0.543E-02 0.217E-01 0.924E-05 0.191E-04 0.230E-03 0.144E-04 0.179E-03 0.112E-04
      3       8    4096    4096       4       4 0.108E-02 0.286E-02 0.444E-03 0.465E-03 0.432E+00 0.270E-01 0.383E+00 0.239E-01
      3       8     512     512       4       4 0.107E-02 0.407E-02 0.642E-04 0.899E-04 0.407E-02 0.254E-03 0.343E-02 0.214E-03
      3       8      64      64       4       4 0.546E-02 0.218E-01 0.983E-05 0.191E-04 0.333E-03 0.208E-04 0.301E-03 0.188E-04
