      2       1       1    1021       4       4 0.499E-01 0.199E+00 0.820E-04 0.901E-04 0.440E-03 0.275E-04 0.481E-03 0.301E-04
      2       1       1   16381       4       4 0.432E+00 0.172E+01 0.135E-02 0.146E-02 0.165E-01 0.103E-02 0.165E-01 0.103E-02
      2       1       1    2053       4       4 0.257E+00 0.103E+01 0.211E-03 0.240E-03 0.125E-02 0.783E-04 0.114E-02 0.710E-04
      2       1       1     257       4       4 0.583E-01 0.233E+00 0.180E-01 0.718E-01 0.127E-03 0.794E-05 0.122E-03 0.763E-05
      2       1       1    4099       4       4 0.458E+00 0.183E+01 0.369E-03 0.446E-03 0.286E-02 0.179E-03 0.259E-02 0.162E-03
      2       1       1     509       4       4 0.361E-01 0.144E+00 0.645E-04 0.808E-04 0.189E-03 0.118E-04 0.226E-03 0.141E-04
      2       1       1    8191       4       4 0.243E+00 0.968E+00 0.601E-03 0.690E-03 0.554E-02 0.346E-03 0.526E-02 0.329E-03
      2       1      12    1021       4       4 0.102E+00 0.409E+00 0.110E-03 0.141E-03 0.107E-02 0.666E-04 0.100E-02 0.626E-04
      2       1      12   16381       4       4 0.390E+00 0.155E+01 0.159E-02 0.171E-02 0.124E-01 0.775E-03 0.108E-01 0.673E-03
      2       1      12    2053       4       4 0.425E+00 0.170E+01 0.483E-03 0.495E-03 0.282E-02 0.176E-03 0.280E-02 0.175E-03
      2       1      12     257       4       4 0.123E+00 0.493E+00 0.126E+00 0.505E+00 0.847E-03 0.529E-04 0.893E-03 0.558E-04
      2       1      12    4099       4       4 0.672E+00 0.268E+01 0.675E-03 0.715E-03 0.487E-02 0.304E-03 0.498E-02 0.311E-03
      2       1      12     509       4       4 0.856E-01 0.342E+00 0.862E-04 0.108E-03 0.902E-03 0.564E-04 0.927E-03 0.579E-04
      2       1      12    8191       4       4 0.283E+00 0.112E+01 0.872E-03 0.880E-03 0.808E-02 0.505E-03 0.760E-02 0.475E-03
      2       1      16    1021       4       4 0.987E-01 0.394E+00 0.159E-03 0.183E-03 0.130E-02 0.813E-04 0.129E-02 0.804E-04
      2       1      16   16381       4       4 0.347E+00 0.138E+01 0.166E-02 0.170E-02 0.103E-01 0.644E-03 0.103E-01 0.644E-03
      2       1      16    2053       4       4 0.474E+00 0.189E+01 0.476E-03 0.492E-03 0.298E-02 0.186E-03 0.293E-02 0.183E-03
      2       1      16     257       4       4 0.141E+00 0.564E+00 0.145E+00 0.580E+00 0.946E-03 0.591E-04 0.949E-03 0.593E-04
      2       1      16    4099       4       4 0.651E+00 0.260E+01 0.935E-03 0.108E-02 0.765E-02 0.478E-03 0.572E-02 0.358E-03
      2       1      16     509       4       4 0.824E-01 0.329E+00 0.907E-04 0.110E-03 0.115E-02 0.718E-04 0.117E-02 0.731E-04
      2       1      16    8191       4       4 0.301E+00 0.120E+01 0.965E-03 0.107E-02 0.734E-02 0.458E-03 0.744E-02 0.465E-03
      2       1       2    1021       4       4 0.567E-01 0.226E+00 0.828E-04 0.920E-04 0.719E-03 0.449E-04 0.704E-03 0.440E-04
      2       1       2   16381       4       4 0.411E+00 0.164E+01 0.124E-02 0.143E-02 0.108E-01 0.676E-03 0.991E-02 0.620E-03
      2       1       2    2053       4       4 0.265E+00 0.106E+01 0.233E-03 0.254E-03 0.179E-02 0.112E-03 0.170E-02 0.106E-03
      2       1       2     257       4       4 0.689E-01 0.275E+00 0.724E-01 0.289E+00 0.453E-03 0.283E-04 0.501E-03 0.313E-04
      2       1       2    4099       4       4 0.459E+00 0.183E+01 0.444E-03 0.483E-03 0.288E-02 0.180E-03 0.271E-02 0.170E-03
      2       1       2     509       4       4 0.435E-01 0.174E+00 0.532E-04 0.679E-04 0.390E-03 0.243E-04 0.392E-03 0.245E-04
      2       1       2    8191       4       4 0.231E+00 0.922E+00 0.638E-03 0.729E-03 0.492E-02 0.307E-03 0.477E-02 0.298E-03
      2       1      24    1021       4       4 0.122E+00 0.486E+00 0.157E-03 0.181E-03 0.157E-02 0.980E-04 0.154E-02 0.962E-04
      2       1      24   16381       4       4 0.474E+00 0.188E+01 0.202E-02 0.207E-02 0.114E-01 0.714E-03 0.109E-01 0.679E-03
      2       1      24    2053       4       4 0.581E+00 0.232E+01 0.705E-03 0.737E-03 0.805E-02 0.503E-03 0.462E-02 0.289E-03
      2       1      24     257       4       4 0.158E+00 0.629E+00 0.189E+00 0.755E+00 0.117E-02 0.729E-04 0.115E-02 0.718E-04
      2       1      24    4099       4       4 0.832E+00 0.332E+01 0.156E-02 0.168E-02 0.984E-02 0.615E-03 0.700E-02 0.437E-03
      2       1      24     509       4       4 0.856E-01 0.342E+00 0.877E-04 0.103E-03 0.980E-03 0.612E-04 0.969E-03 0.606E-04
      2       1      24    8191       4       4 0.317E+00 0.126E+01 0.125E-02 0.127E-02 0.108E-01 0.673E-03 0.916E-02 0.573E-03
      2       1       4    1021       4       4 0.689E-01 0.275E+00 0.128E-03 0.136E-03 0.952E-03 0.595E-04 0.896E-03 0.560E-04
      2       1       4   16381       4       4 0.373E+00 0.149E+01 0.143E-02 0.151E-02 0.116E-01 0.727E-03 0.114E-01 0.711E-03
      2       1       4    2053       4       4 0.310E+00 0.124E+01 0.384E-03 0.426E-03 0.197E-02 0.123E-03 0.190E-02 0.119E-03
      2       1       4     257       4       4 0.918E-01 0.366E+00 0.940E-01 0.375E+00 0.581E-03 0.363E-04 0.608E-03 0.380E-04
      2       1       4    4099       4       4 0.491E+00 0.196E+01 0.530E-03 0.585E-03 0.314E-02 0.196E-03 0.284E-02 0.178E-03
      2       1       4     509       4       4 0.519E-01 0.208E+00 0.629E-04 0.758E-04 0.781E-03 0.488E-04 0.760E-03 0.475E-04
      2       1       4    8191       4       4 0.221E+00 0.882E+00 0.704E-03 0.772E-03 0.483E-02 0.302E-03 0.428E-02 0.268E-03
      2       1       8    1021       4       4 0.833E-01 0.333E+00 0.101E-03 0.112E-03 0.846E-03 0.529E-04 0.855E-03 0.534E-04
      2       1       8   16381       4       4 0.397E+00 0.158E+01 0.136E-02 0.143E-02 0.110E-01 0.686E-03 0.106E-01 0.660E-03
      2       1       8    2053       4       4 0.351E+00 0.140E+01 0.440E-03 0.550E-03 0.356E-02 0.223E-03 0.250E-02 0.156E-03
      2       1       8     257       4       4 0.124E+00 0.496E+00 0.130E+00 0.521E+00 0.102E-02 0.640E-04 0.938E-03 0.587E-04
      2       1       8    4099       4       4 0.583E+00 0.233E+01 0.883E-03 0.921E-03 0.369E-02 0.231E-03 0.348E-02 0.217E-03
      2       1       8     509       4       4 0.621E-01 0.248E+00 0.668E-04 0.830E-04 0.624E-03 0.390E-04 0.613E-03 0.383E-04
      2       1       8    8191       4       4 0.238E+00 0.948E+00 0.822E-03 0.995E-03 0.524E-02 0.328E-03 0.507E-02 0.317E-03
      3       1       1    1021       4       4 0.835E-03 0.289E-02 0.161E-03 0.179E-03 0.407E-03 0.254E-04 0.383E-03 0.239E-04
      3       1       1 1048573       4       4 0.144E+00 0.147E+00 0.141E+00 0.143E+00 0.125E+01 0.781E-01 0.126E+01 0.788E-01
      3       1       1  131071       4       4 0.149E-01 0.180E-01 0.134E-01 0.138E-01 0.111E+00 0.695E-02 0.110E+00 0.690E-02
      3       1       1   16381       4       4 0.255E-02 0.538E-02 0.182E-02 0.193E-02 0.103E-01 0.642E-03 0.990E-02 0.619E-03
      3       1       1    2053       4       4 0.106E-02 0.285E-02 0.387E-03 0.415E-03 0.131E-02 0.816E-04 0.125E-02 0.782E-04
      3       1       1     257       4       4 0.757E-03 0.293E-02 0.355E-04 0.451E-04 0.108E-03 0.672E-05 0.861E-04 0.538E-05
      3       1       1  262147       4       4 0.450E-01 0.509E-01 0.438E-01 0.463E-01 0.513E+00 0.320E-01 0.506E+00 0.316E-01
      3       1       1   32771       4       4 0.660E-02 0.103E-01 0.527E-02 0.616E-02 0.455E-01 0.284E-02 0.441E-01 0.276E-02
      3       1       1    4099       4       4 0.151E-02 0.397E-02 0.644E-03 0.717E-03 0.438E-02 0.274E-03 0.411E-02 0.257E-03
      3       1       1     509       4       4 0.782E-03 0.297E-02 0.567E-04 0.768E-04 0.153E-03 0.958E-05 0.152E-03 0.951E-05
      3       1       1  524287       4       4 0.617E-01 0.669E-01 0.590E-01 0.602E-01 0.534E+00 0.334E-01 0.532E+00 0.332E-01
      3       1       1   65537       4       4 0.101E-01 0.126E-01 0.989E-02 0.107E-01 0.106E+00 0.661E-02 0.105E+00 0.654E-02
      3       1       1    8191       4       4 0.146E-02 0.358E-02 0.807E-03 0.947E-03 0.480E-02 0.300E-03 0.472E-02 0.295E-03
      3       1      12    1021       4       4 0.458E-02 0.179E-01 0.147E-03 0.174E-03 0.387E-03 0.242E-04 0.383E-03 0.239E-04
      3       1      12 1048573       4       4 0.150E+00 0.172E+00 0.139E+00 0.141E+00 0.129E+01 0.806E-01 0.129E+01 0.807E-01
      3       1      12  131071       4       4 0.167E-01 0.266E-01 0.135E-01 0.139E-01 0.115E+00 0.719E-02 0.115E+00 0.717E-02
      3       1      12   16381       4       4 0.598E-02 0.190E-01 0.162E-02 0.188E-02 0.104E-01 0.648E-03 0.106E-01 0.660E-03
      3       1      12    2053       4       4 0.596E-02 0.221E-01 0.486E-03 0.561E-03 0.161E-02 0.101E-03 0.163E-02 0.102E-03
      3       1      12     257       4       4 0.444E-02 0.176E-01 0.429E-04 0.589E-04 0.118E-03 0.739E-05 0.100E-03 0.627E-05
      3       1      12  262147       4       4 0.459E-01 0.530E-01 0.446E-01 0.466E-01 0.536E+00 0.335E-01 0.530E+00 0.331E-01
      3       1      12   32771       4       4 0.992E-02 0.234E-01 0.563E-02 0.659E-02 0.466E-01 0.291E-02 0.457E-01 0.285E-02
      3       1      12    4099       4       4 0.705E-02 0.264E-01 0.623E-03 0.677E-03 0.462E-02 0.289E-03 0.458E-02 0.287E-03
      3       1      12     509       4       4 0.448E-02 0.177E-01 0.713E-04 0.102E-03 0.186E-03 0.117E-04 0.154E-03 0.960E-05
      3       1      12  524287       4       4 0.638E-01 0.706E-01 0.601E-01 0.615E-01 0.558E+00 0.349E-01 0.557E+00 0.348E-01
      3       1      12   65537       4       4 0.156E-01 0.349E-01 0.971E-02 0.107E-01 0.114E+00 0.712E-02 0.113E+00 0.706E-02
      3       1      12    8191       4       4 0.517E-02 0.183E-01 0.878E-03 0.963E-03 0.482E-02 0.301E-03 0.473E-02 0.296E-03
      3       1      16    1021       4       4 0.652E-02 0.257E-01 0.153E-03 0.182E-03 0.409E-03 0.256E-04 0.370E-03 0.231E-04
      3       1      16 1048573       4       4 0.143E+00 0.145E+00 0.141E+00 0.142E+00 0.130E+01 0.813E-01 0.130E+01 0.814E-01
      3       1      16  131071       4       4 0.168E-01 0.278E-01 0.135E-01 0.140E-01 0.113E+00 0.707E-02 0.113E+00 0.703E-02
      3       1      16   16381       4       4 0.604E-02 0.191E-01 0.162E-02 0.176E-02 0.109E-01 0.681E-03 0.107E-01 0.668E-03
      3       1      16    2053       4       4 0.477E-02 0.177E-01 0.396E-03 0.434E-03 0.126E-02 0.784E-04 0.119E-02 0.743E-04
      3       1      16     257       4       4 0.433E-02 0.172E-01 0.381E-04 0.520E-04 0.123E-03 0.770E-05 0.114E-03 0.715E-05
      3       1      16  262147       4       4 0.479E-01 0.600E-01 0.453E-01 0.476E-01 0.544E+00 0.340E-01 0.540E+00 0.337E-01
      3       1      16   32771       4       4 0.101E-01 0.237E-01 0.563E-02 0.672E-02 0.485E-01 0.303E-02 0.476E-01 0.298E-02
      3       1      16    4099       4       4 0.497E-02 0.179E-01 0.625E-03 0.680E-03 0.462E-02 0.289E-03 0.452E-02 0.283E-03
      3       1      16     509       4       4 0.442E-02 0.175E-01 0.675E-04 0.920E-04 0.194E-03 0.121E-04 0.174E-03 0.108E-04
      3       1      16  524287       4       4 0.636E-01 0.691E-01 0.605E-01 0.615E-01 0.567E+00 0.354E-01 0.567E+00 0.355E-01
      3       1      16   65537       4       4 0.134E-01 0.262E-01 0.970E-02 0.108E-01 0.113E+00 0.705E-02 0.112E+00 0.701E-02
      3       1      16    8191       4       4 0.617E-02 0.221E-01 0.866E-03 0.904E-03 0.508E-02 0.317E-03 0.489E-02 0.306E-03
      3       1       2    1021       4       4 0.336E-02 0.131E-01 0.154E-03 0.231E-03 0.377E-03 0.235E-04 0.343E-03 0.214E-04
      3       1       2 1048573       4       4 0.143E+00 0.147E+00 0.139E+00 0.142E+00 0.124E+01 0.778E-01 0.126E+01 0.788E-01
      3       1       2  131071       4       4 0.147E-01 0.193E-01 0.135E-01 0.142E-01 0.109E+00 0.684E-02 0.109E+00 0.683E-02
      3       1       2   16381       4       4 0.449E-02 0.132E-01 0.160E-02 0.171E-02 0.107E-01 0.671E-03 0.997E-02 0.623E-03
      3       1       2    2053       4       4 0.365E-02 0.133E-01 0.385E-03 0.461E-03 0.124E-02 0.773E-04 0.117E-02 0.731E-04
      3       1       2     257       4       4 0.327E-02 0.130E-01 0.465E-04 0.761E-04 0.138E-03 0.863E-05 0.947E-04 0.592E-05
      3       1       2  262147       4       4 0.447E-01 0.512E-01 0.436E-01 0.466E-01 0.512E+00 0.320E-01 0.504E+00 0.315E-01
      3       1       2   32771       4       4 0.864E-02 0.183E-01 0.533E-02 0.628E-02 0.460E-01 0.287E-02 0.445E-01 0.278E-02
      3       1       2    4099       4       4 0.380E-02 0.132E-01 0.600E-03 0.657E-03 0.446E-02 0.279E-03 0.438E-02 0.274E-03
      3       1       2     509       4       4 0.324E-02 0.128E-01 0.659E-04 0.911E-04 0.183E-03 0.115E-04 0.162E-03 0.101E-04
      3       1       2  524287       4       4 0.624E-01 0.702E-01 0.582E-01 0.595E-01 0.543E+00 0.339E-01 0.539E+00 0.337E-01
      3       1       2   65537       4       4 0.108E-01 0.165E-01 0.975E-02 0.108E-01 0.107E+00 0.671E-02 0.106E+00 0.662E-02
      3       1       2    8191       4       4 0.371E-02 0.124E-01 0.896E-03 0.956E-03 0.478E-02 0.299E-03 0.473E-02 0.296E-03
      3       1      24    1021       4       4 0.416E-02 0.163E-01 0.160E-03 0.199E-03 0.399E-03 0.250E-04 0.404E-03 0.252E-04
      3       1      24 1048573       4       4 0.148E+00 0.160E+00 0.140E+00 0.142E+00 0.132E+01 0.826E-01 0.132E+01 0.826E-01
      3       1      24  131071       4       4 0.172E-01 0.289E-01 0.136E-01 0.141E-01 0.116E+00 0.725E-02 0.116E+00 0.724E-02
      3       1      24   16381       4       4 0.577E-02 0.181E-01 0.157E-02 0.175E-02 0.102E-01 0.636E-03 0.103E-01 0.645E-03
      3       1      24    2053       4       4 0.575E-02 0.217E-01 0.387E-03 0.430E-03 0.127E-02 0.791E-04 0.117E-02 0.730E-04
      3       1      24     257       4       4 0.438E-02 0.174E-01 0.730E-04 0.137E-03 0.199E-03 0.124E-04 0.170E-03 0.106E-04
      3       1      24  262147       4       4 0.523E-01 0.628E-01 0.482E-01 0.487E-01 0.551E+00 0.344E-01 0.545E+00 0.341E-01
      3       1      24   32771       4       4 0.112E-01 0.269E-01 0.648E-02 0.721E-02 0.476E-01 0.298E-02 0.468E-01 0.293E-02
      3       1      24    4099       4       4 0.479E-02 0.171E-01 0.748E-03 0.806E-03 0.474E-02 0.296E-03 0.459E-02 0.287E-03
      3       1      24     509       4       4 0.410E-02 0.162E-01 0.672E-04 0.899E-04 0.187E-03 0.117E-04 0.169E-03 0.106E-04
      3       1      24  524287       4       4 0.704E-01 0.836E-01 0.650E-01 0.658E-01 0.576E+00 0.360E-01 0.580E+00 0.363E-01
      3       1      24   65537       4       4 0.149E-01 0.320E-01 0.107E-01 0.144E-01 0.120E+00 0.750E-02 0.119E+00 0.741E-02
      3       1      24    8191       4       4 0.495E-02 0.170E-01 0.997E-03 0.108E-02 0.498E-02 0.311E-03 0.499E-02 0.312E-03
      3       1       4    1021       4       4 0.465E-02 0.182E-01 0.157E-03 0.188E-03 0.378E-03 0.236E-04 0.362E-03 0.226E-04
      3       1       4 1048573       4       4 0.146E+00 0.152E+00 0.140E+00 0.143E+00 0.126E+01 0.788E-01 0.127E+01 0.795E-01
      3       1       4  131071       4       4 0.176E-01 0.306E-01 0.136E-01 0.141E-01 0.111E+00 0.693E-02 0.110E+00 0.690E-02
      3       1       4   16381       4       4 0.555E-02 0.173E-01 0.158E-02 0.170E-02 0.108E-01 0.676E-03 0.101E-01 0.630E-03
      3       1       4    2053       4       4 0.500E-02 0.187E-01 0.393E-03 0.450E-03 0.124E-02 0.776E-04 0.117E-02 0.733E-04
      3       1       4     257       4       4 0.548E-02 0.218E-01 0.350E-04 0.470E-04 0.109E-03 0.681E-05 0.889E-04 0.556E-05
      3       1       4  262147       4       4 0.456E-01 0.533E-01 0.442E-01 0.468E-01 0.522E+00 0.326E-01 0.516E+00 0.323E-01
      3       1       4   32771       4       4 0.995E-02 0.223E-01 0.638E-02 0.701E-02 0.457E-01 0.285E-02 0.449E-01 0.281E-02
      3       1       4    4099       4       4 0.512E-02 0.187E-01 0.635E-03 0.696E-03 0.476E-02 0.298E-03 0.466E-02 0.291E-03
      3       1       4     509       4       4 0.467E-02 0.185E-01 0.590E-04 0.801E-04 0.163E-03 0.102E-04 0.141E-03 0.881E-05
      3       1       4  524287       4       4 0.639E-01 0.707E-01 0.602E-01 0.617E-01 0.550E+00 0.344E-01 0.549E+00 0.343E-01
      3       1       4   65537       4       4 0.113E-01 0.180E-01 0.973E-02 0.109E-01 0.109E+00 0.680E-02 0.108E+00 0.677E-02
      3       1       4    8191       4       4 0.526E-02 0.184E-01 0.901E-03 0.958E-03 0.469E-02 0.293E-03 0.459E-02 0.287E-03
      3       1       8    1021       4       4 0.469E-02 0.184E-01 0.149E-03 0.222E-03 0.411E-03 0.257E-04 0.456E-03 0.285E-04
      3       1       8 1048573       4       4 0.147E+00 0.152E+00 0.142E+00 0.144E+00 0.128E+01 0.801E-01 0.129E+01 0.806E-01
      3       1       8  131071       4       4 0.198E-01 0.393E-01 0.134E-01 0.138E-01 0.113E+00 0.704E-02 0.112E+00 0.701E-02
      3       1       8   16381       4       4 0.710E-02 0.234E-01 0.162E-02 0.179E-02 0.108E-01 0.678E-03 0.103E-01 0.646E-03
      3       1       8    2053       4       4 0.589E-02 0.222E-01 0.392E-03 0.416E-03 0.127E-02 0.795E-04 0.127E-02 0.793E-04
      3       1       8     257       4       4 0.533E-02 0.212E-01 0.357E-04 0.489E-04 0.113E-03 0.709E-05 0.882E-04 0.551E-05
      3       1       8  262147       4       4 0.496E-01 0.661E-01 0.454E-01 0.478E-01 0.531E+00 0.332E-01 0.526E+00 0.329E-01
      3       1       8   32771       4       4 0.940E-02 0.201E-01 0.620E-02 0.883E-02 0.485E-01 0.303E-02 0.474E-01 0.296E-02
      3       1       8    4099       4       4 0.419E-02 0.149E-01 0.692E-03 0.750E-03 0.479E-02 0.299E-03 0.464E-02 0.290E-03
      3       1       8     509       4       4 0.660E-02 0.262E-01 0.609E-04 0.830E-04 0.160E-03 0.998E-05 0.145E-03 0.906E-05
      3       1       8  524287       4       4 0.642E-01 0.712E-01 0.604E-01 0.618E-01 0.551E+00 0.344E-01 0.551E+00 0.344E-01
      3       1       8   65537       4       4 0.150E-01 0.336E-01 0.931E-02 0.102E-01 0.109E+00 0.679E-02 0.108E+00 0.677E-02
      3       1       8    8191       4       4 0.724E-02 0.263E-01 0.886E-03 0.914E-03 0.485E-02 0.303E-03 0.471E-02 0.294E-03
