      2       1       1    1021       4       4 0.301E+00 0.302E+00 0.303E+00 0.313E+00 0.924E-03 0.578E-04 0.845E-03 0.528E-04
      2       1       1   16381       4       4 0.150E+01 0.151E+01 0.175E+01 0.176E+01 0.126E-01 0.786E-03 0.129E-01 0.809E-03
      2       1       1    2053       4       4 0.108E+01 0.108E+01 0.112E+01 0.112E+01 0.161E-02 0.100E-03 0.161E-02 0.100E-03
      2       1       1     257       4       4 0.647E-01 0.652E-01 0.633E-01 0.633E-01 0.192E-03 0.120E-04 0.179E-03 0.112E-04
      2       1       1    4099       4       4 0.149E+01 0.149E+01 0.152E+01 0.153E+01 0.418E-02 0.261E-03 0.414E-02 0.259E-03
      2       1       1     509       4       4 0.148E+00 0.149E+00 0.147E+00 0.150E+00 0.431E-03 0.269E-04 0.365E-03 0.228E-04
      2       1       1    8191       4       4 0.736E+00 0.739E+00 0.856E+00 0.862E+00 0.611E-02 0.382E-03 0.606E-02 0.379E-03
      2       1      12    1021       4       4 0.826E+00 0.854E+00 0.925E+00 0.946E+00 0.350E-02 0.219E-03 0.158E-02 0.988E-04
      2       1      12   16381       4       4 0.278E+01 0.281E+01 0.301E+01 0.307E+01 0.133E-01 0.830E-03 0.133E-01 0.834E-03
      2       1      12    2053       4       4 0.287E+01 0.291E+01 0.303E+01 0.309E+01 0.273E-02 0.170E-03 0.269E-02 0.168E-03
      2       1      12     257       4       4 0.185E+00 0.187E+00 0.193E+00 0.200E+00 0.748E-03 0.468E-04 0.684E-03 0.428E-04
      2       1      12    4099       4       4 0.334E+01 0.337E+01 0.339E+01 0.353E+01 0.696E-02 0.435E-03 0.497E-02 0.311E-03
      2       1      12     509       4       4 0.349E+00 0.365E+00 0.387E+00 0.410E+00 0.156E-02 0.975E-04 0.999E-03 0.624E-04
      2       1      12    8191       4       4 0.176E+01 0.179E+01 0.184E+01 0.194E+01 0.961E-02 0.601E-03 0.766E-02 0.479E-03
      2       1      16    1021       4       4 0.856E+00 0.894E+00 0.975E+00 0.996E+00 0.163E-02 0.102E-03 0.164E-02 0.103E-03
      2       1      16   16381       4       4 0.294E+01 0.296E+01 0.319E+01 0.333E+01 0.131E-01 0.816E-03 0.133E-01 0.829E-03
      2       1      16    2053       4       4 0.314E+01 0.318E+01 0.331E+01 0.333E+01 0.562E-02 0.351E-03 0.392E-02 0.245E-03
      2       1      16     257       4       4 0.144E+00 0.149E+00 0.148E+00 0.163E+00 0.685E-03 0.428E-04 0.677E-03 0.423E-04
      2       1      16    4099       4       4 0.363E+01 0.370E+01 0.374E+01 0.383E+01 0.717E-02 0.448E-03 0.512E-02 0.320E-03
      2       1      16     509       4       4 0.328E+00 0.336E+00 0.357E+00 0.368E+00 0.125E-02 0.784E-04 0.115E-02 0.718E-04
      2       1      16    8191       4       4 0.182E+01 0.185E+01 0.195E+01 0.199E+01 0.142E-01 0.886E-03 0.835E-02 0.522E-03
      2       1       2    1021       4       4 0.424E+00 0.425E+00 0.446E+00 0.450E+00 0.108E-02 0.678E-04 0.108E-02 0.674E-04
      2       1       2   16381       4       4 0.202E+01 0.203E+01 0.218E+01 0.227E+01 0.117E-01 0.730E-03 0.121E-01 0.758E-03
      2       1       2    2053       4       4 0.171E+01 0.172E+01 0.175E+01 0.175E+01 0.193E-02 0.120E-03 0.193E-02 0.120E-03
      2       1       2     257       4       4 0.103E+00 0.104E+00 0.105E+00 0.107E+00 0.469E-03 0.293E-04 0.423E-03 0.264E-04
      2       1       2    4099       4       4 0.230E+01 0.231E+01 0.232E+01 0.236E+01 0.402E-02 0.251E-03 0.384E-02 0.240E-03
      2       1       2     509       4       4 0.206E+00 0.207E+00 0.215E+00 0.215E+00 0.606E-03 0.379E-04 0.587E-03 0.367E-04
      2       1       2    8191       4       4 0.103E+01 0.105E+01 0.113E+01 0.114E+01 0.600E-02 0.375E-03 0.609E-02 0.381E-03
      2       1      24    1021       4       4 0.106E+01 0.110E+01 0.120E+01 0.121E+01 0.304E-01 0.190E-02 0.195E-02 0.122E-03
      2       1      24   16381       4       4 0.364E+01 0.367E+01 0.381E+01 0.390E+01 0.152E-01 0.953E-03 0.149E-01 0.929E-03
      2       1      24    2053       4       4 0.373E+01 0.376E+01 0.383E+01 0.386E+01 0.120E-01 0.748E-03 0.490E-02 0.306E-03
      2       1      24     257       4       4 0.203E+00 0.220E+00 0.211E+00 0.217E+00 0.779E-03 0.487E-04 0.738E-03 0.461E-04
      2       1      24    4099       4       4 0.435E+01 0.443E+01 0.443E+01 0.448E+01 0.120E-01 0.753E-03 0.668E-02 0.418E-03
      2       1      24     509       4       4 0.374E+00 0.379E+00 0.412E+00 0.420E+00 0.133E-02 0.833E-04 0.119E-02 0.745E-04
      2       1      24    8191       4       4 0.230E+01 0.233E+01 0.244E+01 0.254E+01 0.151E-01 0.947E-03 0.960E-02 0.600E-03
      2       1       4    1021       4       4 0.550E+00 0.553E+00 0.603E+00 0.609E+00 0.146E-02 0.913E-04 0.145E-02 0.907E-04
      2       1       4   16381       4       4 0.227E+01 0.229E+01 0.248E+01 0.250E+01 0.126E-01 0.788E-03 0.132E-01 0.824E-03
      2       1       4    2053       4       4 0.206E+01 0.207E+01 0.214E+01 0.216E+01 0.275E-02 0.172E-03 0.269E-02 0.168E-03
      2       1       4     257       4       4 0.123E+00 0.130E+00 0.125E+00 0.135E+00 0.422E-03 0.263E-04 0.426E-03 0.266E-04
      2       1       4    4099       4       4 0.258E+01 0.261E+01 0.263E+01 0.265E+01 0.479E-02 0.299E-03 0.485E-02 0.303E-03
      2       1       4     509       4       4 0.244E+00 0.245E+00 0.261E+00 0.262E+00 0.275E-02 0.172E-03 0.869E-03 0.543E-04
      2       1       4    8191       4       4 0.122E+01 0.123E+01 0.131E+01 0.135E+01 0.728E-02 0.455E-03 0.729E-02 0.456E-03
      2       1       8    1021       4       4 0.734E+00 0.743E+00 0.798E+00 0.808E+00 0.156E-02 0.972E-04 0.149E-02 0.934E-04
      2       1       8   16381       4       4 0.252E+01 0.257E+01 0.272E+01 0.276E+01 0.132E-01 0.825E-03 0.130E-01 0.812E-03
      2       1       8    2053       4       4 0.247E+01 0.249E+01 0.259E+01 0.260E+01 0.309E-02 0.193E-03 0.310E-02 0.194E-03
      2       1       8     257       4       4 0.127E+00 0.130E+00 0.128E+00 0.129E+00 0.477E-03 0.298E-04 0.464E-03 0.290E-04
      2       1       8    4099       4       4 0.294E+01 0.298E+01 0.307E+01 0.313E+01 0.700E-02 0.438E-03 0.507E-02 0.317E-03
      2       1       8     509       4       4 0.273E+00 0.280E+00 0.294E+00 0.315E+00 0.879E-03 0.549E-04 0.825E-03 0.516E-04
      2       1       8    8191       4       4 0.146E+01 0.147E+01 0.153E+01 0.160E+01 0.764E-02 0.477E-03 0.746E-02 0.467E-03
      3       1       1    1021       4       4 0.764E-03 0.286E-02 0.787E-04 0.930E-04 0.411E-03 0.257E-04 0.363E-03 0.227E-04
      3       1       1 1048573       4       4 0.141E+00 0.144E+00 0.139E+00 0.141E+00 0.124E+01 0.778E-01 0.125E+01 0.783E-01
      3       1       1  131071       4       4 0.143E-01 0.181E-01 0.132E-01 0.139E-01 0.110E+00 0.686E-02 0.109E+00 0.684E-02
      3       1       1   16381       4       4 0.220E-02 0.412E-02 0.159E-02 0.167E-02 0.107E-01 0.668E-03 0.103E-01 0.642E-03
      3       1       1    2053       4       4 0.868E-03 0.285E-02 0.181E-03 0.194E-03 0.123E-02 0.771E-04 0.125E-02 0.782E-04
      3       1       1     257       4       4 0.798E-03 0.312E-02 0.203E-04 0.300E-04 0.132E-03 0.824E-05 0.113E-03 0.706E-05
      3       1       1  262147       4       4 0.447E-01 0.503E-01 0.438E-01 0.466E-01 0.510E+00 0.319E-01 0.502E+00 0.314E-01
      3       1       1   32771       4       4 0.658E-02 0.103E-01 0.529E-02 0.631E-02 0.457E-01 0.286E-02 0.444E-01 0.278E-02
      3       1       1    4099       4       4 0.141E-02 0.352E-02 0.609E-03 0.680E-03 0.432E-02 0.270E-03 0.413E-02 0.258E-03
      3       1       1     509       4       4 0.741E-03 0.288E-02 0.327E-04 0.460E-04 0.164E-03 0.103E-04 0.144E-03 0.903E-05
      3       1       1  524287       4       4 0.622E-01 0.676E-01 0.595E-01 0.612E-01 0.535E+00 0.334E-01 0.530E+00 0.331E-01
      3       1       1   65537       4       4 0.101E-01 0.140E-01 0.972E-02 0.104E-01 0.106E+00 0.666E-02 0.108E+00 0.674E-02
      3       1       1    8191       4       4 0.139E-02 0.332E-02 0.862E-03 0.918E-03 0.466E-02 0.291E-03 0.460E-02 0.288E-03
      3       1      12    1021       4       4 0.349E-02 0.138E-01 0.836E-04 0.124E-03 0.424E-03 0.265E-04 0.380E-03 0.237E-04
      3       1      12 1048573       4       4 0.148E+00 0.163E+00 0.139E+00 0.142E+00 0.128E+01 0.799E-01 0.128E+01 0.797E-01
      3       1      12  131071       4       4 0.173E-01 0.300E-01 0.135E-01 0.139E-01 0.113E+00 0.707E-02 0.114E+00 0.714E-02
      3       1      12   16381       4       4 0.601E-02 0.192E-01 0.157E-02 0.172E-02 0.107E-01 0.667E-03 0.110E-01 0.684E-03
      3       1      12    2053       4       4 0.559E-02 0.217E-01 0.199E-03 0.205E-03 0.128E-02 0.798E-04 0.129E-02 0.808E-04
      3       1      12     257       4       4 0.535E-02 0.214E-01 0.225E-04 0.339E-04 0.132E-03 0.824E-05 0.120E-03 0.751E-05
      3       1      12  262147       4       4 0.458E-01 0.521E-01 0.449E-01 0.470E-01 0.532E+00 0.332E-01 0.527E+00 0.329E-01
      3       1      12   32771       4       4 0.101E-01 0.238E-01 0.542E-02 0.657E-02 0.473E-01 0.296E-02 0.464E-01 0.290E-02
      3       1      12    4099       4       4 0.417E-02 0.144E-01 0.776E-03 0.920E-03 0.536E-02 0.335E-03 0.516E-02 0.322E-03
      3       1      12     509       4       4 0.538E-02 0.214E-01 0.360E-04 0.541E-04 0.193E-03 0.120E-04 0.169E-03 0.106E-04
      3       1      12  524287       4       4 0.627E-01 0.667E-01 0.600E-01 0.604E-01 0.553E+00 0.346E-01 0.551E+00 0.345E-01
      3       1      12   65537       4       4 0.115E-01 0.191E-01 0.950E-02 0.105E-01 0.113E+00 0.709E-02 0.114E+00 0.711E-02
      3       1      12    8191       4       4 0.387E-02 0.132E-01 0.816E-03 0.835E-03 0.500E-02 0.312E-03 0.495E-02 0.309E-03
      3       1      16    1021       4       4 0.438E-02 0.173E-01 0.833E-04 0.123E-03 0.452E-03 0.283E-04 0.392E-03 0.245E-04
      3       1      16 1048573       4       4 0.147E+00 0.159E+00 0.140E+00 0.142E+00 0.128E+01 0.801E-01 0.128E+01 0.800E-01
      3       1      16  131071       4       4 0.173E-01 0.300E-01 0.138E-01 0.140E-01 0.114E+00 0.713E-02 0.115E+00 0.719E-02
      3       1      16   16381       4       4 0.500E-02 0.150E-01 0.165E-02 0.175E-02 0.108E-01 0.675E-03 0.110E-01 0.685E-03
      3       1      16    2053       4       4 0.457E-02 0.176E-01 0.213E-03 0.235E-03 0.130E-02 0.811E-04 0.125E-02 0.779E-04
      3       1      16     257       4       4 0.417E-02 0.166E-01 0.320E-04 0.410E-04 0.192E-03 0.120E-04 0.180E-03 0.113E-04
      3       1      16  262147       4       4 0.474E-01 0.581E-01 0.450E-01 0.473E-01 0.534E+00 0.333E-01 0.528E+00 0.330E-01
      3       1      16   32771       4       4 0.110E-01 0.275E-01 0.540E-02 0.659E-02 0.481E-01 0.301E-02 0.470E-01 0.294E-02
      3       1      16    4099       4       4 0.700E-02 0.260E-01 0.647E-03 0.751E-03 0.474E-02 0.296E-03 0.462E-02 0.289E-03
      3       1      16     509       4       4 0.454E-02 0.180E-01 0.525E-04 0.849E-04 0.264E-03 0.165E-04 0.235E-03 0.147E-04
      3       1      16  524287       4       4 0.677E-01 0.862E-01 0.606E-01 0.620E-01 0.552E+00 0.345E-01 0.552E+00 0.345E-01
      3       1      16   65537       4       4 0.134E-01 0.267E-01 0.955E-02 0.108E-01 0.114E+00 0.710E-02 0.114E+00 0.712E-02
      3       1      16    8191       4       4 0.817E-02 0.302E-01 0.809E-03 0.846E-03 0.502E-02 0.314E-03 0.496E-02 0.310E-03
      3       1       2    1021       4       4 0.334E-02 0.132E-01 0.774E-04 0.113E-03 0.456E-03 0.285E-04 0.376E-03 0.235E-04
      3       1       2 1048573       4       4 0.142E+00 0.148E+00 0.138E+00 0.140E+00 0.123E+01 0.772E-01 0.125E+01 0.779E-01
      3       1       2  131071       4       4 0.145E-01 0.192E-01 0.134E-01 0.136E-01 0.108E+00 0.676E-02 0.109E+00 0.683E-02
      3       1       2   16381       4       4 0.441E-02 0.127E-01 0.162E-02 0.186E-02 0.104E-01 0.650E-03 0.106E-01 0.661E-03
      3       1       2    2053       4       4 0.319E-02 0.122E-01 0.217E-03 0.254E-03 0.133E-02 0.828E-04 0.125E-02 0.784E-04
      3       1       2     257       4       4 0.566E-03 0.221E-02 0.190E-04 0.279E-04 0.116E-03 0.726E-05 0.889E-04 0.556E-05
      3       1       2  262147       4       4 0.451E-01 0.531E-01 0.438E-01 0.461E-01 0.510E+00 0.318E-01 0.501E+00 0.313E-01
      3       1       2   32771       4       4 0.886E-02 0.196E-01 0.526E-02 0.653E-02 0.455E-01 0.284E-02 0.447E-01 0.279E-02
      3       1       2    4099       4       4 0.387E-02 0.134E-01 0.596E-03 0.628E-03 0.447E-02 0.279E-03 0.442E-02 0.276E-03
      3       1       2     509       4       4 0.615E-03 0.238E-02 0.312E-04 0.470E-04 0.166E-03 0.104E-04 0.140E-03 0.878E-05
      3       1       2  524287       4       4 0.621E-01 0.686E-01 0.589E-01 0.602E-01 0.529E+00 0.331E-01 0.527E+00 0.329E-01
      3       1       2   65537       4       4 0.117E-01 0.205E-01 0.944E-02 0.105E-01 0.108E+00 0.674E-02 0.108E+00 0.675E-02
      3       1       2    8191       4       4 0.373E-02 0.128E-01 0.774E-03 0.826E-03 0.496E-02 0.310E-03 0.493E-02 0.308E-03
      3       1      24    1021       4       4 0.412E-02 0.163E-01 0.862E-04 0.122E-03 0.449E-03 0.281E-04 0.409E-03 0.256E-04
      3       1      24 1048573       4       4 0.146E+00 0.158E+00 0.140E+00 0.142E+00 0.128E+01 0.801E-01 0.128E+01 0.800E-01
      3       1      24  131071       4       4 0.182E-01 0.338E-01 0.135E-01 0.138E-01 0.113E+00 0.706E-02 0.114E+00 0.713E-02
      3       1      24   16381       4       4 0.574E-02 0.180E-01 0.162E-02 0.175E-02 0.109E-01 0.684E-03 0.111E-01 0.691E-03
      3       1      24    2053       4       4 0.443E-02 0.171E-01 0.208E-03 0.220E-03 0.133E-02 0.833E-04 0.130E-02 0.814E-04
      3       1      24     257       4       4 0.294E-02 0.117E-01 0.299E-04 0.648E-04 0.149E-03 0.928E-05 0.110E-03 0.688E-05
      3       1      24  262147       4       4 0.477E-01 0.599E-01 0.447E-01 0.470E-01 0.532E+00 0.332E-01 0.526E+00 0.329E-01
      3       1      24   32771       4       4 0.109E-01 0.261E-01 0.620E-02 0.871E-02 0.522E-01 0.326E-02 0.512E-01 0.320E-02
      3       1      24    4099       4       4 0.388E-02 0.136E-01 0.679E-03 0.715E-03 0.474E-02 0.297E-03 0.464E-02 0.290E-03
      3       1      24     509       4       4 0.399E-02 0.159E-01 0.440E-04 0.839E-04 0.202E-03 0.126E-04 0.172E-03 0.107E-04
      3       1      24  524287       4       4 0.656E-01 0.782E-01 0.603E-01 0.615E-01 0.555E+00 0.347E-01 0.554E+00 0.346E-01
      3       1      24   65537       4       4 0.132E-01 0.261E-01 0.952E-02 0.108E-01 0.114E+00 0.715E-02 0.115E+00 0.717E-02
      3       1      24    8191       4       4 0.651E-02 0.226E-01 0.110E-02 0.119E-02 0.640E-02 0.400E-03 0.623E-02 0.389E-03
      3       1       4    1021       4       4 0.466E-02 0.185E-01 0.738E-04 0.980E-04 0.384E-03 0.240E-04 0.361E-03 0.226E-04
      3       1       4 1048573       4       4 0.145E+00 0.151E+00 0.141E+00 0.144E+00 0.125E+01 0.784E-01 0.126E+01 0.785E-01
      3       1       4  131071       4       4 0.171E-01 0.295E-01 0.133E-01 0.141E-01 0.111E+00 0.695E-02 0.111E+00 0.696E-02
      3       1       4   16381       4       4 0.500E-02 0.155E-01 0.152E-02 0.160E-02 0.107E-01 0.670E-03 0.106E-01 0.665E-03
      3       1       4    2053       4       4 0.564E-02 0.219E-01 0.188E-03 0.209E-03 0.124E-02 0.777E-04 0.123E-02 0.771E-04
      3       1       4     257       4       4 0.445E-02 0.177E-01 0.200E-04 0.310E-04 0.118E-03 0.738E-05 0.908E-04 0.568E-05
      3       1       4  262147       4       4 0.486E-01 0.651E-01 0.443E-01 0.466E-01 0.517E+00 0.323E-01 0.510E+00 0.319E-01
      3       1       4   32771       4       4 0.947E-02 0.213E-01 0.574E-02 0.652E-02 0.471E-01 0.294E-02 0.460E-01 0.287E-02
      3       1       4    4099       4       4 0.476E-02 0.174E-01 0.603E-03 0.680E-03 0.471E-02 0.295E-03 0.471E-02 0.294E-03
      3       1       4     509       4       4 0.358E-02 0.142E-01 0.322E-04 0.479E-04 0.175E-03 0.109E-04 0.151E-03 0.945E-05
      3       1       4  524287       4       4 0.632E-01 0.709E-01 0.595E-01 0.611E-01 0.536E+00 0.335E-01 0.534E+00 0.334E-01
      3       1       4   65537       4       4 0.118E-01 0.208E-01 0.941E-02 0.104E-01 0.110E+00 0.685E-02 0.110E+00 0.687E-02
      3       1       4    8191       4       4 0.528E-02 0.186E-01 0.881E-03 0.958E-03 0.467E-02 0.292E-03 0.468E-02 0.292E-03
      3       1       8    1021       4       4 0.829E-02 0.330E-01 0.735E-04 0.104E-03 0.409E-03 0.255E-04 0.378E-03 0.236E-04
      3       1       8 1048573       4       4 0.149E+00 0.161E+00 0.142E+00 0.144E+00 0.127E+01 0.796E-01 0.127E+01 0.796E-01
      3       1       8  131071       4       4 0.170E-01 0.291E-01 0.137E-01 0.143E-01 0.112E+00 0.697E-02 0.113E+00 0.703E-02
      3       1       8   16381       4       4 0.818E-02 0.275E-01 0.182E-02 0.199E-02 0.107E-01 0.670E-03 0.109E-01 0.682E-03
      3       1       8    2053       4       4 0.668E-02 0.258E-01 0.263E-03 0.287E-03 0.168E-02 0.105E-03 0.162E-02 0.101E-03
      3       1       8     257       4       4 0.640E-02 0.255E-01 0.212E-04 0.329E-04 0.127E-03 0.791E-05 0.101E-03 0.630E-05
      3       1       8  262147       4       4 0.483E-01 0.629E-01 0.447E-01 0.471E-01 0.528E+00 0.330E-01 0.523E+00 0.327E-01
      3       1       8   32771       4       4 0.118E-01 0.310E-01 0.533E-02 0.650E-02 0.474E-01 0.296E-02 0.465E-01 0.291E-02
      3       1       8    4099       4       4 0.701E-02 0.263E-01 0.624E-03 0.679E-03 0.471E-02 0.294E-03 0.474E-02 0.296E-03
      3       1       8     509       4       4 0.635E-02 0.253E-01 0.367E-04 0.620E-04 0.185E-03 0.115E-04 0.163E-03 0.102E-04
      3       1       8  524287       4       4 0.642E-01 0.718E-01 0.605E-01 0.619E-01 0.547E+00 0.342E-01 0.545E+00 0.340E-01
      3       1       8   65537       4       4 0.167E-01 0.369E-01 0.101E-01 0.106E-01 0.114E+00 0.714E-02 0.112E+00 0.703E-02
      3       1       8    8191       4       4 0.798E-02 0.295E-01 0.839E-03 0.858E-03 0.483E-02 0.302E-03 0.483E-02 0.302E-03
