      2       1       1    1021       4       4 0.187E+00 0.188E+00 0.106E-03 0.106E-03 0.386E-03 0.241E-04 0.371E-03 0.232E-04
      2       1       1   16381       4       4 0.157E+01 0.157E+01 0.120E-02 0.130E-02 0.127E-01 0.791E-03 0.121E-01 0.758E-03
      2       1       1    2053       4       4 0.953E+00 0.954E+00 0.215E-03 0.227E-03 0.110E-02 0.690E-04 0.102E-02 0.637E-04
      2       1       1     257       4       4 0.217E+00 0.217E+00 0.673E-01 0.675E-01 0.101E-03 0.632E-05 0.958E-04 0.599E-05
      2       1       1    4099       4       4 0.169E+01 0.171E+01 0.369E-03 0.391E-03 0.249E-02 0.156E-03 0.239E-02 0.149E-03
      2       1       1     509       4       4 0.135E+00 0.136E+00 0.821E-04 0.832E-04 0.174E-03 0.109E-04 0.169E-03 0.106E-04
      2       1       1    8191       4       4 0.884E+00 0.889E+00 0.480E-03 0.494E-03 0.494E-02 0.309E-03 0.479E-02 0.299E-03
      2       1      12    1021       4       4 0.422E+00 0.478E+00 0.142E-03 0.147E-03 0.117E-02 0.733E-04 0.113E-02 0.705E-04
      2       1      12   16381       4       4 0.152E+01 0.160E+01 0.179E-02 0.193E-02 0.144E-01 0.901E-03 0.106E-01 0.662E-03
      2       1      12    2053       4       4 0.172E+01 0.179E+01 0.561E-03 0.673E-03 0.276E-02 0.173E-03 0.271E-02 0.169E-03
      2       1      12     257       4       4 0.509E+00 0.550E+00 0.538E+00 0.598E+00 0.711E-03 0.444E-04 0.719E-03 0.450E-04
      2       1      12    4099       4       4 0.258E+01 0.273E+01 0.886E-03 0.923E-03 0.185E-01 0.115E-02 0.436E-02 0.273E-03
      2       1      12     509       4       4 0.317E+00 0.345E+00 0.119E-03 0.128E-03 0.844E-03 0.527E-04 0.818E-03 0.511E-04
      2       1      12    8191       4       4 0.109E+01 0.114E+01 0.123E-02 0.137E-02 0.748E-02 0.467E-03 0.723E-02 0.452E-03
      2       1      16    1021       4       4 0.381E+00 0.382E+00 0.163E-03 0.190E-03 0.117E-02 0.729E-04 0.113E-02 0.706E-04
      2       1      16   16381       4       4 0.140E+01 0.153E+01 0.165E-02 0.180E-02 0.117E-01 0.733E-03 0.101E-01 0.628E-03
      2       1      16    2053       4       4 0.189E+01 0.194E+01 0.524E-03 0.572E-03 0.605E-02 0.378E-03 0.327E-02 0.205E-03
      2       1      16     257       4       4 0.598E+00 0.623E+00 0.640E+00 0.671E+00 0.465E-02 0.291E-03 0.945E-03 0.591E-04
      2       1      16    4099       4       4 0.279E+01 0.289E+01 0.105E-02 0.121E-02 0.659E-02 0.412E-03 0.465E-02 0.290E-03
      2       1      16     509       4       4 0.282E+00 0.287E+00 0.130E-03 0.137E-03 0.874E-03 0.546E-04 0.857E-03 0.536E-04
      2       1      16    8191       4       4 0.114E+01 0.120E+01 0.971E-03 0.106E-02 0.694E-02 0.434E-03 0.704E-02 0.440E-03
      2       1       2    1021       4       4 0.217E+00 0.233E+00 0.143E-03 0.177E-03 0.837E-03 0.523E-04 0.821E-03 0.513E-04
      2       1       2   16381       4       4 0.152E+01 0.157E+01 0.109E-02 0.115E-02 0.100E-01 0.627E-03 0.961E-02 0.601E-03
      2       1       2    2053       4       4 0.990E+00 0.993E+00 0.271E-03 0.275E-03 0.144E-02 0.898E-04 0.141E-02 0.884E-04
      2       1       2     257       4       4 0.260E+00 0.261E+00 0.177E+00 0.275E+00 0.465E-03 0.291E-04 0.459E-03 0.287E-04
      2       1       2    4099       4       4 0.171E+01 0.171E+01 0.416E-03 0.442E-03 0.274E-02 0.171E-03 0.269E-02 0.168E-03
      2       1       2     509       4       4 0.173E+00 0.189E+00 0.817E-04 0.849E-04 0.425E-03 0.266E-04 0.425E-03 0.266E-04
      2       1       2    8191       4       4 0.925E+00 0.981E+00 0.648E-03 0.675E-03 0.571E-02 0.357E-03 0.559E-02 0.349E-03
      2       1      24    1021       4       4 0.538E+00 0.574E+00 0.186E-03 0.242E-03 0.481E-02 0.301E-03 0.206E-02 0.129E-03
      2       1      24   16381       4       4 0.180E+01 0.184E+01 0.200E-02 0.211E-02 0.165E-01 0.103E-02 0.129E-01 0.806E-03
      2       1      24    2053       4       4 0.224E+01 0.235E+01 0.631E-03 0.688E-03 0.141E-01 0.880E-03 0.466E-02 0.291E-03
      2       1      24     257       4       4 0.718E+00 0.757E+00 0.745E+00 0.787E+00 0.481E-02 0.301E-03 0.103E-02 0.642E-04
      2       1      24    4099       4       4 0.347E+01 0.355E+01 0.103E-02 0.115E-02 0.129E-01 0.808E-03 0.595E-02 0.372E-03
      2       1      24     509       4       4 0.414E+00 0.427E+00 0.129E-03 0.133E-03 0.114E-02 0.711E-04 0.107E-02 0.666E-04
      2       1      24    8191       4       4 0.137E+01 0.142E+01 0.141E-02 0.178E-02 0.140E-01 0.876E-03 0.789E-02 0.493E-03
      2       1       4    1021       4       4 0.275E+00 0.284E+00 0.119E-03 0.123E-03 0.876E-03 0.547E-04 0.824E-03 0.515E-04
      2       1       4   16381       4       4 0.142E+01 0.145E+01 0.125E-02 0.128E-02 0.957E-02 0.598E-03 0.904E-02 0.565E-03
      2       1       4    2053       4       4 0.118E+01 0.119E+01 0.399E-03 0.430E-03 0.211E-02 0.132E-03 0.205E-02 0.128E-03
      2       1       4     257       4       4 0.344E+00 0.364E+00 0.369E+00 0.384E+00 0.683E-03 0.427E-04 0.681E-03 0.426E-04
      2       1       4    4099       4       4 0.191E+01 0.196E+01 0.571E-03 0.590E-03 0.298E-02 0.186E-03 0.280E-02 0.175E-03
      2       1       4     509       4       4 0.210E+00 0.222E+00 0.943E-04 0.961E-04 0.560E-03 0.350E-04 0.542E-03 0.339E-04
      2       1       4    8191       4       4 0.911E+00 0.924E+00 0.734E-03 0.761E-03 0.493E-02 0.308E-03 0.483E-02 0.302E-03
      2       1       8    1021       4       4 0.332E+00 0.356E+00 0.137E-03 0.153E-03 0.962E-03 0.602E-04 0.928E-03 0.580E-04
      2       1       8   16381       4       4 0.148E+01 0.150E+01 0.142E-02 0.148E-02 0.107E-01 0.666E-03 0.105E-01 0.653E-03
      2       1       8    2053       4       4 0.139E+01 0.144E+01 0.466E-03 0.538E-03 0.266E-02 0.166E-03 0.252E-02 0.158E-03
      2       1       8     257       4       4 0.465E+00 0.502E+00 0.487E+00 0.527E+00 0.269E-02 0.168E-03 0.829E-03 0.518E-04
      2       1       8    4099       4       4 0.232E+01 0.237E+01 0.736E-03 0.823E-03 0.383E-02 0.240E-03 0.371E-02 0.232E-03
      2       1       8     509       4       4 0.246E+00 0.269E+00 0.105E-03 0.111E-03 0.653E-03 0.408E-04 0.654E-03 0.408E-04
      2       1       8    8191       4       4 0.975E+00 0.102E+01 0.894E-03 0.976E-03 0.486E-02 0.304E-03 0.475E-02 0.297E-03
      2      16       1    1021       4       4 0.197E+00 0.200E+00 0.376E-03 0.462E-03 0.454E-03 0.284E-04 0.437E-03 0.273E-04
      2      16       1   16381       4       4 0.178E+01 0.179E+01 0.184E-02 0.204E-02 0.162E-01 0.101E-02 0.162E-01 0.101E-02
      2      16       1    2053       4       4 0.102E+01 0.102E+01 0.505E-03 0.578E-03 0.128E-02 0.800E-04 0.121E-02 0.758E-04
      2      16       1     257       4       4 0.230E+00 0.245E+00 0.698E-01 0.702E-01 0.127E-03 0.793E-05 0.122E-03 0.763E-05
      2      16       1    4099       4       4 0.184E+01 0.185E+01 0.685E-03 0.755E-03 0.289E-02 0.180E-03 0.276E-02 0.173E-03
      2      16       1     509       4       4 0.143E+00 0.155E+00 0.311E-03 0.369E-03 0.209E-03 0.131E-04 0.202E-03 0.126E-04
      2      16       1    8191       4       4 0.100E+01 0.101E+01 0.910E-03 0.995E-03 0.564E-02 0.352E-03 0.556E-02 0.348E-03
      2       2       1    1021       4       4 0.189E+00 0.193E+00 0.238E-03 0.273E-03 0.393E-03 0.245E-04 0.372E-03 0.233E-04
      2       2       1   16381       4       4 0.158E+01 0.160E+01 0.156E-02 0.158E-02 0.138E-01 0.865E-03 0.135E-01 0.846E-03
      2       2       1    2053       4       4 0.958E+00 0.962E+00 0.357E-03 0.390E-03 0.107E-02 0.667E-04 0.103E-02 0.643E-04
      2       2       1     257       4       4 0.219E+00 0.221E+00 0.678E-01 0.679E-01 0.112E-03 0.700E-05 0.104E-03 0.648E-05
      2       2       1    4099       4       4 0.170E+01 0.173E+01 0.551E-03 0.607E-03 0.282E-02 0.176E-03 0.262E-02 0.164E-03
      2       2       1     509       4       4 0.136E+00 0.139E+00 0.218E-03 0.271E-03 0.182E-03 0.114E-04 0.173E-03 0.108E-04
      2       2       1    8191       4       4 0.899E+00 0.948E+00 0.707E-03 0.778E-03 0.485E-02 0.303E-03 0.477E-02 0.298E-03
      2       2      12    1021       4       4 0.487E+00 0.504E+00 0.325E-03 0.402E-03 0.429E-02 0.268E-03 0.147E-02 0.916E-04
      2       2      12   16381       4       4 0.159E+01 0.166E+01 0.224E-02 0.235E-02 0.138E-01 0.862E-03 0.116E-01 0.724E-03
      2       2      12    2053       4       4 0.173E+01 0.184E+01 0.754E-03 0.850E-03 0.693E-02 0.433E-03 0.321E-02 0.200E-03
      2       2      12     257       4       4 0.582E+00 0.589E+00 0.576E+00 0.582E+00 0.866E-03 0.542E-04 0.831E-03 0.519E-04
      2       2      12    4099       4       4 0.253E+01 0.260E+01 0.103E-02 0.105E-02 0.211E-01 0.132E-02 0.474E-02 0.296E-03
      2       2      12     509       4       4 0.325E+00 0.348E+00 0.264E-03 0.319E-03 0.855E-03 0.534E-04 0.829E-03 0.518E-04
      2       2      12    8191       4       4 0.111E+01 0.114E+01 0.118E-02 0.127E-02 0.261E-01 0.163E-02 0.844E-02 0.527E-03
      2       2       2    1021       4       4 0.220E+00 0.239E+00 0.270E-03 0.310E-03 0.813E-03 0.508E-04 0.806E-03 0.504E-04
      2       2       2   16381       4       4 0.146E+01 0.148E+01 0.138E-02 0.149E-02 0.858E-02 0.536E-03 0.788E-02 0.493E-03
      2       2       2    2053       4       4 0.996E+00 0.100E+01 0.427E-03 0.466E-03 0.148E-02 0.922E-04 0.143E-02 0.896E-04
      2       2       2     257       4       4 0.268E+00 0.288E+00 0.232E+00 0.298E+00 0.535E-03 0.335E-04 0.536E-03 0.335E-04
      2       2       2    4099       4       4 0.171E+01 0.171E+01 0.585E-03 0.617E-03 0.283E-02 0.177E-03 0.278E-02 0.174E-03
      2       2       2     509       4       4 0.171E+00 0.190E+00 0.212E-03 0.247E-03 0.443E-03 0.277E-04 0.434E-03 0.271E-04
      2       2       2    8191       4       4 0.871E+00 0.925E+00 0.791E-03 0.868E-03 0.473E-02 0.295E-03 0.453E-02 0.283E-03
      2       2       4    1021       4       4 0.277E+00 0.289E+00 0.262E-03 0.309E-03 0.932E-03 0.583E-04 0.940E-03 0.588E-04
      2       2       4   16381       4       4 0.148E+01 0.151E+01 0.162E-02 0.175E-02 0.101E-01 0.632E-03 0.970E-02 0.606E-03
      2       2       4    2053       4       4 0.121E+01 0.124E+01 0.555E-03 0.622E-03 0.202E-02 0.127E-03 0.198E-02 0.124E-03
      2       2       4     257       4       4 0.358E+00 0.375E+00 0.383E+00 0.387E+00 0.752E-03 0.470E-04 0.730E-03 0.456E-04
      2       2       4    4099       4       4 0.195E+01 0.202E+01 0.764E-03 0.869E-03 0.332E-02 0.207E-03 0.315E-02 0.197E-03
      2       2       4     509       4       4 0.206E+00 0.214E+00 0.220E-03 0.264E-03 0.543E-03 0.339E-04 0.526E-03 0.329E-04
      2       2       4    8191       4       4 0.906E+00 0.916E+00 0.936E-03 0.109E-02 0.499E-02 0.312E-03 0.480E-02 0.300E-03
      2       2       8    1021       4       4 0.332E+00 0.357E+00 0.281E-03 0.331E-03 0.891E-03 0.557E-04 0.876E-03 0.548E-04
      2       2       8   16381       4       4 0.137E+01 0.144E+01 0.166E-02 0.172E-02 0.821E-02 0.513E-03 0.810E-02 0.507E-03
      2       2       8    2053       4       4 0.144E+01 0.153E+01 0.618E-03 0.643E-03 0.452E-02 0.282E-03 0.251E-02 0.157E-03
      2       2       8     257       4       4 0.475E+00 0.492E+00 0.508E+00 0.529E+00 0.880E-03 0.550E-04 0.854E-03 0.534E-04
      2       2       8    4099       4       4 0.221E+01 0.228E+01 0.926E-03 0.984E-03 0.355E-02 0.222E-03 0.343E-02 0.214E-03
      2       2       8     509       4       4 0.240E+00 0.243E+00 0.226E-03 0.269E-03 0.603E-03 0.377E-04 0.592E-03 0.370E-04
      2       2       8    8191       4       4 0.932E+00 0.971E+00 0.112E-02 0.118E-02 0.521E-02 0.326E-03 0.516E-02 0.323E-03
      2       4       1    1021       4       4 0.191E+00 0.194E+00 0.262E-03 0.297E-03 0.414E-03 0.259E-04 0.390E-03 0.244E-04
      2       4       1   16381       4       4 0.161E+01 0.161E+01 0.153E-02 0.166E-02 0.134E-01 0.839E-03 0.133E-01 0.831E-03
      2       4       1    2053       4       4 0.967E+00 0.973E+00 0.374E-03 0.434E-03 0.112E-02 0.701E-04 0.108E-02 0.673E-04
      2       4       1     257       4       4 0.228E+00 0.231E+00 0.705E-01 0.719E-01 0.160E-03 0.100E-04 0.115E-03 0.718E-05
      2       4       1    4099       4       4 0.172E+01 0.172E+01 0.626E-03 0.692E-03 0.261E-02 0.163E-03 0.252E-02 0.157E-03
      2       4       1     509       4       4 0.137E+00 0.143E+00 0.230E-03 0.263E-03 0.182E-03 0.114E-04 0.178E-03 0.111E-04
      2       4       1    8191       4       4 0.912E+00 0.919E+00 0.737E-03 0.813E-03 0.501E-02 0.313E-03 0.495E-02 0.309E-03
      2       4       2    1021       4       4 0.222E+00 0.224E+00 0.301E-03 0.343E-03 0.874E-03 0.546E-04 0.861E-03 0.538E-04
      2       4       2   16381       4       4 0.156E+01 0.157E+01 0.151E-02 0.168E-02 0.108E-01 0.675E-03 0.105E-01 0.657E-03
      2       4       2    2053       4       4 0.105E+01 0.111E+01 0.468E-03 0.513E-03 0.162E-02 0.101E-03 0.155E-02 0.968E-04
      2       4       2     257       4       4 0.271E+00 0.274E+00 0.131E+00 0.278E+00 0.497E-03 0.311E-04 0.490E-03 0.306E-04
      2       4       2    4099       4       4 0.175E+01 0.177E+01 0.623E-03 0.680E-03 0.286E-02 0.179E-03 0.280E-02 0.175E-03
      2       4       2     509       4       4 0.171E+00 0.186E+00 0.224E-03 0.266E-03 0.457E-03 0.285E-04 0.451E-03 0.282E-04
      2       4       2    8191       4       4 0.916E+00 0.928E+00 0.871E-03 0.910E-03 0.516E-02 0.323E-03 0.501E-02 0.313E-03
      2       4       4    1021       4       4 0.306E+00 0.308E+00 0.296E-03 0.345E-03 0.979E-03 0.612E-04 0.951E-03 0.595E-04
      2       4       4   16381       4       4 0.146E+01 0.158E+01 0.161E-02 0.174E-02 0.104E-01 0.650E-03 0.101E-01 0.633E-03
      2       4       4    2053       4       4 0.122E+01 0.123E+01 0.576E-03 0.645E-03 0.213E-02 0.133E-03 0.207E-02 0.129E-03
      2       4       4     257       4       4 0.364E+00 0.393E+00 0.376E+00 0.388E+00 0.731E-03 0.457E-04 0.736E-03 0.460E-04
      2       4       4    4099       4       4 0.202E+01 0.205E+01 0.818E-03 0.876E-03 0.359E-02 0.224E-03 0.344E-02 0.215E-03
      2       4       4     509       4       4 0.218E+00 0.228E+00 0.266E-03 0.312E-03 0.670E-03 0.419E-04 0.657E-03 0.411E-04
      2       4       4    8191       4       4 0.900E+00 0.912E+00 0.929E-03 0.983E-03 0.478E-02 0.299E-03 0.460E-02 0.287E-03
      2       8       1    1021       4       4 0.197E+00 0.202E+00 0.311E-03 0.376E-03 0.449E-03 0.280E-04 0.422E-03 0.264E-04
      2       8       1   16381       4       4 0.169E+01 0.170E+01 0.155E-02 0.172E-02 0.126E-01 0.790E-03 0.121E-01 0.754E-03
      2       8       1    2053       4       4 0.993E+00 0.996E+00 0.419E-03 0.462E-03 0.121E-02 0.755E-04 0.112E-02 0.701E-04
      2       8       1     257       4       4 0.226E+00 0.231E+00 0.699E-01 0.712E-01 0.131E-03 0.817E-05 0.115E-03 0.720E-05
      2       8       1    4099       4       4 0.179E+01 0.179E+01 0.674E-03 0.731E-03 0.294E-02 0.184E-03 0.284E-02 0.178E-03
      2       8       1     509       4       4 0.139E+00 0.142E+00 0.273E-03 0.326E-03 0.194E-03 0.121E-04 0.190E-03 0.119E-04
      2       8       1    8191       4       4 0.956E+00 0.981E+00 0.868E-03 0.947E-03 0.554E-02 0.346E-03 0.529E-02 0.330E-03
      2       8       2    1021       4       4 0.227E+00 0.245E+00 0.308E-03 0.398E-03 0.919E-03 0.575E-04 0.902E-03 0.564E-04
      2       8       2   16381       4       4 0.170E+01 0.174E+01 0.158E-02 0.168E-02 0.117E-01 0.729E-03 0.113E-01 0.706E-03
      2       8       2    2053       4       4 0.103E+01 0.103E+01 0.516E-03 0.558E-03 0.164E-02 0.103E-03 0.160E-02 0.999E-04
      2       8       2     257       4       4 0.272E+00 0.278E+00 0.135E+00 0.290E+00 0.530E-03 0.331E-04 0.515E-03 0.322E-04
      2       8       2    4099       4       4 0.184E+01 0.184E+01 0.726E-03 0.865E-03 0.296E-02 0.185E-03 0.286E-02 0.179E-03
      2       8       2     509       4       4 0.173E+00 0.187E+00 0.270E-03 0.325E-03 0.483E-03 0.302E-04 0.476E-03 0.297E-04
      2       8       2    8191       4       4 0.961E+00 0.965E+00 0.992E-03 0.109E-02 0.557E-02 0.348E-03 0.531E-02 0.332E-03
