res3dc5=[      1       1       1     128     128     128       4 0.172E-04 0.310E-04 0.000E+00 0.000E+00 0.149E+00 0.372E-01 0.162E+00 0.406E-01
      1       1       1      16      16      16       4 0.948E-05 0.319E-04 0.000E+00 0.000E+00 0.303E-03 0.758E-04 0.205E-03 0.512E-04
      1       1       1     256     256     256       4 0.253E-04 0.451E-04 0.000E+00 0.000E+00 0.173E+01 0.433E+00 0.195E+01 0.487E+00
      1       1       1      32      32      32       4 0.118E-04 0.360E-04 0.000E+00 0.000E+00 0.150E-02 0.375E-03 0.161E-02 0.403E-03
      1       1       1     512     512     512       4 0.325E-04 0.498E-04 0.298E-06 0.119E-05 0.196E+02 0.491E+01 0.213E+02 0.534E+01
      1       1       1      64      64      64       4 0.674E-05 0.169E-04 0.000E+00 0.000E+00 0.129E-01 0.321E-02 0.144E-01 0.360E-02
      1       1       1       8       8       8       4 0.548E-05 0.191E-04 0.000E+00 0.000E+00 0.761E-04 0.190E-04 0.601E-04 0.150E-04
      1       1      12     128     128     128       4 0.209E-04 0.398E-04 0.000E+00 0.000E+00 0.175E-01 0.437E-02 0.171E-01 0.428E-02
      1       1      12      16      16      16       4 0.104E-04 0.319E-04 0.238E-06 0.954E-06 0.139E-03 0.348E-04 0.125E-03 0.312E-04
      1       1      12     256     256     256       4 0.282E-04 0.510E-04 0.000E+00 0.000E+00 0.249E+00 0.623E-01 0.347E+00 0.868E-01
      1       1      12      32      32      32       4 0.103E-04 0.291E-04 0.000E+00 0.000E+00 0.786E-03 0.197E-03 0.459E-03 0.115E-03
      1       1      12     512     512     512       4 0.335E-04 0.501E-04 0.000E+00 0.000E+00 0.259E+01 0.647E+00 0.326E+01 0.814E+00
      1       1      12      64      64      64       4 0.823E-05 0.219E-04 0.000E+00 0.000E+00 0.291E-02 0.727E-03 0.298E-02 0.746E-03
      1       1      12       8       8       8       4 0.775E-05 0.250E-04 0.000E+00 0.000E+00 0.746E-04 0.187E-04 0.782E-04 0.196E-04
      1       1      16     128     128     128       4 0.200E-04 0.410E-04 0.000E+00 0.000E+00 0.148E-01 0.369E-02 0.135E-01 0.338E-02
      1       1      16      16      16      16       4 0.823E-05 0.260E-04 0.000E+00 0.000E+00 0.109E-03 0.273E-04 0.970E-04 0.243E-04
      1       1      16     256     256     256       4 0.283E-04 0.520E-04 0.000E+00 0.000E+00 0.243E+00 0.609E-01 0.342E+00 0.856E-01
      1       1      16      32      32      32       4 0.103E-04 0.288E-04 0.000E+00 0.000E+00 0.683E-03 0.171E-03 0.348E-03 0.870E-04
      1       1      16     512     512     512       4 0.340E-04 0.501E-04 0.000E+00 0.000E+00 0.325E+01 0.813E+00 0.389E+01 0.972E+00
      1       1      16      64      64      64       4 0.852E-05 0.219E-04 0.000E+00 0.000E+00 0.223E-02 0.557E-03 0.210E-02 0.526E-03
      1       1      16       8       8       8       4 0.697E-05 0.219E-04 0.000E+00 0.000E+00 0.441E-03 0.110E-03 0.701E-04 0.175E-04
      1       1       2     128     128     128       4 0.181E-04 0.350E-04 0.000E+00 0.000E+00 0.815E-01 0.204E-01 0.796E-01 0.199E-01
      1       1       2      16      16      16       4 0.954E-05 0.291E-04 0.000E+00 0.000E+00 0.227E-03 0.567E-04 0.196E-03 0.489E-04
      1       1       2     256     256     256       4 0.259E-04 0.448E-04 0.000E+00 0.000E+00 0.109E+01 0.272E+00 0.124E+01 0.311E+00
      1       1       2      32      32      32       4 0.120E-04 0.210E-04 0.000E+00 0.000E+00 0.890E-03 0.223E-03 0.936E-03 0.234E-03
      1       1       2     512     512     512       4 0.335E-04 0.501E-04 0.298E-06 0.119E-05 0.116E+02 0.290E+01 0.127E+02 0.317E+01
      1       1       2      64      64      64       4 0.751E-05 0.191E-04 0.000E+00 0.000E+00 0.798E-02 0.200E-02 0.830E-02 0.207E-02
      1       1       2       8       8       8       4 0.656E-05 0.210E-04 0.000E+00 0.000E+00 0.701E-04 0.175E-04 0.780E-04 0.195E-04
      1       1      24     128     128     128       4 0.392E-04 0.610E-04 0.000E+00 0.000E+00 0.149E-01 0.372E-02 0.165E-01 0.413E-02
      1       1      24      16      16      16       4 0.110E-04 0.350E-04 0.000E+00 0.000E+00 0.789E-03 0.197E-03 0.105E-03 0.263E-04
      1       1      24     256     256     256       4 0.373E-04 0.730E-04 0.000E+00 0.000E+00 0.201E+00 0.503E-01 0.303E+00 0.758E-01
      1       1      24      32      32      32       4 0.102E-04 0.310E-04 0.000E+00 0.000E+00 0.358E-03 0.895E-04 0.378E-03 0.945E-04
      1       1      24     512     512     512       4 0.343E-04 0.501E-04 0.000E+00 0.000E+00 0.230E+01 0.574E+00 0.302E+01 0.755E+00
      1       1      24      64      64      64       4 0.978E-05 0.260E-04 0.000E+00 0.000E+00 0.164E-02 0.410E-03 0.181E-02 0.454E-03
      1       1      24       8       8       8       4 0.805E-05 0.260E-04 0.000E+00 0.000E+00 0.131E-02 0.327E-03 0.696E-04 0.174E-04
      1       1       4     128     128     128       4 0.175E-04 0.339E-04 0.000E+00 0.000E+00 0.425E-01 0.106E-01 0.419E-01 0.105E-01
      1       1       4      16      16      16       4 0.823E-05 0.269E-04 0.000E+00 0.000E+00 0.164E-03 0.410E-04 0.160E-03 0.401E-04
      1       1       4     256     256     256       4 0.260E-04 0.460E-04 0.000E+00 0.000E+00 0.583E+00 0.146E+00 0.691E+00 0.173E+00
      1       1       4      32      32      32       4 0.103E-04 0.241E-04 0.000E+00 0.000E+00 0.829E-03 0.207E-03 0.864E-03 0.216E-03
      1       1       4     512     512     512       4 0.337E-04 0.501E-04 0.000E+00 0.000E+00 0.631E+01 0.158E+01 0.709E+01 0.177E+01
      1       1       4      64      64      64       4 0.805E-05 0.200E-04 0.000E+00 0.000E+00 0.417E-02 0.104E-02 0.426E-02 0.107E-02
      1       1       4       8       8       8       4 0.668E-05 0.210E-04 0.000E+00 0.000E+00 0.594E-04 0.148E-04 0.761E-04 0.190E-04
      1       1       8     128     128     128       4 0.185E-04 0.370E-04 0.000E+00 0.000E+00 0.239E-01 0.598E-02 0.231E-01 0.577E-02
      1       1       8      16      16      16       4 0.130E-04 0.432E-04 0.000E+00 0.000E+00 0.129E-03 0.322E-04 0.118E-03 0.295E-04
      1       1       8     256     256     256       4 0.255E-04 0.432E-04 0.000E+00 0.000E+00 0.367E+00 0.916E-01 0.460E+00 0.115E+00
      1       1       8      32      32      32       4 0.105E-04 0.241E-04 0.000E+00 0.000E+00 0.546E-03 0.136E-03 0.548E-03 0.137E-03
      1       1       8     512     512     512       4 0.341E-04 0.501E-04 0.000E+00 0.000E+00 0.405E+01 0.101E+01 0.463E+01 0.116E+01
      1       1       8      64      64      64       4 0.823E-05 0.219E-04 0.000E+00 0.000E+00 0.270E-02 0.674E-03 0.249E-02 0.623E-03
      1       1       8       8       8       8       4 0.751E-05 0.260E-04 0.000E+00 0.000E+00 0.660E-04 0.165E-04 0.668E-04 0.167E-04
      1      12       1     128     128     128       4 0.218E-04 0.520E-04 0.000E+00 0.000E+00 0.195E+00 0.487E-01 0.248E+00 0.619E-01
      1      12       1      16      16      16       4 0.572E-05 0.179E-04 0.000E+00 0.000E+00 0.223E-03 0.558E-04 0.223E-03 0.558E-04
      1      12       1     256     256     256       4 0.335E-04 0.629E-04 0.000E+00 0.000E+00 0.178E+01 0.445E+00 0.213E+01 0.531E+00
      1      12       1      32      32      32       4 0.125E-04 0.329E-04 0.000E+00 0.000E+00 0.302E-02 0.756E-03 0.350E-02 0.876E-03
      1      12       1      64      64      64       4 0.137E-04 0.360E-04 0.000E+00 0.000E+00 0.176E-01 0.440E-02 0.184E-01 0.460E-02
      1      12       1       8       8       8       4 0.978E-05 0.360E-04 0.000E+00 0.000E+00 0.918E-04 0.229E-04 0.741E-04 0.185E-04
      1      12       2     128     128     128       4 0.210E-04 0.470E-04 0.000E+00 0.000E+00 0.105E+00 0.264E-01 0.151E+00 0.378E-01
      1      12       2      16      16      16       4 0.644E-05 0.191E-04 0.238E-06 0.954E-06 0.161E-03 0.403E-04 0.166E-03 0.415E-04
      1      12       2     256     256     256       4 0.424E-04 0.670E-04 0.000E+00 0.000E+00 0.128E+01 0.321E+00 0.202E+01 0.505E+00
      1      12       2      32      32      32       4 0.109E-04 0.288E-04 0.000E+00 0.000E+00 0.157E-02 0.391E-03 0.167E-02 0.417E-03
      1      12       2      64      64      64       4 0.173E-04 0.410E-04 0.000E+00 0.000E+00 0.841E-02 0.210E-02 0.993E-02 0.248E-02
      1      12       2       8       8       8       4 0.721E-05 0.219E-04 0.000E+00 0.000E+00 0.775E-04 0.194E-04 0.815E-04 0.204E-04
      1      16       1     128     128     128       4 0.203E-04 0.460E-04 0.000E+00 0.000E+00 0.208E+00 0.520E-01 0.290E+00 0.725E-01
      1      16       1      16      16      16       4 0.620E-05 0.179E-04 0.000E+00 0.000E+00 0.335E-03 0.837E-04 0.346E-03 0.865E-04
      1      16       1     256     256     256       4 0.357E-04 0.670E-04 0.000E+00 0.000E+00 0.176E+01 0.441E+00 0.221E+01 0.552E+00
      1      16       1      32      32      32       4 0.107E-04 0.350E-04 0.000E+00 0.000E+00 0.177E-02 0.443E-03 0.192E-02 0.481E-03
      1      16       1      64      64      64       4 0.117E-04 0.300E-04 0.000E+00 0.000E+00 0.183E-01 0.458E-02 0.221E-01 0.554E-02
      1      16       1       8       8       8       4 0.477E-05 0.160E-04 0.000E+00 0.000E+00 0.479E-04 0.120E-04 0.372E-04 0.930E-05
      1       2       1     128     128     128       4 0.177E-04 0.331E-04 0.000E+00 0.000E+00 0.163E+00 0.408E-01 0.164E+00 0.409E-01
      1       2       1      16      16      16       4 0.130E-04 0.448E-04 0.000E+00 0.000E+00 0.394E-03 0.985E-04 0.462E-03 0.116E-03
      1       2       1     256     256     256       4 0.245E-04 0.432E-04 0.000E+00 0.000E+00 0.176E+01 0.439E+00 0.197E+01 0.492E+00
      1       2       1      32      32      32       4 0.118E-04 0.360E-04 0.000E+00 0.000E+00 0.274E-02 0.686E-03 0.310E-02 0.775E-03
      1       2       1     512     512     512       4 0.338E-04 0.520E-04 0.000E+00 0.000E+00 0.196E+02 0.491E+01 0.213E+02 0.534E+01
      1       2       1      64      64      64       4 0.781E-05 0.210E-04 0.000E+00 0.000E+00 0.132E-01 0.331E-02 0.147E-01 0.369E-02
      1       2       1       8       8       8       4 0.626E-05 0.219E-04 0.000E+00 0.000E+00 0.770E-04 0.193E-04 0.639E-04 0.160E-04
      1       2      12     128     128     128       4 0.337E-04 0.620E-04 0.000E+00 0.000E+00 0.225E-01 0.563E-02 0.303E-01 0.759E-02
      1       2      12      16      16      16       4 0.138E-04 0.470E-04 0.000E+00 0.000E+00 0.148E-03 0.370E-04 0.147E-03 0.367E-04
      1       2      12     256     256     256       4 0.302E-04 0.570E-04 0.238E-06 0.954E-06 0.252E+00 0.631E-01 0.356E+00 0.891E-01
      1       2      12      32      32      32       4 0.107E-04 0.300E-04 0.000E+00 0.000E+00 0.699E-02 0.175E-02 0.522E-03 0.131E-03
      1       2      12     512     512     512       4 0.390E-04 0.541E-04 0.000E+00 0.000E+00 0.248E+01 0.621E+00 0.414E+01 0.103E+01
      1       2      12      64      64      64       4 0.105E-04 0.219E-04 0.000E+00 0.000E+00 0.269E-02 0.673E-03 0.275E-02 0.687E-03
      1       2      12       8       8       8       4 0.745E-05 0.238E-04 0.000E+00 0.000E+00 0.863E-04 0.216E-04 0.782E-04 0.196E-04
      1       2       2     128     128     128       4 0.190E-04 0.389E-04 0.000E+00 0.000E+00 0.903E-01 0.226E-01 0.988E-01 0.247E-01
      1       2       2      16      16      16       4 0.870E-05 0.260E-04 0.000E+00 0.000E+00 0.232E-03 0.581E-04 0.286E-03 0.715E-04
      1       2       2     256     256     256       4 0.265E-04 0.470E-04 0.000E+00 0.000E+00 0.874E+00 0.219E+00 0.107E+01 0.269E+00
      1       2       2      32      32      32       4 0.954E-05 0.241E-04 0.000E+00 0.000E+00 0.160E-02 0.400E-03 0.177E-02 0.441E-03
      1       2       2     512     512     512       4 0.332E-04 0.510E-04 0.298E-06 0.119E-05 0.104E+02 0.260E+01 0.114E+02 0.284E+01
      1       2       2      64      64      64       4 0.153E-04 0.310E-04 0.000E+00 0.000E+00 0.987E-02 0.247E-02 0.110E-01 0.274E-02
      1       2       2       8       8       8       4 0.525E-05 0.160E-04 0.000E+00 0.000E+00 0.708E-04 0.177E-04 0.682E-04 0.170E-04
      1       2       4     128     128     128       4 0.232E-04 0.520E-04 0.000E+00 0.000E+00 0.479E-01 0.120E-01 0.534E-01 0.134E-01
      1       2       4      16      16      16       4 0.120E-04 0.391E-04 0.238E-06 0.954E-06 0.176E-03 0.440E-04 0.170E-03 0.424E-04
      1       2       4     256     256     256       4 0.280E-04 0.510E-04 0.000E+00 0.000E+00 0.553E+00 0.138E+00 0.648E+00 0.162E+00
      1       2       4      32      32      32       4 0.125E-04 0.300E-04 0.238E-06 0.954E-06 0.853E-03 0.213E-03 0.843E-03 0.211E-03
      1       2       4     512     512     512       4 0.353E-04 0.520E-04 0.000E+00 0.000E+00 0.498E+01 0.124E+01 0.600E+01 0.150E+01
      1       2       4      64      64      64       4 0.852E-05 0.219E-04 0.000E+00 0.000E+00 0.445E-02 0.111E-02 0.462E-02 0.115E-02
      1       2       4       8       8       8       4 0.650E-05 0.219E-04 0.000E+00 0.000E+00 0.591E-04 0.148E-04 0.589E-04 0.147E-04
      1       2       8     128     128     128       4 0.190E-04 0.410E-04 0.238E-06 0.954E-06 0.292E-01 0.731E-02 0.393E-01 0.983E-02
      1       2       8      16      16      16       4 0.103E-04 0.331E-04 0.000E+00 0.000E+00 0.142E-03 0.355E-04 0.123E-03 0.307E-04
      1       2       8     256     256     256       4 0.293E-04 0.520E-04 0.000E+00 0.000E+00 0.400E+00 0.100E+00 0.504E+00 0.126E+00
      1       2       8      32      32      32       4 0.114E-04 0.298E-04 0.000E+00 0.000E+00 0.554E-03 0.138E-03 0.616E-03 0.154E-03
      1       2       8     512     512     512       4 0.370E-04 0.560E-04 0.000E+00 0.000E+00 0.273E+01 0.684E+00 0.422E+01 0.105E+01
      1       2       8      64      64      64       4 0.105E-04 0.269E-04 0.000E+00 0.000E+00 0.361E-02 0.903E-03 0.390E-02 0.974E-03
      1       2       8       8       8       8       4 0.644E-05 0.219E-04 0.000E+00 0.000E+00 0.701E-04 0.175E-04 0.591E-04 0.148E-04
      1      24       1     128     128     128       4 0.205E-04 0.370E-04 0.000E+00 0.000E+00 0.240E+00 0.599E-01 0.360E+00 0.901E-01
      1      24       1      16      16      16       4 0.989E-05 0.319E-04 0.000E+00 0.000E+00 0.413E-03 0.103E-03 0.429E-03 0.107E-03
      1      24       1     256     256     256       4 0.378E-04 0.720E-04 0.238E-06 0.954E-06 0.196E+01 0.489E+00 0.292E+01 0.730E+00
      1      24       1      32      32      32       4 0.870E-05 0.238E-04 0.000E+00 0.000E+00 0.161E-02 0.403E-03 0.182E-02 0.456E-03
      1      24       1      64      64      64       4 0.157E-04 0.250E-04 0.238E-06 0.954E-06 0.275E-01 0.688E-02 0.325E-01 0.812E-02
      1      24       1       8       8       8       4 0.453E-05 0.150E-04 0.238E-06 0.954E-06 0.739E-04 0.185E-04 0.632E-04 0.158E-04
      1       4       1     128     128     128       4 0.185E-04 0.341E-04 0.000E+00 0.000E+00 0.164E+00 0.410E-01 0.190E+00 0.476E-01
      1       4       1      16      16      16       4 0.793E-05 0.248E-04 0.000E+00 0.000E+00 0.420E-03 0.105E-03 0.404E-03 0.101E-03
      1       4       1     256     256     256       4 0.278E-04 0.501E-04 0.000E+00 0.000E+00 0.156E+01 0.391E+00 0.181E+01 0.453E+00
      1       4       1      32      32      32       4 0.870E-05 0.241E-04 0.238E-06 0.954E-06 0.279E-02 0.699E-03 0.310E-02 0.776E-03
      1       4       1     512     512     512       4 0.353E-04 0.541E-04 0.000E+00 0.000E+00 0.138E+02 0.346E+01 0.156E+02 0.390E+01
      1       4       1      64      64      64       4 0.995E-05 0.229E-04 0.000E+00 0.000E+00 0.169E-01 0.421E-02 0.184E-01 0.460E-02
      1       4       1       8       8       8       4 0.542E-05 0.188E-04 0.000E+00 0.000E+00 0.741E-04 0.185E-04 0.641E-04 0.160E-04
      1       4       2     128     128     128       4 0.196E-04 0.391E-04 0.000E+00 0.000E+00 0.850E-01 0.213E-01 0.101E+00 0.251E-01
      1       4       2      16      16      16       4 0.721E-05 0.219E-04 0.238E-06 0.954E-06 0.232E-03 0.581E-04 0.249E-03 0.623E-04
      1       4       2     256     256     256       4 0.277E-04 0.498E-04 0.000E+00 0.000E+00 0.917E+00 0.229E+00 0.109E+01 0.273E+00
      1       4       2      32      32      32       4 0.115E-04 0.260E-04 0.000E+00 0.000E+00 0.152E-02 0.380E-03 0.171E-02 0.428E-03
      1       4       2     512     512     512       4 0.337E-04 0.520E-04 0.000E+00 0.000E+00 0.103E+02 0.258E+01 0.113E+02 0.283E+01
      1       4       2      64      64      64       4 0.978E-05 0.241E-04 0.000E+00 0.000E+00 0.985E-02 0.246E-02 0.105E-01 0.263E-02
      1       4       2       8       8       8       4 0.650E-05 0.200E-04 0.000E+00 0.000E+00 0.818E-04 0.204E-04 0.675E-04 0.169E-04
      1       4       4     128     128     128       4 0.178E-04 0.370E-04 0.000E+00 0.000E+00 0.483E-01 0.121E-01 0.663E-01 0.166E-01
      1       4       4      16      16      16       4 0.805E-05 0.241E-04 0.536E-06 0.119E-05 0.176E-03 0.440E-04 0.197E-03 0.493E-04
      1       4       4     256     256     256       4 0.367E-04 0.651E-04 0.000E+00 0.000E+00 0.601E+00 0.150E+00 0.739E+00 0.185E+00
      1       4       4      32      32      32       4 0.135E-04 0.441E-04 0.000E+00 0.000E+00 0.562E-03 0.140E-03 0.610E-03 0.153E-03
      1       4       4     512     512     512       4 0.357E-04 0.539E-04 0.000E+00 0.000E+00 0.473E+01 0.118E+01 0.614E+01 0.153E+01
      1       4       4      64      64      64       4 0.118E-04 0.322E-04 0.000E+00 0.000E+00 0.540E-02 0.135E-02 0.614E-02 0.153E-02
      1       4       4       8       8       8       4 0.644E-05 0.229E-04 0.000E+00 0.000E+00 0.422E-04 0.106E-04 0.401E-04 0.100E-04
      1       8       1     128     128     128       4 0.160E-04 0.279E-04 0.000E+00 0.000E+00 0.177E+00 0.443E-01 0.217E+00 0.543E-01
      1       8       1      16      16      16       4 0.823E-05 0.260E-04 0.000E+00 0.000E+00 0.414E-03 0.104E-03 0.425E-03 0.106E-03
      1       8       1     256     256     256       4 0.283E-04 0.501E-04 0.000E+00 0.000E+00 0.163E+01 0.409E+00 0.197E+01 0.494E+00
      1       8       1      32      32      32       4 0.106E-04 0.300E-04 0.000E+00 0.000E+00 0.295E-02 0.737E-03 0.343E-02 0.857E-03
      1       8       1      64      64      64       4 0.900E-05 0.210E-04 0.000E+00 0.000E+00 0.149E-01 0.373E-02 0.161E-01 0.402E-02
      1       8       1       8       8       8       4 0.519E-05 0.169E-04 0.000E+00 0.000E+00 0.741E-04 0.185E-04 0.870E-04 0.218E-04
      1       8       2     128     128     128       4 0.257E-04 0.570E-04 0.000E+00 0.000E+00 0.120E+00 0.299E-01 0.155E+00 0.387E-01
      1       8       2      16      16      16       4 0.960E-05 0.310E-04 0.000E+00 0.000E+00 0.234E-03 0.584E-04 0.244E-03 0.610E-04
      1       8       2     256     256     256       4 0.296E-04 0.560E-04 0.000E+00 0.000E+00 0.101E+01 0.253E+00 0.143E+01 0.357E+00
      1       8       2      32      32      32       4 0.829E-05 0.229E-04 0.000E+00 0.000E+00 0.976E-03 0.244E-03 0.105E-02 0.262E-03
      1       8       2      64      64      64       4 0.972E-05 0.210E-04 0.238E-06 0.954E-06 0.923E-02 0.231E-02 0.101E-01 0.252E-02
      1       8       2       8       8       8       4 0.691E-05 0.238E-04 0.000E+00 0.000E+00 0.575E-04 0.144E-04 0.510E-04 0.128E-04
      2       1       1     128     128     128       4 0.137E+01 0.138E+01 0.111E+01 0.111E+01 0.117E+00 0.292E-01 0.125E+00 0.312E-01
      2       1       1      16      16      16       4 0.113E-01 0.117E-01 0.965E-02 0.972E-02 0.722E-04 0.181E-04 0.694E-04 0.173E-04
      2       1       1     256     256     256       4 0.527E+01 0.532E+01 0.523E+01 0.526E+01 0.134E+01 0.336E+00 0.133E+01 0.331E+00
      2       1       1      32      32      32       4 0.605E-01 0.614E-01 0.513E-01 0.515E-01 0.739E-03 0.185E-03 0.743E-03 0.186E-03
      2       1       1      64      64      64       4 0.242E+00 0.244E+00 0.210E+00 0.211E+00 0.968E-02 0.242E-02 0.104E-01 0.260E-02
      2       1       1       8       8       8       4 0.826E-02 0.857E-02 0.725E-02 0.730E-02 0.811E-05 0.203E-05 0.691E-05 0.173E-05
      2       1      12     128     128     128       4 0.218E+01 0.224E+01 0.183E+01 0.190E+01 0.248E-01 0.619E-02 0.244E-01 0.609E-02
      2       1      12      16      16      16       4 0.335E-01 0.350E-01 0.300E-01 0.303E-01 0.326E-03 0.815E-04 0.205E-03 0.512E-04
      2       1      12     256     256     256       4 0.807E+01 0.822E+01 0.793E+01 0.809E+01 0.195E+00 0.487E-01 0.195E+00 0.488E-01
      2       1      12      32      32      32       4 0.127E+00 0.133E+00 0.116E+00 0.119E+00 0.658E-03 0.165E-03 0.473E-03 0.118E-03
      2       1      12      64      64      64       4 0.473E+00 0.481E+00 0.415E+00 0.425E+00 0.223E-02 0.557E-03 0.275E-02 0.687E-03
      2       1      12       8       8       8       4 0.264E-01 0.282E-01 0.231E-01 0.232E-01 0.668E-03 0.167E-03 0.378E-03 0.946E-04
      2       1      16     128     128     128       4 0.200E+01 0.202E+01 0.167E+01 0.171E+01 0.208E-01 0.520E-02 0.197E-01 0.493E-02
      2       1      16      16      16      16       4 0.263E-01 0.270E-01 0.235E-01 0.237E-01 0.239E-03 0.597E-04 0.207E-03 0.517E-04
      2       1      16     256     256     256       4 0.627E+01 0.638E+01 0.617E+01 0.624E+01 0.181E+00 0.452E-01 0.177E+00 0.442E-01
      2       1      16      32      32      32       4 0.113E+00 0.117E+00 0.108E+00 0.125E+00 0.648E-03 0.162E-03 0.607E-03 0.152E-03
      2       1      16      64      64      64       4 0.426E+00 0.442E+00 0.362E+00 0.387E+00 0.313E-02 0.783E-03 0.243E-02 0.608E-03
      2       1      16       8       8       8       4 0.215E-01 0.243E-01 0.187E-01 0.199E-01 0.300E-03 0.750E-04 0.289E-03 0.723E-04
      2       1       2     128     128     128       4 0.229E+01 0.232E+01 0.188E+01 0.191E+01 0.703E-01 0.176E-01 0.710E-01 0.178E-01
      2       1       2      16      16      16       4 0.210E-01 0.227E-01 0.188E-01 0.206E-01 0.102E-03 0.255E-04 0.100E-03 0.251E-04
      2       1       2     256     256     256       4 0.876E+01 0.894E+01 0.867E+01 0.893E+01 0.818E+00 0.204E+00 0.794E+00 0.198E+00
      2       1       2      32      32      32       4 0.843E-01 0.846E-01 0.727E-01 0.731E-01 0.438E-03 0.109E-03 0.431E-03 0.108E-03
      2       1       2      64      64      64       4 0.360E+00 0.399E+00 0.312E+00 0.351E+00 0.565E-02 0.141E-02 0.600E-02 0.150E-02
      2       1       2       8       8       8       4 0.153E-01 0.159E-01 0.137E-01 0.144E-01 0.548E-04 0.137E-04 0.529E-04 0.132E-04
      2       1      24     128     128     128       4 0.213E+01 0.220E+01 0.179E+01 0.191E+01 0.208E-01 0.520E-02 0.185E-01 0.463E-02
      2       1      24      16      16      16       4 0.370E-01 0.378E-01 0.342E-01 0.350E-01 0.602E-03 0.151E-03 0.427E-03 0.107E-03
      2       1      24     256     256     256       4 0.722E+01 0.761E+01 0.723E+01 0.746E+01 0.185E+00 0.462E-01 0.181E+00 0.451E-01
      2       1      24      32      32      32       4 0.115E+00 0.116E+00 0.108E+00 0.113E+00 0.744E-03 0.186E-03 0.595E-03 0.149E-03
      2       1      24      64      64      64       4 0.500E+00 0.506E+00 0.477E+00 0.484E+00 0.297E-02 0.742E-03 0.287E-02 0.717E-03
      2       1      24       8       8       8       4 0.279E-01 0.301E-01 0.254E-01 0.266E-01 0.507E-02 0.127E-02 0.689E-03 0.172E-03
      2       1       4     128     128     128       4 0.192E+01 0.196E+01 0.154E+01 0.161E+01 0.370E-01 0.924E-02 0.368E-01 0.921E-02
      2       1       4      16      16      16       4 0.220E-01 0.233E-01 0.199E-01 0.216E-01 0.980E-04 0.245E-04 0.961E-04 0.240E-04
      2       1       4     256     256     256       4 0.719E+01 0.730E+01 0.720E+01 0.725E+01 0.426E+00 0.107E+00 0.421E+00 0.105E+00
      2       1       4      32      32      32       4 0.842E-01 0.846E-01 0.733E-01 0.736E-01 0.319E-03 0.798E-04 0.317E-03 0.792E-04
      2       1       4      64      64      64       4 0.350E+00 0.356E+00 0.310E+00 0.314E+00 0.356E-02 0.889E-03 0.442E-02 0.111E-02
      2       1       4       8       8       8       4 0.161E-01 0.167E-01 0.143E-01 0.145E-01 0.591E-04 0.148E-04 0.560E-04 0.140E-04
      2       1       8     128     128     128       4 0.161E+01 0.169E+01 0.125E+01 0.128E+01 0.229E-01 0.572E-02 0.213E-01 0.532E-02
      2       1       8      16      16      16       4 0.215E-01 0.225E-01 0.189E-01 0.199E-01 0.132E-03 0.331E-04 0.120E-03 0.300E-04
      2       1       8     256     256     256       4 0.642E+01 0.673E+01 0.646E+01 0.669E+01 0.248E+00 0.620E-01 0.252E+00 0.629E-01
      2       1       8      32      32      32       4 0.778E-01 0.808E-01 0.691E-01 0.707E-01 0.384E-03 0.960E-04 0.398E-03 0.995E-04
      2       1       8      64      64      64       4 0.302E+00 0.314E+00 0.251E+00 0.262E+00 0.310E-02 0.775E-03 0.323E-02 0.808E-03
      2       1       8       8       8       8       4 0.129E-01 0.132E-01 0.113E-01 0.115E-01 0.107E-03 0.268E-04 0.989E-04 0.247E-04
      2      16       1     128     128     128       4 0.444E+00 0.448E+00 0.380E+00 0.381E+00 0.214E-01 0.536E-02 0.189E-01 0.473E-02
      2      16       1      16      16      16       4 0.297E-01 0.330E-01 0.260E-01 0.277E-01 0.224E-03 0.560E-04 0.880E-04 0.220E-04
      2      16       1     256     256     256       4 0.279E+01 0.280E+01 0.265E+01 0.265E+01 0.262E+00 0.656E-01 0.248E+00 0.620E-01
      2      16       1      32      32      32       4 0.120E+00 0.129E+00 0.101E+00 0.101E+00 0.297E-03 0.742E-04 0.268E-03 0.671E-04
      2      16       1      64      64      64       4 0.253E+00 0.257E+00 0.214E+00 0.215E+00 0.191E-02 0.477E-03 0.183E-02 0.457E-03
      2       2       1     128     128     128       4 0.171E+01 0.172E+01 0.153E+01 0.154E+01 0.102E+00 0.254E-01 0.882E-01 0.221E-01
      2       2       1      16      16      16       4 0.283E-01 0.301E-01 0.244E-01 0.244E-01 0.143E-03 0.356E-04 0.110E-03 0.274E-04
      2       2       1     256     256     256       4 0.166E+02 0.167E+02 0.161E+02 0.164E+02 0.157E+01 0.392E+00 0.156E+01 0.390E+00
      2       2       1      32      32      32       4 0.127E+00 0.141E+00 0.106E+00 0.106E+00 0.881E-03 0.220E-03 0.879E-03 0.220E-03
      2       2       1      64      64      64       4 0.339E+00 0.345E+00 0.302E+00 0.303E+00 0.894E-02 0.224E-02 0.874E-02 0.219E-02
      2       2       1       8       8       8       4 0.253E-01 0.277E-01 0.213E-01 0.214E-01 0.408E-04 0.102E-04 0.200E-04 0.501E-05
      2       2      12     128     128     128       4 0.312E+01 0.322E+01 0.302E+01 0.316E+01 0.112E+00 0.280E-01 0.116E+00 0.291E-01
      2       2      12      16      16      16       4 0.914E-01 0.944E-01 0.821E-01 0.828E-01 0.524E-03 0.131E-03 0.331E-03 0.827E-04
      2       2      12     256     256     256       4 0.208E+02 0.215E+02 0.208E+02 0.211E+02 0.104E+01 0.261E+00 0.104E+01 0.260E+00
      2       2      12      32      32      32       4 0.287E+00 0.305E+00 0.241E+00 0.250E+00 0.113E-02 0.283E-03 0.107E-02 0.267E-03
      2       2      12      64      64      64       4 0.700E+00 0.713E+00 0.636E+00 0.648E+00 0.122E-01 0.305E-02 0.120E-01 0.299E-02
      2       2      12       8       8       8       4 0.720E-01 0.742E-01 0.598E-01 0.605E-01 0.371E-03 0.927E-04 0.297E-03 0.742E-04
      2       2       2     128     128     128       4 0.300E+01 0.317E+01 0.282E+01 0.297E+01 0.121E+00 0.302E-01 0.120E+00 0.299E-01
      2       2       2      16      16      16       4 0.496E-01 0.524E-01 0.441E-01 0.473E-01 0.222E-03 0.556E-04 0.179E-03 0.448E-04
      2       2       2     256     256     256       4 0.184E+02 0.184E+02 0.182E+02 0.183E+02 0.120E+01 0.300E+00 0.119E+01 0.299E+00
      2       2       2      32      32      32       4 0.177E+00 0.182E+00 0.155E+00 0.162E+00 0.874E-03 0.219E-03 0.850E-03 0.213E-03
      2       2       2      64      64      64       4 0.502E+00 0.528E+00 0.463E+00 0.491E+00 0.948E-02 0.237E-02 0.925E-02 0.231E-02
      2       2       2       8       8       8       4 0.392E-01 0.404E-01 0.338E-01 0.364E-01 0.130E-03 0.325E-04 0.899E-04 0.225E-04
      2       2       4     128     128     128       4 0.278E+01 0.280E+01 0.259E+01 0.262E+01 0.107E+00 0.268E-01 0.105E+00 0.262E-01
      2       2       4      16      16      16       4 0.560E-01 0.583E-01 0.492E-01 0.498E-01 0.288E-03 0.720E-04 0.248E-03 0.620E-04
      2       2       4     256     256     256       4 0.177E+02 0.178E+02 0.176E+02 0.176E+02 0.108E+01 0.271E+00 0.108E+01 0.270E+00
      2       2       4      32      32      32       4 0.182E+00 0.184E+00 0.161E+00 0.166E+00 0.997E-03 0.249E-03 0.988E-03 0.247E-03
      2       2       4      64      64      64       4 0.475E+00 0.480E+00 0.438E+00 0.458E+00 0.102E-01 0.254E-02 0.994E-02 0.248E-02
      2       2       4       8       8       8       4 0.451E-01 0.458E-01 0.391E-01 0.407E-01 0.201E-03 0.502E-04 0.142E-03 0.355E-04
      2       2       8     128     128     128       4 0.253E+01 0.259E+01 0.233E+01 0.239E+01 0.107E+00 0.267E-01 0.102E+00 0.256E-01
      2       2       8      16      16      16       4 0.602E-01 0.623E-01 0.518E-01 0.532E-01 0.363E-03 0.907E-04 0.245E-03 0.613E-04
      2       2       8     256     256     256       4 0.164E+02 0.165E+02 0.160E+02 0.162E+02 0.102E+01 0.255E+00 0.100E+01 0.251E+00
      2       2       8      32      32      32       4 0.166E+00 0.167E+00 0.147E+00 0.151E+00 0.996E-03 0.249E-03 0.989E-03 0.247E-03
      2       2       8      64      64      64       4 0.471E+00 0.478E+00 0.422E+00 0.428E+00 0.115E-01 0.288E-02 0.115E-01 0.288E-02
      2       2       8       8       8       8       4 0.495E-01 0.513E-01 0.419E-01 0.430E-01 0.324E-03 0.811E-04 0.224E-03 0.560E-04
      2       4       1     128     128     128       4 0.100E+01 0.101E+01 0.882E+00 0.884E+00 0.540E-01 0.135E-01 0.513E-01 0.128E-01
      2       4       1      16      16      16       4 0.286E-01 0.326E-01 0.258E-01 0.275E-01 0.880E-04 0.220E-04 0.694E-04 0.173E-04
      2       4       1     256     256     256       4 0.732E+01 0.736E+01 0.705E+01 0.708E+01 0.674E+00 0.168E+00 0.577E+00 0.144E+00
      2       4       1      32      32      32       4 0.111E+00 0.115E+00 0.948E-01 0.953E-01 0.625E-03 0.156E-03 0.536E-03 0.134E-03
      2       4       1      64      64      64       4 0.270E+00 0.278E+00 0.230E+00 0.231E+00 0.577E-02 0.144E-02 0.484E-02 0.121E-02
      2       4       1       8       8       8       4 0.258E-01 0.276E-01 0.227E-01 0.231E-01 0.622E-04 0.156E-04 0.248E-04 0.620E-05
      2       4       2     128     128     128       4 0.171E+01 0.175E+01 0.156E+01 0.161E+01 0.710E-01 0.177E-01 0.718E-01 0.179E-01
      2       4       2      16      16      16       4 0.527E-01 0.587E-01 0.471E-01 0.525E-01 0.316E-03 0.790E-04 0.265E-03 0.663E-04
      2       4       2     256     256     256       4 0.116E+02 0.125E+02 0.119E+02 0.125E+02 0.750E+00 0.187E+00 0.743E+00 0.186E+00
      2       4       2      32      32      32       4 0.148E+00 0.154E+00 0.129E+00 0.135E+00 0.782E-03 0.196E-03 0.742E-03 0.185E-03
      2       4       2      64      64      64       4 0.404E+00 0.418E+00 0.351E+00 0.367E+00 0.656E-02 0.164E-02 0.680E-02 0.170E-02
      2       4       2       8       8       8       4 0.434E-01 0.480E-01 0.368E-01 0.396E-01 0.148E-03 0.370E-04 0.139E-03 0.348E-04
      2       4       4     128     128     128       4 0.152E+01 0.158E+01 0.140E+01 0.144E+01 0.676E-01 0.169E-01 0.682E-01 0.171E-01
      2       4       4      16      16      16       4 0.578E-01 0.595E-01 0.514E-01 0.524E-01 0.394E-03 0.985E-04 0.340E-03 0.851E-04
      2       4       4     256     256     256       4 0.109E+02 0.111E+02 0.100E+02 0.102E+02 0.666E+00 0.166E+00 0.629E+00 0.157E+00
      2       4       4      32      32      32       4 0.163E+00 0.166E+00 0.142E+00 0.145E+00 0.753E-03 0.188E-03 0.750E-03 0.188E-03
      2       4       4      64      64      64       4 0.395E+00 0.408E+00 0.348E+00 0.363E+00 0.736E-02 0.184E-02 0.757E-02 0.189E-02
      2       4       4       8       8       8       4 0.522E-01 0.570E-01 0.438E-01 0.478E-01 0.229E-03 0.573E-04 0.217E-03 0.543E-04
      2       8       1     128     128     128       4 0.600E+00 0.618E+00 0.505E+00 0.512E+00 0.358E-01 0.896E-02 0.304E-01 0.761E-02
      2       8       1      16      16      16       4 0.380E-01 0.388E-01 0.324E-01 0.332E-01 0.123E-03 0.308E-04 0.913E-04 0.228E-04
      2       8       1     256     256     256       4 0.446E+01 0.450E+01 0.431E+01 0.432E+01 0.385E+00 0.962E-01 0.350E+00 0.874E-01
      2       8       1      32      32      32       4 0.113E+00 0.116E+00 0.960E-01 0.975E-01 0.549E-03 0.137E-03 0.423E-03 0.106E-03
      2       8       1      64      64      64       4 0.193E+00 0.196E+00 0.171E+00 0.171E+00 0.355E-02 0.888E-03 0.297E-02 0.742E-03
      2       8       1       8       8       8       4 0.191E-01 0.206E-01 0.147E-01 0.151E-01 0.668E-04 0.167E-04 0.532E-04 0.133E-04
      2       8       2     128     128     128       4 0.947E+00 0.100E+01 0.805E+00 0.882E+00 0.369E-01 0.923E-02 0.357E-01 0.892E-02
      2       8       2      16      16      16       4 0.673E-01 0.706E-01 0.575E-01 0.592E-01 0.273E-03 0.681E-04 0.216E-03 0.540E-04
      2       8       2     256     256     256       4 0.652E+01 0.662E+01 0.631E+01 0.650E+01 0.432E+00 0.108E+00 0.418E+00 0.105E+00
      2       8       2      32      32      32       4 0.159E+00 0.163E+00 0.138E+00 0.141E+00 0.702E-03 0.176E-03 0.615E-03 0.154E-03
      2       8       2      64      64      64       4 0.289E+00 0.299E+00 0.261E+00 0.271E+00 0.403E-02 0.101E-02 0.375E-02 0.938E-03
      2       8       2       8       8       8       4 0.284E-01 0.303E-01 0.143E-01 0.158E-01 0.219E-03 0.547E-04 0.206E-03 0.514E-04
      3       1       1     128     128     128       4 0.792E-03 0.294E-02 0.000E+00 0.000E+00 0.161E+00 0.402E-01 0.149E+00 0.373E-01
      3       1       1      16      16      16       4 0.743E-03 0.292E-02 0.000E+00 0.000E+00 0.250E-03 0.625E-04 0.125E-03 0.313E-04
      3       1       1     256     256     256       4 0.945E-03 0.344E-02 0.000E+00 0.000E+00 0.183E+01 0.458E+00 0.160E+01 0.400E+00
      3       1       1      32      32      32       4 0.728E-03 0.284E-02 0.238E-06 0.954E-06 0.124E-02 0.311E-03 0.106E-02 0.265E-03
      3       1       1      64      64      64       4 0.761E-03 0.291E-02 0.298E-06 0.119E-05 0.131E-01 0.327E-02 0.113E-01 0.283E-02
      3       1       1       8       8       8       4 0.721E-03 0.284E-02 0.000E+00 0.000E+00 0.126E-03 0.315E-04 0.319E-04 0.799E-05
      3       1      12     128     128     128       4 0.137E-02 0.517E-02 0.000E+00 0.000E+00 0.720E-01 0.180E-01 0.624E-01 0.156E-01
      3       1      12      16      16      16       4 0.423E-02 0.168E-01 0.238E-06 0.954E-06 0.390E-03 0.975E-04 0.162E-03 0.405E-04
      3       1      12     256     256     256       4 0.616E-03 0.207E-02 0.000E+00 0.000E+00 0.872E+00 0.218E+00 0.637E+00 0.159E+00
      3       1      12      32      32      32       4 0.382E-02 0.152E-01 0.000E+00 0.000E+00 0.100E-02 0.251E-03 0.659E-03 0.165E-03
      3       1      12      64      64      64       4 0.363E-02 0.144E-01 0.000E+00 0.000E+00 0.696E-02 0.174E-02 0.494E-02 0.124E-02
      3       1      12       8       8       8       4 0.548E-02 0.218E-01 0.000E+00 0.000E+00 0.286E-03 0.715E-04 0.768E-04 0.192E-04
      3       1      16     128     128     128       4 0.131E-02 0.498E-02 0.000E+00 0.000E+00 0.711E-01 0.178E-01 0.605E-01 0.151E-01
      3       1      16      16      16      16       4 0.408E-02 0.163E-01 0.000E+00 0.000E+00 0.520E-03 0.130E-03 0.248E-03 0.620E-04
      3       1      16     256     256     256       4 0.670E-03 0.228E-02 0.238E-06 0.954E-06 0.886E+00 0.222E+00 0.644E+00 0.161E+00
      3       1      16      32      32      32       4 0.375E-02 0.149E-01 0.000E+00 0.000E+00 0.116E-02 0.290E-03 0.756E-03 0.189E-03
      3       1      16      64      64      64       4 0.359E-02 0.142E-01 0.000E+00 0.000E+00 0.699E-02 0.175E-02 0.487E-02 0.122E-02
      3       1      16       8       8       8       4 0.335E-02 0.133E-01 0.238E-06 0.954E-06 0.320E-03 0.800E-04 0.125E-03 0.313E-04
      3       1       2     128     128     128       4 0.812E-03 0.300E-02 0.000E+00 0.000E+00 0.110E+00 0.276E-01 0.101E+00 0.253E-01
      3       1       2      16      16      16       4 0.707E-03 0.277E-02 0.000E+00 0.000E+00 0.289E-03 0.723E-04 0.127E-03 0.318E-04
      3       1       2     256     256     256       4 0.933E-03 0.338E-02 0.000E+00 0.000E+00 0.135E+01 0.338E+00 0.110E+01 0.274E+00
      3       1       2      32      32      32       4 0.319E-02 0.127E-01 0.000E+00 0.000E+00 0.113E-02 0.281E-03 0.863E-03 0.216E-03
      3       1       2      64      64      64       4 0.108E-02 0.422E-02 0.000E+00 0.000E+00 0.952E-02 0.238E-02 0.749E-02 0.187E-02
      3       1       2       8       8       8       4 0.735E-03 0.288E-02 0.000E+00 0.000E+00 0.196E-03 0.491E-04 0.436E-04 0.109E-04
      3       1      24     128     128     128       4 0.150E-02 0.568E-02 0.000E+00 0.000E+00 0.752E-01 0.188E-01 0.628E-01 0.157E-01
      3       1      24      16      16      16       4 0.508E-02 0.203E-01 0.298E-06 0.119E-05 0.519E-03 0.130E-03 0.289E-03 0.723E-04
      3       1      24     256     256     256       4 0.515E-03 0.160E-02 0.000E+00 0.000E+00 0.821E+00 0.205E+00 0.585E+00 0.146E+00
      3       1      24      32      32      32       4 0.442E-02 0.176E-01 0.238E-06 0.954E-06 0.132E-02 0.331E-03 0.717E-03 0.179E-03
      3       1      24      64      64      64       4 0.517E-03 0.191E-02 0.000E+00 0.000E+00 0.703E-02 0.176E-02 0.495E-02 0.124E-02
      3       1      24       8       8       8       4 0.299E-02 0.119E-01 0.000E+00 0.000E+00 0.377E-03 0.942E-04 0.170E-03 0.426E-04
      3       1       4     128     128     128       4 0.104E-02 0.392E-02 0.000E+00 0.000E+00 0.876E-01 0.219E-01 0.785E-01 0.196E-01
      3       1       4      16      16      16       4 0.520E-02 0.207E-01 0.000E+00 0.000E+00 0.304E-03 0.761E-04 0.129E-03 0.322E-04
      3       1       4     256     256     256       4 0.782E-03 0.274E-02 0.000E+00 0.000E+00 0.113E+01 0.283E+00 0.897E+00 0.224E+00
      3       1       4      32      32      32       4 0.493E-02 0.196E-01 0.000E+00 0.000E+00 0.111E-02 0.278E-03 0.837E-03 0.209E-03
      3       1       4      64      64      64       4 0.548E-02 0.218E-01 0.000E+00 0.000E+00 0.807E-02 0.202E-02 0.614E-02 0.154E-02
      3       1       4       8       8       8       4 0.424E-02 0.169E-01 0.238E-06 0.954E-06 0.226E-03 0.564E-04 0.551E-04 0.138E-04
      3       1       8     128     128     128       4 0.155E-02 0.592E-02 0.000E+00 0.000E+00 0.757E-01 0.189E-01 0.663E-01 0.166E-01
      3       1       8      16      16      16       4 0.639E-02 0.255E-01 0.000E+00 0.000E+00 0.398E-03 0.995E-04 0.162E-03 0.405E-04
      3       1       8     256     256     256       4 0.703E-03 0.243E-02 0.000E+00 0.000E+00 0.102E+01 0.255E+00 0.774E+00 0.193E+00
      3       1       8      32      32      32       4 0.410E-02 0.163E-01 0.298E-06 0.119E-05 0.974E-03 0.244E-03 0.651E-03 0.163E-03
      3       1       8      64      64      64       4 0.374E-02 0.149E-01 0.000E+00 0.000E+00 0.689E-02 0.172E-02 0.485E-02 0.121E-02
      3       1       8       8       8       8       4 0.541E-02 0.216E-01 0.000E+00 0.000E+00 0.251E-03 0.627E-04 0.479E-04 0.120E-04
      3      12       1     128     128     128       4 0.125E-01 0.494E-01 0.125E-05 0.215E-05 0.126E+00 0.315E-01 0.792E-01 0.198E-01
      3      12       1      16      16      16       4 0.284E-01 0.114E+00 0.600E-02 0.240E-01 0.129E-02 0.322E-03 0.412E-03 0.103E-03
      3      12       1     256     256     256       4 0.234E-01 0.929E-01 0.119E-05 0.191E-05 0.131E+01 0.329E+00 0.663E+00 0.166E+00
      3      12       1      32      32      32       4 0.296E-01 0.118E+00 0.119E-05 0.191E-05 0.273E-02 0.683E-03 0.955E-03 0.239E-03
      3      12       1      64      64      64       4 0.218E-01 0.868E-01 0.149E-05 0.215E-05 0.148E-01 0.370E-02 0.722E-02 0.181E-02
      3      12       1       8       8       8       4 0.354E-02 0.117E-01 0.203E-05 0.215E-05 0.117E-02 0.293E-03 0.600E-03 0.150E-03
      3      12       2     128     128     128       4 0.116E-01 0.459E-01 0.143E-05 0.191E-05 0.126E+00 0.315E-01 0.806E-01 0.202E-01
      3      12       2      16      16      16       4 0.241E-01 0.964E-01 0.101E-05 0.119E-05 0.280E-02 0.701E-03 0.102E-02 0.255E-03
      3      12       2     256     256     256       4 0.121E-01 0.480E-01 0.149E-05 0.191E-05 0.132E+01 0.330E+00 0.663E+00 0.166E+00
      3      12       2      32      32      32       4 0.190E-01 0.759E-01 0.119E-05 0.191E-05 0.337E-02 0.843E-03 0.133E-02 0.333E-03
      3      12       2      64      64      64       4 0.169E-01 0.673E-01 0.125E-05 0.191E-05 0.162E-01 0.406E-02 0.754E-02 0.188E-02
      3      12       2       8       8       8       4 0.326E-02 0.105E-01 0.197E-05 0.215E-05 0.112E-02 0.279E-03 0.561E-03 0.140E-03
      3      16       1     128     128     128       4 0.186E-01 0.738E-01 0.203E-05 0.310E-05 0.132E+00 0.330E-01 0.775E-01 0.194E-01
      3      16       1      16      16      16       4 0.359E-01 0.143E+00 0.226E-05 0.381E-05 0.164E-02 0.411E-03 0.438E-03 0.110E-03
      3      16       1     256     256     256       4 0.195E-01 0.773E-01 0.197E-05 0.215E-05 0.130E+01 0.326E+00 0.651E+00 0.163E+00
      3      16       1      32      32      32       4 0.162E-01 0.647E-01 0.143E-05 0.191E-05 0.354E-02 0.884E-03 0.127E-02 0.318E-03
      3      16       1      64      64      64       4 0.202E-01 0.804E-01 0.453E-05 0.141E-04 0.174E-01 0.435E-02 0.656E-02 0.164E-02
      3      16       1       8       8       8       4 0.369E-02 0.116E-01 0.143E-05 0.286E-05 0.119E-02 0.298E-03 0.752E-03 0.188E-03
      3       2       1     128     128     128       4 0.395E-02 0.155E-01 0.775E-06 0.119E-05 0.204E+00 0.510E-01 0.130E+00 0.324E-01
      3       2       1      16      16      16       4 0.463E-02 0.185E-01 0.715E-06 0.954E-06 0.457E-03 0.114E-03 0.257E-03 0.643E-04
      3       2       1     256     256     256       4 0.449E-02 0.176E-01 0.715E-06 0.954E-06 0.201E+01 0.504E+00 0.150E+01 0.374E+00
      3       2       1      32      32      32       4 0.391E-02 0.156E-01 0.954E-06 0.954E-06 0.225E-02 0.563E-03 0.151E-02 0.377E-03
      3       2       1     512     512     512       4 0.480E-02 0.188E-01 0.715E-06 0.954E-06 0.202E+02 0.506E+01 0.124E+02 0.311E+01
      3       2       1      64      64      64       4 0.401E-02 0.159E-01 0.715E-06 0.954E-06 0.181E-01 0.452E-02 0.122E-01 0.305E-02
      3       2       1       8       8       8       4 0.361E-02 0.144E-01 0.477E-06 0.954E-06 0.207E-03 0.517E-04 0.980E-04 0.245E-04
      3       2      12     128     128     128       4 0.387E-02 0.151E-01 0.715E-06 0.954E-06 0.179E+00 0.446E-01 0.984E-01 0.246E-01
      3       2      12      16      16      16       4 0.816E-02 0.325E-01 0.101E-05 0.119E-05 0.874E-03 0.218E-03 0.466E-03 0.117E-03
      3       2      12     256     256     256       4 0.373E-02 0.146E-01 0.238E-06 0.954E-06 0.142E+01 0.355E+00 0.875E+00 0.219E+00
      3       2      12      32      32      32       4 0.869E-02 0.346E-01 0.954E-06 0.954E-06 0.262E-02 0.655E-03 0.160E-02 0.399E-03
      3       2      12     512     512     512       4 0.466E-02 0.182E-01 0.477E-06 0.954E-06 0.143E+02 0.358E+01 0.797E+01 0.199E+01
      3       2      12      64      64      64       4 0.478E-02 0.185E-01 0.101E-05 0.119E-05 0.166E-01 0.415E-02 0.101E-01 0.253E-02
      3       2      12       8       8       8       4 0.897E-02 0.358E-01 0.715E-06 0.954E-06 0.151E-02 0.377E-03 0.207E-03 0.517E-04
      3       2       2     128     128     128       4 0.309E-02 0.121E-01 0.429E-05 0.150E-04 0.189E+00 0.472E-01 0.116E+00 0.290E-01
      3       2       2      16      16      16       4 0.550E-02 0.219E-01 0.125E-05 0.310E-05 0.597E-03 0.149E-03 0.327E-03 0.817E-04
      3       2       2     256     256     256       4 0.390E-02 0.153E-01 0.954E-06 0.954E-06 0.156E+01 0.391E+00 0.959E+00 0.240E+00
      3       2       2      32      32      32       4 0.464E-02 0.185E-01 0.477E-06 0.954E-06 0.206E-02 0.516E-03 0.141E-02 0.351E-03
      3       2       2     512     512     512       4 0.480E-02 0.188E-01 0.954E-06 0.954E-06 0.170E+02 0.424E+01 0.943E+01 0.236E+01
      3       2       2      64      64      64       4 0.637E-02 0.253E-01 0.477E-06 0.954E-06 0.156E-01 0.391E-02 0.102E-01 0.254E-02
      3       2       2       8       8       8       4 0.753E-02 0.300E-01 0.715E-06 0.954E-06 0.278E-03 0.695E-04 0.113E-03 0.282E-04
      3       2       4     128     128     128       4 0.441E-02 0.174E-01 0.954E-06 0.954E-06 0.186E+00 0.466E-01 0.999E-01 0.250E-01
      3       2       4      16      16      16       4 0.844E-02 0.337E-01 0.536E-06 0.119E-05 0.671E-03 0.168E-03 0.401E-03 0.100E-03
      3       2       4     256     256     256       4 0.352E-02 0.137E-01 0.238E-06 0.954E-06 0.148E+01 0.370E+00 0.956E+00 0.239E+00
      3       2       4      32      32      32       4 0.710E-02 0.283E-01 0.536E-06 0.119E-05 0.226E-02 0.566E-03 0.136E-02 0.340E-03
      3       2       4     512     512     512       4 0.476E-02 0.186E-01 0.775E-06 0.119E-05 0.154E+02 0.384E+01 0.820E+01 0.205E+01
      3       2       4      64      64      64       4 0.405E-02 0.160E-01 0.536E-06 0.119E-05 0.180E-01 0.449E-02 0.118E-01 0.294E-02
      3       2       4       8       8       8       4 0.756E-02 0.301E-01 0.775E-06 0.119E-05 0.358E-03 0.895E-04 0.139E-03 0.347E-04
      3       2       8     128     128     128       4 0.357E-02 0.140E-01 0.477E-06 0.954E-06 0.175E+00 0.438E-01 0.102E+00 0.255E-01
      3       2       8      16      16      16       4 0.619E-02 0.246E-01 0.954E-06 0.191E-05 0.798E-03 0.199E-03 0.408E-03 0.102E-03
      3       2       8     256     256     256       4 0.405E-02 0.159E-01 0.477E-06 0.954E-06 0.148E+01 0.369E+00 0.864E+00 0.216E+00
      3       2       8      32      32      32       4 0.685E-02 0.273E-01 0.954E-06 0.191E-05 0.242E-02 0.604E-03 0.150E-02 0.376E-03
      3       2       8     512     512     512       4 0.451E-02 0.176E-01 0.000E+00 0.000E+00 0.146E+02 0.366E+01 0.834E+01 0.209E+01
      3       2       8      64      64      64       4 0.548E-02 0.217E-01 0.954E-06 0.954E-06 0.181E-01 0.453E-02 0.110E-01 0.274E-02
      3       2       8       8       8       8       4 0.600E-02 0.239E-01 0.107E-05 0.119E-05 0.427E-03 0.107E-03 0.167E-03 0.417E-04
      3      24       1     128     128     128       4 0.331E-01 0.131E+00 0.197E-05 0.215E-05 0.115E+00 0.288E-01 0.747E-01 0.187E-01
      3      24       1      16      16      16       4 0.540E-02 0.168E-01 0.167E-05 0.191E-05 0.163E-02 0.407E-03 0.113E-02 0.282E-03
      3      24       1     256     256     256       4 0.314E-01 0.125E+00 0.209E-05 0.310E-05 0.130E+01 0.325E+00 0.617E+00 0.154E+00
      3      24       1      32      32      32       4 0.377E-01 0.150E+00 0.155E-05 0.215E-05 0.464E-02 0.116E-02 0.155E-02 0.387E-03
      3      24       1      64      64      64       4 0.352E-01 0.140E+00 0.143E-05 0.191E-05 0.183E-01 0.458E-02 0.762E-02 0.190E-02
      3      24       1       8       8       8       4 0.455E-02 0.135E-01 0.179E-05 0.215E-05 0.151E-02 0.377E-03 0.102E-02 0.255E-03
      3       4       1     128     128     128       4 0.143E-01 0.570E-01 0.125E-05 0.215E-05 0.171E+00 0.428E-01 0.933E-01 0.233E-01
      3       4       1      16      16      16       4 0.977E-02 0.390E-01 0.954E-06 0.954E-06 0.634E-03 0.158E-03 0.321E-03 0.803E-04
      3       4       1     256     256     256       4 0.104E-01 0.411E-01 0.954E-06 0.954E-06 0.160E+01 0.399E+00 0.914E+00 0.228E+00
      3       4       1      32      32      32       4 0.111E-01 0.443E-01 0.107E-05 0.119E-05 0.258E-02 0.645E-03 0.160E-02 0.400E-03
      3       4       1      64      64      64       4 0.105E-01 0.419E-01 0.447E-05 0.150E-04 0.162E-01 0.405E-02 0.953E-02 0.238E-02
      3       4       1       8       8       8       4 0.982E-02 0.392E-01 0.400E-02 0.160E-01 0.360E-03 0.901E-04 0.156E-03 0.390E-04
      3       4       2     128     128     128       4 0.507E-02 0.199E-01 0.507E-05 0.150E-04 0.167E+00 0.416E-01 0.832E-01 0.208E-01
      3       4       2      16      16      16       4 0.144E-01 0.574E-01 0.192E-02 0.768E-02 0.615E-03 0.154E-03 0.325E-03 0.812E-04
      3       4       2     256     256     256       4 0.530E-02 0.208E-01 0.954E-06 0.954E-06 0.148E+01 0.370E+00 0.803E+00 0.201E+00
      3       4       2      32      32      32       4 0.137E-01 0.537E-01 0.101E-05 0.119E-05 0.251E-02 0.629E-03 0.148E-02 0.370E-03
      3       4       2      64      64      64       4 0.111E-01 0.442E-01 0.125E-05 0.191E-05 0.140E-01 0.349E-02 0.849E-02 0.212E-02
      3       4       2       8       8       8       4 0.149E-01 0.595E-01 0.400E-02 0.160E-01 0.444E-03 0.111E-03 0.229E-03 0.572E-04
      3       4       4     128     128     128       4 0.710E-02 0.281E-01 0.143E-05 0.191E-05 0.168E+00 0.420E-01 0.844E-01 0.211E-01
      3       4       4      16      16      16       4 0.168E-01 0.670E-01 0.954E-06 0.954E-06 0.110E-02 0.274E-03 0.402E-03 0.100E-03
      3       4       4     256     256     256       4 0.814E-02 0.322E-01 0.143E-05 0.191E-05 0.145E+01 0.364E+00 0.728E+00 0.182E+00
      3       4       4      32      32      32       4 0.128E-01 0.511E-01 0.101E-05 0.119E-05 0.287E-02 0.718E-03 0.167E-02 0.418E-03
      3       4       4      64      64      64       4 0.919E-02 0.363E-01 0.101E-05 0.119E-05 0.141E-01 0.353E-02 0.820E-02 0.205E-02
      3       4       4       8       8       8       4 0.163E-01 0.652E-01 0.149E-05 0.191E-05 0.455E-03 0.114E-03 0.231E-03 0.577E-04
      3       8       1     128     128     128       4 0.864E-02 0.342E-01 0.125E-05 0.191E-05 0.132E+00 0.330E-01 0.855E-01 0.214E-01
      3       8       1      16      16      16       4 0.205E-01 0.820E-01 0.110E-01 0.440E-01 0.283E-01 0.707E-02 0.379E-03 0.948E-04
      3       8       1     256     256     256       4 0.903E-02 0.357E-01 0.119E-05 0.191E-05 0.135E+01 0.339E+00 0.769E+00 0.192E+00
      3       8       1      32      32      32       4 0.240E-01 0.957E-01 0.125E-05 0.215E-05 0.314E-02 0.786E-03 0.148E-02 0.370E-03
      3       8       1      64      64      64       4 0.852E-02 0.339E-01 0.477E-06 0.954E-06 0.141E-01 0.352E-02 0.606E-02 0.152E-02
      3       8       1       8       8       8       4 0.983E-02 0.392E-01 0.715E-06 0.954E-06 0.110E-02 0.275E-03 0.188E-03 0.470E-04
      3       8       2     128     128     128       4 0.734E-02 0.290E-01 0.101E-05 0.119E-05 0.123E+00 0.307E-01 0.740E-01 0.185E-01
      3       8       2      16      16      16       4 0.194E-01 0.775E-01 0.101E-05 0.119E-05 0.131E-02 0.328E-03 0.503E-03 0.126E-03
      3       8       2     256     256     256       4 0.854E-02 0.337E-01 0.173E-05 0.215E-05 0.128E+01 0.319E+00 0.675E+00 0.169E+00
      3       8       2      32      32      32       4 0.166E-01 0.661E-01 0.131E-05 0.215E-05 0.329E-02 0.824E-03 0.146E-02 0.365E-03
      3       8       2      64      64      64       4 0.991E-02 0.394E-01 0.954E-06 0.954E-06 0.154E-01 0.384E-02 0.884E-02 0.221E-02
      3       8       2       8       8       8       4 0.129E-01 0.506E-01 0.101E-05 0.119E-05 0.125E-02 0.313E-03 0.294E-03 0.736E-04];
