      2       1       1    1021    1021       4       4 0.488E+01 0.488E+01 0.595E+01 0.599E+01 0.143E+01 0.892E-01 0.143E+01 0.897E-01
      2       1       1     127     127       4       4 0.184E-01 0.187E-01 0.273E-01 0.274E-01 0.113E-01 0.705E-03 0.109E-01 0.678E-03
      2       1       1    2053    2053       4       4 0.194E+02 0.194E+02 0.233E+02 0.233E+02 0.630E+01 0.394E+00 0.617E+01 0.385E+00
      2       1       1     257     257       4       4 0.313E+00 0.314E+00 0.363E+00 0.364E+00 0.727E-01 0.455E-02 0.728E-01 0.455E-02
      2       1       1      31      31       4       4 0.231E-02 0.266E-02 0.264E-02 0.268E-02 0.286E-03 0.179E-04 0.300E-03 0.187E-04
      2       1       1    4099    4099       4       4 0.201E+02 0.201E+02 0.214E+02 0.214E+02 0.311E+02 0.195E+01 0.309E+02 0.193E+01
      2       1       1     509     509       4       4 0.142E+01 0.145E+01 0.170E+01 0.171E+01 0.371E+00 0.232E-01 0.372E+00 0.232E-01
      2       1       1      67      67       4       4 0.426E-02 0.465E-02 0.552E-02 0.557E-02 0.205E-02 0.128E-03 0.154E-02 0.965E-04
      2       1      12    1021    1021       4       4 0.251E+01 0.253E+01 0.294E+01 0.298E+01 0.228E+00 0.142E-01 0.239E+00 0.150E-01
      2       1      12     127     127       4       4 0.263E-01 0.315E-01 0.376E-01 0.412E-01 0.584E-02 0.365E-03 0.598E-02 0.374E-03
      2       1      12    2053    2053       4       4 0.704E+01 0.716E+01 0.784E+01 0.789E+01 0.996E+00 0.622E-01 0.936E+00 0.585E-01
      2       1      12     257     257       4       4 0.546E+00 0.550E+00 0.583E+00 0.596E+00 0.123E-01 0.772E-03 0.121E-01 0.759E-03
      2       1      12      31      31       4       4 0.145E-01 0.151E-01 0.186E-01 0.188E-01 0.419E-02 0.262E-03 0.814E-03 0.509E-04
      2       1      12    4099    4099       4       4 0.229E+02 0.235E+02 0.268E+02 0.272E+02 0.388E+01 0.242E+00 0.360E+01 0.225E+00
      2       1      12     509     509       4       4 0.112E+01 0.114E+01 0.125E+01 0.130E+01 0.574E-01 0.359E-02 0.588E-01 0.367E-02
      2       1      12      67      67       4       4 0.113E-01 0.127E-01 0.156E-01 0.177E-01 0.533E-02 0.333E-03 0.167E-02 0.104E-03
      2       1      16    1021    1021       4       4 0.239E+01 0.240E+01 0.280E+01 0.284E+01 0.160E+00 0.100E-01 0.152E+00 0.953E-02
      2       1      16     127     127       4       4 0.200E-01 0.254E-01 0.278E-01 0.307E-01 0.367E-02 0.229E-03 0.371E-02 0.232E-03
      2       1      16    2053    2053       4       4 0.760E+01 0.769E+01 0.917E+01 0.946E+01 0.713E+00 0.445E-01 0.103E+01 0.646E-01
      2       1      16     257     257       4       4 0.553E+00 0.576E+00 0.596E+00 0.625E+00 0.134E-01 0.837E-03 0.112E-01 0.701E-03
      2       1      16      31      31       4       4 0.919E-02 0.101E-01 0.126E-01 0.127E-01 0.402E-02 0.251E-03 0.669E-03 0.418E-04
      2       1      16    4099    4099       4       4 0.229E+02 0.232E+02 0.261E+02 0.268E+02 0.390E+01 0.244E+00 0.311E+01 0.194E+00
      2       1      16     509     509       4       4 0.924E+00 0.937E+00 0.101E+01 0.105E+01 0.472E-01 0.295E-02 0.455E-01 0.284E-02
      2       1      16      67      67       4       4 0.220E-01 0.227E-01 0.273E-01 0.276E-01 0.470E-02 0.294E-03 0.213E-02 0.133E-03
      2       1       2    1021    1021       4       4 0.482E+01 0.485E+01 0.605E+01 0.608E+01 0.834E+00 0.521E-01 0.805E+00 0.503E-01
      2       1       2     127     127       4       4 0.371E-01 0.390E-01 0.510E-01 0.534E-01 0.707E-02 0.442E-03 0.665E-02 0.416E-03
      2       1       2    2053    2053       4       4 0.205E+02 0.206E+02 0.253E+02 0.257E+02 0.367E+01 0.229E+00 0.353E+01 0.220E+00
      2       1       2     257     257       4       4 0.402E+00 0.412E+00 0.456E+00 0.465E+00 0.438E-01 0.274E-02 0.449E-01 0.280E-02
      2       1       2      31      31       4       4 0.821E-02 0.838E-02 0.983E-02 0.103E-01 0.361E-03 0.226E-04 0.385E-03 0.240E-04
      2       1       2    4099    4099       4       4 0.341E+02 0.344E+02 0.401E+02 0.408E+02 0.172E+02 0.107E+01 0.168E+02 0.105E+01
      2       1       2     509     509       4       4 0.154E+01 0.154E+01 0.187E+01 0.187E+01 0.213E+00 0.133E-01 0.208E+00 0.130E-01
      2       1       2      67      67       4       4 0.111E-01 0.119E-01 0.146E-01 0.161E-01 0.164E-02 0.102E-03 0.136E-02 0.852E-04
      2       1      24    1021    1021       4       4 0.286E+01 0.294E+01 0.326E+01 0.332E+01 0.176E+00 0.110E-01 0.203E+00 0.127E-01
      2       1      24     127     127       4       4 0.279E-01 0.378E-01 0.386E-01 0.445E-01 0.393E-02 0.245E-03 0.394E-02 0.247E-03
      2       1      24    2053    2053       4       4 0.761E+01 0.774E+01 0.850E+01 0.858E+01 0.531E+00 0.332E-01 0.503E+00 0.314E-01
      2       1      24     257     257       4       4 0.740E+00 0.744E+00 0.767E+00 0.775E+00 0.163E-01 0.102E-02 0.111E-01 0.693E-03
      2       1      24      31      31       4       4 0.125E-01 0.133E-01 0.163E-01 0.164E-01 0.123E-02 0.768E-04 0.123E-02 0.766E-04
      2       1      24    4099    4099       4       4 0.210E+02 0.213E+02 0.260E+02 0.266E+02 0.269E+01 0.168E+00 0.231E+01 0.144E+00
      2       1      24     509     509       4       4 0.119E+01 0.121E+01 0.133E+01 0.139E+01 0.468E-01 0.293E-02 0.430E-01 0.269E-02
      2       1      24      67      67       4       4 0.203E-01 0.214E-01 0.287E-01 0.301E-01 0.186E-01 0.116E-02 0.195E-02 0.122E-03
      2       1       4    1021    1021       4       4 0.314E+01 0.316E+01 0.363E+01 0.364E+01 0.507E+00 0.317E-01 0.457E+00 0.286E-01
      2       1       4     127     127       4       4 0.252E-01 0.265E-01 0.350E-01 0.368E-01 0.463E-02 0.289E-03 0.398E-02 0.249E-03
      2       1       4    2053    2053       4       4 0.132E+02 0.133E+02 0.152E+02 0.156E+02 0.220E+01 0.137E+00 0.201E+01 0.125E+00
      2       1       4     257     257       4       4 0.455E+00 0.464E+00 0.506E+00 0.514E+00 0.287E-01 0.179E-02 0.295E-01 0.184E-02
      2       1       4      31      31       4       4 0.744E-02 0.763E-02 0.893E-02 0.907E-02 0.344E-03 0.215E-04 0.336E-03 0.210E-04
      2       1       4    4099    4099       4       4 0.368E+02 0.377E+02 0.446E+02 0.454E+02 0.100E+02 0.627E+00 0.899E+01 0.562E+00
      2       1       4     509     509       4       4 0.108E+01 0.110E+01 0.127E+01 0.129E+01 0.121E+00 0.759E-02 0.120E+00 0.750E-02
      2       1       4      67      67       4       4 0.136E-01 0.139E-01 0.185E-01 0.187E-01 0.114E-02 0.711E-04 0.119E-02 0.743E-04
      2       1       8    1021    1021       4       4 0.225E+01 0.228E+01 0.251E+01 0.253E+01 0.302E+00 0.189E-01 0.275E+00 0.172E-01
      2       1       8     127     127       4       4 0.207E-01 0.211E-01 0.304E-01 0.308E-01 0.491E-02 0.307E-03 0.322E-02 0.202E-03
      2       1       8    2053    2053       4       4 0.100E+02 0.101E+02 0.118E+02 0.123E+02 0.130E+01 0.812E-01 0.122E+01 0.763E-01
      2       1       8     257     257       4       4 0.477E+00 0.481E+00 0.489E+00 0.505E+00 0.195E-01 0.122E-02 0.205E-01 0.128E-02
      2       1       8      31      31       4       4 0.852E-02 0.886E-02 0.117E-01 0.120E-01 0.514E-03 0.321E-04 0.490E-03 0.306E-04
      2       1       8    4099    4099       4       4 0.274E+02 0.279E+02 0.321E+02 0.328E+02 0.537E+01 0.336E+00 0.487E+01 0.304E+00
      2       1       8     509     509       4       4 0.843E+00 0.873E+00 0.991E+00 0.100E+01 0.791E-01 0.494E-02 0.800E-01 0.500E-02
      2       1       8      67      67       4       4 0.119E-01 0.122E-01 0.173E-01 0.174E-01 0.104E-02 0.649E-04 0.103E-02 0.647E-04
      2      16       1    1021    1021       4       4 0.446E+00 0.449E+00 0.502E+00 0.504E+00 0.128E+00 0.801E-02 0.127E+00 0.793E-02
      2      16       1     127     127       4       4 0.500E-02 0.741E-02 0.354E-02 0.357E-02 0.297E-02 0.186E-03 0.283E-02 0.177E-03
      2      16       1    2053    2053       4       4 0.139E+01 0.140E+01 0.158E+01 0.159E+01 0.530E+00 0.331E-01 0.530E+00 0.331E-01
      2      16       1     257     257       4       4 0.746E-01 0.767E-01 0.702E-01 0.703E-01 0.863E-02 0.539E-03 0.705E-02 0.440E-03
      2      16       1      31      31       4       4 0.357E-02 0.597E-02 0.152E-02 0.161E-02 0.678E-03 0.424E-04 0.589E-03 0.368E-04
      2      16       1    4099    4099       4       4 0.233E+01 0.234E+01 0.251E+01 0.252E+01 0.318E+01 0.199E+00 0.313E+01 0.196E+00
      2      16       1     509     509       4       4 0.183E+00 0.185E+00 0.173E+00 0.173E+00 0.344E-01 0.215E-02 0.322E-01 0.201E-02
      2      16       1      67      67       4       4 0.429E-02 0.675E-02 0.181E-02 0.191E-02 0.100E-02 0.626E-04 0.875E-03 0.547E-04
      2       2       1    1021    1021       4       4 0.910E+00 0.915E+00 0.138E+01 0.138E+01 0.822E+00 0.514E-01 0.828E+00 0.518E-01
      2       2       1     127     127       4       4 0.798E-02 0.114E-01 0.110E-01 0.111E-01 0.720E-02 0.450E-03 0.667E-02 0.417E-03
      2       2       1    2053    2053       4       4 0.351E+01 0.357E+01 0.550E+01 0.554E+01 0.351E+01 0.219E+00 0.349E+01 0.218E+00
      2       2       1     257     257       4       4 0.887E-01 0.907E-01 0.916E-01 0.934E-01 0.433E-01 0.271E-02 0.428E-01 0.268E-02
      2       2       1      31      31       4       4 0.290E-02 0.487E-02 0.116E-02 0.137E-02 0.283E-03 0.177E-04 0.228E-03 0.142E-04
      2       2       1    4099    4099       4       4 0.546E+01 0.548E+01 0.604E+01 0.607E+01 0.195E+02 0.122E+01 0.195E+02 0.122E+01
      2       2       1     509     509       4       4 0.327E+00 0.333E+00 0.440E+00 0.459E+00 0.211E+00 0.132E-01 0.212E+00 0.132E-01
      2       2       1      67      67       4       4 0.418E-02 0.592E-02 0.358E-02 0.362E-02 0.225E-02 0.141E-03 0.212E-02 0.133E-03
      2       2      12    1021    1021       4       4 0.993E+00 0.101E+01 0.124E+01 0.125E+01 0.115E+01 0.719E-01 0.116E+01 0.724E-01
      2       2      12     127     127       4       4 0.157E-01 0.167E-01 0.158E-01 0.171E-01 0.744E-02 0.465E-03 0.696E-02 0.435E-03
      2       2      12    2053    2053       4       4 0.356E+01 0.371E+01 0.403E+01 0.406E+01 0.284E+01 0.177E+00 0.288E+01 0.180E+00
      2       2      12     257     257       4       4 0.197E+00 0.203E+00 0.206E+00 0.214E+00 0.300E-01 0.187E-02 0.215E-01 0.134E-02
      2       2      12      31      31       4       4 0.788E-02 0.955E-02 0.602E-02 0.664E-02 0.169E-01 0.105E-02 0.252E-02 0.158E-03
      2       2      12    4099    4099       4       4 0.831E+01 0.836E+01 0.913E+01 0.923E+01 0.106E+02 0.664E+00 0.105E+02 0.657E+00
      2       2      12     509     509       4       4 0.558E+00 0.583E+00 0.671E+00 0.693E+00 0.123E+00 0.768E-02 0.117E+00 0.732E-02
      2       2      12      67      67       4       4 0.120E-01 0.129E-01 0.123E-01 0.138E-01 0.140E-01 0.877E-03 0.566E-02 0.354E-03
      2       2       2    1021    1021       4       4 0.108E+01 0.109E+01 0.168E+01 0.170E+01 0.588E+00 0.367E-01 0.581E+00 0.363E-01
      2       2       2     127     127       4       4 0.132E-01 0.174E-01 0.177E-01 0.179E-01 0.679E-02 0.424E-03 0.681E-02 0.426E-03
      2       2       2    2053    2053       4       4 0.451E+01 0.461E+01 0.723E+01 0.725E+01 0.249E+01 0.156E+00 0.251E+01 0.157E+00
      2       2       2     257     257       4       4 0.114E+00 0.116E+00 0.131E+00 0.132E+00 0.350E-01 0.219E-02 0.339E-01 0.212E-02
      2       2       2      31      31       4       4 0.496E-02 0.666E-02 0.285E-02 0.290E-02 0.915E-03 0.572E-04 0.845E-03 0.528E-04
      2       2       2    4099    4099       4       4 0.944E+01 0.946E+01 0.128E+02 0.130E+02 0.139E+02 0.872E+00 0.152E+02 0.950E+00
      2       2       2     509     509       4       4 0.507E+00 0.511E+00 0.711E+00 0.724E+00 0.174E+00 0.109E-01 0.168E+00 0.105E-01
      2       2       2      67      67       4       4 0.768E-02 0.988E-02 0.742E-02 0.826E-02 0.142E-02 0.888E-04 0.139E-02 0.871E-04
      2       2       4    1021    1021       4       4 0.798E+00 0.811E+00 0.110E+01 0.112E+01 0.760E+00 0.475E-01 0.774E+00 0.484E-01
      2       2       4     127     127       4       4 0.106E-01 0.142E-01 0.125E-01 0.128E-01 0.549E-02 0.343E-03 0.536E-02 0.335E-03
      2       2       4    2053    2053       4       4 0.425E+01 0.427E+01 0.579E+01 0.589E+01 0.225E+01 0.140E+00 0.225E+01 0.141E+00
      2       2       4     257     257       4       4 0.169E+00 0.171E+00 0.192E+00 0.200E+00 0.237E-01 0.148E-02 0.238E-01 0.149E-02
      2       2       4      31      31       4       4 0.621E-02 0.799E-02 0.418E-02 0.445E-02 0.152E-02 0.949E-04 0.141E-02 0.880E-04
      2       2       4    4099    4099       4       4 0.104E+02 0.105E+02 0.128E+02 0.131E+02 0.130E+02 0.814E+00 0.145E+02 0.908E+00
      2       2       4     509     509       4       4 0.456E+00 0.469E+00 0.587E+00 0.603E+00 0.126E+00 0.789E-02 0.124E+00 0.773E-02
      2       2       4      67      67       4       4 0.971E-02 0.131E-01 0.888E-02 0.114E-01 0.295E-02 0.184E-03 0.254E-02 0.159E-03
      2       2       8    1021    1021       4       4 0.873E+00 0.899E+00 0.109E+01 0.113E+01 0.941E+00 0.588E-01 0.948E+00 0.592E-01
      2       2       8     127     127       4       4 0.944E-02 0.111E-01 0.113E-01 0.137E-01 0.570E-02 0.356E-03 0.556E-02 0.347E-03
      2       2       8    2053    2053       4       4 0.320E+01 0.325E+01 0.370E+01 0.373E+01 0.266E+01 0.166E+00 0.265E+01 0.165E+00
      2       2       8     257     257       4       4 0.200E+00 0.205E+00 0.219E+00 0.222E+00 0.242E-01 0.151E-02 0.241E-01 0.151E-02
      2       2       8      31      31       4       4 0.651E-02 0.834E-02 0.510E-02 0.535E-02 0.265E-02 0.166E-03 0.255E-02 0.159E-03
      2       2       8    4099    4099       4       4 0.844E+01 0.851E+01 0.980E+01 0.984E+01 0.112E+02 0.700E+00 0.124E+02 0.773E+00
      2       2       8     509     509       4       4 0.494E+00 0.514E+00 0.574E+00 0.612E+00 0.107E+00 0.671E-02 0.106E+00 0.661E-02
      2       2       8      67      67       4       4 0.130E-01 0.156E-01 0.117E-01 0.130E-01 0.687E-02 0.430E-03 0.378E-02 0.236E-03
      2       4       1    1021    1021       4       4 0.613E+00 0.616E+00 0.818E+00 0.824E+00 0.439E+00 0.274E-01 0.442E+00 0.276E-01
      2       4       1     127     127       4       4 0.697E-02 0.906E-02 0.859E-02 0.938E-02 0.602E-02 0.377E-03 0.579E-02 0.362E-03
      2       4       1    2053    2053       4       4 0.231E+01 0.232E+01 0.333E+01 0.340E+01 0.183E+01 0.114E+00 0.181E+01 0.113E+00
      2       4       1     257     257       4       4 0.810E-01 0.843E-01 0.757E-01 0.768E-01 0.231E-01 0.144E-02 0.228E-01 0.143E-02
      2       4       1      31      31       4       4 0.345E-02 0.536E-02 0.122E-02 0.128E-02 0.400E-03 0.250E-04 0.362E-03 0.226E-04
      2       4       1    4099    4099       4       4 0.424E+01 0.427E+01 0.523E+01 0.526E+01 0.976E+01 0.610E+00 0.965E+01 0.603E+00
      2       4       1     509     509       4       4 0.215E+00 0.219E+00 0.225E+00 0.230E+00 0.112E+00 0.699E-02 0.111E+00 0.695E-02
      2       4       1      67      67       4       4 0.363E-02 0.559E-02 0.218E-02 0.219E-02 0.116E-02 0.722E-04 0.104E-02 0.650E-04
      2       4       2    1021    1021       4       4 0.758E+00 0.763E+00 0.102E+01 0.103E+01 0.479E+00 0.299E-01 0.432E+00 0.270E-01
      2       4       2     127     127       4       4 0.993E-02 0.119E-01 0.121E-01 0.128E-01 0.474E-02 0.296E-03 0.440E-02 0.275E-03
      2       4       2    2053    2053       4       4 0.270E+01 0.275E+01 0.397E+01 0.400E+01 0.170E+01 0.106E+00 0.180E+01 0.112E+00
      2       4       2     257     257       4       4 0.105E+00 0.107E+00 0.110E+00 0.114E+00 0.203E-01 0.127E-02 0.193E-01 0.121E-02
      2       4       2      31      31       4       4 0.495E-02 0.688E-02 0.212E-02 0.227E-02 0.114E-02 0.711E-04 0.100E-02 0.626E-04
      2       4       2    4099    4099       4       4 0.609E+01 0.612E+01 0.728E+01 0.733E+01 0.881E+01 0.550E+00 0.861E+01 0.538E+00
      2       4       2     509     509       4       4 0.281E+00 0.305E+00 0.284E+00 0.288E+00 0.829E-01 0.518E-02 0.841E-01 0.526E-02
      2       4       2      67      67       4       4 0.680E-02 0.887E-02 0.477E-02 0.510E-02 0.206E-02 0.129E-03 0.188E-02 0.118E-03
      2       4       4    1021    1021       4       4 0.828E+00 0.837E+00 0.102E+01 0.104E+01 0.564E+00 0.352E-01 0.534E+00 0.334E-01
      2       4       4     127     127       4       4 0.850E-02 0.104E-01 0.916E-02 0.992E-02 0.649E-02 0.405E-03 0.602E-02 0.376E-03
      2       4       4    2053    2053       4       4 0.300E+01 0.302E+01 0.387E+01 0.391E+01 0.226E+01 0.141E+00 0.225E+01 0.141E+00
      2       4       4     257     257       4       4 0.152E+00 0.155E+00 0.154E+00 0.154E+00 0.187E-01 0.117E-02 0.211E-01 0.132E-02
      2       4       4      31      31       4       4 0.492E-02 0.662E-02 0.233E-02 0.242E-02 0.220E-02 0.137E-03 0.204E-02 0.127E-03
      2       4       4    4099    4099       4       4 0.604E+01 0.611E+01 0.669E+01 0.698E+01 0.649E+01 0.406E+00 0.605E+01 0.378E+00
      2       4       4     509     509       4       4 0.329E+00 0.341E+00 0.342E+00 0.349E+00 0.805E-01 0.503E-02 0.807E-01 0.505E-02
      2       4       4      67      67       4       4 0.767E-02 0.863E-02 0.545E-02 0.563E-02 0.636E-02 0.398E-03 0.306E-02 0.191E-03
      2       8       1    1021    1021       4       4 0.434E+00 0.445E+00 0.474E+00 0.481E+00 0.237E+00 0.148E-01 0.235E+00 0.147E-01
      2       8       1     127     127       4       4 0.454E-02 0.619E-02 0.405E-02 0.409E-02 0.268E-02 0.167E-03 0.251E-02 0.157E-03
      2       8       1    2053    2053       4       4 0.177E+01 0.178E+01 0.227E+01 0.228E+01 0.990E+00 0.618E-01 0.978E+00 0.611E-01
      2       8       1     257     257       4       4 0.770E-01 0.799E-01 0.684E-01 0.698E-01 0.138E-01 0.864E-03 0.132E-01 0.823E-03
      2       8       1      31      31       4       4 0.330E-02 0.520E-02 0.123E-02 0.138E-02 0.484E-03 0.302E-04 0.386E-03 0.241E-04
      2       8       1    4099    4099       4       4 0.296E+01 0.300E+01 0.347E+01 0.352E+01 0.554E+01 0.346E+00 0.547E+01 0.342E+00
      2       8       1     509     509       4       4 0.203E+00 0.208E+00 0.204E+00 0.209E+00 0.607E-01 0.379E-02 0.594E-01 0.371E-02
      2       8       1      67      67       4       4 0.360E-02 0.514E-02 0.174E-02 0.180E-02 0.707E-03 0.442E-04 0.624E-03 0.390E-04
      2       8       2    1021    1021       4       4 0.526E+00 0.529E+00 0.591E+00 0.598E+00 0.261E+00 0.163E-01 0.252E+00 0.157E-01
      2       8       2     127     127       4       4 0.781E-02 0.949E-02 0.680E-02 0.808E-02 0.354E-02 0.221E-03 0.339E-02 0.212E-03
      2       8       2    2053    2053       4       4 0.253E+01 0.254E+01 0.324E+01 0.325E+01 0.132E+01 0.825E-01 0.153E+01 0.956E-01
      2       8       2     257     257       4       4 0.889E-01 0.909E-01 0.809E-01 0.813E-01 0.119E-01 0.742E-03 0.110E-01 0.690E-03
      2       8       2      31      31       4       4 0.571E-02 0.753E-02 0.248E-02 0.254E-02 0.312E-02 0.195E-03 0.175E-02 0.109E-03
      2       8       2    4099    4099       4       4 0.407E+01 0.409E+01 0.454E+01 0.457E+01 0.518E+01 0.324E+00 0.549E+01 0.343E+00
      2       8       2     509     509       4       4 0.234E+00 0.235E+00 0.223E+00 0.227E+00 0.553E-01 0.345E-02 0.534E-01 0.334E-02
      2       8       2      67      67       4       4 0.763E-02 0.846E-02 0.481E-02 0.514E-02 0.235E-02 0.147E-03 0.211E-02 0.132E-03
      3       1       1    1021    1021       4       4 0.115E-02 0.405E-02 0.000E+00 0.000E+00 0.672E+00 0.420E-01 0.133E+01 0.831E-01
      3       1       1     127     127       4       4 0.756E-03 0.294E-02 0.000E+00 0.000E+00 0.643E-02 0.402E-03 0.127E-01 0.795E-03
      3       1       1    2053    2053       4       4 0.134E-02 0.389E-02 0.000E+00 0.000E+00 0.485E+01 0.303E+00 0.984E+01 0.615E+00
      3       1       1     257     257       4       4 0.770E-03 0.294E-02 0.000E+00 0.000E+00 0.408E-01 0.255E-02 0.819E-01 0.512E-02
      3       1       1      31      31       4       4 0.795E-03 0.314E-02 0.238E-06 0.954E-06 0.402E-03 0.252E-04 0.710E-03 0.444E-04
      3       1       1    4099    4099       4       4 0.217E-02 0.473E-02 0.000E+00 0.000E+00 0.425E+02 0.266E+01 0.856E+02 0.535E+01
      3       1       1     509     509       4       4 0.935E-03 0.346E-02 0.000E+00 0.000E+00 0.139E+00 0.868E-02 0.278E+00 0.174E-01
      3       1       1      67      67       4       4 0.850E-03 0.336E-02 0.000E+00 0.000E+00 0.331E-02 0.207E-03 0.655E-02 0.409E-03
      3       1      12    1021    1021       4       4 0.124E-02 0.430E-02 0.536E-06 0.119E-05 0.248E+00 0.155E-01 0.458E+00 0.286E-01
      3       1      12     127     127       4       4 0.411E-02 0.163E-01 0.000E+00 0.000E+00 0.334E-02 0.209E-03 0.627E-02 0.392E-03
      3       1      12    2053    2053       4       4 0.106E-02 0.255E-02 0.000E+00 0.000E+00 0.121E+01 0.757E-01 0.242E+01 0.151E+00
      3       1      12     257     257       4       4 0.192E-02 0.747E-02 0.298E-06 0.119E-05 0.165E-01 0.103E-02 0.320E-01 0.200E-02
      3       1      12      31      31       4       4 0.444E-02 0.177E-01 0.000E+00 0.000E+00 0.563E-03 0.352E-04 0.975E-03 0.610E-04
      3       1      12    4099    4099       4       4 0.204E-02 0.372E-02 0.477E-06 0.954E-06 0.814E+01 0.509E+00 0.163E+02 0.102E+01
      3       1      12     509     509       4       4 0.142E-02 0.533E-02 0.000E+00 0.000E+00 0.560E-01 0.350E-02 0.108E+00 0.677E-02
      3       1      12      67      67       4       4 0.435E-02 0.173E-01 0.238E-06 0.954E-06 0.141E-02 0.879E-04 0.261E-02 0.163E-03
      3       1      16    1021    1021       4       4 0.156E-02 0.558E-02 0.238E-06 0.954E-06 0.230E+00 0.144E-01 0.424E+00 0.265E-01
      3       1      16     127     127       4       4 0.391E-02 0.155E-01 0.000E+00 0.000E+00 0.366E-02 0.229E-03 0.677E-02 0.423E-03
      3       1      16    2053    2053       4       4 0.102E-02 0.240E-02 0.000E+00 0.000E+00 0.112E+01 0.699E-01 0.223E+01 0.140E+00
      3       1      16     257     257       4       4 0.454E-02 0.179E-01 0.238E-06 0.954E-06 0.177E-01 0.111E-02 0.340E-01 0.213E-02
      3       1      16      31      31       4       4 0.430E-02 0.172E-01 0.000E+00 0.000E+00 0.151E-01 0.944E-03 0.234E-01 0.146E-02
      3       1      16    4099    4099       4       4 0.199E-02 0.351E-02 0.000E+00 0.000E+00 0.716E+01 0.447E+00 0.143E+02 0.895E+00
      3       1      16     509     509       4       4 0.393E-02 0.152E-01 0.298E-06 0.119E-05 0.651E-01 0.407E-02 0.128E+00 0.799E-02
      3       1      16      67      67       4       4 0.429E-02 0.171E-01 0.000E+00 0.000E+00 0.173E-02 0.108E-03 0.310E-02 0.194E-03
      3       1       2    1021    1021       4       4 0.186E-02 0.686E-02 0.000E+00 0.000E+00 0.458E+00 0.286E-01 0.893E+00 0.558E-01
      3       1       2     127     127       4       4 0.313E-02 0.124E-01 0.000E+00 0.000E+00 0.425E-02 0.266E-03 0.832E-02 0.520E-03
      3       1       2    2053    2053       4       4 0.131E-02 0.374E-02 0.000E+00 0.000E+00 0.282E+01 0.176E+00 0.572E+01 0.357E+00
      3       1       2     257     257       4       4 0.818E-03 0.312E-02 0.000E+00 0.000E+00 0.270E-01 0.169E-02 0.538E-01 0.337E-02
      3       1       2      31      31       4       4 0.356E-02 0.142E-01 0.000E+00 0.000E+00 0.418E-03 0.262E-04 0.710E-03 0.444E-04
      3       1       2    4099    4099       4       4 0.210E-02 0.448E-02 0.000E+00 0.000E+00 0.240E+02 0.150E+01 0.482E+02 0.301E+01
      3       1       2     509     509       4       4 0.169E-02 0.650E-02 0.000E+00 0.000E+00 0.952E-01 0.595E-02 0.189E+00 0.118E-01
      3       1       2      67      67       4       4 0.369E-02 0.147E-01 0.000E+00 0.000E+00 0.213E-02 0.133E-03 0.406E-02 0.254E-03
      3       1      24    1021    1021       4       4 0.333E-02 0.124E-01 0.000E+00 0.000E+00 0.274E+00 0.171E-01 0.514E+00 0.321E-01
      3       1      24     127     127       4       4 0.469E-02 0.186E-01 0.000E+00 0.000E+00 0.412E-02 0.257E-03 0.755E-02 0.472E-03
      3       1      24    2053    2053       4       4 0.974E-03 0.212E-02 0.298E-06 0.119E-05 0.107E+01 0.671E-01 0.214E+01 0.134E+00
      3       1      24     257     257       4       4 0.455E-02 0.179E-01 0.000E+00 0.000E+00 0.159E-01 0.991E-03 0.304E-01 0.190E-02
      3       1      24      31      31       4       4 0.542E-02 0.216E-01 0.238E-06 0.954E-06 0.722E-03 0.451E-04 0.118E-02 0.738E-04
      3       1      24    4099    4099       4       4 0.195E-02 0.325E-02 0.000E+00 0.000E+00 0.642E+01 0.401E+00 0.128E+02 0.802E+00
      3       1      24     509     509       4       4 0.132E-02 0.479E-02 0.000E+00 0.000E+00 0.613E-01 0.383E-02 0.120E+00 0.750E-02
      3       1      24      67      67       4       4 0.418E-02 0.166E-01 0.477E-06 0.954E-06 0.399E-02 0.249E-03 0.601E-02 0.376E-03
      3       1       4    1021    1021       4       4 0.286E-02 0.108E-01 0.000E+00 0.000E+00 0.327E+00 0.204E-01 0.629E+00 0.393E-01
      3       1       4     127     127       4       4 0.386E-02 0.153E-01 0.000E+00 0.000E+00 0.421E-02 0.263E-03 0.810E-02 0.506E-03
      3       1       4    2053    2053       4       4 0.118E-02 0.317E-02 0.000E+00 0.000E+00 0.183E+01 0.115E+00 0.370E+01 0.231E+00
      3       1       4     257     257       4       4 0.193E-02 0.751E-02 0.000E+00 0.000E+00 0.227E-01 0.142E-02 0.441E-01 0.276E-02
      3       1       4      31      31       4       4 0.522E-02 0.208E-01 0.000E+00 0.000E+00 0.409E-03 0.255E-04 0.699E-03 0.437E-04
      3       1       4    4099    4099       4       4 0.209E-02 0.432E-02 0.000E+00 0.000E+00 0.144E+02 0.903E+00 0.291E+02 0.182E+01
      3       1       4     509     509       4       4 0.124E-02 0.465E-02 0.000E+00 0.000E+00 0.672E-01 0.420E-02 0.133E+00 0.828E-02
      3       1       4      67      67       4       4 0.365E-02 0.145E-01 0.000E+00 0.000E+00 0.147E-02 0.921E-04 0.278E-02 0.174E-03
      3       1       8    1021    1021       4       4 0.904E-03 0.299E-02 0.000E+00 0.000E+00 0.258E+00 0.161E-01 0.483E+00 0.302E-01
      3       1       8     127     127       4       4 0.714E-02 0.284E-01 0.000E+00 0.000E+00 0.287E-02 0.180E-03 0.537E-02 0.336E-03
      3       1       8    2053    2053       4       4 0.114E-02 0.297E-02 0.238E-06 0.954E-06 0.139E+01 0.871E-01 0.280E+01 0.175E+00
      3       1       8     257     257       4       4 0.459E-02 0.182E-01 0.000E+00 0.000E+00 0.152E-01 0.948E-03 0.295E-01 0.185E-02
      3       1       8      31      31       4       4 0.447E-02 0.178E-01 0.238E-06 0.954E-06 0.525E-03 0.328E-04 0.921E-03 0.576E-04
      3       1       8    4099    4099       4       4 0.207E-02 0.401E-02 0.000E+00 0.000E+00 0.960E+01 0.600E+00 0.193E+02 0.120E+01
      3       1       8     509     509       4       4 0.149E-02 0.561E-02 0.000E+00 0.000E+00 0.578E-01 0.362E-02 0.113E+00 0.706E-02
      3       1       8      67      67       4       4 0.419E-02 0.167E-01 0.238E-06 0.954E-06 0.133E-02 0.834E-04 0.249E-02 0.156E-03
      3      16       1    1021    1021       4       4 0.139E-01 0.547E-01 0.149E-05 0.215E-05 0.957E-01 0.598E-02 0.192E+00 0.120E-01
      3      16       1     127     127       4       4 0.335E-01 0.134E+00 0.119E-05 0.191E-05 0.290E-02 0.181E-03 0.484E-02 0.303E-03
      3      16       1    2053    2053       4       4 0.206E-01 0.808E-01 0.185E-05 0.215E-05 0.550E+00 0.344E-01 0.109E+01 0.681E-01
      3      16       1     257     257       4       4 0.178E-01 0.708E-01 0.775E-06 0.119E-05 0.829E-02 0.518E-03 0.155E-01 0.971E-03
      3      16       1      31      31       4       4 0.388E-01 0.155E+00 0.173E-05 0.215E-05 0.165E-02 0.103E-03 0.239E-02 0.150E-03
      3      16       1    4099    4099       4       4 0.189E-01 0.712E-01 0.119E-05 0.191E-05 0.264E+01 0.165E+00 0.529E+01 0.331E+00
      3      16       1     509     509       4       4 0.200E-01 0.797E-01 0.954E-06 0.954E-06 0.295E-01 0.184E-02 0.573E-01 0.358E-02
      3      16       1      67      67       4       4 0.138E-01 0.549E-01 0.715E-06 0.954E-06 0.203E-02 0.127E-03 0.307E-02 0.192E-03
      3       2       1    1021    1021       4       4 0.495E-02 0.192E-01 0.000E+00 0.000E+00 0.387E+00 0.242E-01 0.769E+00 0.481E-01
      3       2       1     127     127       4       4 0.837E-02 0.334E-01 0.501E-05 0.191E-04 0.624E-02 0.390E-03 0.121E-01 0.759E-03
      3       2       1    2053    2053       4       4 0.445E-02 0.167E-01 0.536E-06 0.119E-05 0.240E+01 0.150E+00 0.486E+01 0.304E+00
      3       2       1     257     257       4       4 0.438E-02 0.173E-01 0.203E-02 0.811E-02 0.411E-01 0.257E-02 0.824E-01 0.515E-02
      3       2       1      31      31       4       4 0.540E-02 0.216E-01 0.477E-06 0.954E-06 0.391E-03 0.244E-04 0.659E-03 0.412E-04
      3       2       1    4099    4099       4       4 0.609E-02 0.204E-01 0.477E-06 0.954E-06 0.169E+02 0.106E+01 0.338E+02 0.211E+01
      3       2       1     509     509       4       4 0.448E-02 0.174E-01 0.238E-06 0.954E-06 0.129E+00 0.809E-02 0.256E+00 0.160E-01
      3       2       1      67      67       4       4 0.406E-02 0.162E-01 0.652E-02 0.261E-01 0.250E-02 0.156E-03 0.452E-02 0.282E-03
      3       2      12    1021    1021       4       4 0.745E-02 0.290E-01 0.238E-06 0.954E-06 0.210E+00 0.131E-01 0.404E+00 0.252E-01
      3       2      12     127     127       4       4 0.600E-02 0.239E-01 0.238E-06 0.954E-06 0.275E-02 0.172E-03 0.505E-02 0.316E-03
      3       2      12    2053    2053       4       4 0.334E-02 0.121E-01 0.536E-06 0.119E-05 0.797E+00 0.498E-01 0.160E+01 0.999E-01
      3       2      12     257     257       4       4 0.614E-02 0.243E-01 0.238E-06 0.954E-06 0.119E-01 0.741E-03 0.226E-01 0.142E-02
      3       2      12      31      31       4       4 0.802E-02 0.320E-01 0.238E-06 0.954E-06 0.781E-03 0.488E-04 0.135E-02 0.845E-04
      3       2      12    4099    4099       4       4 0.549E-02 0.164E-01 0.477E-06 0.954E-06 0.490E+01 0.306E+00 0.981E+01 0.613E+00
      3       2      12     509     509       4       4 0.548E-02 0.216E-01 0.238E-06 0.954E-06 0.439E-01 0.275E-02 0.849E-01 0.531E-02
      3       2      12      67      67       4       4 0.736E-02 0.294E-01 0.477E-06 0.954E-06 0.128E-02 0.798E-04 0.236E-02 0.148E-03
      3       2       2    1021    1021       4       4 0.523E-02 0.203E-01 0.423E-05 0.150E-04 0.297E+00 0.186E-01 0.590E+00 0.369E-01
      3       2       2     127     127       4       4 0.335E-02 0.133E-01 0.238E-06 0.954E-06 0.443E-02 0.277E-03 0.857E-02 0.536E-03
      3       2       2    2053    2053       4       4 0.337E-02 0.124E-01 0.238E-06 0.954E-06 0.151E+01 0.946E-01 0.306E+01 0.191E+00
      3       2       2     257     257       4       4 0.985E-02 0.391E-01 0.715E-06 0.954E-06 0.190E-01 0.119E-02 0.378E-01 0.236E-02
      3       2       2      31      31       4       4 0.555E-02 0.221E-01 0.298E-06 0.119E-05 0.535E-03 0.334E-04 0.873E-03 0.546E-04
      3       2       2    4099    4099       4       4 0.464E-02 0.144E-01 0.000E+00 0.000E+00 0.991E+01 0.620E+00 0.199E+02 0.125E+01
      3       2       2     509     509       4       4 0.523E-02 0.206E-01 0.775E-06 0.119E-05 0.696E-01 0.435E-02 0.139E+00 0.870E-02
      3       2       2      67      67       4       4 0.716E-02 0.286E-01 0.477E-06 0.954E-06 0.169E-02 0.106E-03 0.319E-02 0.199E-03
      3       2       4    1021    1021       4       4 0.719E-02 0.280E-01 0.238E-06 0.954E-06 0.234E+00 0.146E-01 0.461E+00 0.288E-01
      3       2       4     127     127       4       4 0.632E-02 0.251E-01 0.536E-06 0.119E-05 0.365E-02 0.228E-03 0.665E-02 0.416E-03
      3       2       4    2053    2053       4       4 0.466E-02 0.174E-01 0.954E-06 0.191E-05 0.113E+01 0.707E-01 0.227E+01 0.142E+00
      3       2       4     257     257       4       4 0.744E-02 0.295E-01 0.238E-06 0.954E-06 0.175E-01 0.109E-02 0.344E-01 0.215E-02
      3       2       4      31      31       4       4 0.553E-02 0.221E-01 0.715E-06 0.954E-06 0.499E-03 0.312E-04 0.834E-03 0.521E-04
      3       2       4    4099    4099       4       4 0.467E-02 0.143E-01 0.298E-06 0.119E-05 0.640E+01 0.400E+00 0.128E+02 0.803E+00
      3       2       4     509     509       4       4 0.470E-02 0.184E-01 0.298E-06 0.119E-05 0.513E-01 0.321E-02 0.101E+00 0.632E-02
      3       2       4      67      67       4       4 0.107E-01 0.429E-01 0.775E-06 0.119E-05 0.172E-02 0.108E-03 0.331E-02 0.207E-03
      3       2       8    1021    1021       4       4 0.438E-02 0.168E-01 0.477E-06 0.954E-06 0.180E+00 0.112E-01 0.344E+00 0.215E-01
      3       2       8     127     127       4       4 0.979E-02 0.390E-01 0.238E-06 0.954E-06 0.249E-02 0.156E-03 0.469E-02 0.293E-03
      3       2       8    2053    2053       4       4 0.402E-02 0.149E-01 0.775E-06 0.119E-05 0.881E+00 0.551E-01 0.177E+01 0.110E+00
      3       2       8     257     257       4       4 0.611E-02 0.242E-01 0.238E-06 0.954E-06 0.142E-01 0.888E-03 0.279E-01 0.174E-02
      3       2       8      31      31       4       4 0.720E-02 0.287E-01 0.000E+00 0.000E+00 0.637E-03 0.398E-04 0.112E-02 0.698E-04
      3       2       8    4099    4099       4       4 0.914E-02 0.320E-01 0.238E-06 0.954E-06 0.462E+01 0.289E+00 0.924E+01 0.578E+00
      3       2       8     509     509       4       4 0.470E-02 0.184E-01 0.477E-06 0.954E-06 0.426E-01 0.266E-02 0.829E-01 0.518E-02
      3       2       8      67      67       4       4 0.911E-02 0.364E-01 0.000E+00 0.000E+00 0.144E-02 0.901E-04 0.266E-02 0.166E-03
      3       4       1    1021    1021       4       4 0.119E-01 0.468E-01 0.238E-06 0.954E-06 0.238E+00 0.149E-01 0.468E+00 0.292E-01
      3       4       1     127     127       4       4 0.116E-01 0.461E-01 0.800E-02 0.320E-01 0.418E-02 0.262E-03 0.821E-02 0.513E-03
      3       4       1    2053    2053       4       4 0.105E-01 0.410E-01 0.119E-05 0.191E-05 0.133E+01 0.831E-01 0.269E+01 0.168E+00
      3       4       1     257     257       4       4 0.955E-02 0.380E-01 0.553E-02 0.221E-01 0.177E-01 0.111E-02 0.346E-01 0.216E-02
      3       4       1      31      31       4       4 0.125E-01 0.501E-01 0.400E-02 0.160E-01 0.104E+00 0.652E-02 0.197E+00 0.123E-01
      3       4       1    4099    4099       4       4 0.140E-01 0.521E-01 0.101E-05 0.119E-05 0.873E+01 0.545E+00 0.175E+02 0.110E+01
      3       4       1     509     509       4       4 0.125E-01 0.495E-01 0.400E-02 0.160E-01 0.836E-01 0.522E-02 0.137E+00 0.855E-02
      3       4       1      67      67       4       4 0.131E-01 0.522E-01 0.800E-02 0.320E-01 0.654E-01 0.409E-02 0.664E-01 0.415E-02
      3       4       2    1021    1021       4       4 0.853E-02 0.334E-01 0.536E-06 0.119E-05 0.179E+00 0.112E-01 0.351E+00 0.219E-01
      3       4       2     127     127       4       4 0.147E-01 0.585E-01 0.775E-06 0.119E-05 0.382E-02 0.238E-03 0.703E-02 0.439E-03
      3       4       2    2053    2053       4       4 0.103E-01 0.402E-01 0.800E-02 0.320E-01 0.927E+00 0.580E-01 0.187E+01 0.117E+00
      3       4       2     257     257       4       4 0.162E-01 0.645E-01 0.477E-06 0.954E-06 0.110E-01 0.690E-03 0.216E-01 0.135E-02
      3       4       2      31      31       4       4 0.225E-01 0.899E-01 0.119E-05 0.191E-05 0.632E-03 0.395E-04 0.110E-02 0.686E-04
      3       4       2    4099    4099       4       4 0.168E-01 0.631E-01 0.834E-06 0.119E-05 0.548E+01 0.343E+00 0.110E+02 0.686E+00
      3       4       2     509     509       4       4 0.110E-01 0.437E-01 0.715E-06 0.954E-06 0.396E-01 0.247E-02 0.778E-01 0.486E-02
      3       4       2      67      67       4       4 0.142E-01 0.566E-01 0.119E-05 0.191E-05 0.118E-02 0.737E-04 0.221E-02 0.138E-03
      3       4       4    1021    1021       4       4 0.941E-02 0.369E-01 0.238E-06 0.954E-06 0.131E+00 0.818E-02 0.255E+00 0.160E-01
      3       4       4     127     127       4       4 0.179E-01 0.715E-01 0.000E+00 0.000E+00 0.235E-02 0.147E-03 0.440E-02 0.275E-03
      3       4       4    2053    2053       4       4 0.748E-02 0.287E-01 0.238E-06 0.954E-06 0.678E+00 0.424E-01 0.136E+01 0.853E-01
      3       4       4     257     257       4       4 0.125E-01 0.496E-01 0.715E-06 0.954E-06 0.925E-02 0.578E-03 0.181E-01 0.113E-02
      3       4       4      31      31       4       4 0.144E-01 0.576E-01 0.536E-06 0.119E-05 0.575E-03 0.359E-04 0.101E-02 0.629E-04
      3       4       4    4099    4099       4       4 0.803E-02 0.276E-01 0.125E-05 0.191E-05 0.373E+01 0.233E+00 0.748E+01 0.467E+00
      3       4       4     509     509       4       4 0.146E-01 0.579E-01 0.000E+00 0.000E+00 0.297E-01 0.186E-02 0.580E-01 0.363E-02
      3       4       4      67      67       4       4 0.125E-01 0.500E-01 0.600E-02 0.240E-01 0.173E-02 0.108E-03 0.276E-02 0.172E-03
      3       8       1    1021    1021       4       4 0.874E-02 0.343E-01 0.101E-05 0.119E-05 0.133E+00 0.834E-02 0.266E+00 0.166E-01
      3       8       1     127     127       4       4 0.669E-02 0.266E-01 0.834E-06 0.119E-05 0.318E-02 0.199E-03 0.539E-02 0.337E-03
      3       8       1    2053    2053       4       4 0.109E-01 0.420E-01 0.447E-05 0.150E-04 0.747E+00 0.467E-01 0.151E+01 0.942E-01
      3       8       1     257     257       4       4 0.639E-02 0.253E-01 0.238E-06 0.954E-06 0.949E-02 0.593E-03 0.177E-01 0.111E-02
      3       8       1      31      31       4       4 0.228E-01 0.910E-01 0.107E-05 0.119E-05 0.131E-02 0.817E-04 0.180E-02 0.112E-03
      3       8       1    4099    4099       4       4 0.102E-01 0.370E-01 0.125E-05 0.215E-05 0.470E+01 0.294E+00 0.946E+01 0.591E+00
      3       8       1     509     509       4       4 0.899E-02 0.355E-01 0.954E-06 0.954E-06 0.303E-01 0.190E-02 0.599E-01 0.374E-02
      3       8       1      67      67       4       4 0.182E-01 0.727E-01 0.101E-05 0.119E-05 0.186E-02 0.117E-03 0.283E-02 0.177E-03
      3       8       2    1021    1021       4       4 0.113E-01 0.443E-01 0.775E-06 0.119E-05 0.984E-01 0.615E-02 0.192E+00 0.120E-01
      3       8       2     127     127       4       4 0.140E-01 0.557E-01 0.101E-05 0.119E-05 0.278E-02 0.174E-03 0.470E-02 0.294E-03
      3       8       2    2053    2053       4       4 0.893E-02 0.343E-01 0.125E-05 0.191E-05 0.512E+00 0.320E-01 0.103E+01 0.646E-01
      3       8       2     257     257       4       4 0.130E-01 0.518E-01 0.101E-05 0.119E-05 0.884E-02 0.553E-03 0.160E-01 0.100E-02
      3       8       2      31      31       4       4 0.142E-01 0.567E-01 0.000E+00 0.000E+00 0.144E-02 0.897E-04 0.200E-02 0.125E-03
      3       8       2    4099    4099       4       4 0.250E-01 0.959E-01 0.954E-06 0.954E-06 0.296E+01 0.185E+00 0.592E+01 0.370E+00
      3       8       2     509     509       4       4 0.139E-01 0.550E-01 0.954E-06 0.954E-06 0.227E-01 0.142E-02 0.436E-01 0.272E-02
      3       8       2      67      67       4       4 0.220E-01 0.880E-01 0.954E-06 0.954E-06 0.195E-02 0.122E-03 0.311E-02 0.194E-03
