      1       1       1     128     128     128       4 0.161E-04 0.310E-04 0.000E+00 0.000E+00 0.161E+00 0.404E-01 0.167E+00 0.416E-01
      1       1       1      16      16      16       4 0.876E-05 0.291E-04 0.000E+00 0.000E+00 0.300E-03 0.750E-04 0.201E-03 0.503E-04
      1       1       1     256     256     256       4 0.253E-04 0.460E-04 0.000E+00 0.000E+00 0.173E+01 0.432E+00 0.194E+01 0.485E+00
      1       1       1      32      32      32       4 0.775E-05 0.210E-04 0.000E+00 0.000E+00 0.158E-02 0.396E-03 0.168E-02 0.420E-03
      1       1       1     512     512     512       4 0.331E-04 0.501E-04 0.000E+00 0.000E+00 0.194E+02 0.486E+01 0.211E+02 0.528E+01
      1       1       1      64      64      64       4 0.721E-05 0.179E-04 0.000E+00 0.000E+00 0.128E-01 0.319E-02 0.143E-01 0.358E-02
      1       1       1       8       8       8       4 0.548E-05 0.191E-04 0.000E+00 0.000E+00 0.770E-04 0.193E-04 0.639E-04 0.160E-04
      1       1      12     128     128     128       4 0.198E-04 0.401E-04 0.000E+00 0.000E+00 0.205E-01 0.512E-02 0.203E-01 0.509E-02
      1       1      12      16      16      16       4 0.674E-05 0.219E-04 0.000E+00 0.000E+00 0.115E-03 0.287E-04 0.122E-03 0.305E-04
      1       1      12     256     256     256       4 0.315E-04 0.620E-04 0.000E+00 0.000E+00 0.254E+00 0.634E-01 0.342E+00 0.856E-01
      1       1      12      32      32      32       4 0.775E-05 0.231E-04 0.000E+00 0.000E+00 0.432E-03 0.108E-03 0.456E-03 0.114E-03
      1       1      12     512     512     512       4 0.365E-04 0.501E-04 0.000E+00 0.000E+00 0.264E+01 0.661E+00 0.326E+01 0.814E+00
      1       1      12      64      64      64       4 0.846E-05 0.210E-04 0.000E+00 0.000E+00 0.315E-02 0.789E-03 0.311E-02 0.777E-03
      1       1      12       8       8       8       4 0.805E-05 0.269E-04 0.238E-06 0.954E-06 0.761E-04 0.190E-04 0.920E-04 0.230E-04
      1       1      16     128     128     128       4 0.200E-04 0.410E-04 0.000E+00 0.000E+00 0.160E-01 0.400E-02 0.143E-01 0.358E-02
      1       1      16      16      16      16       4 0.108E-04 0.319E-04 0.000E+00 0.000E+00 0.823E-03 0.206E-03 0.110E-03 0.275E-04
      1       1      16     256     256     256       4 0.278E-04 0.448E-04 0.477E-06 0.954E-06 0.235E+00 0.588E-01 0.331E+00 0.826E-01
      1       1      16      32      32      32       4 0.103E-04 0.279E-04 0.000E+00 0.000E+00 0.649E-03 0.162E-03 0.330E-03 0.826E-04
      1       1      16     512     512     512       4 0.358E-04 0.539E-04 0.000E+00 0.000E+00 0.307E+01 0.767E+00 0.373E+01 0.931E+00
      1       1      16      64      64      64       4 0.954E-05 0.250E-04 0.238E-06 0.954E-06 0.235E-02 0.588E-03 0.223E-02 0.557E-03
      1       1      16       8       8       8       4 0.829E-05 0.281E-04 0.000E+00 0.000E+00 0.710E-04 0.178E-04 0.708E-04 0.177E-04
      1       1       2     128     128     128       4 0.183E-04 0.350E-04 0.000E+00 0.000E+00 0.910E-01 0.227E-01 0.874E-01 0.219E-01
      1       1       2      16      16      16       4 0.882E-05 0.272E-04 0.298E-06 0.119E-05 0.225E-03 0.562E-04 0.199E-03 0.497E-04
      1       1       2     256     256     256       4 0.255E-04 0.439E-04 0.000E+00 0.000E+00 0.104E+01 0.259E+00 0.119E+01 0.296E+00
      1       1       2      32      32      32       4 0.948E-05 0.219E-04 0.000E+00 0.000E+00 0.939E-03 0.235E-03 0.998E-03 0.250E-03
      1       1       2     512     512     512       4 0.334E-04 0.489E-04 0.000E+00 0.000E+00 0.115E+02 0.287E+01 0.126E+02 0.315E+01
      1       1       2      64      64      64       4 0.799E-05 0.210E-04 0.000E+00 0.000E+00 0.859E-02 0.215E-02 0.832E-02 0.208E-02
      1       1       2       8       8       8       4 0.620E-05 0.210E-04 0.000E+00 0.000E+00 0.696E-04 0.174E-04 0.792E-04 0.198E-04
      1       1      24     128     128     128       4 0.373E-04 0.601E-04 0.000E+00 0.000E+00 0.153E-01 0.384E-02 0.156E-01 0.389E-02
      1       1      24      16      16      16       4 0.745E-05 0.248E-04 0.000E+00 0.000E+00 0.125E-03 0.313E-04 0.100E-03 0.250E-04
      1       1      24     256     256     256       4 0.358E-04 0.610E-04 0.000E+00 0.000E+00 0.202E+00 0.506E-01 0.297E+00 0.744E-01
      1       1      24      32      32      32       4 0.960E-05 0.291E-04 0.000E+00 0.000E+00 0.371E-03 0.927E-04 0.413E-03 0.103E-03
      1       1      24     512     512     512       4 0.334E-04 0.489E-04 0.000E+00 0.000E+00 0.221E+01 0.552E+00 0.291E+01 0.728E+00
      1       1      24      64      64      64       4 0.117E-04 0.300E-04 0.000E+00 0.000E+00 0.165E-02 0.412E-03 0.207E-02 0.517E-03
      1       1      24       8       8       8       4 0.644E-05 0.210E-04 0.238E-06 0.954E-06 0.653E-03 0.163E-03 0.732E-04 0.183E-04
      1       1       4     128     128     128       4 0.178E-04 0.339E-04 0.000E+00 0.000E+00 0.490E-01 0.122E-01 0.477E-01 0.119E-01
      1       1       4      16      16      16       4 0.103E-04 0.319E-04 0.238E-06 0.954E-06 0.174E-03 0.435E-04 0.161E-03 0.403E-04
      1       1       4     256     256     256       4 0.277E-04 0.501E-04 0.000E+00 0.000E+00 0.599E+00 0.150E+00 0.688E+00 0.172E+00
      1       1       4      32      32      32       4 0.972E-05 0.229E-04 0.000E+00 0.000E+00 0.892E-03 0.223E-03 0.899E-03 0.225E-03
      1       1       4     512     512     512       4 0.343E-04 0.501E-04 0.000E+00 0.000E+00 0.679E+01 0.170E+01 0.733E+01 0.183E+01
      1       1       4      64      64      64       4 0.751E-05 0.191E-04 0.000E+00 0.000E+00 0.472E-02 0.118E-02 0.439E-02 0.110E-02
      1       1       4       8       8       8       4 0.626E-05 0.200E-04 0.000E+00 0.000E+00 0.572E-04 0.143E-04 0.601E-04 0.150E-04
      1       1       8     128     128     128       4 0.201E-04 0.391E-04 0.000E+00 0.000E+00 0.255E-01 0.637E-02 0.246E-01 0.614E-02
      1       1       8      16      16      16       4 0.143E-04 0.479E-04 0.000E+00 0.000E+00 0.126E-03 0.315E-04 0.116E-03 0.290E-04
      1       1       8     256     256     256       4 0.275E-04 0.482E-04 0.000E+00 0.000E+00 0.383E+00 0.958E-01 0.481E+00 0.120E+00
      1       1       8      32      32      32       4 0.823E-05 0.229E-04 0.000E+00 0.000E+00 0.509E-03 0.127E-03 0.523E-03 0.131E-03
      1       1       8     512     512     512       4 0.338E-04 0.501E-04 0.238E-06 0.954E-06 0.383E+01 0.957E+00 0.444E+01 0.111E+01
      1       1       8      64      64      64       4 0.823E-05 0.210E-04 0.000E+00 0.000E+00 0.282E-02 0.706E-03 0.283E-02 0.707E-03
      1       1       8       8       8       8       4 0.745E-05 0.238E-04 0.000E+00 0.000E+00 0.751E-04 0.188E-04 0.679E-04 0.170E-04
      1      12       1     128     128     128       4 0.200E-04 0.410E-04 0.000E+00 0.000E+00 0.193E+00 0.483E-01 0.241E+00 0.602E-01
      1      12       1      16      16      16       4 0.876E-05 0.281E-04 0.000E+00 0.000E+00 0.403E-03 0.101E-03 0.424E-03 0.106E-03
      1      12       1     256     256     256       4 0.315E-04 0.541E-04 0.000E+00 0.000E+00 0.176E+01 0.439E+00 0.208E+01 0.519E+00
      1      12       1      32      32      32       4 0.876E-05 0.250E-04 0.000E+00 0.000E+00 0.163E-02 0.408E-03 0.183E-02 0.456E-03
      1      12       1      64      64      64       4 0.108E-04 0.241E-04 0.000E+00 0.000E+00 0.188E-01 0.471E-02 0.254E-01 0.635E-02
      1      12       1       8       8       8       4 0.572E-05 0.200E-04 0.000E+00 0.000E+00 0.975E-04 0.244E-04 0.687E-04 0.172E-04
      1      12       2     128     128     128       4 0.268E-04 0.610E-04 0.238E-06 0.954E-06 0.161E+00 0.403E-01 0.263E+00 0.658E-01
      1      12       2      16      16      16       4 0.882E-05 0.281E-04 0.000E+00 0.000E+00 0.232E-03 0.580E-04 0.241E-03 0.603E-04
      1      12       2     256     256     256       4 0.339E-04 0.610E-04 0.000E+00 0.000E+00 0.968E+00 0.242E+00 0.156E+01 0.389E+00
      1      12       2      32      32      32       4 0.840E-05 0.260E-04 0.000E+00 0.000E+00 0.921E-03 0.230E-03 0.103E-02 0.257E-03
      1      12       2      64      64      64       4 0.105E-04 0.229E-04 0.000E+00 0.000E+00 0.940E-02 0.235E-02 0.929E-02 0.232E-02
      1      12       2       8       8       8       4 0.650E-05 0.219E-04 0.298E-06 0.119E-05 0.618E-04 0.154E-04 0.520E-04 0.130E-04
      1      16       1     128     128     128       4 0.195E-04 0.401E-04 0.000E+00 0.000E+00 0.214E+00 0.534E-01 0.276E+00 0.690E-01
      1      16       1      16      16      16       4 0.596E-05 0.210E-04 0.000E+00 0.000E+00 0.209E-03 0.523E-04 0.209E-03 0.522E-04
      1      16       1     256     256     256       4 0.350E-04 0.591E-04 0.000E+00 0.000E+00 0.181E+01 0.453E+00 0.235E+01 0.587E+00
      1      16       1      32      32      32       4 0.128E-04 0.319E-04 0.000E+00 0.000E+00 0.312E-02 0.779E-03 0.350E-02 0.874E-03
      1      16       1      64      64      64       4 0.858E-05 0.172E-04 0.000E+00 0.000E+00 0.151E-01 0.377E-02 0.167E-01 0.417E-02
      1      16       1       8       8       8       4 0.423E-05 0.150E-04 0.000E+00 0.000E+00 0.470E-04 0.117E-04 0.379E-04 0.948E-05
      1       2       1     128     128     128       4 0.169E-04 0.348E-04 0.000E+00 0.000E+00 0.156E+00 0.389E-01 0.175E+00 0.438E-01
      1       2       1      16      16      16       4 0.775E-05 0.250E-04 0.000E+00 0.000E+00 0.401E-03 0.100E-03 0.392E-03 0.980E-04
      1       2       1     256     256     256       4 0.245E-04 0.429E-04 0.000E+00 0.000E+00 0.173E+01 0.434E+00 0.195E+01 0.487E+00
      1       2       1      32      32      32       4 0.829E-05 0.250E-04 0.000E+00 0.000E+00 0.182E-02 0.454E-03 0.201E-02 0.503E-03
      1       2       1     512     512     512       4 0.330E-04 0.501E-04 0.000E+00 0.000E+00 0.194E+02 0.486E+01 0.211E+02 0.528E+01
      1       2       1      64      64      64       4 0.858E-05 0.212E-04 0.000E+00 0.000E+00 0.132E-01 0.330E-02 0.147E-01 0.366E-02
      1       2       1       8       8       8       4 0.697E-05 0.250E-04 0.000E+00 0.000E+00 0.720E-04 0.180E-04 0.620E-04 0.155E-04
      1       2      12     128     128     128       4 0.219E-04 0.501E-04 0.000E+00 0.000E+00 0.295E-01 0.738E-02 0.330E-01 0.824E-02
      1       2      12      16      16      16       4 0.100E-04 0.300E-04 0.000E+00 0.000E+00 0.134E-03 0.335E-04 0.145E-03 0.362E-04
      1       2      12     256     256     256       4 0.287E-04 0.529E-04 0.000E+00 0.000E+00 0.205E+00 0.513E-01 0.360E+00 0.900E-01
      1       2      12      32      32      32       4 0.103E-04 0.291E-04 0.000E+00 0.000E+00 0.508E-03 0.127E-03 0.463E-03 0.116E-03
      1       2      12     512     512     512       4 0.442E-04 0.529E-04 0.000E+00 0.000E+00 0.288E+01 0.720E+00 0.410E+01 0.102E+01
      1       2      12      64      64      64       4 0.110E-04 0.269E-04 0.000E+00 0.000E+00 0.316E-02 0.791E-03 0.314E-02 0.786E-03
      1       2      12       8       8       8       4 0.823E-05 0.291E-04 0.000E+00 0.000E+00 0.830E-04 0.207E-04 0.715E-04 0.179E-04
      1       2       2     128     128     128       4 0.167E-04 0.281E-04 0.000E+00 0.000E+00 0.892E-01 0.223E-01 0.977E-01 0.244E-01
      1       2       2      16      16      16       4 0.751E-05 0.231E-04 0.000E+00 0.000E+00 0.229E-03 0.572E-04 0.265E-03 0.663E-04
      1       2       2     256     256     256       4 0.265E-04 0.451E-04 0.000E+00 0.000E+00 0.108E+01 0.270E+00 0.124E+01 0.310E+00
      1       2       2      32      32      32       4 0.118E-04 0.331E-04 0.000E+00 0.000E+00 0.146E-02 0.364E-03 0.167E-02 0.417E-03
      1       2       2     512     512     512       4 0.327E-04 0.501E-04 0.000E+00 0.000E+00 0.101E+02 0.252E+01 0.110E+02 0.275E+01
      1       2       2      64      64      64       4 0.739E-05 0.179E-04 0.000E+00 0.000E+00 0.806E-02 0.201E-02 0.816E-02 0.204E-02
      1       2       2       8       8       8       4 0.733E-05 0.241E-04 0.000E+00 0.000E+00 0.720E-04 0.180E-04 0.658E-04 0.165E-04
      1       2       4     128     128     128       4 0.195E-04 0.381E-04 0.000E+00 0.000E+00 0.484E-01 0.121E-01 0.541E-01 0.135E-01
      1       2       4      16      16      16       4 0.110E-04 0.350E-04 0.000E+00 0.000E+00 0.195E-03 0.488E-04 0.182E-03 0.455E-04
      1       2       4     256     256     256       4 0.272E-04 0.491E-04 0.238E-06 0.954E-06 0.565E+00 0.141E+00 0.672E+00 0.168E+00
      1       2       4      32      32      32       4 0.817E-05 0.229E-04 0.000E+00 0.000E+00 0.507E-01 0.127E-01 0.140E-01 0.351E-02
      1       2       4     512     512     512       4 0.401E-04 0.541E-04 0.000E+00 0.000E+00 0.501E+01 0.125E+01 0.607E+01 0.152E+01
      1       2       4      64      64      64       4 0.751E-05 0.179E-04 0.000E+00 0.000E+00 0.447E-02 0.112E-02 0.449E-02 0.112E-02
      1       2       4       8       8       8       4 0.590E-05 0.179E-04 0.238E-06 0.954E-06 0.672E-04 0.168E-04 0.629E-04 0.157E-04
      1       2       8     128     128     128       4 0.175E-04 0.331E-04 0.238E-06 0.954E-06 0.288E-01 0.719E-02 0.368E-01 0.920E-02
      1       2       8      16      16      16       4 0.817E-05 0.238E-04 0.238E-06 0.954E-06 0.134E-03 0.335E-04 0.128E-03 0.320E-04
      1       2       8     256     256     256       4 0.280E-04 0.498E-04 0.000E+00 0.000E+00 0.404E+00 0.101E+00 0.493E+00 0.123E+00
      1       2       8      32      32      32       4 0.125E-04 0.370E-04 0.000E+00 0.000E+00 0.559E-03 0.140E-03 0.556E-03 0.139E-03
      1       2       8     512     512     512       4 0.347E-04 0.529E-04 0.238E-06 0.954E-06 0.357E+01 0.893E+00 0.461E+01 0.115E+01
      1       2       8      64      64      64       4 0.876E-05 0.222E-04 0.000E+00 0.000E+00 0.248E-02 0.620E-03 0.254E-02 0.635E-03
      1       2       8       8       8       8       4 0.781E-05 0.250E-04 0.238E-06 0.954E-06 0.770E-04 0.193E-04 0.710E-04 0.178E-04
      1      24       1     128     128     128       4 0.277E-04 0.679E-04 0.000E+00 0.000E+00 0.238E+00 0.596E-01 0.357E+00 0.892E-01
      1      24       1      16      16      16       4 0.685E-05 0.191E-04 0.000E+00 0.000E+00 0.347E-03 0.867E-04 0.375E-03 0.938E-04
      1      24       1     256     256     256       4 0.370E-04 0.749E-04 0.000E+00 0.000E+00 0.206E+01 0.515E+00 0.304E+01 0.759E+00
      1      24       1      32      32      32       4 0.134E-04 0.360E-04 0.000E+00 0.000E+00 0.308E-02 0.769E-03 0.352E-02 0.879E-03
      1      24       1      64      64      64       4 0.110E-04 0.222E-04 0.000E+00 0.000E+00 0.196E-01 0.491E-02 0.279E-01 0.698E-02
      1      24       1       8       8       8       4 0.626E-05 0.219E-04 0.000E+00 0.000E+00 0.839E-04 0.210E-04 0.730E-04 0.182E-04
      1       4       1     128     128     128       4 0.153E-04 0.281E-04 0.000E+00 0.000E+00 0.166E+00 0.414E-01 0.191E+00 0.478E-01
      1       4       1      16      16      16       4 0.691E-05 0.219E-04 0.000E+00 0.000E+00 0.414E-03 0.104E-03 0.396E-03 0.991E-04
      1       4       1     256     256     256       4 0.265E-04 0.470E-04 0.000E+00 0.000E+00 0.151E+01 0.377E+00 0.174E+01 0.436E+00
      1       4       1      32      32      32       4 0.650E-05 0.200E-04 0.000E+00 0.000E+00 0.157E-02 0.392E-03 0.166E-02 0.414E-03
      1       4       1     512     512     512       4 0.340E-04 0.529E-04 0.238E-06 0.954E-06 0.141E+02 0.353E+01 0.159E+02 0.398E+01
      1       4       1      64      64      64       4 0.805E-05 0.160E-04 0.000E+00 0.000E+00 0.135E-01 0.338E-02 0.149E-01 0.372E-02
      1       4       1       8       8       8       4 0.650E-05 0.229E-04 0.000E+00 0.000E+00 0.730E-04 0.182E-04 0.660E-04 0.165E-04
      1       4       2     128     128     128       4 0.198E-04 0.381E-04 0.000E+00 0.000E+00 0.104E+00 0.259E-01 0.117E+00 0.292E-01
      1       4       2      16      16      16       4 0.799E-05 0.238E-04 0.238E-06 0.954E-06 0.238E-03 0.595E-04 0.251E-03 0.627E-04
      1       4       2     256     256     256       4 0.260E-04 0.448E-04 0.000E+00 0.000E+00 0.810E+00 0.203E+00 0.996E+00 0.249E+00
      1       4       2      32      32      32       4 0.145E-04 0.291E-04 0.000E+00 0.000E+00 0.155E-02 0.388E-03 0.164E-02 0.410E-03
      1       4       2     512     512     512       4 0.365E-04 0.548E-04 0.000E+00 0.000E+00 0.918E+01 0.230E+01 0.104E+02 0.260E+01
      1       4       2      64      64      64       4 0.852E-05 0.191E-04 0.298E-06 0.119E-05 0.752E-02 0.188E-02 0.841E-02 0.210E-02
      1       4       2       8       8       8       4 0.656E-05 0.231E-04 0.000E+00 0.000E+00 0.789E-04 0.197E-04 0.458E-04 0.114E-04
      1       4       4     128     128     128       4 0.229E-04 0.510E-04 0.000E+00 0.000E+00 0.473E-01 0.118E-01 0.584E-01 0.146E-01
      1       4       4      16      16      16       4 0.775E-05 0.229E-04 0.000E+00 0.000E+00 0.155E-03 0.387E-04 0.138E-03 0.345E-04
      1       4       4     256     256     256       4 0.360E-04 0.789E-04 0.000E+00 0.000E+00 0.509E+00 0.127E+00 0.684E+00 0.171E+00
      1       4       4      32      32      32       4 0.105E-04 0.269E-04 0.000E+00 0.000E+00 0.853E-03 0.213E-03 0.957E-03 0.239E-03
      1       4       4     512     512     512       4 0.350E-04 0.520E-04 0.000E+00 0.000E+00 0.466E+01 0.117E+01 0.594E+01 0.149E+01
      1       4       4      64      64      64       4 0.978E-05 0.250E-04 0.000E+00 0.000E+00 0.678E-02 0.170E-02 0.769E-02 0.192E-02
      1       4       4       8       8       8       4 0.501E-05 0.172E-04 0.238E-06 0.954E-06 0.441E-04 0.110E-04 0.381E-04 0.954E-05
      1       8       1     128     128     128       4 0.183E-04 0.360E-04 0.000E+00 0.000E+00 0.186E+00 0.466E-01 0.223E+00 0.557E-01
      1       8       1      16      16      16       4 0.829E-05 0.272E-04 0.000E+00 0.000E+00 0.388E-03 0.970E-04 0.408E-03 0.102E-03
      1       8       1     256     256     256       4 0.283E-04 0.491E-04 0.298E-06 0.119E-05 0.162E+01 0.404E+00 0.191E+01 0.477E+00
      1       8       1      32      32      32       4 0.876E-05 0.260E-04 0.000E+00 0.000E+00 0.159E-02 0.396E-03 0.184E-02 0.459E-03
      1       8       1      64      64      64       4 0.115E-04 0.191E-04 0.000E+00 0.000E+00 0.148E-01 0.371E-02 0.159E-01 0.397E-02
      1       8       1       8       8       8       4 0.572E-05 0.198E-04 0.238E-06 0.954E-06 0.920E-04 0.230E-04 0.639E-04 0.160E-04
      1       8       2     128     128     128       4 0.202E-04 0.410E-04 0.000E+00 0.000E+00 0.156E+00 0.390E-01 0.243E+00 0.606E-01
      1       8       2      16      16      16       4 0.106E-04 0.350E-04 0.000E+00 0.000E+00 0.229E-03 0.573E-04 0.242E-03 0.604E-04
      1       8       2     256     256     256       4 0.302E-04 0.520E-04 0.000E+00 0.000E+00 0.928E+00 0.232E+00 0.116E+01 0.291E+00
      1       8       2      32      32      32       4 0.108E-04 0.322E-04 0.000E+00 0.000E+00 0.115E-02 0.287E-03 0.126E-02 0.314E-03
      1       8       2      64      64      64       4 0.110E-04 0.260E-04 0.000E+00 0.000E+00 0.767E-02 0.192E-02 0.856E-02 0.214E-02
      1       8       2       8       8       8       4 0.519E-05 0.160E-04 0.000E+00 0.000E+00 0.551E-04 0.138E-04 0.489E-04 0.122E-04
      2       1       1     128     128     128       4 0.136E+01 0.137E+01 0.110E+01 0.111E+01 0.119E+00 0.298E-01 0.124E+00 0.310E-01
      2       1       1      16      16      16       4 0.113E-01 0.117E-01 0.969E-02 0.979E-02 0.710E-04 0.178E-04 0.682E-04 0.170E-04
      2       1       1     256     256     256       4 0.531E+01 0.542E+01 0.527E+01 0.533E+01 0.138E+01 0.344E+00 0.133E+01 0.334E+00
      2       1       1      32      32      32       4 0.602E-01 0.611E-01 0.512E-01 0.514E-01 0.738E-03 0.184E-03 0.743E-03 0.186E-03
      2       1       1      64      64      64       4 0.251E+00 0.255E+00 0.218E+00 0.218E+00 0.970E-02 0.243E-02 0.104E-01 0.261E-02
      2       1       1       8       8       8       4 0.825E-02 0.858E-02 0.725E-02 0.727E-02 0.811E-05 0.203E-05 0.668E-05 0.167E-05
      2       1      12     128     128     128       4 0.216E+01 0.220E+01 0.185E+01 0.190E+01 0.250E-01 0.626E-02 0.265E-01 0.663E-02
      2       1      12      16      16      16       4 0.333E-01 0.339E-01 0.302E-01 0.310E-01 0.321E-03 0.803E-04 0.302E-03 0.755E-04
      2       1      12     256     256     256       4 0.815E+01 0.819E+01 0.810E+01 0.823E+01 0.198E+00 0.494E-01 0.196E+00 0.489E-01
      2       1      12      32      32      32       4 0.125E+00 0.129E+00 0.116E+00 0.120E+00 0.429E-03 0.107E-03 0.478E-03 0.120E-03
      2       1      12      64      64      64       4 0.489E+00 0.494E+00 0.426E+00 0.431E+00 0.239E-02 0.598E-03 0.305E-02 0.763E-03
      2       1      12       8       8       8       4 0.254E-01 0.259E-01 0.228E-01 0.234E-01 0.571E-03 0.143E-03 0.402E-03 0.101E-03
      2       1      16     128     128     128       4 0.194E+01 0.199E+01 0.163E+01 0.167E+01 0.210E-01 0.526E-02 0.193E-01 0.482E-02
      2       1      16      16      16      16       4 0.260E-01 0.282E-01 0.235E-01 0.240E-01 0.201E-03 0.502E-04 0.180E-03 0.451E-04
      2       1      16     256     256     256       4 0.647E+01 0.656E+01 0.636E+01 0.664E+01 0.178E+00 0.445E-01 0.175E+00 0.438E-01
      2       1      16      32      32      32       4 0.109E+00 0.111E+00 0.988E-01 0.991E-01 0.454E-03 0.113E-03 0.431E-03 0.108E-03
      2       1      16      64      64      64       4 0.426E+00 0.447E+00 0.377E+00 0.392E+00 0.362E-02 0.905E-03 0.303E-02 0.758E-03
      2       1      16       8       8       8       4 0.199E-01 0.219E-01 0.174E-01 0.178E-01 0.251E-03 0.628E-04 0.241E-03 0.603E-04
      2       1       2     128     128     128       4 0.227E+01 0.228E+01 0.190E+01 0.192E+01 0.690E-01 0.173E-01 0.701E-01 0.175E-01
      2       1       2      16      16      16       4 0.210E-01 0.229E-01 0.188E-01 0.206E-01 0.106E-03 0.266E-04 0.102E-03 0.255E-04
      2       1       2     256     256     256       4 0.887E+01 0.920E+01 0.875E+01 0.927E+01 0.838E+00 0.209E+00 0.815E+00 0.204E+00
      2       1       2      32      32      32       4 0.845E-01 0.850E-01 0.733E-01 0.735E-01 0.447E-03 0.112E-03 0.434E-03 0.109E-03
      2       1       2      64      64      64       4 0.385E+00 0.413E+00 0.332E+00 0.357E+00 0.592E-02 0.148E-02 0.654E-02 0.163E-02
      2       1       2       8       8       8       4 0.154E-01 0.162E-01 0.137E-01 0.144E-01 0.539E-04 0.135E-04 0.520E-04 0.130E-04
      2       1      24     128     128     128       4 0.220E+01 0.228E+01 0.186E+01 0.196E+01 0.225E-01 0.562E-02 0.167E-01 0.418E-02
      2       1      24      16      16      16       4 0.372E-01 0.377E-01 0.337E-01 0.342E-01 0.518E-03 0.130E-03 0.422E-03 0.106E-03
      2       1      24     256     256     256       4 0.739E+01 0.752E+01 0.708E+01 0.724E+01 0.154E+00 0.386E-01 0.184E+00 0.460E-01
      2       1      24      32      32      32       4 0.128E+00 0.134E+00 0.118E+00 0.126E+00 0.102E-02 0.255E-03 0.899E-03 0.225E-03
      2       1      24      64      64      64       4 0.514E+00 0.521E+00 0.462E+00 0.483E+00 0.324E-02 0.811E-03 0.344E-02 0.859E-03
      2       1      24       8       8       8       4 0.268E-01 0.279E-01 0.247E-01 0.253E-01 0.108E-02 0.270E-03 0.725E-03 0.181E-03
      2       1       4     128     128     128       4 0.193E+01 0.197E+01 0.153E+01 0.155E+01 0.374E-01 0.936E-02 0.370E-01 0.924E-02
      2       1       4      16      16      16       4 0.222E-01 0.236E-01 0.199E-01 0.215E-01 0.968E-04 0.242E-04 0.949E-04 0.237E-04
      2       1       4     256     256     256       4 0.741E+01 0.758E+01 0.749E+01 0.797E+01 0.436E+00 0.109E+00 0.437E+00 0.109E+00
      2       1       4      32      32      32       4 0.894E-01 0.917E-01 0.790E-01 0.811E-01 0.397E-03 0.992E-04 0.403E-03 0.101E-03
      2       1       4      64      64      64       4 0.359E+00 0.366E+00 0.322E+00 0.323E+00 0.350E-02 0.876E-03 0.435E-02 0.109E-02
      2       1       4       8       8       8       4 0.168E-01 0.174E-01 0.150E-01 0.152E-01 0.901E-04 0.225E-04 0.849E-04 0.212E-04
      2       1       8     128     128     128       4 0.162E+01 0.172E+01 0.125E+01 0.130E+01 0.242E-01 0.606E-02 0.213E-01 0.533E-02
      2       1       8      16      16      16       4 0.208E-01 0.217E-01 0.187E-01 0.196E-01 0.135E-03 0.338E-04 0.131E-03 0.327E-04
      2       1       8     256     256     256       4 0.644E+01 0.650E+01 0.638E+01 0.654E+01 0.252E+00 0.629E-01 0.252E+00 0.629E-01
      2       1       8      32      32      32       4 0.803E-01 0.828E-01 0.692E-01 0.704E-01 0.468E-03 0.117E-03 0.356E-03 0.889E-04
      2       1       8      64      64      64       4 0.300E+00 0.307E+00 0.255E+00 0.259E+00 0.236E-02 0.591E-03 0.287E-02 0.718E-03
      2       1       8       8       8       8       4 0.127E-01 0.130E-01 0.111E-01 0.113E-01 0.101E-03 0.252E-04 0.927E-04 0.232E-04
      2      16       1     128     128     128       4 0.442E+00 0.446E+00 0.380E+00 0.381E+00 0.218E-01 0.545E-02 0.188E-01 0.469E-02
      2      16       1      16      16      16       4 0.287E-01 0.325E-01 0.252E-01 0.263E-01 0.157E-03 0.393E-04 0.801E-04 0.200E-04
      2      16       1     256     256     256       4 0.278E+01 0.279E+01 0.263E+01 0.263E+01 0.262E+00 0.655E-01 0.244E+00 0.611E-01
      2      16       1      32      32      32       4 0.121E+00 0.134E+00 0.101E+00 0.102E+00 0.299E-03 0.747E-04 0.269E-03 0.674E-04
      2      16       1      64      64      64       4 0.254E+00 0.259E+00 0.215E+00 0.216E+00 0.216E-02 0.541E-03 0.195E-02 0.488E-03
      2       2       1     128     128     128       4 0.171E+01 0.173E+01 0.154E+01 0.154E+01 0.106E+00 0.264E-01 0.894E-01 0.224E-01
      2       2       1      16      16      16       4 0.293E-01 0.339E-01 0.243E-01 0.246E-01 0.130E-03 0.325E-04 0.949E-04 0.237E-04
      2       2       1     256     256     256       4 0.166E+02 0.167E+02 0.161E+02 0.163E+02 0.155E+01 0.387E+00 0.154E+01 0.386E+00
      2       2       1      32      32      32       4 0.125E+00 0.128E+00 0.107E+00 0.109E+00 0.798E-03 0.199E-03 0.773E-03 0.193E-03
      2       2       1      64      64      64       4 0.342E+00 0.350E+00 0.304E+00 0.305E+00 0.940E-02 0.235E-02 0.865E-02 0.216E-02
      2       2       1       8       8       8       4 0.255E-01 0.279E-01 0.216E-01 0.218E-01 0.429E-04 0.107E-04 0.341E-04 0.852E-05
      2       2      12     128     128     128       4 0.325E+01 0.347E+01 0.291E+01 0.302E+01 0.106E+00 0.264E-01 0.102E+00 0.256E-01
      2       2      12      16      16      16       4 0.109E+00 0.111E+00 0.101E+00 0.102E+00 0.683E-03 0.171E-03 0.463E-03 0.116E-03
      2       2      12     256     256     256       4 0.202E+02 0.205E+02 0.197E+02 0.200E+02 0.962E+00 0.240E+00 0.958E+00 0.240E+00
      2       2      12      32      32      32       4 0.297E+00 0.305E+00 0.247E+00 0.254E+00 0.112E-02 0.281E-03 0.995E-03 0.249E-03
      2       2      12      64      64      64       4 0.696E+00 0.750E+00 0.629E+00 0.642E+00 0.126E-01 0.316E-02 0.118E-01 0.296E-02
      2       2      12       8       8       8       4 0.664E-01 0.674E-01 0.585E-01 0.587E-01 0.311E-03 0.778E-04 0.256E-03 0.640E-04
      2       2       2     128     128     128       4 0.282E+01 0.315E+01 0.260E+01 0.293E+01 0.910E-01 0.228E-01 0.876E-01 0.219E-01
      2       2       2      16      16      16       4 0.491E-01 0.520E-01 0.433E-01 0.464E-01 0.240E-03 0.600E-04 0.193E-03 0.482E-04
      2       2       2     256     256     256       4 0.186E+02 0.188E+02 0.182E+02 0.183E+02 0.122E+01 0.306E+00 0.121E+01 0.302E+00
      2       2       2      32      32      32       4 0.176E+00 0.188E+00 0.153E+00 0.162E+00 0.101E-02 0.252E-03 0.962E-03 0.241E-03
      2       2       2      64      64      64       4 0.516E+00 0.533E+00 0.479E+00 0.497E+00 0.122E-01 0.306E-02 0.124E-01 0.311E-02
      2       2       2       8       8       8       4 0.383E-01 0.401E-01 0.337E-01 0.365E-01 0.133E-03 0.333E-04 0.899E-04 0.225E-04
      2       2       4     128     128     128       4 0.281E+01 0.290E+01 0.260E+01 0.267E+01 0.107E+00 0.266E-01 0.107E+00 0.267E-01
      2       2       4      16      16      16       4 0.564E-01 0.586E-01 0.493E-01 0.499E-01 0.303E-03 0.757E-04 0.240E-03 0.600E-04
      2       2       4     256     256     256       4 0.177E+02 0.180E+02 0.183E+02 0.188E+02 0.111E+01 0.277E+00 0.112E+01 0.279E+00
      2       2       4      32      32      32       4 0.185E+00 0.185E+00 0.165E+00 0.168E+00 0.103E-02 0.258E-03 0.115E-02 0.287E-03
      2       2       4      64      64      64       4 0.493E+00 0.513E+00 0.449E+00 0.474E+00 0.961E-02 0.240E-02 0.960E-02 0.240E-02
      2       2       4       8       8       8       4 0.449E-01 0.465E-01 0.391E-01 0.405E-01 0.173E-03 0.432E-04 0.128E-03 0.320E-04
      2       2       8     128     128     128       4 0.251E+01 0.259E+01 0.231E+01 0.240E+01 0.103E+00 0.258E-01 0.103E+00 0.257E-01
      2       2       8      16      16      16       4 0.590E-01 0.600E-01 0.521E-01 0.536E-01 0.358E-03 0.895E-04 0.254E-03 0.635E-04
      2       2       8     256     256     256       4 0.173E+02 0.174E+02 0.160E+02 0.162E+02 0.101E+01 0.252E+00 0.982E+00 0.246E+00
      2       2       8      32      32      32       4 0.168E+00 0.170E+00 0.149E+00 0.154E+00 0.102E-02 0.255E-03 0.100E-02 0.251E-03
      2       2       8      64      64      64       4 0.460E+00 0.469E+00 0.413E+00 0.418E+00 0.116E-01 0.290E-02 0.114E-01 0.285E-02
      2       2       8       8       8       8       4 0.492E-01 0.528E-01 0.428E-01 0.438E-01 0.352E-03 0.880E-04 0.266E-03 0.665E-04
      2       4       1     128     128     128       4 0.100E+01 0.102E+01 0.878E+00 0.881E+00 0.554E-01 0.138E-01 0.504E-01 0.126E-01
      2       4       1      16      16      16       4 0.290E-01 0.315E-01 0.260E-01 0.267E-01 0.108E-03 0.270E-04 0.668E-04 0.167E-04
      2       4       1     256     256     256       4 0.728E+01 0.735E+01 0.708E+01 0.709E+01 0.654E+00 0.163E+00 0.577E+00 0.144E+00
      2       4       1      32      32      32       4 0.112E+00 0.120E+00 0.945E-01 0.955E-01 0.592E-03 0.148E-03 0.512E-03 0.128E-03
      2       4       1      64      64      64       4 0.270E+00 0.275E+00 0.235E+00 0.236E+00 0.494E-02 0.124E-02 0.496E-02 0.124E-02
      2       4       1       8       8       8       4 0.261E-01 0.287E-01 0.226E-01 0.227E-01 0.620E-04 0.155E-04 0.260E-04 0.650E-05
      2       4       2     128     128     128       4 0.169E+01 0.173E+01 0.155E+01 0.156E+01 0.701E-01 0.175E-01 0.689E-01 0.172E-01
      2       4       2      16      16      16       4 0.515E-01 0.550E-01 0.472E-01 0.511E-01 0.307E-03 0.767E-04 0.273E-03 0.683E-04
      2       4       2     256     256     256       4 0.101E+02 0.112E+02 0.102E+02 0.111E+02 0.698E+00 0.174E+00 0.674E+00 0.169E+00
      2       4       2      32      32      32       4 0.152E+00 0.158E+00 0.133E+00 0.138E+00 0.851E-03 0.213E-03 0.809E-03 0.202E-03
      2       4       2      64      64      64       4 0.401E+00 0.426E+00 0.342E+00 0.364E+00 0.586E-02 0.147E-02 0.609E-02 0.152E-02
      2       4       2       8       8       8       4 0.436E-01 0.465E-01 0.369E-01 0.390E-01 0.150E-03 0.376E-04 0.135E-03 0.339E-04
      2       4       4     128     128     128       4 0.167E+01 0.172E+01 0.152E+01 0.154E+01 0.751E-01 0.188E-01 0.748E-01 0.187E-01
      2       4       4      16      16      16       4 0.570E-01 0.595E-01 0.518E-01 0.529E-01 0.405E-03 0.101E-03 0.347E-03 0.868E-04
      2       4       4     256     256     256       4 0.101E+02 0.102E+02 0.101E+02 0.103E+02 0.633E+00 0.158E+00 0.628E+00 0.157E+00
      2       4       4      32      32      32       4 0.167E+00 0.176E+00 0.146E+00 0.152E+00 0.806E-03 0.201E-03 0.791E-03 0.198E-03
      2       4       4      64      64      64       4 0.392E+00 0.395E+00 0.349E+00 0.351E+00 0.629E-02 0.157E-02 0.634E-02 0.158E-02
      2       4       4       8       8       8       4 0.518E-01 0.555E-01 0.434E-01 0.445E-01 0.235E-03 0.588E-04 0.235E-03 0.588E-04
      2       8       1     128     128     128       4 0.647E+00 0.809E+00 0.496E+00 0.498E+00 0.327E-01 0.817E-02 0.305E-01 0.762E-02
      2       8       1      16      16      16       4 0.394E-01 0.402E-01 0.321E-01 0.331E-01 0.146E-03 0.365E-04 0.901E-04 0.225E-04
      2       8       1     256     256     256       4 0.447E+01 0.451E+01 0.431E+01 0.433E+01 0.384E+00 0.960E-01 0.350E+00 0.875E-01
      2       8       1      32      32      32       4 0.111E+00 0.115E+00 0.949E-01 0.964E-01 0.406E-03 0.102E-03 0.362E-03 0.905E-04
      2       8       1      64      64      64       4 0.196E+00 0.205E+00 0.172E+00 0.175E+00 0.386E-02 0.965E-03 0.300E-02 0.750E-03
      2       8       1       8       8       8       4 0.180E-01 0.204E-01 0.141E-01 0.143E-01 0.582E-04 0.145E-04 0.391E-04 0.978E-05
      2       8       2     128     128     128       4 0.967E+00 0.102E+01 0.807E+00 0.816E+00 0.362E-01 0.905E-02 0.335E-01 0.837E-02
      2       8       2      16      16      16       4 0.646E-01 0.674E-01 0.570E-01 0.579E-01 0.249E-03 0.623E-04 0.197E-03 0.492E-04
      2       8       2     256     256     256       4 0.687E+01 0.704E+01 0.671E+01 0.687E+01 0.427E+00 0.107E+00 0.422E+00 0.105E+00
      2       8       2      32      32      32       4 0.162E+00 0.164E+00 0.139E+00 0.141E+00 0.667E-03 0.167E-03 0.605E-03 0.151E-03
      2       8       2      64      64      64       4 0.311E+00 0.391E+00 0.259E+00 0.265E+00 0.381E-02 0.954E-03 0.349E-02 0.873E-03
      2       8       2       8       8       8       4 0.275E-01 0.294E-01 0.159E-01 0.221E-01 0.231E-03 0.578E-04 0.218E-03 0.545E-04
      3       1       1     128     128     128       4 0.911E-03 0.340E-02 0.000E+00 0.000E+00 0.159E+00 0.397E-01 0.148E+00 0.369E-01
      3       1       1      16      16      16       4 0.716E-03 0.281E-02 0.238E-06 0.954E-06 0.236E-03 0.590E-04 0.126E-03 0.315E-04
      3       1       1     256     256     256       4 0.949E-03 0.346E-02 0.000E+00 0.000E+00 0.187E+01 0.469E+00 0.160E+01 0.401E+00
      3       1       1      32      32      32       4 0.748E-03 0.293E-02 0.000E+00 0.000E+00 0.125E-02 0.311E-03 0.106E-02 0.265E-03
      3       1       1      64      64      64       4 0.862E-03 0.334E-02 0.238E-06 0.954E-06 0.127E-01 0.318E-02 0.112E-01 0.281E-02
      3       1       1       8       8       8       4 0.826E-03 0.325E-02 0.000E+00 0.000E+00 0.143E-03 0.357E-04 0.494E-04 0.123E-04
      3       1      12     128     128     128       4 0.118E-02 0.447E-02 0.000E+00 0.000E+00 0.724E-01 0.181E-01 0.635E-01 0.159E-01
      3       1      12      16      16      16       4 0.742E-02 0.296E-01 0.238E-06 0.954E-06 0.383E-03 0.958E-04 0.168E-03 0.420E-04
      3       1      12     256     256     256       4 0.634E-03 0.214E-02 0.000E+00 0.000E+00 0.860E+00 0.215E+00 0.633E+00 0.158E+00
      3       1      12      32      32      32       4 0.381E-02 0.152E-01 0.238E-06 0.954E-06 0.108E-02 0.269E-03 0.707E-03 0.177E-03
      3       1      12      64      64      64       4 0.424E-02 0.168E-01 0.000E+00 0.000E+00 0.676E-02 0.169E-02 0.468E-02 0.117E-02
      3       1      12       8       8       8       4 0.422E-02 0.168E-01 0.238E-06 0.954E-06 0.266E-03 0.665E-04 0.761E-04 0.190E-04
      3       1      16     128     128     128       4 0.113E-02 0.425E-02 0.000E+00 0.000E+00 0.726E-01 0.182E-01 0.626E-01 0.156E-01
      3       1      16      16      16      16       4 0.402E-02 0.160E-01 0.000E+00 0.000E+00 0.437E-03 0.109E-03 0.227E-03 0.568E-04
      3       1      16     256     256     256       4 0.571E-03 0.188E-02 0.000E+00 0.000E+00 0.894E+00 0.224E+00 0.645E+00 0.161E+00
      3       1      16      32      32      32       4 0.277E-02 0.110E-01 0.000E+00 0.000E+00 0.121E-02 0.304E-03 0.716E-03 0.179E-03
      3       1      16      64      64      64       4 0.354E-02 0.140E-01 0.000E+00 0.000E+00 0.673E-02 0.168E-02 0.463E-02 0.116E-02
      3       1      16       8       8       8       4 0.447E-02 0.178E-01 0.000E+00 0.000E+00 0.345E-03 0.862E-04 0.132E-03 0.331E-04
      3       1       2     128     128     128       4 0.828E-03 0.305E-02 0.000E+00 0.000E+00 0.113E+00 0.281E-01 0.107E+00 0.267E-01
      3       1       2      16      16      16       4 0.710E-03 0.278E-02 0.000E+00 0.000E+00 0.284E-03 0.710E-04 0.133E-03 0.332E-04
      3       1       2     256     256     256       4 0.856E-03 0.307E-02 0.000E+00 0.000E+00 0.130E+01 0.325E+00 0.105E+01 0.263E+00
      3       1       2      32      32      32       4 0.318E-02 0.127E-01 0.000E+00 0.000E+00 0.111E-02 0.279E-03 0.853E-03 0.213E-03
      3       1       2      64      64      64       4 0.112E-02 0.438E-02 0.298E-06 0.119E-05 0.962E-02 0.241E-02 0.778E-02 0.195E-02
      3       1       2       8       8       8       4 0.677E-03 0.266E-02 0.000E+00 0.000E+00 0.215E-03 0.538E-04 0.470E-04 0.117E-04
      3       1      24     128     128     128       4 0.631E-03 0.225E-02 0.298E-06 0.119E-05 0.716E-01 0.179E-01 0.611E-01 0.153E-01
      3       1      24      16      16      16       4 0.421E-02 0.168E-01 0.238E-06 0.954E-06 0.508E-03 0.127E-03 0.265E-03 0.663E-04
      3       1      24     256     256     256       4 0.624E-03 0.201E-02 0.477E-06 0.954E-06 0.826E+00 0.206E+00 0.587E+00 0.147E+00
      3       1      24      32      32      32       4 0.366E-02 0.146E-01 0.000E+00 0.000E+00 0.125E-02 0.312E-03 0.723E-03 0.181E-03
      3       1      24      64      64      64       4 0.132E-02 0.513E-02 0.000E+00 0.000E+00 0.706E-02 0.177E-02 0.493E-02 0.123E-02
      3       1      24       8       8       8       4 0.422E-02 0.168E-01 0.000E+00 0.000E+00 0.356E-03 0.890E-04 0.180E-03 0.450E-04
      3       1       4     128     128     128       4 0.170E-02 0.657E-02 0.000E+00 0.000E+00 0.884E-01 0.221E-01 0.807E-01 0.202E-01
      3       1       4      16      16      16       4 0.578E-02 0.231E-01 0.000E+00 0.000E+00 0.290E-03 0.725E-04 0.126E-03 0.315E-04
      3       1       4     256     256     256       4 0.844E-03 0.300E-02 0.000E+00 0.000E+00 0.116E+01 0.290E+00 0.878E+00 0.219E+00
      3       1       4      32      32      32       4 0.493E-02 0.197E-01 0.238E-06 0.954E-06 0.110E-02 0.275E-03 0.826E-03 0.207E-03
      3       1       4      64      64      64       4 0.450E-02 0.179E-01 0.238E-06 0.954E-06 0.767E-02 0.192E-02 0.598E-02 0.150E-02
      3       1       4       8       8       8       4 0.525E-02 0.210E-01 0.000E+00 0.000E+00 0.219E-03 0.547E-04 0.439E-04 0.110E-04
      3       1       8     128     128     128       4 0.179E-02 0.690E-02 0.298E-06 0.119E-05 0.774E-01 0.194E-01 0.690E-01 0.173E-01
      3       1       8      16      16      16       4 0.739E-02 0.295E-01 0.000E+00 0.000E+00 0.357E-03 0.892E-04 0.155E-03 0.387E-04
      3       1       8     256     256     256       4 0.714E-03 0.247E-02 0.000E+00 0.000E+00 0.102E+01 0.255E+00 0.762E+00 0.190E+00
      3       1       8      32      32      32       4 0.626E-02 0.250E-01 0.000E+00 0.000E+00 0.115E-02 0.286E-03 0.777E-03 0.194E-03
      3       1       8      64      64      64       4 0.842E-03 0.323E-02 0.000E+00 0.000E+00 0.675E-02 0.169E-02 0.476E-02 0.119E-02
      3       1       8       8       8       8       4 0.428E-02 0.171E-01 0.000E+00 0.000E+00 0.263E-03 0.657E-04 0.651E-04 0.163E-04
      3      12       1     128     128     128       4 0.130E-01 0.516E-01 0.173E-05 0.191E-05 0.123E+00 0.307E-01 0.730E-01 0.182E-01
      3      12       1      16      16      16       4 0.140E-01 0.559E-01 0.954E-06 0.954E-06 0.155E-02 0.389E-03 0.394E-03 0.984E-04
      3      12       1     256     256     256       4 0.153E-01 0.607E-01 0.125E-05 0.215E-05 0.135E+01 0.339E+00 0.661E+00 0.165E+00
      3      12       1      32      32      32       4 0.120E-01 0.477E-01 0.125E-05 0.215E-05 0.313E-02 0.783E-03 0.104E-02 0.261E-03
      3      12       1      64      64      64       4 0.163E-01 0.651E-01 0.125E-05 0.191E-05 0.141E-01 0.352E-02 0.591E-02 0.148E-02
      3      12       1       8       8       8       4 0.313E-02 0.102E-01 0.119E-05 0.191E-05 0.106E-02 0.264E-03 0.526E-03 0.132E-03
      3      12       2     128     128     128       4 0.191E-01 0.761E-01 0.149E-05 0.215E-05 0.124E+00 0.311E-01 0.731E-01 0.183E-01
      3      12       2      16      16      16       4 0.208E-01 0.831E-01 0.167E-05 0.191E-05 0.165E-02 0.412E-03 0.480E-03 0.120E-03
      3      12       2     256     256     256       4 0.281E-01 0.112E+00 0.137E-05 0.215E-05 0.129E+01 0.323E+00 0.654E+00 0.164E+00
      3      12       2      32      32      32       4 0.199E-01 0.794E-01 0.155E-05 0.215E-05 0.319E-02 0.797E-03 0.136E-02 0.340E-03
      3      12       2      64      64      64       4 0.177E-01 0.706E-01 0.119E-05 0.191E-05 0.160E-01 0.399E-02 0.965E-02 0.241E-02
      3      12       2       8       8       8       4 0.339E-02 0.112E-01 0.119E-05 0.191E-05 0.115E-02 0.287E-03 0.555E-03 0.139E-03
      3      16       1     128     128     128       4 0.262E-01 0.104E+00 0.149E-05 0.215E-05 0.117E+00 0.292E-01 0.682E-01 0.170E-01
      3      16       1      16      16      16       4 0.142E-01 0.565E-01 0.179E-05 0.310E-05 0.166E-02 0.414E-03 0.456E-03 0.114E-03
      3      16       1     256     256     256       4 0.194E-01 0.770E-01 0.143E-05 0.191E-05 0.134E+01 0.334E+00 0.646E+00 0.162E+00
      3      16       1      32      32      32       4 0.267E-01 0.107E+00 0.954E-06 0.954E-06 0.398E-02 0.996E-03 0.137E-02 0.344E-03
      3      16       1      64      64      64       4 0.169E-01 0.672E-01 0.179E-05 0.215E-05 0.169E-01 0.423E-02 0.681E-02 0.170E-02
      3      16       1       8       8       8       4 0.352E-02 0.110E-01 0.173E-05 0.215E-05 0.118E-02 0.294E-03 0.754E-03 0.188E-03
      3       2       1     128     128     128       4 0.433E-02 0.171E-01 0.000E+00 0.000E+00 0.257E+00 0.641E-01 0.173E+00 0.434E-01
      3       2       1      16      16      16       4 0.439E-02 0.175E-01 0.775E-06 0.119E-05 0.441E-03 0.110E-03 0.249E-03 0.622E-04
      3       2       1     256     256     256       4 0.451E-02 0.177E-01 0.238E-06 0.954E-06 0.203E+01 0.507E+00 0.142E+01 0.355E+00
      3       2       1      32      32      32       4 0.411E-02 0.164E-01 0.101E-05 0.191E-05 0.219E-02 0.548E-03 0.154E-02 0.385E-03
      3       2       1     512     512     512       4 0.413E-02 0.161E-01 0.536E-06 0.119E-05 0.204E+02 0.511E+01 0.124E+02 0.310E+01
      3       2       1      64      64      64       4 0.458E-02 0.182E-01 0.101E-05 0.119E-05 0.185E-01 0.462E-02 0.121E-01 0.303E-02
      3       2       1       8       8       8       4 0.469E-02 0.187E-01 0.715E-06 0.954E-06 0.198E-03 0.495E-04 0.846E-04 0.212E-04
      3       2      12     128     128     128       4 0.365E-02 0.143E-01 0.775E-06 0.119E-05 0.188E+00 0.470E-01 0.949E-01 0.237E-01
      3       2      12      16      16      16       4 0.815E-02 0.325E-01 0.477E-06 0.954E-06 0.804E-03 0.201E-03 0.402E-03 0.100E-03
      3       2      12     256     256     256       4 0.355E-02 0.139E-01 0.954E-06 0.954E-06 0.138E+01 0.345E+00 0.809E+00 0.202E+00
      3       2      12      32      32      32       4 0.780E-02 0.311E-01 0.107E-05 0.119E-05 0.251E-02 0.628E-03 0.160E-02 0.399E-03
      3       2      12     512     512     512       4 0.474E-02 0.186E-01 0.536E-06 0.119E-05 0.142E+02 0.354E+01 0.673E+01 0.168E+01
      3       2      12      64      64      64       4 0.386E-02 0.149E-01 0.536E-06 0.119E-05 0.171E-01 0.427E-02 0.105E-01 0.263E-02
      3       2      12       8       8       8       4 0.628E-02 0.250E-01 0.954E-06 0.954E-06 0.467E-03 0.117E-03 0.218E-03 0.545E-04
      3       2       2     128     128     128       4 0.360E-02 0.141E-01 0.834E-06 0.119E-05 0.182E+00 0.456E-01 0.102E+00 0.255E-01
      3       2       2      16      16      16       4 0.863E-02 0.344E-01 0.775E-06 0.119E-05 0.607E-03 0.152E-03 0.324E-03 0.809E-04
      3       2       2     256     256     256       4 0.335E-02 0.131E-01 0.775E-06 0.119E-05 0.165E+01 0.413E+00 0.104E+01 0.259E+00
      3       2       2      32      32      32       4 0.684E-02 0.273E-01 0.477E-06 0.954E-06 0.233E-02 0.582E-03 0.150E-02 0.376E-03
      3       2       2     512     512     512       4 0.394E-02 0.153E-01 0.238E-06 0.954E-06 0.159E+02 0.398E+01 0.903E+01 0.226E+01
      3       2       2      64      64      64       4 0.485E-02 0.192E-01 0.143E-05 0.286E-05 0.170E-01 0.426E-02 0.113E-01 0.281E-02
      3       2       2       8       8       8       4 0.766E-02 0.306E-01 0.775E-06 0.119E-05 0.298E-03 0.745E-04 0.131E-03 0.327E-04
      3       2       4     128     128     128       4 0.435E-02 0.171E-01 0.954E-06 0.954E-06 0.180E+00 0.450E-01 0.960E-01 0.240E-01
      3       2       4      16      16      16       4 0.869E-02 0.347E-01 0.238E-06 0.954E-06 0.690E-03 0.172E-03 0.400E-03 0.100E-03
      3       2       4     256     256     256       4 0.343E-02 0.134E-01 0.322E-05 0.110E-04 0.145E+01 0.363E+00 0.920E+00 0.230E+00
      3       2       4      32      32      32       4 0.791E-02 0.315E-01 0.775E-06 0.119E-05 0.238E-02 0.595E-03 0.154E-02 0.384E-03
      3       2       4     512     512     512       4 0.419E-02 0.164E-01 0.715E-06 0.954E-06 0.151E+02 0.376E+01 0.804E+01 0.201E+01
      3       2       4      64      64      64       4 0.875E-02 0.349E-01 0.477E-06 0.954E-06 0.152E-01 0.380E-02 0.965E-02 0.241E-02
      3       2       4       8       8       8       4 0.966E-02 0.386E-01 0.954E-06 0.954E-06 0.355E-03 0.888E-04 0.150E-03 0.375E-04
      3       2       8     128     128     128       4 0.440E-02 0.173E-01 0.954E-06 0.954E-06 0.183E+00 0.458E-01 0.960E-01 0.240E-01
      3       2       8      16      16      16       4 0.744E-02 0.297E-01 0.101E-05 0.215E-05 0.795E-03 0.199E-03 0.399E-03 0.997E-04
      3       2       8     256     256     256       4 0.318E-02 0.124E-01 0.536E-06 0.119E-05 0.144E+01 0.360E+00 0.837E+00 0.209E+00
      3       2       8      32      32      32       4 0.784E-02 0.313E-01 0.954E-06 0.954E-06 0.200E-02 0.500E-03 0.124E-02 0.310E-03
      3       2       8     512     512     512       4 0.426E-02 0.166E-01 0.238E-06 0.954E-06 0.149E+02 0.373E+01 0.852E+01 0.213E+01
      3       2       8      64      64      64       4 0.561E-02 0.223E-01 0.107E-05 0.215E-05 0.167E-01 0.418E-02 0.101E-01 0.253E-02
      3       2       8       8       8       8       4 0.911E-02 0.364E-01 0.477E-06 0.954E-06 0.409E-03 0.102E-03 0.185E-03 0.463E-04
      3      24       1     128     128     128       4 0.394E-01 0.157E+00 0.173E-05 0.215E-05 0.125E+00 0.313E-01 0.797E-01 0.199E-01
      3      24       1      16      16      16       4 0.489E-02 0.149E-01 0.179E-05 0.215E-05 0.166E-02 0.415E-03 0.106E-02 0.264E-03
      3      24       1     256     256     256       4 0.354E-01 0.141E+00 0.155E-05 0.215E-05 0.125E+01 0.313E+00 0.627E+00 0.157E+00
      3      24       1      32      32      32       4 0.273E-01 0.109E+00 0.185E-05 0.215E-05 0.450E-02 0.112E-02 0.142E-02 0.354E-03
      3      24       1      64      64      64       4 0.354E-01 0.140E+00 0.209E-05 0.215E-05 0.178E-01 0.444E-02 0.711E-02 0.178E-02
      3      24       1       8       8       8       4 0.406E-02 0.116E-01 0.149E-05 0.215E-05 0.171E-02 0.427E-03 0.113E-02 0.283E-03
      3       4       1     128     128     128       4 0.107E-01 0.424E-01 0.400E-02 0.160E-01 0.186E+00 0.465E-01 0.105E+00 0.263E-01
      3       4       1      16      16      16       4 0.106E-01 0.420E-01 0.107E-05 0.215E-05 0.617E-03 0.154E-03 0.343E-03 0.857E-04
      3       4       1     256     256     256       4 0.103E-01 0.408E-01 0.775E-06 0.215E-05 0.161E+01 0.403E+00 0.926E+00 0.231E+00
      3       4       1      32      32      32       4 0.107E-01 0.426E-01 0.130E-01 0.520E-01 0.247E-02 0.618E-03 0.149E-02 0.373E-03
      3       4       1      64      64      64       4 0.876E-02 0.349E-01 0.131E-05 0.215E-05 0.154E-01 0.385E-02 0.949E-02 0.237E-02
      3       4       1       8       8       8       4 0.142E-01 0.565E-01 0.501E-02 0.200E-01 0.274E-03 0.684E-04 0.145E-03 0.362E-04
      3       4       2     128     128     128       4 0.161E-01 0.642E-01 0.954E-06 0.954E-06 0.171E+00 0.428E-01 0.935E-01 0.234E-01
      3       4       2      16      16      16       4 0.151E-01 0.603E-01 0.276E-02 0.110E-01 0.666E-03 0.166E-03 0.372E-03 0.930E-04
      3       4       2     256     256     256       4 0.652E-02 0.258E-01 0.131E-05 0.215E-05 0.146E+01 0.365E+00 0.770E+00 0.193E+00
      3       4       2      32      32      32       4 0.137E-01 0.546E-01 0.715E-06 0.954E-06 0.251E-02 0.628E-03 0.136E-02 0.340E-03
      3       4       2      64      64      64       4 0.979E-02 0.390E-01 0.125E-05 0.215E-05 0.155E-01 0.388E-02 0.100E-01 0.251E-02
      3       4       2       8       8       8       4 0.150E-01 0.598E-01 0.125E-05 0.215E-05 0.408E-03 0.102E-03 0.188E-03 0.471E-04
      3       4       4     128     128     128       4 0.520E-02 0.202E-01 0.477E-06 0.954E-06 0.163E+00 0.407E-01 0.802E-01 0.201E-01
      3       4       4      16      16      16       4 0.132E-01 0.528E-01 0.715E-06 0.191E-05 0.928E-03 0.232E-03 0.451E-03 0.113E-03
      3       4       4     256     256     256       4 0.534E-02 0.210E-01 0.131E-05 0.215E-05 0.147E+01 0.367E+00 0.704E+00 0.176E+00
      3       4       4      32      32      32       4 0.151E-01 0.595E-01 0.179E-05 0.215E-05 0.257E-02 0.643E-03 0.140E-02 0.351E-03
      3       4       4      64      64      64       4 0.889E-02 0.354E-01 0.107E-05 0.119E-05 0.138E-01 0.345E-02 0.802E-02 0.200E-02
      3       4       4       8       8       8       4 0.191E-01 0.763E-01 0.775E-06 0.119E-05 0.462E-03 0.116E-03 0.269E-03 0.672E-04
      3       8       1     128     128     128       4 0.106E-01 0.421E-01 0.298E-05 0.787E-05 0.123E+00 0.308E-01 0.792E-01 0.198E-01
      3       8       1      16      16      16       4 0.200E-01 0.798E-01 0.125E-05 0.191E-05 0.153E-02 0.383E-03 0.358E-03 0.894E-04
      3       8       1     256     256     256       4 0.873E-02 0.345E-01 0.155E-05 0.215E-05 0.138E+01 0.346E+00 0.727E+00 0.182E+00
      3       8       1      32      32      32       4 0.135E-01 0.539E-01 0.715E-06 0.954E-06 0.258E-02 0.645E-03 0.984E-03 0.246E-03
      3       8       1      64      64      64       4 0.808E-02 0.321E-01 0.101E-05 0.191E-05 0.138E-01 0.346E-02 0.651E-02 0.163E-02
      3       8       1       8       8       8       4 0.716E-02 0.285E-01 0.775E-06 0.119E-05 0.110E-02 0.275E-03 0.180E-03 0.450E-04
      3       8       2     128     128     128       4 0.748E-02 0.295E-01 0.155E-05 0.215E-05 0.124E+00 0.310E-01 0.732E-01 0.183E-01
      3       8       2      16      16      16       4 0.132E-01 0.526E-01 0.775E-06 0.119E-05 0.155E-02 0.388E-03 0.429E-03 0.107E-03
      3       8       2     256     256     256       4 0.561E-02 0.220E-01 0.125E-05 0.191E-05 0.130E+01 0.324E+00 0.677E+00 0.169E+00
      3       8       2      32      32      32       4 0.214E-01 0.850E-01 0.143E-05 0.191E-05 0.340E-02 0.850E-03 0.143E-02 0.358E-03
      3       8       2      64      64      64       4 0.143E-01 0.569E-01 0.447E-05 0.150E-04 0.146E-01 0.364E-02 0.676E-02 0.169E-02
      3       8       2       8       8       8       4 0.194E-01 0.774E-01 0.149E-05 0.215E-05 0.115E-02 0.288E-03 0.233E-03 0.582E-04
