res3dcp5=[      2       1       1     127     127     127       4 0.176E+01 0.178E+01 0.170E+01 0.175E+01 0.499E+00 0.125E+00 0.498E+00 0.125E+00
      2       1       1      17      17      17       4 0.843E-02 0.884E-02 0.789E-02 0.794E-02 0.613E-03 0.153E-03 0.598E-03 0.149E-03
      2       1       1     257     257     257       4 0.105E+02 0.106E+02 0.104E+02 0.106E+02 0.559E+01 0.140E+01 0.562E+01 0.141E+01
      2       1       1      31      31      31       4 0.718E-01 0.727E-01 0.710E-01 0.712E-01 0.542E-02 0.135E-02 0.535E-02 0.134E-02
      2       1       1     509     509     509       4 0.195E+02 0.196E+02 0.194E+02 0.195E+02 0.361E+02 0.903E+01 0.364E+02 0.909E+01
      2       1       1      67      67      67       4 0.308E+00 0.313E+00 0.295E+00 0.327E+00 0.920E-01 0.230E-01 0.918E-01 0.229E-01
      2       1       1       7       7       7       4 0.679E-02 0.713E-02 0.620E-02 0.624E-02 0.644E-05 0.161E-05 0.668E-05 0.167E-05
      2       1      12     127     127     127       4 0.191E+01 0.192E+01 0.178E+01 0.184E+01 0.935E-01 0.234E-01 0.825E-01 0.206E-01
      2       1      12      17      17      17       4 0.420E-01 0.435E-01 0.409E-01 0.417E-01 0.298E-03 0.746E-04 0.264E-03 0.660E-04
      2       1      12     257     257     257       4 0.109E+02 0.111E+02 0.112E+02 0.114E+02 0.785E+00 0.196E+00 0.784E+00 0.196E+00
      2       1      12      31      31      31       4 0.244E+00 0.259E+00 0.245E+00 0.257E+00 0.139E-02 0.349E-03 0.126E-02 0.316E-03
      2       1      12     509     509     509       4 0.334E+02 0.350E+02 0.340E+02 0.349E+02 0.426E+01 0.107E+01 0.413E+01 0.103E+01
      2       1      12      67      67      67       4 0.438E+00 0.459E+00 0.433E+00 0.491E+00 0.232E-01 0.580E-02 0.237E-01 0.593E-02
      2       1      12       7       7       7       4 0.237E-01 0.242E-01 0.221E-01 0.227E-01 0.334E-03 0.835E-04 0.422E-03 0.106E-03
      2       1      16     127     127     127       4 0.190E+01 0.193E+01 0.182E+01 0.184E+01 0.887E-01 0.222E-01 0.772E-01 0.193E-01
      2       1      16      17      17      17       4 0.488E-01 0.526E-01 0.475E-01 0.478E-01 0.389E-03 0.973E-04 0.368E-03 0.919E-04
      2       1      16     257     257     257       4 0.103E+02 0.104E+02 0.106E+02 0.108E+02 0.643E+00 0.161E+00 0.624E+00 0.156E+00
      2       1      16      31      31      31       4 0.267E+00 0.277E+00 0.276E+00 0.294E+00 0.120E-02 0.301E-03 0.120E-02 0.301E-03
      2       1      16     509     509     509       4 0.288E+02 0.291E+02 0.287E+02 0.292E+02 0.358E+01 0.896E+00 0.347E+01 0.867E+00
      2       1      16      67      67      67       4 0.483E+00 0.512E+00 0.464E+00 0.496E+00 0.208E-01 0.520E-02 0.225E-01 0.563E-02
      2       1      16       7       7       7       4 0.209E-01 0.211E-01 0.187E-01 0.190E-01 0.646E-03 0.162E-03 0.434E-03 0.108E-03
      2       1       2     127     127     127       4 0.280E+01 0.282E+01 0.281E+01 0.289E+01 0.298E+00 0.746E-01 0.298E+00 0.745E-01
      2       1       2      17      17      17       4 0.255E-01 0.291E-01 0.248E-01 0.287E-01 0.413E-03 0.103E-03 0.427E-03 0.107E-03
      2       1       2     257     257     257       4 0.268E+02 0.271E+02 0.270E+02 0.276E+02 0.323E+01 0.807E+00 0.306E+01 0.764E+00
      2       1       2      31      31      31       4 0.144E+00 0.144E+00 0.141E+00 0.142E+00 0.318E-02 0.796E-03 0.310E-02 0.776E-03
      2       1       2     509     509     509       4 0.426E+02 0.429E+02 0.426E+02 0.431E+02 0.207E+02 0.518E+01 0.209E+02 0.523E+01
      2       1       2      67      67      67       4 0.600E+00 0.660E+00 0.599E+00 0.651E+00 0.573E-01 0.143E-01 0.519E-01 0.130E-01
      2       1       2       7       7       7       4 0.179E-01 0.181E-01 0.166E-01 0.171E-01 0.672E-04 0.168E-04 0.329E-04 0.823E-05
      2       1      24     127     127     127       4 0.193E+01 0.207E+01 0.188E+01 0.193E+01 0.667E-01 0.167E-01 0.720E-01 0.180E-01
      2       1      24      17      17      17       4 0.530E-01 0.536E-01 0.510E-01 0.519E-01 0.128E-02 0.321E-03 0.972E-03 0.243E-03
      2       1      24     257     257     257       4 0.111E+02 0.114E+02 0.108E+02 0.117E+02 0.604E+00 0.151E+00 0.571E+00 0.143E+00
      2       1      24      31      31      31       4 0.297E+00 0.299E+00 0.299E+00 0.317E+00 0.117E-02 0.293E-03 0.115E-02 0.287E-03
      2       1      24     509     509     509       4 0.264E+02 0.279E+02 0.262E+02 0.285E+02 0.279E+01 0.698E+00 0.274E+01 0.686E+00
      2       1      24      67      67      67       4 0.572E+00 0.588E+00 0.528E+00 0.546E+00 0.206E-01 0.514E-02 0.189E-01 0.473E-02
      2       1      24       7       7       7       4 0.221E-01 0.264E-01 0.215E-01 0.236E-01 0.914E-03 0.228E-03 0.486E-03 0.121E-03
      2       1       4     127     127     127       4 0.188E+01 0.198E+01 0.186E+01 0.188E+01 0.162E+00 0.406E-01 0.161E+00 0.402E-01
      2       1       4      17      17      17       4 0.257E-01 0.263E-01 0.250E-01 0.253E-01 0.320E-03 0.800E-04 0.316E-03 0.790E-04
      2       1       4     257     257     257       4 0.166E+02 0.169E+02 0.171E+02 0.186E+02 0.176E+01 0.440E+00 0.178E+01 0.445E+00
      2       1       4      31      31      31       4 0.142E+00 0.144E+00 0.141E+00 0.144E+00 0.204E-02 0.511E-03 0.207E-02 0.518E-03
      2       1       4     509     509     509       4 0.328E+02 0.331E+02 0.337E+02 0.370E+02 0.114E+02 0.285E+01 0.111E+02 0.277E+01
      2       1       4      67      67      67       4 0.478E+00 0.486E+00 0.469E+00 0.480E+00 0.313E-01 0.783E-02 0.268E-01 0.669E-02
      2       1       4       7       7       7       4 0.201E-01 0.203E-01 0.185E-01 0.186E-01 0.587E-04 0.147E-04 0.527E-04 0.132E-04
      2       1       8     127     127     127       4 0.158E+01 0.163E+01 0.154E+01 0.157E+01 0.812E-01 0.203E-01 0.822E-01 0.205E-01
      2       1       8      17      17      17       4 0.383E-01 0.406E-01 0.379E-01 0.408E-01 0.351E-03 0.877E-04 0.335E-03 0.837E-04
      2       1       8     257     257     257       4 0.125E+02 0.126E+02 0.127E+02 0.129E+02 0.974E+00 0.244E+00 0.968E+00 0.242E+00
      2       1       8      31      31      31       4 0.194E+00 0.207E+00 0.193E+00 0.204E+00 0.182E-02 0.454E-03 0.177E-02 0.443E-03
      2       1       8     509     509     509       4 0.340E+02 0.381E+02 0.325E+02 0.359E+02 0.657E+01 0.164E+01 0.649E+01 0.162E+01
      2       1       8      67      67      67       4 0.446E+00 0.475E+00 0.407E+00 0.434E+00 0.245E-01 0.612E-02 0.219E-01 0.548E-02
      2       1       8       7       7       7       4 0.228E-01 0.232E-01 0.212E-01 0.215E-01 0.418E-03 0.104E-03 0.415E-03 0.104E-03
      2      16       1     127     127     127       4 0.242E+00 0.245E+00 0.205E+00 0.206E+00 0.601E-01 0.150E-01 0.557E-01 0.139E-01
      2      16       1      31      31      31       4 0.555E-01 0.608E-01 0.492E-01 0.505E-01 0.103E-02 0.256E-03 0.833E-03 0.208E-03
      2       2       1     127     127     127       4 0.641E+00 0.645E+00 0.593E+00 0.604E+00 0.405E+00 0.101E+00 0.391E+00 0.977E-01
      2       2       1      17      17      17       4 0.908E-02 0.124E-01 0.332E-02 0.337E-02 0.641E-03 0.160E-03 0.565E-03 0.141E-03
      2       2       1     257     257     257       4 0.592E+01 0.598E+01 0.545E+01 0.553E+01 0.491E+01 0.123E+01 0.494E+01 0.124E+01
      2       2       1      31      31      31       4 0.666E-01 0.696E-01 0.551E-01 0.560E-01 0.431E-02 0.108E-02 0.403E-02 0.101E-02
      2       2       1     509     509     509       4 0.121E+02 0.123E+02 0.910E+01 0.942E+01 0.354E+02 0.884E+01 0.354E+02 0.885E+01
      2       2       1      67      67      67       4 0.153E+00 0.157E+00 0.140E+00 0.146E+00 0.666E-01 0.166E-01 0.656E-01 0.164E-01
      2       2       1       7       7       7       4 0.110E-01 0.132E-01 0.490E-02 0.494E-02 0.622E-04 0.156E-04 0.269E-04 0.674E-05
      2       2      12     127     127     127       4 0.958E+00 0.990E+00 0.825E+00 0.864E+00 0.425E+00 0.106E+00 0.415E+00 0.104E+00
      2       2      12      17      17      17       4 0.378E-01 0.423E-01 0.167E-01 0.174E-01 0.193E-02 0.484E-03 0.159E-02 0.398E-03
      2       2      12     257     257     257       4 0.530E+01 0.549E+01 0.440E+01 0.460E+01 0.304E+01 0.760E+00 0.306E+01 0.765E+00
      2       2      12      31      31      31       4 0.245E+00 0.270E+00 0.215E+00 0.237E+00 0.694E-02 0.174E-02 0.487E-02 0.122E-02
      2       2      12     509     509     509       4 0.192E+02 0.203E+02 0.116E+02 0.119E+02 0.233E+02 0.582E+01 0.237E+02 0.594E+01
      2       2      12      67      67      67       4 0.247E+00 0.256E+00 0.195E+00 0.214E+00 0.957E-01 0.239E-01 0.946E-01 0.236E-01
      2       2      12       7       7       7       4 0.310E-01 0.352E-01 0.157E-01 0.170E-01 0.214E-02 0.534E-03 0.153E-02 0.382E-03
      2       2       2     127     127     127       4 0.946E+00 0.952E+00 0.866E+00 0.871E+00 0.455E+00 0.114E+00 0.460E+00 0.115E+00
      2       2       2      17      17      17       4 0.179E-01 0.195E-01 0.671E-02 0.736E-02 0.106E-02 0.265E-03 0.879E-03 0.220E-03
      2       2       2     257     257     257       4 0.831E+01 0.858E+01 0.721E+01 0.746E+01 0.438E+01 0.109E+01 0.423E+01 0.106E+01
      2       2       2      31      31      31       4 0.119E+00 0.125E+00 0.973E-01 0.102E+00 0.452E-02 0.113E-02 0.411E-02 0.103E-02
      2       2       2     509     509     509       4 0.222E+02 0.225E+02 0.165E+02 0.167E+02 0.262E+02 0.655E+01 0.263E+02 0.656E+01
      2       2       2      67      67      67       4 0.225E+00 0.227E+00 0.202E+00 0.208E+00 0.669E-01 0.167E-01 0.661E-01 0.165E-01
      2       2       2       7       7       7       4 0.194E-01 0.223E-01 0.804E-02 0.824E-02 0.435E-03 0.109E-03 0.287E-03 0.718E-04
      2       2       4     127     127     127       4 0.947E+00 0.963E+00 0.901E+00 0.937E+00 0.521E+00 0.130E+00 0.505E+00 0.126E+00
      2       2       4      17      17      17       4 0.258E-01 0.282E-01 0.120E-01 0.123E-01 0.171E-02 0.427E-03 0.125E-02 0.311E-03
      2       2       4     257     257     257       4 0.678E+01 0.706E+01 0.605E+01 0.627E+01 0.389E+01 0.972E+00 0.381E+01 0.953E+00
      2       2       4      31      31      31       4 0.163E+00 0.169E+00 0.144E+00 0.148E+00 0.460E-02 0.115E-02 0.420E-02 0.105E-02
      2       2       4     509     509     509       4 0.261E+02 0.263E+02 0.188E+02 0.191E+02 0.276E+02 0.691E+01 0.273E+02 0.684E+01
      2       2       4      67      67      67       4 0.242E+00 0.251E+00 0.220E+00 0.240E+00 0.761E-01 0.190E-01 0.745E-01 0.186E-01
      2       2       4       7       7       7       4 0.237E-01 0.256E-01 0.125E-01 0.126E-01 0.576E-03 0.144E-03 0.492E-03 0.123E-03
      2       2       8     127     127     127       4 0.948E+00 0.966E+00 0.865E+00 0.894E+00 0.405E+00 0.101E+00 0.410E+00 0.102E+00
      2       2       8      17      17      17       4 0.309E-01 0.332E-01 0.160E-01 0.161E-01 0.142E-02 0.356E-03 0.110E-02 0.274E-03
      2       2       8     257     257     257       4 0.541E+01 0.567E+01 0.496E+01 0.526E+01 0.320E+01 0.800E+00 0.319E+01 0.797E+00
      2       2       8      31      31      31       4 0.163E+00 0.170E+00 0.142E+00 0.148E+00 0.482E-02 0.121E-02 0.387E-02 0.967E-03
      2       2       8     509     509     509       4 0.209E+02 0.218E+02 0.143E+02 0.146E+02 0.231E+02 0.577E+01 0.234E+02 0.584E+01
      2       2       8      67      67      67       4 0.212E+00 0.218E+00 0.183E+00 0.193E+00 0.854E-01 0.213E-01 0.841E-01 0.210E-01
      2       2       8       7       7       7       4 0.260E-01 0.292E-01 0.132E-01 0.133E-01 0.127E-02 0.317E-03 0.782E-03 0.195E-03
      2       4       1     127     127     127       4 0.395E+00 0.399E+00 0.356E+00 0.360E+00 0.207E+00 0.517E-01 0.195E+00 0.488E-01
      2       4       1     257     257     257       4 0.245E+01 0.246E+01 0.226E+01 0.229E+01 0.259E+01 0.647E+00 0.248E+01 0.619E+00
      2       4       1      31      31      31       4 0.576E-01 0.601E-01 0.497E-01 0.504E-01 0.260E-02 0.651E-03 0.220E-02 0.550E-03
      2       4       1     509     509     509       4 0.752E+01 0.762E+01 0.494E+01 0.510E+01 0.205E+02 0.513E+01 0.205E+02 0.513E+01
      2       4       1      67      67      67       4 0.104E+00 0.108E+00 0.835E-01 0.846E-01 0.348E-01 0.869E-02 0.330E-01 0.824E-02
      2       4       1       7       7       7       4 0.113E-01 0.137E-01 0.545E-02 0.555E-02 0.691E-04 0.173E-04 0.420E-04 0.105E-04
      2       4       2     127     127     127       4 0.626E+00 0.641E+00 0.629E+00 0.656E+00 0.216E+00 0.541E-01 0.209E+00 0.523E-01
      2       4       2     257     257     257       4 0.491E+01 0.498E+01 0.430E+01 0.439E+01 0.225E+01 0.562E+00 0.216E+01 0.541E+00
      2       4       2      31      31      31       4 0.101E+00 0.105E+00 0.885E-01 0.909E-01 0.304E-02 0.761E-03 0.262E-02 0.656E-03
      2       4       2     509     509     509       4 0.240E+02 0.241E+02 0.181E+02 0.184E+02 0.171E+02 0.426E+01 0.173E+02 0.432E+01
      2       4       2      67      67      67       4 0.162E+00 0.168E+00 0.119E+00 0.128E+00 0.398E-01 0.995E-02 0.356E-01 0.890E-02
      2       4       2       7       7       7       4 0.211E-01 0.228E-01 0.131E-01 0.133E-01 0.439E-03 0.110E-03 0.275E-03 0.687E-04
      2       4       4     127     127     127       4 0.598E+00 0.631E+00 0.539E+00 0.588E+00 0.254E+00 0.635E-01 0.254E+00 0.635E-01
      2       4       4     257     257     257       4 0.404E+01 0.417E+01 0.347E+01 0.418E+01 0.231E+01 0.577E+00 0.232E+01 0.579E+00
      2       4       4      31      31      31       4 0.118E+00 0.120E+00 0.102E+00 0.104E+00 0.400E-02 0.999E-03 0.353E-02 0.883E-03
      2       4       4     509     509     509       4 0.207E+02 0.211E+02 0.140E+02 0.143E+02 0.166E+02 0.416E+01 0.166E+02 0.414E+01
      2       4       4      67      67      67       4 0.176E+00 0.184E+00 0.146E+00 0.150E+00 0.460E-01 0.115E-01 0.432E-01 0.108E-01
      2       4       4       7       7       7       4 0.241E-01 0.250E-01 0.146E-01 0.154E-01 0.110E-02 0.274E-03 0.675E-03 0.169E-03
      2       8       1     127     127     127       4 0.311E+00 0.318E+00 0.258E+00 0.265E+00 0.114E+00 0.286E-01 0.103E+00 0.257E-01
      2       8       1     257     257     257       4 0.204E+01 0.205E+01 0.187E+01 0.188E+01 0.140E+01 0.349E+00 0.135E+01 0.338E+00
      2       8       1      31      31      31       4 0.579E-01 0.663E-01 0.498E-01 0.530E-01 0.130E-02 0.325E-03 0.114E-02 0.285E-03
      2       8       1       7       7       7       4 0.586E-02 0.800E-02 0.437E-02 0.450E-02 0.939E-04 0.235E-04 0.601E-04 0.150E-04
      2       8       2     127     127     127       4 0.551E+00 0.568E+00 0.492E+00 0.513E+00 0.148E+00 0.369E-01 0.145E+00 0.363E-01
      2       8       2     257     257     257       4 0.307E+01 0.309E+01 0.287E+01 0.288E+01 0.142E+01 0.356E+00 0.142E+01 0.356E+00
      2       8       2      31      31      31       4 0.971E-01 0.102E+00 0.860E-01 0.898E-01 0.206E-02 0.515E-03 0.179E-02 0.448E-03
      2       8       2       7       7       7       4 0.128E-01 0.139E-01 0.106E-01 0.113E-01 0.120E-03 0.300E-04 0.167E-03 0.417E-04
      3       1       1     127     127     127       4 0.984E-03 0.349E-02 0.000E+00 0.000E+00 0.391E+00 0.977E-01 0.401E+00 0.100E+00
      3       1       1      17      17      17       4 0.733E-03 0.287E-02 0.000E+00 0.000E+00 0.369E-03 0.923E-04 0.253E-03 0.632E-04
      3       1       1     257     257     257       4 0.114E-02 0.393E-02 0.238E-06 0.954E-06 0.494E+01 0.124E+01 0.484E+01 0.121E+01
      3       1       1      31      31      31       4 0.853E-03 0.334E-02 0.000E+00 0.000E+00 0.206E-02 0.515E-03 0.187E-02 0.469E-03
      3       1       1     509     509     509       4 0.111E-02 0.361E-02 0.000E+00 0.000E+00 0.339E+02 0.848E+01 0.329E+02 0.823E+01
      3       1       1      67      67      67       4 0.897E-03 0.343E-02 0.000E+00 0.000E+00 0.105E+00 0.262E-01 0.102E+00 0.256E-01
      3       1       1       7       7       7       4 0.681E-03 0.266E-02 0.000E+00 0.000E+00 0.128E-03 0.320E-04 0.310E-04 0.775E-05
      3       1      12     127     127     127       4 0.174E-02 0.651E-02 0.238E-06 0.954E-06 0.919E-01 0.230E-01 0.846E-01 0.212E-01
      3       1      12      17      17      17       4 0.435E-02 0.173E-01 0.000E+00 0.000E+00 0.417E-03 0.104E-03 0.181E-03 0.452E-04
      3       1      12     257     257     257       4 0.884E-03 0.276E-02 0.000E+00 0.000E+00 0.109E+01 0.271E+00 0.843E+00 0.211E+00
      3       1      12      31      31      31       4 0.630E-02 0.251E-01 0.298E-06 0.119E-05 0.128E-02 0.319E-03 0.856E-03 0.214E-03
      3       1      12     509     509     509       4 0.119E-02 0.384E-02 0.238E-06 0.954E-06 0.804E+01 0.201E+01 0.615E+01 0.154E+01
      3       1      12      67      67      67       4 0.327E-02 0.129E-01 0.000E+00 0.000E+00 0.175E-01 0.439E-02 0.151E-01 0.379E-02
      3       1      12       7       7       7       4 0.444E-02 0.177E-01 0.000E+00 0.000E+00 0.288E-03 0.719E-04 0.961E-04 0.240E-04
      3       1      16     127     127     127       4 0.728E-03 0.245E-02 0.000E+00 0.000E+00 0.837E-01 0.209E-01 0.756E-01 0.189E-01
      3       1      16      17      17      17       4 0.409E-02 0.163E-01 0.477E-06 0.954E-06 0.508E-03 0.127E-03 0.210E-03 0.525E-04
      3       1      16     257     257     257       4 0.814E-03 0.252E-02 0.000E+00 0.000E+00 0.984E+00 0.246E+00 0.744E+00 0.186E+00
      3       1      16      31      31      31       4 0.397E-02 0.158E-01 0.000E+00 0.000E+00 0.128E-02 0.319E-03 0.805E-03 0.201E-03
      3       1      16     509     509     509       4 0.116E-02 0.373E-02 0.000E+00 0.000E+00 0.740E+01 0.185E+01 0.539E+01 0.135E+01
      3       1      16      67      67      67       4 0.269E-02 0.106E-01 0.000E+00 0.000E+00 0.156E-01 0.391E-02 0.128E-01 0.319E-02
      3       1      16       7       7       7       4 0.332E-02 0.132E-01 0.000E+00 0.000E+00 0.307E-03 0.767E-04 0.134E-03 0.336E-04
      3       1       2     127     127     127       4 0.932E-03 0.330E-02 0.000E+00 0.000E+00 0.227E+00 0.567E-01 0.227E+00 0.568E-01
      3       1       2      17      17      17       4 0.721E-03 0.281E-02 0.238E-06 0.954E-06 0.360E-03 0.900E-04 0.225E-03 0.563E-04
      3       1       2     257     257     257       4 0.976E-03 0.324E-02 0.000E+00 0.000E+00 0.285E+01 0.713E+00 0.266E+01 0.665E+00
      3       1       2      31      31      31       4 0.334E-02 0.133E-01 0.000E+00 0.000E+00 0.152E-02 0.380E-03 0.126E-02 0.314E-03
      3       1       2     509     509     509       4 0.124E-02 0.408E-02 0.000E+00 0.000E+00 0.200E+02 0.501E+01 0.185E+02 0.464E+01
      3       1       2      67      67      67       4 0.175E-02 0.683E-02 0.000E+00 0.000E+00 0.574E-01 0.143E-01 0.560E-01 0.140E-01
      3       1       2       7       7       7       4 0.752E-03 0.296E-02 0.000E+00 0.000E+00 0.220E-03 0.550E-04 0.422E-04 0.106E-04
      3       1      24     127     127     127       4 0.133E-02 0.463E-02 0.596E-06 0.119E-05 0.877E-01 0.219E-01 0.738E-01 0.184E-01
      3       1      24      17      17      17       4 0.408E-02 0.162E-01 0.000E+00 0.000E+00 0.487E-03 0.122E-03 0.245E-03 0.612E-04
      3       1      24     257     257     257       4 0.660E-03 0.182E-02 0.000E+00 0.000E+00 0.879E+00 0.220E+00 0.637E+00 0.159E+00
      3       1      24      31      31      31       4 0.407E-02 0.161E-01 0.000E+00 0.000E+00 0.131E-02 0.327E-03 0.787E-03 0.197E-03
      3       1      24     509     509     509       4 0.105E-02 0.330E-02 0.000E+00 0.000E+00 0.740E+01 0.185E+01 0.533E+01 0.133E+01
      3       1      24      67      67      67       4 0.384E-02 0.152E-01 0.000E+00 0.000E+00 0.136E-01 0.341E-02 0.110E-01 0.274E-02
      3       1      24       7       7       7       4 0.421E-02 0.168E-01 0.298E-06 0.119E-05 0.351E-03 0.877E-04 0.191E-03 0.478E-04
      3       1       4     127     127     127       4 0.209E-02 0.792E-02 0.000E+00 0.000E+00 0.144E+00 0.360E-01 0.140E+00 0.350E-01
      3       1       4      17      17      17       4 0.579E-02 0.231E-01 0.000E+00 0.000E+00 0.390E-03 0.975E-04 0.186E-03 0.465E-04
      3       1       4     257     257     257       4 0.918E-03 0.297E-02 0.000E+00 0.000E+00 0.179E+01 0.449E+00 0.157E+01 0.393E+00
      3       1       4      31      31      31       4 0.399E-02 0.159E-01 0.000E+00 0.000E+00 0.150E-02 0.376E-03 0.121E-02 0.302E-03
      3       1       4     509     509     509       4 0.129E-02 0.430E-02 0.000E+00 0.000E+00 0.127E+02 0.319E+01 0.110E+02 0.274E+01
      3       1       4      67      67      67       4 0.756E-02 0.301E-01 0.238E-06 0.954E-06 0.335E-01 0.837E-02 0.307E-01 0.767E-02
      3       1       4       7       7       7       4 0.525E-02 0.209E-01 0.000E+00 0.000E+00 0.227E-03 0.568E-04 0.458E-04 0.114E-04
      3       1       8     127     127     127       4 0.147E-02 0.542E-02 0.000E+00 0.000E+00 0.106E+00 0.264E-01 0.988E-01 0.247E-01
      3       1       8      17      17      17       4 0.638E-02 0.255E-01 0.238E-06 0.954E-06 0.442E-03 0.111E-03 0.211E-03 0.527E-04
      3       1       8     257     257     257       4 0.835E-03 0.262E-02 0.000E+00 0.000E+00 0.127E+01 0.317E+00 0.103E+01 0.257E+00
      3       1       8      31      31      31       4 0.410E-02 0.163E-01 0.000E+00 0.000E+00 0.128E-02 0.319E-03 0.933E-03 0.233E-03
      3       1       8     509     509     509       4 0.104E-02 0.327E-02 0.000E+00 0.000E+00 0.917E+01 0.229E+01 0.725E+01 0.181E+01
      3       1       8      67      67      67       4 0.378E-02 0.149E-01 0.000E+00 0.000E+00 0.219E-01 0.546E-02 0.194E-01 0.485E-02
      3       1       8       7       7       7       4 0.430E-02 0.171E-01 0.000E+00 0.000E+00 0.255E-03 0.638E-04 0.596E-04 0.149E-04
      3      16       1     127     127     127       4 0.261E-01 0.104E+00 0.179E-05 0.215E-05 0.116E+00 0.291E-01 0.837E-01 0.209E-01
      3      16       1      17      17      17       4 0.140E-01 0.556E-01 0.137E-05 0.191E-05 0.150E-02 0.375E-03 0.386E-03 0.965E-04
      3      16       1     257     257     257       4 0.227E-01 0.898E-01 0.155E-05 0.215E-05 0.147E+01 0.366E+00 0.894E+00 0.224E+00
      3      16       1      31      31      31       4 0.175E-01 0.697E-01 0.125E-05 0.215E-05 0.407E-02 0.102E-02 0.128E-02 0.320E-03
      3      16       1      67      67      67       4 0.198E-01 0.786E-01 0.101E-05 0.119E-05 0.255E-01 0.637E-02 0.168E-01 0.421E-02
      3      16       1       7       7       7       4 0.600E-02 0.166E-01 0.107E-05 0.119E-05 0.546E-02 0.137E-02 0.158E-01 0.395E-02
      3       2       1     127     127     127       4 0.431E-02 0.168E-01 0.775E-06 0.119E-05 0.387E+00 0.967E-01 0.323E+00 0.807E-01
      3       2       1      17      17      17       4 0.430E-02 0.171E-01 0.596E-06 0.119E-05 0.575E-03 0.144E-03 0.337E-03 0.843E-04
      3       2       1     257     257     257       4 0.431E-02 0.166E-01 0.775E-06 0.119E-05 0.389E+01 0.973E+00 0.296E+01 0.740E+00
      3       2       1      31      31      31       4 0.405E-02 0.161E-01 0.775E-06 0.119E-05 0.248E-02 0.619E-03 0.185E-02 0.464E-03
      3       2       1     509     509     509       4 0.438E-02 0.166E-01 0.238E-06 0.954E-06 0.282E+02 0.704E+01 0.211E+02 0.527E+01
      3       2       1      67      67      67       4 0.382E-02 0.151E-01 0.715E-06 0.954E-06 0.675E-01 0.169E-01 0.609E-01 0.152E-01
      3       2       1       7       7       7       4 0.470E-02 0.187E-01 0.113E-05 0.215E-05 0.179E-03 0.447E-04 0.875E-04 0.219E-04
      3       2      12     127     127     127       4 0.435E-02 0.168E-01 0.954E-06 0.954E-06 0.184E+00 0.460E-01 0.114E+00 0.285E-01
      3       2      12      17      17      17       4 0.809E-02 0.322E-01 0.775E-06 0.119E-05 0.155E-02 0.387E-03 0.494E-03 0.124E-03
      3       2      12     257     257     257       4 0.799E-02 0.312E-01 0.000E+00 0.000E+00 0.175E+01 0.437E+00 0.100E+01 0.251E+00
      3       2      12      31      31      31       4 0.599E-02 0.238E-01 0.775E-06 0.119E-05 0.249E-02 0.623E-03 0.151E-02 0.378E-03
      3       2      12     509     509     509       4 0.419E-02 0.159E-01 0.536E-06 0.119E-05 0.137E+02 0.341E+01 0.770E+01 0.192E+01
      3       2      12      67      67      67       4 0.377E-02 0.148E-01 0.715E-06 0.954E-06 0.237E-01 0.592E-02 0.170E-01 0.425E-02
      3       2      12       7       7       7       4 0.610E-02 0.243E-01 0.834E-06 0.119E-05 0.433E-03 0.108E-03 0.210E-03 0.525E-04
      3       2       2     127     127     127       4 0.421E-02 0.164E-01 0.954E-06 0.954E-06 0.241E+00 0.603E-01 0.174E+00 0.434E-01
      3       2       2      17      17      17       4 0.621E-02 0.247E-01 0.715E-06 0.954E-06 0.643E-03 0.161E-03 0.396E-03 0.989E-04
      3       2       2     257     257     257       4 0.328E-02 0.124E-01 0.536E-06 0.119E-05 0.274E+01 0.685E+00 0.186E+01 0.466E+00
      3       2       2      31      31      31       4 0.508E-02 0.202E-01 0.715E-06 0.954E-06 0.243E-02 0.608E-03 0.174E-02 0.435E-03
      3       2       2     509     509     509       4 0.407E-02 0.154E-01 0.715E-06 0.954E-06 0.207E+02 0.518E+01 0.135E+02 0.338E+01
      3       2       2      67      67      67       4 0.469E-02 0.186E-01 0.107E-05 0.119E-05 0.427E-01 0.107E-01 0.362E-01 0.906E-02
      3       2       2       7       7       7       4 0.781E-02 0.312E-01 0.775E-06 0.119E-05 0.235E-03 0.588E-04 0.113E-03 0.283E-04
      3       2       4     127     127     127       4 0.415E-02 0.161E-01 0.101E-05 0.119E-05 0.203E+00 0.508E-01 0.128E+00 0.320E-01
      3       2       4      17      17      17       4 0.105E-01 0.418E-01 0.119E-05 0.191E-05 0.772E-03 0.193E-03 0.389E-03 0.972E-04
      3       2       4     257     257     257       4 0.382E-02 0.146E-01 0.238E-06 0.954E-06 0.221E+01 0.551E+00 0.135E+01 0.337E+00
      3       2       4      31      31      31       4 0.598E-02 0.237E-01 0.101E-05 0.119E-05 0.237E-02 0.592E-03 0.164E-02 0.409E-03
      3       2       4     509     509     509       4 0.392E-02 0.147E-01 0.715E-06 0.954E-06 0.162E+02 0.406E+01 0.957E+01 0.239E+01
      3       2       4      67      67      67       4 0.628E-02 0.249E-01 0.715E-06 0.954E-06 0.322E-01 0.804E-02 0.256E-01 0.641E-02
      3       2       4       7       7       7       4 0.647E-02 0.258E-01 0.954E-06 0.191E-05 0.385E-03 0.963E-04 0.178E-03 0.445E-04
      3       2       8     127     127     127       4 0.452E-02 0.176E-01 0.107E-05 0.119E-05 0.181E+00 0.452E-01 0.107E+00 0.268E-01
      3       2       8      17      17      17       4 0.707E-02 0.282E-01 0.715E-06 0.954E-06 0.810E-03 0.203E-03 0.372E-03 0.930E-04
      3       2       8     257     257     257       4 0.418E-02 0.159E-01 0.834E-06 0.119E-05 0.191E+01 0.476E+00 0.104E+01 0.261E+00
      3       2       8      31      31      31       4 0.695E-02 0.277E-01 0.775E-06 0.119E-05 0.235E-02 0.587E-03 0.145E-02 0.363E-03
      3       2       8     509     509     509       4 0.448E-02 0.170E-01 0.423E-05 0.141E-04 0.143E+02 0.357E+01 0.767E+01 0.192E+01
      3       2       8      67      67      67       4 0.622E-02 0.246E-01 0.298E-06 0.119E-05 0.273E-01 0.684E-02 0.208E-01 0.520E-02
      3       2       8       7       7       7       4 0.102E-01 0.408E-01 0.954E-06 0.191E-05 0.384E-03 0.960E-04 0.184E-03 0.460E-04
      3       4       1     127     127     127       4 0.114E-01 0.451E-01 0.143E-05 0.191E-05 0.214E+00 0.536E-01 0.152E+00 0.380E-01
      3       4       1      17      17      17       4 0.305E-01 0.640E-01 0.200E-01 0.480E-01 0.112E+00 0.280E-01 0.124E+00 0.311E-01
      3       4       1     257     257     257       4 0.105E-01 0.412E-01 0.459E-05 0.150E-04 0.239E+01 0.597E+00 0.175E+01 0.438E+00
      3       4       1      31      31      31       4 0.104E-01 0.415E-01 0.400E-02 0.160E-01 0.238E-02 0.595E-03 0.141E-02 0.353E-03
      3       4       1      67      67      67       4 0.101E-01 0.403E-01 0.800E-02 0.320E-01 0.519E-01 0.130E-01 0.345E-01 0.862E-02
      3       4       1       7       7       7       4 0.887E-02 0.354E-01 0.775E-06 0.119E-05 0.264E-03 0.660E-04 0.149E-03 0.373E-04
      3       4       2     127     127     127       4 0.114E-01 0.449E-01 0.125E-05 0.191E-05 0.187E+00 0.467E-01 0.117E+00 0.292E-01
      3       4       2      17      17      17       4 0.146E-01 0.582E-01 0.155E-05 0.215E-05 0.833E-03 0.208E-03 0.433E-03 0.108E-03
      3       4       2     257     257     257       4 0.494E-02 0.191E-01 0.775E-06 0.119E-05 0.186E+01 0.464E+00 0.125E+01 0.313E+00
      3       4       2      31      31      31       4 0.144E-01 0.567E-01 0.536E-06 0.119E-05 0.260E-02 0.650E-03 0.159E-02 0.398E-03
      3       4       2      67      67      67       4 0.104E-01 0.412E-01 0.125E-05 0.191E-05 0.294E-01 0.735E-02 0.230E-01 0.575E-02
      3       4       2       7       7       7       4 0.144E-01 0.575E-01 0.149E-05 0.286E-05 0.351E-03 0.877E-04 0.174E-03 0.436E-04
      3       4       4     127     127     127       4 0.111E-01 0.440E-01 0.226E-05 0.286E-05 0.164E+00 0.410E-01 0.913E-01 0.228E-01
      3       4       4      17      17      17       4 0.125E-01 0.482E-01 0.107E-05 0.119E-05 0.152E-02 0.380E-03 0.431E-03 0.108E-03
      3       4       4     257     257     257       4 0.117E-01 0.461E-01 0.119E-05 0.191E-05 0.165E+01 0.414E+00 0.958E+00 0.239E+00
      3       4       4      31      31      31       4 0.138E-01 0.547E-01 0.834E-06 0.119E-05 0.238E-02 0.595E-03 0.133E-02 0.334E-03
      3       4       4      67      67      67       4 0.124E-01 0.493E-01 0.954E-06 0.954E-06 0.224E-01 0.559E-02 0.162E-01 0.405E-02
      3       4       4       7       7       7       4 0.143E-01 0.572E-01 0.113E-05 0.119E-05 0.378E-03 0.945E-04 0.230E-03 0.575E-04
      3       8       1     127     127     127       4 0.710E-02 0.279E-01 0.149E-05 0.215E-05 0.151E+00 0.376E-01 0.108E+00 0.271E-01
      3       8       1      17      17      17       4 0.135E-01 0.537E-01 0.125E-05 0.191E-05 0.138E-02 0.345E-03 0.396E-03 0.990E-04
      3       8       1     257     257     257       4 0.131E-01 0.511E-01 0.107E-05 0.119E-05 0.202E+01 0.505E+00 0.145E+01 0.363E+00
      3       8       1      31      31      31       4 0.214E-01 0.853E-01 0.255E-02 0.102E-01 0.284E-02 0.711E-03 0.140E-02 0.350E-03
      3       8       1      67      67      67       4 0.901E-02 0.358E-01 0.125E-05 0.215E-05 0.298E-01 0.746E-02 0.218E-01 0.546E-02
      3       8       1       7       7       7       4 0.402E-02 0.107E-01 0.119E-05 0.191E-05 0.438E-03 0.109E-03 0.924E-02 0.231E-02
      3       8       2     127     127     127       4 0.710E-02 0.279E-01 0.715E-06 0.954E-06 0.135E+00 0.336E-01 0.926E-01 0.232E-01
      3       8       2      17      17      17       4 0.195E-01 0.777E-01 0.125E-05 0.215E-05 0.156E-02 0.390E-03 0.430E-03 0.107E-03
      3       8       2     257     257     257       4 0.102E-01 0.399E-01 0.101E-05 0.119E-05 0.149E+01 0.371E+00 0.940E+00 0.235E+00
      3       8       2      31      31      31       4 0.217E-01 0.864E-01 0.143E-05 0.191E-05 0.278E-02 0.695E-03 0.131E-02 0.328E-03
      3       8       2      67      67      67       4 0.102E-01 0.405E-01 0.954E-06 0.954E-06 0.232E-01 0.581E-02 0.158E-01 0.395E-02
      3       8       2       7       7       7       4 0.360E-02 0.127E-01 0.119E-05 0.191E-05 0.436E-03 0.109E-03 0.411E-03 0.103E-03
      4       1       1     127     127     127       4 0.000E+00 0.000E+00 0.000E+00 0.000E+00 0.000E+00 0.000E+00 0.000E+00 0.000E+00
      4       1       1      17      17      17       4 0.000E+00 0.000E+00 0.000E+00 0.000E+00 0.000E+00 0.000E+00 0.000E+00 0.000E+00
      4       1       1     257     257     257       4 0.000E+00 0.000E+00 0.000E+00 0.000E+00 0.000E+00 0.000E+00 0.000E+00 0.000E+00
      4       1       1      31      31      31       4 0.000E+00 0.000E+00 0.000E+00 0.000E+00 0.000E+00 0.000E+00 0.000E+00 0.000E+00
      4       1       1     509     509     509       4 0.000E+00 0.000E+00 0.000E+00 0.000E+00 0.000E+00 0.000E+00 0.000E+00 0.000E+00
      4       1       1      67      67      67       4 0.000E+00 0.000E+00 0.000E+00 0.000E+00 0.000E+00 0.000E+00 0.000E+00 0.000E+00
      4       1       1       7       7       7       4 0.000E+00 0.000E+00 0.000E+00 0.000E+00 0.000E+00 0.000E+00 0.000E+00 0.000E+00
      4       1      12     127     127     127       4 0.000E+00 0.000E+00 0.000E+00 0.000E+00 0.000E+00 0.000E+00 0.000E+00 0.000E+00
      4       1      12      17      17      17       4 0.000E+00 0.000E+00 0.000E+00 0.000E+00 0.000E+00 0.000E+00 0.000E+00 0.000E+00
      4       1      12     257     257     257       4 0.000E+00 0.000E+00 0.000E+00 0.000E+00 0.000E+00 0.000E+00 0.000E+00 0.000E+00
      4       1      12      31      31      31       4 0.000E+00 0.000E+00 0.000E+00 0.000E+00 0.000E+00 0.000E+00 0.000E+00 0.000E+00
      4       1      12     509     509     509       4 0.000E+00 0.000E+00 0.000E+00 0.000E+00 0.000E+00 0.000E+00 0.000E+00 0.000E+00
      4       1      12      67      67      67       4 0.000E+00 0.000E+00 0.000E+00 0.000E+00 0.000E+00 0.000E+00 0.000E+00 0.000E+00
      4       1      12       7       7       7       4 0.000E+00 0.000E+00 0.000E+00 0.000E+00 0.000E+00 0.000E+00 0.000E+00 0.000E+00
      4       1      16     127     127     127       4 0.000E+00 0.000E+00 0.000E+00 0.000E+00 0.000E+00 0.000E+00 0.000E+00 0.000E+00
      4       1      16      17      17      17       4 0.000E+00 0.000E+00 0.000E+00 0.000E+00 0.000E+00 0.000E+00 0.000E+00 0.000E+00
      4       1      16     257     257     257       4 0.000E+00 0.000E+00 0.000E+00 0.000E+00 0.000E+00 0.000E+00 0.000E+00 0.000E+00
      4       1      16      31      31      31       4 0.000E+00 0.000E+00 0.000E+00 0.000E+00 0.000E+00 0.000E+00 0.000E+00 0.000E+00
      4       1      16     509     509     509       4 0.000E+00 0.000E+00 0.000E+00 0.000E+00 0.000E+00 0.000E+00 0.000E+00 0.000E+00
      4       1      16      67      67      67       4 0.000E+00 0.000E+00 0.000E+00 0.000E+00 0.000E+00 0.000E+00 0.000E+00 0.000E+00
      4       1      16       7       7       7       4 0.000E+00 0.000E+00 0.000E+00 0.000E+00 0.000E+00 0.000E+00 0.000E+00 0.000E+00
      4       1       2     127     127     127       4 0.000E+00 0.000E+00 0.000E+00 0.000E+00 0.000E+00 0.000E+00 0.000E+00 0.000E+00
      4       1       2      17      17      17       4 0.000E+00 0.000E+00 0.000E+00 0.000E+00 0.000E+00 0.000E+00 0.000E+00 0.000E+00
      4       1       2     257     257     257       4 0.000E+00 0.000E+00 0.000E+00 0.000E+00 0.000E+00 0.000E+00 0.000E+00 0.000E+00
      4       1       2      31      31      31       4 0.000E+00 0.000E+00 0.000E+00 0.000E+00 0.000E+00 0.000E+00 0.000E+00 0.000E+00
      4       1       2     509     509     509       4 0.000E+00 0.000E+00 0.000E+00 0.000E+00 0.000E+00 0.000E+00 0.000E+00 0.000E+00
      4       1       2      67      67      67       4 0.000E+00 0.000E+00 0.000E+00 0.000E+00 0.000E+00 0.000E+00 0.000E+00 0.000E+00
      4       1       2       7       7       7       4 0.000E+00 0.000E+00 0.000E+00 0.000E+00 0.000E+00 0.000E+00 0.000E+00 0.000E+00
      4       1      24     127     127     127       4 0.000E+00 0.000E+00 0.000E+00 0.000E+00 0.000E+00 0.000E+00 0.000E+00 0.000E+00
      4       1      24      17      17      17       4 0.000E+00 0.000E+00 0.000E+00 0.000E+00 0.000E+00 0.000E+00 0.000E+00 0.000E+00
      4       1      24     257     257     257       4 0.000E+00 0.000E+00 0.000E+00 0.000E+00 0.000E+00 0.000E+00 0.000E+00 0.000E+00
      4       1      24      31      31      31       4 0.000E+00 0.000E+00 0.000E+00 0.000E+00 0.000E+00 0.000E+00 0.000E+00 0.000E+00
      4       1      24     509     509     509       4 0.000E+00 0.000E+00 0.000E+00 0.000E+00 0.000E+00 0.000E+00 0.000E+00 0.000E+00
      4       1      24      67      67      67       4 0.000E+00 0.000E+00 0.000E+00 0.000E+00 0.000E+00 0.000E+00 0.000E+00 0.000E+00
      4       1      24       7       7       7       4 0.000E+00 0.000E+00 0.000E+00 0.000E+00 0.000E+00 0.000E+00 0.000E+00 0.000E+00
      4       1       4     127     127     127       4 0.000E+00 0.000E+00 0.000E+00 0.000E+00 0.000E+00 0.000E+00 0.000E+00 0.000E+00
      4       1       4      17      17      17       4 0.000E+00 0.000E+00 0.000E+00 0.000E+00 0.000E+00 0.000E+00 0.000E+00 0.000E+00
      4       1       4     257     257     257       4 0.000E+00 0.000E+00 0.000E+00 0.000E+00 0.000E+00 0.000E+00 0.000E+00 0.000E+00
      4       1       4      31      31      31       4 0.000E+00 0.000E+00 0.000E+00 0.000E+00 0.000E+00 0.000E+00 0.000E+00 0.000E+00
      4       1       4     509     509     509       4 0.000E+00 0.000E+00 0.000E+00 0.000E+00 0.000E+00 0.000E+00 0.000E+00 0.000E+00
      4       1       4      67      67      67       4 0.000E+00 0.000E+00 0.000E+00 0.000E+00 0.000E+00 0.000E+00 0.000E+00 0.000E+00
      4       1       4       7       7       7       4 0.000E+00 0.000E+00 0.000E+00 0.000E+00 0.000E+00 0.000E+00 0.000E+00 0.000E+00
      4       1       8     127     127     127       4 0.000E+00 0.000E+00 0.000E+00 0.000E+00 0.000E+00 0.000E+00 0.000E+00 0.000E+00
      4       1       8      17      17      17       4 0.000E+00 0.000E+00 0.000E+00 0.000E+00 0.000E+00 0.000E+00 0.000E+00 0.000E+00
      4       1       8     257     257     257       4 0.000E+00 0.000E+00 0.000E+00 0.000E+00 0.000E+00 0.000E+00 0.000E+00 0.000E+00
      4       1       8      31      31      31       4 0.000E+00 0.000E+00 0.000E+00 0.000E+00 0.000E+00 0.000E+00 0.000E+00 0.000E+00
      4       1       8     509     509     509       4 0.000E+00 0.000E+00 0.000E+00 0.000E+00 0.000E+00 0.000E+00 0.000E+00 0.000E+00
      4       1       8      67      67      67       4 0.000E+00 0.000E+00 0.000E+00 0.000E+00 0.000E+00 0.000E+00 0.000E+00 0.000E+00
      4       1       8       7       7       7       4 0.000E+00 0.000E+00 0.000E+00 0.000E+00 0.000E+00 0.000E+00 0.000E+00 0.000E+00
      4      16       1     127     127     127       4 0.000E+00 0.000E+00 0.000E+00 0.000E+00 0.000E+00 0.000E+00 0.000E+00 0.000E+00
      4      16       1      17      17      17       4 0.000E+00 0.000E+00 0.000E+00 0.000E+00 0.000E+00 0.000E+00 0.000E+00 0.000E+00
      4      16       1     257     257     257       4 0.000E+00 0.000E+00 0.000E+00 0.000E+00 0.000E+00 0.000E+00 0.000E+00 0.000E+00
      4      16       1      31      31      31       4 0.000E+00 0.000E+00 0.000E+00 0.000E+00 0.000E+00 0.000E+00 0.000E+00 0.000E+00
      4      16       1      67      67      67       4 0.000E+00 0.000E+00 0.000E+00 0.000E+00 0.000E+00 0.000E+00 0.000E+00 0.000E+00
      4      16       1       7       7       7       4 0.000E+00 0.000E+00 0.000E+00 0.000E+00 0.000E+00 0.000E+00 0.000E+00 0.000E+00
      4       2       1     127     127     127       4 0.000E+00 0.000E+00 0.000E+00 0.000E+00 0.000E+00 0.000E+00 0.000E+00 0.000E+00
      4       2       1      17      17      17       4 0.000E+00 0.000E+00 0.000E+00 0.000E+00 0.000E+00 0.000E+00 0.000E+00 0.000E+00
      4       2       1     257     257     257       4 0.000E+00 0.000E+00 0.000E+00 0.000E+00 0.000E+00 0.000E+00 0.000E+00 0.000E+00
      4       2       1      31      31      31       4 0.000E+00 0.000E+00 0.000E+00 0.000E+00 0.000E+00 0.000E+00 0.000E+00 0.000E+00
      4       2       1     509     509     509       4 0.000E+00 0.000E+00 0.000E+00 0.000E+00 0.000E+00 0.000E+00 0.000E+00 0.000E+00
      4       2       1      67      67      67       4 0.000E+00 0.000E+00 0.000E+00 0.000E+00 0.000E+00 0.000E+00 0.000E+00 0.000E+00
      4       2       1       7       7       7       4 0.000E+00 0.000E+00 0.000E+00 0.000E+00 0.000E+00 0.000E+00 0.000E+00 0.000E+00
      4       2      12     127     127     127       4 0.000E+00 0.000E+00 0.000E+00 0.000E+00 0.000E+00 0.000E+00 0.000E+00 0.000E+00
      4       2      12      17      17      17       4 0.000E+00 0.000E+00 0.000E+00 0.000E+00 0.000E+00 0.000E+00 0.000E+00 0.000E+00
      4       2      12     257     257     257       4 0.000E+00 0.000E+00 0.000E+00 0.000E+00 0.000E+00 0.000E+00 0.000E+00 0.000E+00
      4       2      12      31      31      31       4 0.000E+00 0.000E+00 0.000E+00 0.000E+00 0.000E+00 0.000E+00 0.000E+00 0.000E+00
      4       2      12     509     509     509       4 0.000E+00 0.000E+00 0.000E+00 0.000E+00 0.000E+00 0.000E+00 0.000E+00 0.000E+00
      4       2      12      67      67      67       4 0.000E+00 0.000E+00 0.000E+00 0.000E+00 0.000E+00 0.000E+00 0.000E+00 0.000E+00
      4       2      12       7       7       7       4 0.000E+00 0.000E+00 0.000E+00 0.000E+00 0.000E+00 0.000E+00 0.000E+00 0.000E+00
      4       2       2     127     127     127       4 0.000E+00 0.000E+00 0.000E+00 0.000E+00 0.000E+00 0.000E+00 0.000E+00 0.000E+00
      4       2       2      17      17      17       4 0.000E+00 0.000E+00 0.000E+00 0.000E+00 0.000E+00 0.000E+00 0.000E+00 0.000E+00
      4       2       2     257     257     257       4 0.000E+00 0.000E+00 0.000E+00 0.000E+00 0.000E+00 0.000E+00 0.000E+00 0.000E+00
      4       2       2      31      31      31       4 0.000E+00 0.000E+00 0.000E+00 0.000E+00 0.000E+00 0.000E+00 0.000E+00 0.000E+00
      4       2       2     509     509     509       4 0.000E+00 0.000E+00 0.000E+00 0.000E+00 0.000E+00 0.000E+00 0.000E+00 0.000E+00
      4       2       2      67      67      67       4 0.000E+00 0.000E+00 0.000E+00 0.000E+00 0.000E+00 0.000E+00 0.000E+00 0.000E+00
      4       2       2       7       7       7       4 0.000E+00 0.000E+00 0.000E+00 0.000E+00 0.000E+00 0.000E+00 0.000E+00 0.000E+00
      4       2       4     127     127     127       4 0.000E+00 0.000E+00 0.000E+00 0.000E+00 0.000E+00 0.000E+00 0.000E+00 0.000E+00
      4       2       4      17      17      17       4 0.000E+00 0.000E+00 0.000E+00 0.000E+00 0.000E+00 0.000E+00 0.000E+00 0.000E+00
      4       2       4     257     257     257       4 0.000E+00 0.000E+00 0.000E+00 0.000E+00 0.000E+00 0.000E+00 0.000E+00 0.000E+00
      4       2       4      31      31      31       4 0.000E+00 0.000E+00 0.000E+00 0.000E+00 0.000E+00 0.000E+00 0.000E+00 0.000E+00
      4       2       4     509     509     509       4 0.000E+00 0.000E+00 0.000E+00 0.000E+00 0.000E+00 0.000E+00 0.000E+00 0.000E+00
      4       2       4      67      67      67       4 0.000E+00 0.000E+00 0.000E+00 0.000E+00 0.000E+00 0.000E+00 0.000E+00 0.000E+00
      4       2       4       7       7       7       4 0.000E+00 0.000E+00 0.000E+00 0.000E+00 0.000E+00 0.000E+00 0.000E+00 0.000E+00
      4       2       8     127     127     127       4 0.000E+00 0.000E+00 0.000E+00 0.000E+00 0.000E+00 0.000E+00 0.000E+00 0.000E+00
      4       2       8      17      17      17       4 0.000E+00 0.000E+00 0.000E+00 0.000E+00 0.000E+00 0.000E+00 0.000E+00 0.000E+00
      4       2       8     257     257     257       4 0.000E+00 0.000E+00 0.000E+00 0.000E+00 0.000E+00 0.000E+00 0.000E+00 0.000E+00
      4       2       8      31      31      31       4 0.000E+00 0.000E+00 0.000E+00 0.000E+00 0.000E+00 0.000E+00 0.000E+00 0.000E+00
      4       2       8     509     509     509       4 0.000E+00 0.000E+00 0.000E+00 0.000E+00 0.000E+00 0.000E+00 0.000E+00 0.000E+00
      4       2       8      67      67      67       4 0.000E+00 0.000E+00 0.000E+00 0.000E+00 0.000E+00 0.000E+00 0.000E+00 0.000E+00
      4       2       8       7       7       7       4 0.000E+00 0.000E+00 0.000E+00 0.000E+00 0.000E+00 0.000E+00 0.000E+00 0.000E+00
      4       4       1     127     127     127       4 0.000E+00 0.000E+00 0.000E+00 0.000E+00 0.000E+00 0.000E+00 0.000E+00 0.000E+00
      4       4       1      17      17      17       4 0.000E+00 0.000E+00 0.000E+00 0.000E+00 0.000E+00 0.000E+00 0.000E+00 0.000E+00
      4       4       1     257     257     257       4 0.000E+00 0.000E+00 0.000E+00 0.000E+00 0.000E+00 0.000E+00 0.000E+00 0.000E+00
      4       4       1      31      31      31       4 0.000E+00 0.000E+00 0.000E+00 0.000E+00 0.000E+00 0.000E+00 0.000E+00 0.000E+00
      4       4       1     509     509     509       4 0.000E+00 0.000E+00 0.000E+00 0.000E+00 0.000E+00 0.000E+00 0.000E+00 0.000E+00
      4       4       1      67      67      67       4 0.000E+00 0.000E+00 0.000E+00 0.000E+00 0.000E+00 0.000E+00 0.000E+00 0.000E+00
      4       4       1       7       7       7       4 0.000E+00 0.000E+00 0.000E+00 0.000E+00 0.000E+00 0.000E+00 0.000E+00 0.000E+00
      4       4       2     127     127     127       4 0.000E+00 0.000E+00 0.000E+00 0.000E+00 0.000E+00 0.000E+00 0.000E+00 0.000E+00
      4       4       2      17      17      17       4 0.000E+00 0.000E+00 0.000E+00 0.000E+00 0.000E+00 0.000E+00 0.000E+00 0.000E+00
      4       4       2     257     257     257       4 0.000E+00 0.000E+00 0.000E+00 0.000E+00 0.000E+00 0.000E+00 0.000E+00 0.000E+00
      4       4       2      31      31      31       4 0.000E+00 0.000E+00 0.000E+00 0.000E+00 0.000E+00 0.000E+00 0.000E+00 0.000E+00
      4       4       2     509     509     509       4 0.000E+00 0.000E+00 0.000E+00 0.000E+00 0.000E+00 0.000E+00 0.000E+00 0.000E+00
      4       4       2      67      67      67       4 0.000E+00 0.000E+00 0.000E+00 0.000E+00 0.000E+00 0.000E+00 0.000E+00 0.000E+00
      4       4       2       7       7       7       4 0.000E+00 0.000E+00 0.000E+00 0.000E+00 0.000E+00 0.000E+00 0.000E+00 0.000E+00
      4       4       4     127     127     127       4 0.000E+00 0.000E+00 0.000E+00 0.000E+00 0.000E+00 0.000E+00 0.000E+00 0.000E+00
      4       4       4      17      17      17       4 0.000E+00 0.000E+00 0.000E+00 0.000E+00 0.000E+00 0.000E+00 0.000E+00 0.000E+00
      4       4       4     257     257     257       4 0.000E+00 0.000E+00 0.000E+00 0.000E+00 0.000E+00 0.000E+00 0.000E+00 0.000E+00
      4       4       4      31      31      31       4 0.000E+00 0.000E+00 0.000E+00 0.000E+00 0.000E+00 0.000E+00 0.000E+00 0.000E+00
      4       4       4     509     509     509       4 0.000E+00 0.000E+00 0.000E+00 0.000E+00 0.000E+00 0.000E+00 0.000E+00 0.000E+00
      4       4       4      67      67      67       4 0.000E+00 0.000E+00 0.000E+00 0.000E+00 0.000E+00 0.000E+00 0.000E+00 0.000E+00
      4       4       4       7       7       7       4 0.000E+00 0.000E+00 0.000E+00 0.000E+00 0.000E+00 0.000E+00 0.000E+00 0.000E+00
      4       8       1     127     127     127       4 0.000E+00 0.000E+00 0.000E+00 0.000E+00 0.000E+00 0.000E+00 0.000E+00 0.000E+00
      4       8       1      17      17      17       4 0.000E+00 0.000E+00 0.000E+00 0.000E+00 0.000E+00 0.000E+00 0.000E+00 0.000E+00
      4       8       1     257     257     257       4 0.000E+00 0.000E+00 0.000E+00 0.000E+00 0.000E+00 0.000E+00 0.000E+00 0.000E+00
      4       8       1      31      31      31       4 0.000E+00 0.000E+00 0.000E+00 0.000E+00 0.000E+00 0.000E+00 0.000E+00 0.000E+00
      4       8       1      67      67      67       4 0.000E+00 0.000E+00 0.000E+00 0.000E+00 0.000E+00 0.000E+00 0.000E+00 0.000E+00
      4       8       1       7       7       7       4 0.000E+00 0.000E+00 0.000E+00 0.000E+00 0.000E+00 0.000E+00 0.000E+00 0.000E+00
      4       8       2     127     127     127       4 0.000E+00 0.000E+00 0.000E+00 0.000E+00 0.000E+00 0.000E+00 0.000E+00 0.000E+00
      4       8       2      17      17      17       4 0.000E+00 0.000E+00 0.000E+00 0.000E+00 0.000E+00 0.000E+00 0.000E+00 0.000E+00
      4       8       2     257     257     257       4 0.000E+00 0.000E+00 0.000E+00 0.000E+00 0.000E+00 0.000E+00 0.000E+00 0.000E+00
      4       8       2      31      31      31       4 0.000E+00 0.000E+00 0.000E+00 0.000E+00 0.000E+00 0.000E+00 0.000E+00 0.000E+00
      4       8       2      67      67      67       4 0.000E+00 0.000E+00 0.000E+00 0.000E+00 0.000E+00 0.000E+00 0.000E+00 0.000E+00
      4       8       2       7       7       7       4 0.000E+00 0.000E+00 0.000E+00 0.000E+00 0.000E+00 0.000E+00 0.000E+00 0.000E+00];
