      2       1    1021    1021       4       4 0.393E+00 0.157E+01 0.657E+00 0.263E+01 0.141E+01 0.882E-01 0.143E+01 0.894E-01
      2       1     127     127       4       4 0.471E-02 0.183E-01 0.668E-02 0.267E-01 0.121E-01 0.759E-03 0.123E-01 0.771E-03
      2       1    2053    2053       4       4 0.165E+01 0.660E+01 0.269E+01 0.108E+02 0.648E+01 0.405E+00 0.617E+01 0.385E+00
      2       1     257     257       4       4 0.362E-01 0.144E+00 0.490E-01 0.195E+00 0.728E-01 0.455E-02 0.734E-01 0.459E-02
      2       1      31      31       4       4 0.694E-03 0.267E-02 0.670E-03 0.263E-02 0.204E-03 0.127E-04 0.179E-03 0.112E-04
      2       1    4099    4099       4       4 0.111E+01 0.442E+01 0.161E+01 0.643E+01 0.360E+02 0.225E+01 0.347E+02 0.217E+01
      2       1     509     509       4       4 0.133E+00 0.533E+00 0.209E+00 0.836E+00 0.368E+00 0.230E-01 0.372E+00 0.232E-01
      2       1      67      67       4       4 0.118E-02 0.452E-02 0.136E-02 0.540E-02 0.217E-02 0.136E-03 0.228E-02 0.142E-03
      2      12    1021    1021       4       4 0.397E+00 0.156E+01 0.546E+00 0.213E+01 0.224E+00 0.140E-01 0.225E+00 0.141E-01
      2      12     127     127       4       4 0.670E-02 0.256E-01 0.911E-02 0.359E-01 0.407E-02 0.254E-03 0.405E-02 0.253E-03
      2      12    2053    2053       4       4 0.101E+01 0.403E+01 0.127E+01 0.503E+01 0.979E+00 0.612E-01 0.115E+01 0.718E-01
      2      12     257     257       4       4 0.115E+00 0.448E+00 0.131E+00 0.515E+00 0.116E-01 0.724E-03 0.118E-01 0.738E-03
      2      12      31      31       4       4 0.415E-02 0.155E-01 0.512E-02 0.195E-01 0.107E-02 0.668E-04 0.112E-02 0.700E-04
      2      12    4099    4099       4       4 0.252E+01 0.101E+02 0.342E+01 0.137E+02 0.377E+01 0.235E+00 0.362E+01 0.226E+00
      2      12     509     509       4       4 0.204E+00 0.787E+00 0.262E+00 0.100E+01 0.643E-01 0.402E-02 0.644E-01 0.403E-02
      2      12      67      67       4       4 0.322E-02 0.120E-01 0.381E-02 0.147E-01 0.112E-02 0.700E-04 0.113E-02 0.703E-04
      2      16    1021    1021       4       4 0.406E+00 0.160E+01 0.514E+00 0.203E+01 0.166E+00 0.104E-01 0.159E+00 0.994E-02
      2      16     127     127       4       4 0.551E-02 0.207E-01 0.774E-02 0.301E-01 0.530E-02 0.331E-03 0.509E-02 0.318E-03
      2      16    2053    2053       4       4 0.116E+01 0.461E+01 0.143E+01 0.564E+01 0.739E+00 0.462E-01 0.124E+01 0.775E-01
      2      16     257     257       4       4 0.127E+00 0.493E+00 0.143E+00 0.558E+00 0.109E-01 0.683E-03 0.105E-01 0.653E-03
      2      16      31      31       4       4 0.258E-02 0.942E-02 0.340E-02 0.129E-01 0.826E-03 0.516E-04 0.788E-03 0.493E-04
      2      16    4099    4099       4       4 0.266E+01 0.106E+02 0.358E+01 0.143E+02 0.391E+01 0.244E+00 0.295E+01 0.184E+00
      2      16     509     509       4       4 0.169E+00 0.663E+00 0.217E+00 0.851E+00 0.491E-01 0.307E-02 0.496E-01 0.310E-02
      2      16      67      67       4       4 0.603E-02 0.221E-01 0.727E-02 0.274E-01 0.132E-02 0.823E-04 0.130E-02 0.813E-04
      2       2    1021    1021       4       4 0.524E+00 0.209E+01 0.844E+00 0.337E+01 0.819E+00 0.512E-01 0.790E+00 0.494E-01
      2       2     127     127       4       4 0.932E-02 0.366E-01 0.126E-01 0.503E-01 0.702E-02 0.439E-03 0.701E-02 0.438E-03
      2       2    2053    2053       4       4 0.194E+01 0.775E+01 0.319E+01 0.128E+02 0.376E+01 0.235E+00 0.343E+01 0.215E+00
      2       2     257     257       4       4 0.672E-01 0.266E+00 0.832E-01 0.330E+00 0.424E-01 0.265E-02 0.438E-01 0.274E-02
      2       2      31      31       4       4 0.208E-02 0.814E-02 0.235E-02 0.929E-02 0.274E-03 0.171E-04 0.281E-03 0.176E-04
      2       2    4099    4099       4       4 0.334E+01 0.134E+02 0.550E+01 0.220E+02 0.179E+02 0.112E+01 0.166E+02 0.104E+01
      2       2     509     509       4       4 0.194E+00 0.773E+00 0.282E+00 0.112E+01 0.211E+00 0.132E-01 0.208E+00 0.130E-01
      2       2      67      67       4       4 0.285E-02 0.111E-01 0.344E-02 0.136E-01 0.116E-02 0.726E-04 0.115E-02 0.717E-04
      2      24    1021    1021       4       4 0.527E+00 0.204E+01 0.658E+00 0.251E+01 0.212E+00 0.132E-01 0.258E+00 0.161E-01
      2      24     127     127       4       4 0.816E-02 0.282E-01 0.101E-01 0.366E-01 0.412E-02 0.258E-03 0.399E-02 0.249E-03
      2      24    2053    2053       4       4 0.124E+01 0.491E+01 0.151E+01 0.600E+01 0.523E+00 0.327E-01 0.496E+00 0.310E-01
      2      24     257     257       4       4 0.162E+00 0.626E+00 0.181E+00 0.704E+00 0.127E-01 0.793E-03 0.121E-01 0.757E-03
      2      24      31      31       4       4 0.358E-02 0.126E-01 0.449E-02 0.164E-01 0.127E-02 0.792E-04 0.120E-02 0.748E-04
      2      24    4099    4099       4       4 0.235E+01 0.936E+01 0.381E+01 0.152E+02 0.272E+01 0.170E+00 0.252E+01 0.158E+00
      2      24     509     509       4       4 0.229E+00 0.889E+00 0.282E+00 0.110E+01 0.542E-01 0.339E-02 0.533E-01 0.333E-02
      2      24      67      67       4       4 0.587E-02 0.204E-01 0.779E-02 0.285E-01 0.177E-02 0.111E-03 0.171E-02 0.107E-03
      2       4    1021    1021       4       4 0.404E+00 0.161E+01 0.571E+00 0.227E+01 0.489E+00 0.306E-01 0.431E+00 0.269E-01
      2       4     127     127       4       4 0.641E-02 0.248E-01 0.898E-02 0.356E-01 0.385E-02 0.241E-03 0.416E-02 0.260E-03
      2       4    2053    2053       4       4 0.144E+01 0.577E+01 0.210E+01 0.839E+01 0.227E+01 0.142E+00 0.203E+01 0.127E+00
      2       4     257     257       4       4 0.877E-01 0.346E+00 0.991E-01 0.391E+00 0.274E-01 0.172E-02 0.283E-01 0.177E-02
      2       4      31      31       4       4 0.208E-02 0.801E-02 0.242E-02 0.950E-02 0.450E-03 0.281E-04 0.442E-03 0.276E-04
      2       4    4099    4099       4       4 0.372E+01 0.149E+02 0.604E+01 0.241E+02 0.969E+01 0.605E+00 0.885E+01 0.553E+00
      2       4     509     509       4       4 0.155E+00 0.615E+00 0.215E+00 0.853E+00 0.120E+00 0.748E-02 0.118E+00 0.735E-02
      2       4      67      67       4       4 0.380E-02 0.148E-01 0.497E-02 0.196E-01 0.103E-02 0.643E-04 0.127E-02 0.796E-04
      2       8    1021    1021       4       4 0.316E+00 0.124E+01 0.413E+00 0.163E+01 0.277E+00 0.173E-01 0.259E+00 0.162E-01
      2       8     127     127       4       4 0.618E-02 0.237E-01 0.918E-02 0.363E-01 0.618E-02 0.386E-03 0.616E-02 0.385E-03
      2       8    2053    2053       4       4 0.128E+01 0.509E+01 0.176E+01 0.702E+01 0.128E+01 0.800E-01 0.121E+01 0.754E-01
      2       8     257     257       4       4 0.980E-01 0.384E+00 0.108E+00 0.424E+00 0.191E-01 0.120E-02 0.200E-01 0.125E-02
      2       8      31      31       4       4 0.247E-02 0.937E-02 0.311E-02 0.121E-01 0.542E-03 0.339E-04 0.551E-03 0.344E-04
      2       8    4099    4099       4       4 0.293E+01 0.117E+02 0.425E+01 0.170E+02 0.546E+01 0.341E+00 0.493E+01 0.308E+00
      2       8     509     509       4       4 0.141E+00 0.553E+00 0.180E+00 0.703E+00 0.742E-01 0.464E-02 0.770E-01 0.481E-02
      2       8      67      67       4       4 0.317E-02 0.120E-01 0.452E-02 0.177E-01 0.110E-02 0.688E-04 0.108E-02 0.674E-04
      3       1    1021    1021       4       4 0.117E-02 0.402E-02 0.209E-03 0.267E-03 0.530E+00 0.332E-01 0.543E+00 0.339E-01
      3       1     127     127       4       4 0.930E-03 0.364E-02 0.278E-04 0.410E-04 0.507E-02 0.317E-03 0.537E-02 0.335E-03
      3       1    2053    2053       4       4 0.161E-02 0.442E-02 0.598E-03 0.602E-03 0.324E+01 0.203E+00 0.340E+01 0.213E+00
      3       1     257     257       4       4 0.787E-03 0.300E-02 0.603E-04 0.942E-04 0.319E-01 0.200E-02 0.323E-01 0.202E-02
      3       1      31      31       4       4 0.892E-03 0.355E-02 0.477E-05 0.811E-05 0.284E-03 0.177E-04 0.290E-03 0.181E-04
      3       1    4099    4099       4       4 0.281E-02 0.553E-02 0.178E-02 0.179E-02 0.248E+02 0.155E+01 0.253E+02 0.158E+01
      3       1     509     509       4       4 0.928E-03 0.344E-02 0.926E-04 0.128E-03 0.107E+00 0.668E-02 0.108E+00 0.677E-02
      3       1      67      67       4       4 0.824E-03 0.327E-02 0.650E-05 0.100E-04 0.287E-02 0.179E-03 0.300E-02 0.187E-03
      3      12    1021    1021       4       4 0.219E-02 0.769E-02 0.304E-03 0.340E-03 0.600E-01 0.375E-02 0.591E-01 0.369E-02
      3      12     127     127       4       4 0.311E-02 0.123E-01 0.437E-04 0.761E-04 0.110E-02 0.685E-04 0.948E-03 0.593E-04
      3      12    2053    2053       4       4 0.125E-02 0.270E-02 0.679E-03 0.712E-03 0.331E+00 0.207E-01 0.347E+00 0.217E-01
      3      12     257     257       4       4 0.128E-02 0.482E-02 0.985E-04 0.134E-03 0.736E-02 0.460E-03 0.692E-02 0.432E-03
      3      12      31      31       4       4 0.434E-02 0.173E-01 0.548E-05 0.882E-05 0.375E-03 0.235E-04 0.249E-03 0.156E-04
      3      12    4099    4099       4       4 0.265E-02 0.434E-02 0.199E-02 0.202E-02 0.256E+01 0.160E+00 0.259E+01 0.162E+00
      3      12     509     509       4       4 0.849E-03 0.294E-02 0.145E-03 0.172E-03 0.130E-01 0.810E-03 0.128E-01 0.800E-03
      3      12      67      67       4       4 0.424E-02 0.169E-01 0.978E-05 0.110E-04 0.102E-02 0.640E-04 0.741E-03 0.463E-04
      3      16    1021    1021       4       4 0.133E-02 0.422E-02 0.315E-03 0.361E-03 0.476E-01 0.297E-02 0.462E-01 0.289E-02
      3      16     127     127       4       4 0.368E-02 0.146E-01 0.473E-04 0.861E-04 0.478E-02 0.298E-03 0.137E-02 0.855E-04
      3      16    2053    2053       4       4 0.122E-02 0.252E-02 0.691E-03 0.724E-03 0.258E+00 0.161E-01 0.264E+00 0.165E-01
      3      16     257     257       4       4 0.344E-02 0.134E-01 0.100E-03 0.135E-03 0.961E-02 0.601E-03 0.793E-02 0.496E-03
      3      16      31      31       4       4 0.541E-02 0.216E-01 0.650E-05 0.100E-04 0.436E-03 0.273E-04 0.263E-03 0.164E-04
      3      16    4099    4099       4       4 0.276E-02 0.413E-02 0.213E-02 0.217E-02 0.191E+01 0.119E+00 0.195E+01 0.122E+00
      3      16     509     509       4       4 0.349E-02 0.135E-01 0.152E-03 0.191E-03 0.179E-01 0.112E-02 0.178E-01 0.111E-02
      3      16      67      67       4       4 0.423E-02 0.168E-01 0.140E-04 0.169E-04 0.196E-01 0.123E-02 0.754E-03 0.471E-04
      3       2    1021    1021       4       4 0.362E-02 0.135E-01 0.282E-03 0.306E-03 0.276E+00 0.172E-01 0.284E+00 0.177E-01
      3       2     127     127       4       4 0.287E-02 0.114E-01 0.273E-04 0.360E-04 0.280E-02 0.175E-03 0.292E-02 0.183E-03
      3       2    2053    2053       4       4 0.123E-02 0.352E-02 0.564E-03 0.598E-03 0.165E+01 0.103E+00 0.172E+01 0.107E+00
      3       2     257     257       4       4 0.971E-03 0.367E-02 0.823E-04 0.103E-03 0.170E-01 0.106E-02 0.174E-01 0.109E-02
      3       2      31      31       4       4 0.352E-02 0.140E-01 0.578E-05 0.811E-05 0.305E-03 0.191E-04 0.304E-03 0.190E-04
      3       2    4099    4099       4       4 0.277E-02 0.488E-02 0.191E-02 0.193E-02 0.130E+02 0.811E+00 0.132E+02 0.826E+00
      3       2     509     509       4       4 0.134E-02 0.499E-02 0.127E-03 0.135E-03 0.550E-01 0.343E-02 0.562E-01 0.351E-02
      3       2      67      67       4       4 0.340E-02 0.135E-01 0.823E-05 0.100E-04 0.179E-02 0.112E-03 0.191E-02 0.119E-03
      3      24    1021    1021       4       4 0.114E-02 0.342E-02 0.326E-03 0.378E-03 0.577E-01 0.361E-02 0.581E-01 0.363E-02
      3      24     127     127       4       4 0.356E-02 0.141E-01 0.500E-04 0.989E-04 0.163E-02 0.102E-03 0.138E-02 0.863E-04
      3      24    2053    2053       4       4 0.114E-02 0.222E-02 0.690E-03 0.733E-03 0.341E+00 0.213E-01 0.352E+00 0.220E-01
      3      24     257     257       4       4 0.430E-02 0.170E-01 0.789E-04 0.989E-04 0.788E-02 0.492E-03 0.748E-02 0.467E-03
      3      24      31      31       4       4 0.327E-02 0.130E-01 0.924E-05 0.119E-04 0.555E-03 0.347E-04 0.270E-03 0.169E-04
      3      24    4099    4099       4       4 0.299E-02 0.492E-02 0.232E-02 0.274E-02 0.135E+01 0.846E-01 0.136E+01 0.848E-01
      3      24     509     509       4       4 0.427E-02 0.165E-01 0.161E-03 0.205E-03 0.176E-01 0.110E-02 0.159E-01 0.992E-03
      3      24      67      67       4       4 0.503E-02 0.201E-01 0.954E-05 0.122E-04 0.120E-02 0.750E-04 0.689E-03 0.430E-04
      3       4    1021    1021       4       4 0.236E-02 0.845E-02 0.277E-03 0.295E-03 0.148E+00 0.923E-02 0.152E+00 0.948E-02
      3       4     127     127       4       4 0.620E-02 0.247E-01 0.423E-04 0.579E-04 0.174E-02 0.109E-03 0.186E-02 0.116E-03
      3       4    2053    2053       4       4 0.119E-02 0.330E-02 0.627E-03 0.681E-03 0.878E+00 0.549E-01 0.917E+00 0.573E-01
      3       4     257     257       4       4 0.425E-02 0.167E-01 0.888E-04 0.109E-03 0.116E-01 0.722E-03 0.115E-01 0.718E-03
      3       4      31      31       4       4 0.566E-02 0.226E-01 0.584E-05 0.811E-05 0.303E-03 0.190E-04 0.261E-03 0.163E-04
      3       4    4099    4099       4       4 0.275E-02 0.481E-02 0.189E-02 0.192E-02 0.653E+01 0.408E+00 0.670E+01 0.419E+00
      3       4     509     509       4       4 0.159E-02 0.606E-02 0.104E-03 0.132E-03 0.314E-01 0.196E-02 0.326E-01 0.204E-02
      3       4      67      67       4       4 0.850E-02 0.340E-01 0.823E-05 0.100E-04 0.127E-02 0.796E-04 0.122E-02 0.761E-04
      3       8    1021    1021       4       4 0.190E-02 0.655E-02 0.302E-03 0.322E-03 0.810E-01 0.506E-02 0.845E-01 0.528E-02
      3       8     127     127       4       4 0.733E-02 0.292E-01 0.322E-04 0.379E-04 0.127E-02 0.794E-04 0.109E-02 0.684E-04
      3       8    2053    2053       4       4 0.113E-02 0.307E-02 0.610E-03 0.636E-03 0.470E+00 0.293E-01 0.489E+00 0.306E-01
      3       8     257     257       4       4 0.378E-02 0.148E-01 0.928E-04 0.119E-03 0.953E-02 0.595E-03 0.963E-02 0.602E-03
      3       8      31      31       4       4 0.341E-02 0.136E-01 0.650E-05 0.882E-05 0.322E-03 0.201E-04 0.271E-03 0.169E-04
      3       8    4099    4099       4       4 0.273E-02 0.455E-02 0.202E-02 0.205E-02 0.352E+01 0.220E+00 0.362E+01 0.226E+00
      3       8     509     509       4       4 0.383E-02 0.150E-01 0.111E-03 0.137E-03 0.166E-01 0.104E-02 0.167E-01 0.104E-02
      3       8      67      67       4       4 0.452E-02 0.180E-01 0.150E-04 0.250E-04 0.223E-01 0.140E-02 0.909E-03 0.568E-04
