res2dtp2=[      2       1    1021    1021       4       4 0.393E+00 0.157E+01 0.665E+00 0.266E+01 0.141E+01 0.881E-01 0.143E+01 0.897E-01
      2       1     127     127       4       4 0.472E-02 0.183E-01 0.669E-02 0.267E-01 0.125E-01 0.782E-03 0.124E-01 0.778E-03
      2       1    2053    2053       4       4 0.167E+01 0.667E+01 0.270E+01 0.108E+02 0.649E+01 0.406E+00 0.617E+01 0.385E+00
      2       1     257     257       4       4 0.361E-01 0.144E+00 0.485E-01 0.193E+00 0.720E-01 0.450E-02 0.726E-01 0.454E-02
      2       1      31      31       4       4 0.673E-03 0.259E-02 0.664E-03 0.261E-02 0.201E-03 0.126E-04 0.180E-03 0.113E-04
      2       1    4099    4099       4       4 0.110E+01 0.441E+01 0.162E+01 0.648E+01 0.361E+02 0.225E+01 0.348E+02 0.218E+01
      2       1     509     509       4       4 0.135E+00 0.538E+00 0.201E+00 0.804E+00 0.371E+00 0.232E-01 0.373E+00 0.233E-01
      2       1      67      67       4       4 0.117E-02 0.448E-02 0.138E-02 0.549E-02 0.214E-02 0.134E-03 0.225E-02 0.140E-03
      2      12    1021    1021       4       4 0.417E+00 0.165E+01 0.529E+00 0.206E+01 0.220E+00 0.137E-01 0.230E+00 0.144E-01
      2      12     127     127       4       4 0.746E-02 0.286E-01 0.957E-02 0.377E-01 0.452E-02 0.283E-03 0.443E-02 0.277E-03
      2      12    2053    2053       4       4 0.104E+01 0.412E+01 0.127E+01 0.503E+01 0.843E+00 0.527E-01 0.117E+01 0.733E-01
      2      12     257     257       4       4 0.122E+00 0.479E+00 0.138E+00 0.541E+00 0.129E-01 0.807E-03 0.145E-01 0.906E-03
      2      12      31      31       4       4 0.438E-02 0.164E-01 0.531E-02 0.202E-01 0.117E-02 0.729E-04 0.112E-02 0.701E-04
      2      12    4099    4099       4       4 0.252E+01 0.101E+02 0.343E+01 0.137E+02 0.381E+01 0.238E+00 0.361E+01 0.226E+00
      2      12     509     509       4       4 0.209E+00 0.804E+00 0.263E+00 0.100E+01 0.570E-01 0.356E-02 0.548E-01 0.342E-02
      2      12      67      67       4       4 0.313E-02 0.117E-01 0.406E-02 0.157E-01 0.144E-02 0.900E-04 0.143E-02 0.896E-04
      2      16    1021    1021       4       4 0.406E+00 0.160E+01 0.534E+00 0.211E+01 0.167E+00 0.104E-01 0.161E+00 0.101E-01
      2      16     127     127       4       4 0.532E-02 0.198E-01 0.750E-02 0.293E-01 0.483E-02 0.302E-03 0.488E-02 0.305E-03
      2      16    2053    2053       4       4 0.115E+01 0.459E+01 0.145E+01 0.580E+01 0.767E+00 0.480E-01 0.740E+00 0.462E-01
      2      16     257     257       4       4 0.121E+00 0.467E+00 0.135E+00 0.526E+00 0.125E-01 0.783E-03 0.127E-01 0.796E-03
      2      16      31      31       4       4 0.251E-02 0.919E-02 0.338E-02 0.129E-01 0.859E-03 0.537E-04 0.783E-03 0.489E-04
      2      16    4099    4099       4       4 0.270E+01 0.107E+02 0.367E+01 0.147E+02 0.396E+01 0.247E+00 0.291E+01 0.182E+00
      2      16     509     509       4       4 0.170E+00 0.662E+00 0.215E+00 0.842E+00 0.519E-01 0.325E-02 0.511E-01 0.319E-02
      2      16      67      67       4       4 0.640E-02 0.236E-01 0.739E-02 0.279E-01 0.134E-02 0.835E-04 0.128E-02 0.801E-04
      2       2    1021    1021       4       4 0.523E+00 0.209E+01 0.849E+00 0.339E+01 0.816E+00 0.510E-01 0.794E+00 0.496E-01
      2       2     127     127       4       4 0.858E-02 0.337E-01 0.117E-01 0.467E-01 0.655E-02 0.409E-03 0.664E-02 0.415E-03
      2       2    2053    2053       4       4 0.194E+01 0.777E+01 0.319E+01 0.127E+02 0.393E+01 0.245E+00 0.348E+01 0.218E+00
      2       2     257     257       4       4 0.619E-01 0.245E+00 0.764E-01 0.303E+00 0.397E-01 0.248E-02 0.404E-01 0.252E-02
      2       2      31      31       4       4 0.228E-02 0.892E-02 0.261E-02 0.103E-01 0.560E-03 0.350E-04 0.519E-03 0.324E-04
      2       2    4099    4099       4       4 0.347E+01 0.139E+02 0.549E+01 0.219E+02 0.188E+02 0.117E+01 0.172E+02 0.108E+01
      2       2     509     509       4       4 0.196E+00 0.780E+00 0.282E+00 0.112E+01 0.211E+00 0.132E-01 0.207E+00 0.129E-01
      2       2      67      67       4       4 0.317E-02 0.124E-01 0.395E-02 0.156E-01 0.146E-02 0.914E-04 0.142E-02 0.887E-04
      2      24    1021    1021       4       4 0.528E+00 0.204E+01 0.666E+00 0.256E+01 0.221E+00 0.138E-01 0.243E+00 0.152E-01
      2      24     127     127       4       4 0.800E-02 0.245E-01 0.963E-02 0.343E-01 0.354E-02 0.221E-03 0.316E-02 0.197E-03
      2      24    2053    2053       4       4 0.125E+01 0.496E+01 0.153E+01 0.608E+01 0.552E+00 0.345E-01 0.509E+00 0.318E-01
      2      24     257     257       4       4 0.159E+00 0.607E+00 0.181E+00 0.691E+00 0.142E-01 0.888E-03 0.141E-01 0.882E-03
      2      24      31      31       4       4 0.344E-02 0.126E-01 0.426E-02 0.160E-01 0.132E-02 0.828E-04 0.114E-02 0.713E-04
      2      24    4099    4099       4       4 0.237E+01 0.940E+01 0.386E+01 0.154E+02 0.280E+01 0.175E+00 0.207E+01 0.130E+00
      2      24     509     509       4       4 0.232E+00 0.888E+00 0.289E+00 0.113E+01 0.592E-01 0.370E-02 0.563E-01 0.352E-02
      2      24      67      67       4       4 0.623E-02 0.224E-01 0.784E-02 0.290E-01 0.201E-02 0.126E-03 0.206E-02 0.129E-03
      2       4    1021    1021       4       4 0.392E+00 0.156E+01 0.556E+00 0.221E+01 0.505E+00 0.315E-01 0.443E+00 0.277E-01
      2       4     127     127       4       4 0.650E-02 0.252E-01 0.885E-02 0.351E-01 0.378E-02 0.236E-03 0.410E-02 0.256E-03
      2       4    2053    2053       4       4 0.144E+01 0.574E+01 0.207E+01 0.828E+01 0.225E+01 0.141E+00 0.203E+01 0.127E+00
      2       4     257     257       4       4 0.868E-01 0.343E+00 0.101E+00 0.400E+00 0.267E-01 0.167E-02 0.293E-01 0.183E-02
      2       4      31      31       4       4 0.206E-02 0.792E-02 0.239E-02 0.938E-02 0.424E-03 0.265E-04 0.452E-03 0.282E-04
      2       4    4099    4099       4       4 0.372E+01 0.149E+02 0.611E+01 0.244E+02 0.954E+01 0.596E+00 0.877E+01 0.548E+00
      2       4     509     509       4       4 0.158E+00 0.624E+00 0.220E+00 0.871E+00 0.136E+00 0.848E-02 0.152E+00 0.949E-02
      2       4      67      67       4       4 0.377E-02 0.147E-01 0.510E-02 0.201E-01 0.109E-02 0.683E-04 0.111E-02 0.695E-04
      2       8    1021    1021       4       4 0.316E+00 0.125E+01 0.427E+00 0.168E+01 0.280E+00 0.175E-01 0.270E+00 0.169E-01
      2       8     127     127       4       4 0.592E-02 0.227E-01 0.856E-02 0.339E-01 0.354E-02 0.221E-03 0.342E-02 0.214E-03
      2       8    2053    2053       4       4 0.124E+01 0.496E+01 0.173E+01 0.691E+01 0.129E+01 0.806E-01 0.120E+01 0.747E-01
      2       8     257     257       4       4 0.934E-01 0.364E+00 0.108E+00 0.424E+00 0.206E-01 0.129E-02 0.213E-01 0.133E-02
      2       8      31      31       4       4 0.246E-02 0.935E-02 0.308E-02 0.119E-01 0.533E-03 0.333E-04 0.530E-03 0.331E-04
      2       8    4099    4099       4       4 0.288E+01 0.115E+02 0.429E+01 0.172E+02 0.541E+01 0.338E+00 0.497E+01 0.310E+00
      2       8     509     509       4       4 0.140E+00 0.544E+00 0.177E+00 0.686E+00 0.835E-01 0.522E-02 0.807E-01 0.504E-02
      2       8      67      67       4       4 0.379E-02 0.145E-01 0.473E-02 0.185E-01 0.108E-02 0.673E-04 0.102E-02 0.636E-04
      3       1    1021    1021       4       4 0.108E-02 0.363E-02 0.213E-03 0.270E-03 0.529E+00 0.331E-01 0.542E+00 0.339E-01
      3       1     127     127       4       4 0.717E-03 0.279E-02 0.252E-04 0.329E-04 0.504E-02 0.315E-03 0.536E-02 0.335E-03
      3       1    2053    2053       4       4 0.164E-02 0.439E-02 0.596E-03 0.601E-03 0.324E+01 0.202E+00 0.339E+01 0.212E+00
      3       1     257     257       4       4 0.791E-03 0.301E-02 0.578E-04 0.842E-04 0.328E-01 0.205E-02 0.333E-01 0.208E-02
      3       1      31      31       4       4 0.672E-03 0.267E-02 0.495E-05 0.906E-05 0.284E-03 0.178E-04 0.291E-03 0.182E-04
      3       1    4099    4099       4       4 0.276E-02 0.539E-02 0.176E-02 0.177E-02 0.248E+02 0.155E+01 0.253E+02 0.158E+01
      3       1     509     509       4       4 0.841E-03 0.309E-02 0.967E-04 0.128E-03 0.106E+00 0.662E-02 0.107E+00 0.670E-02
      3       1      67      67       4       4 0.840E-03 0.334E-02 0.626E-05 0.100E-04 0.286E-02 0.179E-03 0.295E-02 0.184E-03
      3      12    1021    1021       4       4 0.108E-02 0.325E-02 0.305E-03 0.341E-03 0.608E-01 0.380E-02 0.591E-01 0.370E-02
      3      12     127     127       4       4 0.706E-02 0.281E-01 0.575E-04 0.104E-03 0.153E-02 0.958E-04 0.142E-02 0.890E-04
      3      12    2053    2053       4       4 0.124E-02 0.269E-02 0.684E-03 0.712E-03 0.331E+00 0.207E-01 0.347E+00 0.217E-01
      3      12     257     257       4       4 0.537E-02 0.212E-01 0.762E-04 0.939E-04 0.609E-02 0.381E-03 0.497E-02 0.310E-03
      3      12      31      31       4       4 0.448E-02 0.179E-01 0.650E-05 0.110E-04 0.330E-03 0.206E-04 0.243E-03 0.152E-04
      3      12    4099    4099       4       4 0.272E-02 0.417E-02 0.204E-02 0.210E-02 0.253E+01 0.158E+00 0.256E+01 0.160E+00
      3      12     509     509       4       4 0.305E-02 0.119E-01 0.111E-03 0.140E-03 0.134E-01 0.838E-03 0.132E-01 0.822E-03
      3      12      67      67       4       4 0.434E-02 0.173E-01 0.130E-04 0.191E-04 0.102E-02 0.640E-04 0.112E-02 0.698E-04
      3      16    1021    1021       4       4 0.113E-02 0.374E-02 0.245E-03 0.301E-03 0.472E-01 0.295E-02 0.462E-01 0.288E-02
      3      16     127     127       4       4 0.405E-02 0.161E-01 0.427E-04 0.780E-04 0.157E-02 0.984E-04 0.151E-02 0.943E-04
      3      16    2053    2053       4       4 0.121E-02 0.251E-02 0.684E-03 0.722E-03 0.256E+00 0.160E-01 0.264E+00 0.165E-01
      3      16     257     257       4       4 0.867E-03 0.324E-02 0.771E-04 0.911E-04 0.641E-02 0.401E-03 0.532E-02 0.332E-03
      3      16      31      31       4       4 0.351E-02 0.140E-01 0.793E-05 0.138E-04 0.353E-03 0.221E-04 0.274E-03 0.172E-04
      3      16    4099    4099       4       4 0.291E-02 0.522E-02 0.220E-02 0.270E-02 0.190E+01 0.119E+00 0.195E+01 0.122E+00
      3      16     509     509       4       4 0.663E-03 0.229E-02 0.124E-03 0.181E-03 0.134E-01 0.835E-03 0.127E-01 0.794E-03
      3      16      67      67       4       4 0.423E-02 0.169E-01 0.900E-05 0.110E-04 0.192E-02 0.120E-03 0.767E-03 0.480E-04
      3       2    1021    1021       4       4 0.201E-02 0.705E-02 0.276E-03 0.287E-03 0.277E+00 0.173E-01 0.285E+00 0.178E-01
      3       2     127     127       4       4 0.305E-02 0.121E-01 0.290E-04 0.370E-04 0.279E-02 0.174E-03 0.291E-02 0.182E-03
      3       2    2053    2053       4       4 0.139E-02 0.355E-02 0.590E-03 0.605E-03 0.165E+01 0.103E+00 0.172E+01 0.108E+00
      3       2     257     257       4       4 0.173E-02 0.665E-02 0.857E-04 0.106E-03 0.169E-01 0.106E-02 0.173E-01 0.108E-02
      3       2      31      31       4       4 0.672E-03 0.266E-02 0.620E-05 0.906E-05 0.319E-03 0.199E-04 0.292E-03 0.183E-04
      3       2    4099    4099       4       4 0.277E-02 0.506E-02 0.187E-02 0.190E-02 0.127E+02 0.791E+00 0.130E+02 0.810E+00
      3       2     509     509       4       4 0.110E-02 0.412E-02 0.104E-03 0.127E-03 0.551E-01 0.344E-02 0.558E-01 0.349E-02
      3       2      67      67       4       4 0.797E-03 0.314E-02 0.769E-05 0.100E-04 0.166E-02 0.104E-03 0.165E-02 0.103E-03
      3      24    1021    1021       4       4 0.162E-02 0.535E-02 0.324E-03 0.375E-03 0.600E-01 0.375E-02 0.604E-01 0.377E-02
      3      24     127     127       4       4 0.243E-02 0.956E-02 0.490E-04 0.101E-03 0.172E-02 0.108E-03 0.142E-02 0.889E-04
      3      24    2053    2053       4       4 0.131E-02 0.279E-02 0.763E-03 0.903E-03 0.207E+00 0.129E-01 0.186E+00 0.117E-01
      3      24     257     257       4       4 0.377E-02 0.147E-01 0.115E-03 0.177E-03 0.866E-02 0.541E-03 0.651E-02 0.407E-03
      3      24      31      31       4       4 0.518E-02 0.207E-01 0.596E-05 0.882E-05 0.550E-03 0.344E-04 0.285E-03 0.178E-04
      3      24    4099    4099       4       4 0.298E-02 0.483E-02 0.235E-02 0.270E-02 0.138E+01 0.865E-01 0.141E+01 0.881E-01
      3      24     509     509       4       4 0.384E-02 0.148E-01 0.164E-03 0.212E-03 0.168E-01 0.105E-02 0.161E-01 0.101E-02
      3      24      67      67       4       4 0.402E-02 0.160E-01 0.128E-04 0.169E-04 0.137E-02 0.854E-04 0.747E-03 0.467E-04
      3       4    1021    1021       4       4 0.254E-02 0.915E-02 0.285E-03 0.304E-03 0.147E+00 0.916E-02 0.151E+00 0.943E-02
      3       4     127     127       4       4 0.326E-02 0.129E-01 0.322E-04 0.379E-04 0.180E-02 0.112E-03 0.194E-02 0.121E-03
      3       4    2053    2053       4       4 0.135E-02 0.329E-02 0.625E-03 0.634E-03 0.888E+00 0.555E-01 0.928E+00 0.580E-01
      3       4     257     257       4       4 0.326E-02 0.128E-01 0.892E-04 0.109E-03 0.954E-02 0.596E-03 0.965E-02 0.603E-03
      3       4      31      31       4       4 0.614E-03 0.243E-02 0.530E-05 0.811E-05 0.269E-03 0.168E-04 0.228E-03 0.143E-04
      3       4    4099    4099       4       4 0.268E-02 0.474E-02 0.191E-02 0.199E-02 0.670E+01 0.418E+00 0.693E+01 0.433E+00
      3       4     509     509       4       4 0.569E-02 0.225E-01 0.105E-03 0.132E-03 0.305E-01 0.190E-02 0.321E-01 0.201E-02
      3       4      67      67       4       4 0.552E-02 0.221E-01 0.846E-05 0.110E-04 0.128E-02 0.799E-04 0.162E-02 0.101E-03
      3       8    1021    1021       4       4 0.317E-02 0.117E-01 0.295E-03 0.323E-03 0.809E-01 0.506E-02 0.842E-01 0.526E-02
      3       8     127     127       4       4 0.415E-02 0.165E-01 0.410E-04 0.730E-04 0.174E-02 0.109E-03 0.169E-02 0.106E-03
      3       8    2053    2053       4       4 0.128E-02 0.301E-02 0.624E-03 0.643E-03 0.480E+00 0.300E-01 0.499E+00 0.312E-01
      3       8     257     257       4       4 0.556E-02 0.219E-01 0.972E-04 0.128E-03 0.717E-02 0.448E-03 0.697E-02 0.435E-03
      3       8      31      31       4       4 0.444E-02 0.177E-01 0.644E-05 0.787E-05 0.341E-03 0.213E-04 0.257E-03 0.161E-04
      3       8    4099    4099       4       4 0.262E-02 0.443E-02 0.189E-02 0.191E-02 0.350E+01 0.219E+00 0.360E+01 0.225E+00
      3       8     509     509       4       4 0.402E-02 0.157E-01 0.115E-03 0.159E-03 0.189E-01 0.118E-02 0.197E-01 0.123E-02
      3       8      67      67       4       4 0.432E-02 0.172E-01 0.840E-05 0.110E-04 0.893E-03 0.558E-04 0.910E-03 0.569E-04
];